958523
208416
515317
460443
947740
339678
309205
42652
168620
800884
486450
947053
115747
162835
580563
401784
503591
268721
664164
509389
44564
386854
997649
311236
75277
282515
710181
537050
172218
51309
8985
792885
681622
290423
100438
416309
921680
486436
647713
316439
483262
653960
396589
978474
92175
634083
815193
62992
145107
790726
849195
919186
392062
699154
459327
530292
695130
350701
616406
775825
900097
333121
617402
929547
867762
287511
15388
875686
828616
707667
216095
236403
259870
423736
367099
88390
170418
135772
284167
11947
702771
796847
431493
583549
176947
653628
797997
509081
520580
712335
570008
188553
558803
335120
751460
709856
755947
270947
916394
789039
296991
828718
602783
390217
698687
518805
810634
794605
388147
360760
202323
102558
402585
989382
644460
78835
545981
414
799313
410675
857678
224108
60524
61498
931536
938034
544713
221012
692842
213725
506494
883486
580309
534804
387764
175486
756880
66008
932107
439370
666746
469368
723473
781278
355596
723836
182245
198307
659250
264031
202939
18125
575151
303088
308022
255787
516187
101728
927167
587442
959879
34706
557788
987071
137876
356308
315150
108807
581071
680890
299137
678427
244038
343257
779556
655005
270585
786687
757262
576147
901897
627435
928926
587006
570419
291984
402223
512249
774283
398672
817670
431285
669033
848332
385364
681160
177128
798731
292038
371175
786495
32276
358345
432345
556959
346392
298201
164459
116447
320900
495799
239314
694110
357093
495380
638247
947194
236761
974607
130448
396550
638295
23924
570160
580477
803672
124479
44772
322022
717566
242403
749356
790764
281705
129857
264437
295433
688924
2051
629668
636239
617213
942983
85110
625183
265076
687882
937861
667225
55272
692104
341473
224905
879755
120495
919608
903613
445967
556314
468570
79125
431140
184086
375149
68723
980174
325828
784884
717291
670868
722095
961017
63900
271784
258031
102762
506598
62025
526936
539160
482289
789254
431504
263626
413245
539741
998212
626818
418519
121173
846751
250209
673266
299884
896100
986944
899592
397418
273845
973206
238696
199495
324261
689324
550481
556987
6893
302
73838
489615
597954
969689
101299
134138
674577
814743
838485
558387
811181
781129
49669
662428
590729
379282
147735
124392
60899
385437
635041
391241
308414
774154
867429
914377
874491
6997
701157
611934
776436
201278
235738
158894
780639
942320
144593
2529
599873
289820
613906
279433
370034
615291
391798
847468
333571
649778
467679
861499
455550
31459
276380
674273
181222
592109
187857
142489
908853
318046
759897
359113
700378
986719
604400
681320
110286
258559
503441
919479
228056
669454
292289
555772
914860
786721
693203
574592
912422
699974
136927
290927
287973
215904
788213
611790
809807
23518
243195
444005
986419
273173
714210
905172
42991
90414
359
627939
344129
311272
95871
12546
189909
805031
482308
888806
248813
490766
302101
784004
803577
491364
416057
305619
60665
118098
463799
628080
934813
562601
120520
171716
659649
101068
118641
172042
199343
787906
364359
630347
658216
656660
930592
22974
982450
9033
352253
994734
651912
822425
691937
308218
307469
78785
625201
295178
871606
240648
813467
419223
285498
24897
966963
364705
562739
824753
147640
210314
38699
136266
313196
786167
743808
134272
992685
753973
220101
254778
835883
977376
984240
57803
527067
756941
827647
651670
437769
641291
704658
652285
473401
42475
671064
122386
589392
35190
715144
903987
30001
222636
225139
204588
560437
459651
519423
306389
185542
963575
549646
453111
490857
669072
60832
481037
98095
765421
219662
713310
723240
491846
33973
19108
762283
884894
838645
223390
205497
342383
416359
629589
607422
288037
75992
888025
985822
983316
560686
593240
649740
142792
256899
408490
442663
539713
185671
688014
567058
361923
366356
873808
130499
619673
926767
770367
856697
161014
341047
467095
715375
266094
141276
122852
497561
123136
966394
470816
58994
331420
29603
197511
879016
562888
233631
151154
573581
169050
717719
152795
551080
594030
584170
228850
765745
464141
736415
143289
49504
805899
933245
810644
52575
989736
776
363775
303306
699953
502098
455457
948405
980754
810517
567045
289191
200528
545233
395164
244266
262551
479686
955008
342729
474904
331685
103071
124698
31518
785377
733615
16699
4011
325981
905804
719596
236609
231927
298405
506326
506811
291662
296384
449210
704754
382805
675710
623956
978390
171369
246349
124793
885858
884771
305284
766208
28728
40320
77731
469712
456084
615316
563829
489549
361962
357402
960594
923878
95180
866158
967610
902479
137783
831654
820688
370606
616917
658787
878661
6812
213909
718332
935839
92029
920870
182227
98761
456643
396150
255505
752961
882229
752685
731642
955453
330418
961796
902081
891848
865314
971586
409685
916151
476716
483319
715773
318352
721866
64404
198571
707778
847567
478298
57196
856869
47822
735283
12088
230105
268132
722226
468261
334728
174390
820325
465479
894621
331592
288772
373849
980333
836942
335978
202703
2146
519896
468316
541191
689040
213556
197733
166472
786695
393253
255505
842832
793319
723909
155096
239590
459793
683219
532684
111638
989606
616140
249524
30562
958609
232748
709042
800927
140998
524312
67831
556678
26352
757525
384188
990815
41398
113889
679849
291050
66892
993279
2198
384529
465238
732489
159802
952237
731780
665523
892707
90849
948935
110123
603102
406631
745778
799571
260049
667993
948688
697981
800685
749063
674260
216761
621932
933819
740882
748210
962139
699624
707230
638581
33001
87108
631791
397831
856919
49054
577253
380887
553712
936781
568263
260883
38087
173176
766405
576584
740248
415664
455528
16230
940611
701363
801616
14522
371593
52482
597871
771928
811909
224764
380345
124770
407810
395619
883063
920790
850340
655261
167188
976705
564064
124896
237065
4067
543553
201935
601837
814558
893118
481908
373116
97943
190075
487236
439090
82357
302533
19702
562964
89367
738515
765003
792091
552257
292818
154320
102236
798260
928100
619198
837861
116932
666188
306007
932512
676457
978510
982808
963925
670173
167597
661074
57680
740663
202555
209441
104876
636450
463606
899006
786158
375626
164393
572850
803882
29351
147022
984195
734112
41534
800472
72236
17091
965793
348530
588693
317349
79161
326167
853737
123074
191440
806429
94273
948841
659542
943974
259042
633597
772872
729153
302816
622436
97050
635564
262551
139775
306291
606628
392212
779049
539427
194588
545018
242245
545637
261527
780104
273037
862350
27601
2084
693895
736102
457558
109072
810315
744570
882879
776071
979946
408914
430575
217955
857164
10852
681991
72377
473537
544578
681219
720278
638133
639693
37917
88913
230077
626560
151206
838154
686817
386871
772565
745823
675268
571353
401649
413315
541192
873334
469818
824909
946028
798386
913488
702052
516368
40762
407652
843493
889191
147372
779819
756913
174137
454401
614504
699362
106884
100657
7406
910211
529980
839730
929447
875796
813079
268361
413046
50347
588046
273587
497953
865969
906457
122146
224567
89954
51341
52102
264690
775413
113372
750493
498644
154376
231731
570917
769412
299544
706164
839365
428011
784278
41748
629342
979053
784360
210696
326945
123962
833455
189000
686578
235675
30562
827332
680053
512184
635786
356079
152910
883324
568563
675485
460529
626806
710181
96645
251405
52595
982680
551980
855897
50599
634503
787544
969711
857397
901407
790026
692505
418391
926175
774122
258311
806718
170600
129022
683327
599764
438200
773860
286070
59058
398519
834335
226161
404564
855062
923021
949290
603597
431950
172122
731174
890186
598865
76638
152612
162474
404734
294157
684911
720731
873018
232325
635544
515949
42526
355765
727385
380422
266157
526959
507465
458753
375280
260030
667566
917459
165582
585392
962495
205457
682298
394857
391137
353387
981615
88813
266052
943301
422037
829182
321837
169101
557309
510852
25202
855403
805484
713957
847117
976724
356908
598941
229303
612547
376501
869710
456922
192395
734962
440914
733985
433588
552606
727771
433947
992471
954204
276926
584640
383517
867731
404234
438032
916652
231927
757673
556915
462065
591365
364053
977888
876316
616400
765645
681682
15300
12290
276011
599925
391595
296759
505454
221532
526306
578098
810419
924289
144494
205156
860493
336245
670512
672127
871487
427225
235636
254069
537994
795954
403696
739681
925626
996070
633352
685702
253866
499692
149181
8042
654905
280504
587310
160981
285348
158141
318323
252701
597002
391123
84375
547764
857035
565180
150358
393496
380133
89340
658749
794556
542089
316392
64917
159069
11272
482200
366693
938772
567102
892707
154517
902436
77897
103628
234822
657412
579596
414661
927742
743858
68379
376793
508260
721025
146291
206445
721081
376820
282047
323813
231802
552801
273441
20291
497417
737830
897983
440131
836109
561347
483581
940827
66884
361634
113236
195163
707007
331360
347246
3187
387352
350413
462614
135497
136382
534983
260801
264520
169973
131295
865066
50744
29786
725819
91193
332323
662178
476161
161066
328418
868091
777752
458854
760652
649759
626092
92426
944422
790540
908879
431140
215158
232549
347388
73447
970055
374140
93104
989635
977667
293143
635158
967580
32810
726199
818624
891054
926727
746285
455776
839918
407406
476947
703712
245500
868539
256619
514211
279878
692871
302469
2786
468195
327531
234752
704415
76034
374595
207519
37908
934185
14752
272730
86541
679468
927037
354604
684555
988003
261348
633919
650121
185558
743653
237713
730342
874368
290788
348514
629691
619826
326291
91783
302430
654156
417713
113096
608143
596451
184932
904195
751180
962762
626244
554681
285430
21922
444659
131130
508620
170581
421125
796926
724148
399536
803427
855897
92133
64146
282182
662419
317254
909739
308819
75598
815060
427823
844487
813187
676781
329852
797545
454190
768065
629514
963512
204922
577098
496768
616780
568342
417997
380796
689923
345740
182487
14987
556369
987337
203987
49484
896514
131538
64635
991427
861531
244823
302
571442
660704
275614
148325
485821
422355
599846
402681
336039
133141
104426
720441
438611
49773
572
392932
8888
824368
354574
362766
416404
37464
424499
132370
545558
641861
148315
924519
84752
468752
436473
496679
244183
442520
388714
647392
500079
169163
122415
876830
84389
182790
321801
292150
142083
494453
124512
176053
493862
215562
490428
263319
955893
800212
708873
785976
307383
70495
566540
592532
473729
23069
812830
464376
903206
953776
255463
32402
291485
981069
768172
684749
571298
413912
605847
290159
858319
667219
291077
45235
361800
615580
17160
550344
958171
122077
236609
914287
635190
898940
362915
874529
172342
654845
430735
373149
647393
400198
949223
303715
283677
260409
239998
285618
23635
297147
120139
471995
328969
707136
372911
437781
923529
910488
260842
663639
398151
961019
566496
782921
999030
772382
61914
280731
578563
336150
793506
706105
790913
971266
317744
431419
838693
250832
894979
511851
946097
42889
566615
183976
896706
230585
125335
631364
977688
239486
753289
850630
738118
660089
828406
118007
38200
851563
859021
248101
978278
525231
724719
235906
462454
135036
350914
843755
375853
163916
398094
731294
690414
213204
937254
996787
730022
689066
993146
210375
629551
442766
70605
137724
910099
760526
361453
100797
550482
120476
605049
243670
248763
176075
174390
2481
59237
665699
69561
391739
273845
415584
302187
726238
784507
29025
681672
485057
548579
46403
667421
651407
645698
297496
615027
614592
383265
436853
607681
9623
744632
693818
653146
937387
827704
613906
563040
901002
548813
73694
933105
705215
768351
366989
63460
566950
734515
447620
880554
827299
851387
45864
177164
936711
885122
612856
181888
993491
183976
474405
904641
413925
487676
581755
81922
935353
259034
542586
761598
308932
470711
529635
265907
803735
965350
156543
77050
386119
322903
532689
532062
444007
121983
185919
518682
811150
927811
982324
501547
366858
29792
130778
400703
937254
15801
686335
89632
63191
957962
557546
329813
345349
315810
954498
26031
25035
484233
400032
77008
38929
810397
827370
151737
449910
770552
960687
744732
656404
959600
534041
798739
833311
573166
377271
814432
119326
812986
809786
481976
470773
606733
738737
97918
674412
714105
116608
695685
878743
724912
302092
574623
490867
803079
167665
111780
537524
15962
462892
388032
142697
158498
913114
377814
267631
623095
25138
158260
661642
241738
92351
661645
795739
458343
927920
573481
185089
493371
502249
842846
913128
76721
83365
393546
814387
441467
47189
83668
948840
939641
579609
257692
57814
951223
200202
219304
608073
608041
618541
716473
772231
502514
941817
323515
568268
324255
116367
608483
985902
449844
19297
57783
908472
167911
669364
224384
348798
701954
609489
149742
986423
330231
310884
455592
298759
541848
66737
450374
427742
440962
800704
517626
868699
835015
692824
658101
766045
166712
497002
286740
747681
843515
486938
121561
708372
825420
508134
613693
534335
62327
475572
631652
861945
679325
102513
473121
66712
275893
617869
401068
899321
36776
662282
685935
450676
212483
636176
648815
587607
456551
900489
173438
653037
173233
506634
27891
731512
391802
732009
716
531229
637253
761017
839475
910649
397133
490231
427181
231325
538016
101090
933932
632401
855871
348305
247847
249127
939063
461002
52249
167188
825482
240245
325134
606481
338700
962037
529487
614504
731479
172002
840441
759871
272720
853824
814924
764860
170036
181449
709928
176430
597623
267361
585418
795076
281857
663074
8476
98843
695902
129061
440663
43435
906687
957257
689072
71726
682013
295827
153715
312497
727031
260883
493273
224112
866669
753658
686319
752877
103635
316463
154422
720707
380528
68033
438703
497574
507927
936765
698301
181259
626415
385713
409405
802334
552809
808909
657227
849975
29548
204498
517511
596382
394691
514881
606432
941496
923085
978172
903043
246029
350694
684418
844283
804438
386938
316824
979790
771785
87728
530133
572937
506760
872041
971109
261803
819877
733249
45774
956140
211641
888474
777696
582093
478933
6185
162901
784314
550634
503150
257869
834625
208864
28364
927694
787629
109475
525990
461692
54709
165081
611122
610077
58054
851838
864023
684014
739707
562587
701434
225143
904787
153871
227181
127556
29814
538234
425720
51954
218802
935802
115918
973850
7336
983829
314858
860738
362873
372285
855193
101126
556559
439608
693282
950626
915625
519633
826014
241865
68742
140782
174437
629351
985431
458799
251696
214843
776120
731132
425794
261564
49573
728561
784006
678413
881920
902137
538151
986588
493432
285851
456415
879577
515877
137005
468646
607073
376294
11225
875668
478179
419483
284894
833977
354716
886926
47309
642418
169374
928936
174416
821765
284119
343675
310511
612919
579064
401031
409701
875494
60215
22714
905944
817046
321716
572765
604945
460212
562912
976003
24958
483866
729674
538161
889653
287876
133094
939704
427789
923883
776475
689036
578959
742196
994372
75073
35310
59680
717082
233493
702334
882262
214724
532548
694914
976206
918410
96965
144098
287544
611447
610103
749680
288788
300970
67433
206191
228897
802814
606003
435814
599992
647657
107356
930247
949616
884700
927317
308617
685932
147841
328474
540822
946524
628306
115828
395962
310629
454828
210908
627496
119919
410441
303502
93088
722230
874282
157806
920724
417981
117413
772824
711229
746919
654694
520664
479801
928437
189620
222102
391473
41331
888977
479408
970261
447928
824595
762869
534387
539958
984631
788037
819877
379354
853107
430333
303025
845307
889740
46603
176808
765803
836384
967140
997874
932479
675571
915796
255984
147260
728245
428266
772414
32013
718419
800407
248656
819910
422956
989943
188807
98193
311676
98531
424203
691457
87811
268235
72861
262682
968113
374140
811143
51134
319448
152627
309058
626350
368918
666457
297280
930765
314135
40158
22915
131341
955482
423416
311272
824593
769713
58037
69751
865184
665242
658193
255296
318691
971229
827114
308686
907888
408334
527867
74616
443721
988926
704833
888737
230961
195242
646724
646237
916674
131586
912375
725250
410878
469168
574213
320111
352992
620473
618489
815379
707346
630473
729490
986958
604931
168113
796805
853292
970193
783166
499389
915522
589232
880067
907467
765471
393350
958674
315246
652200
606699
400990
884504
987504
664970
703040
778300
586483
476710
215923
51798
609299
398737
103692
292609
94496
918301
633412
10148
462526
206254
465536
53660
710198
847138
189153
399794
684095
322355
481005
324261
767805
645615
364950
551837
67354
324700
864547
127591
810013
378356
561422
909032
39189
543993
348250
265068
199744
179396
680852
558859
892546
317205
327003
407172
462730
813384
659998
757958
726354
762056
297333
731845
487013
95396
26695
406340
356642
190630
58168
402353
109789
164795
997643
472924
187894
393355
506708
222497
52860
556157
519924
561531
994276
536103
741462
994004
748348
608389
152996
581040
867429
304920
938613
127137
520348
797544
368049
306698
541162
942228
390253
827753
302215
523175
304358
33779
289831
846638
155040
668240
486790
213140
756180
48204
938583
839731
84118
64145
772900
359456
882660
120589
667832
273787
533810
524989
178824
832741
593770
517566
422779
965454
985822
358256
402181
723182
644597
210709
393101
506750
908095
566059
53832
368420
154784
657888
603538
545303
587869
175237
826273
209702
758596
137453
289005
596643
5447
738902
693669
864112
880327
195569
191265
756561
760513
476609
832653
68713
970633
931680
624400
624073
177793
264605
831736
450091
971017
598148
550763
46959
606077
154394
381209
992285
568688
241289
220101
852541
800694
511964
42943
839984
715829
341397
448372
800694
659522
733705
485757
162581
907479
580884
517828
206589
371162
203931
123718
494786
3388
105114
556567
134574
807765
374055
992645
241292
779630
968777
39945
20082
286332
406251
505605
197747
865396
485852
266351
987352
493262
719283
941177
910104
498584
998093
74286
436936
896523
201572
404156
711921
385053
610214
362357
811299
297062
238334
700887
953765
82294
952543
718159
452909
926920
444348
8313
527685
230913
454638
384439
201704
112939
681324
949768
750256
583120
759676
455528
340764
994023
791715
504886
879806
962139
513113
443295
615203
131300
173233
266185
522933
334211
111677
796634
166492
299661
961057
588571
669311
653110
970180
345653
937339
88895
438944
721750
712064
780196
294568
708507
864615
273585
905595
987160
943504
527401
395194
160842
203426
392001
879691
931340
937445
20122
297548
340933
849603
14489
160578
17280
13911
715533
149658
940032
127519
784643
382932
4119
134433
164606
665659
344514
122171
907786
488035
507677
676708
680007
622835
135128
762098
952261
101841
465170
904518
100250
454589
567005
876587
652682
339628
840916
931410
616912
662002
170829
110641
389105
431493
212902
91123
817827
209365
182012
222138
46939
832287
550739
538967
334413
156406
119048
82931
232710
470398
152500
143856
650534
528925
628158
677448
495680
95775
589243
267335
609356
987738
205161
441766
164859
916309
31722
756858
597267
291897
802366
977448
613305
791766
756546
631920
337982
890467
713250
762885
24310
255430
851677
801238
949613
736440
900044
826490
496694
186326
943231
347773
567819
55174
859952
159922
35316
304439
44131
731172
663937
714749
996325
857999
757249
419005
118641
793275
567802
57667
814945
531200
968412
887886
880740
740434
198099
435627
745192
394934
689314
586507
930414
955116
78837
550132
311850
703754
209333
48550
153446
422550
967833
25668
482396
202104
66693
391732
334096
679229
657729
122494
316172
672077
889955
996855
562596
438450
301236
699101
568226
561626
308256
157837
849184
131866
676686
684946
811522
894742
539675
727011
381289
793590
387636
531600
697760
688750
304918
520012
171871
885550
437402
202038
887913
462404
649890
433921
291867
269782
819773
17771
565325
449558
766061
962108
225239
279033
992986
833775
275673
23183
498171
898148
328827
323046
719424
813393
223433
311676
226604
603538
773637
317200
219657
613828
36825
145527
618931
263406
875659
498669
361457
395612
358614
556073
392729
999825
856284
27459
698998
417945
520199
748197
42943
674255
499248
682476
979719
174434
529003
486139
68778
340409
19516
412044
360547
551597
208009
842570
64906
819712
245589
912010
448187
242252
909925
811867
54585
801371
544145
975885
554033
278684
489162
509888
980869
813139
323481
202330
544256
910335
594818
428606
935172
205887
57466
768370
344652
805948
603044
997823
547553
246979
908783
340543
136926
980615
437016
35798
138929
721025
540778
453306
969454
653768
466876
698202
535477
226476
808357
266726
853921
199166
911815
811256
252463
947501
453417
823157
6220
820540
820776
685655
863643
880907
899098
235630
907843
595316
741279
55300
861610
538966
582672
196169
649790
702370
172624
153831
933098
389949
678322
511907
445976
374577
455598
761152
766560
173615
316645
873286
201413
681327
802679
491355
602811
806785
939029
307698
379306
149421
741048
226813
809487
750935
599181
721042
481587
733368
940224
761759
906924
66677
923964
963336
568714
947871
457654
33780
671437
667344
576642
289191
338195
980333
271211
359230
862675
764743
470708
94642
527182
822803
542573
222188
782547
547166
400979
27228
439579
477628
817451
730359
572359
736920
773789
932725
924851
439774
634601
46945
839356
703192
354501
793253
863308
44631
944721
789065
631146
680135
91756
453306
820445
591245
422464
458089
913940
511703
800415
407419
843932
428887
662401
862100
960217
389463
846765
206132
651641
784818
235159
971720
283983
616143
480806
147683
851149
78048
882307
503591
888818
447692
670307
571557
815056
385313
54602
83480
290682
442297
940048
330300
310424
635770
418307
52838
564695
910808
250774
773203
683501
83885
206578
489873
640207
204353
977099
66032
57849
216431
92551
369180
825673
854191
318302
173617
346592
680883
293838
266615
378361
956026
527461
363091
375895
605224
580543
380435
164625
844015
855556
305350
715980
48190
819773
482848
273314
874161
534519
309254
362082
955221
33538
761467
794780
578294
900977
122303
155392
245419
186187
818203
172115
878460
437422
803882
308258
928750
215919
749063
490514
326051
839296
8894
910099
512441
340705
851469
703576
788850
8523
855874
452165
61471
144149
393864
291374
497771
411019
707823
745773
635580
386609
240827
596160
775593
820004
240856
693365
290123
758659
244510
572297
715643
84790
392759
65039
805598
994464
418783
550888
549077
427964
847058
349590
69867
893731
604968
740572
325107
428910
370353
482834
644824
301279
888728
659561
759519
180965
605198
233541
556837
264519
96141
298125
344821
793321
202105
31116
761767
769941
202555
365914
750324
264029
10178
65347
794094
742580
967493
771461
592198
668056
809463
338744
450000
458499
461724
620777
209304
688841
987353
13448
411078
335894
156777
756686
860159
345364
97487
266596
113632
255436
497188
777425
309777
543235
100896
225899
227688
295536
411620
221798
210339
532815
566074
441689
387341
830244
538901
713648
190156
405188
903843
967903
799901
490469
437141
522989
25142
127487
386375
339039
337905
202936
842987
753748
179926
122446
577147
755742
220992
945968
704872
414617
580630
938284
45473
317433
801398
296046
431418
770273
103703
258366
971778
848599
791206
793853
995214
25790
71795
759476
573542
341694
334119
673132
55345
922668
129171
536016
513929
658423
985676
115065
112136
426131
347665
859958
630248
623868
272929
702682
686805
587778
116680
692626
47988
987803
784158
262422
484076
435969
308099
999837
108631
192974
252968
697426
725297
115282
801551
952380
621376
600875
416849
343161
595286
284376
480341
185993
465952
784568
687417
886464
573268
313760
839730
965516
865138
871520
846301
743350
130286
452113
869117
697435
640124
825198
54272
121223
63828
131295
507640
501309
540387
520212
673712
991520
306168
56942
248357
292254
882128
162311
234412
773582
467260
334714
312527
209460
169168
832826
970520
808754
337882
950945
460395
950735
218155
192710
469340
863345
134394
955684
447857
278699
670075
611054
91021
545536
127546
578752
764609
608695
975885
704309
854951
454291
982838
615604
463890
123725
45598
266634
100282
790563
164245
871066
384530
774340
574275
721690
963456
804237
53276
833347
224346
463068
649268
220881
42412
557060
810120
414463
414836
520255
756452
218820
499035
659180
47504
340710
43816
765049
431688
691989
107863
865843
893884
651445
256384
346615
29382
717989
851345
120331
274246
579333
323497
198624
568585
871938
684145
562128
244796
297402
445838
285931
102736
505628
719554
985092
261639
677028
882647
751510
695179
965867
705691
593685
508223
958727
880949
181363
254122
863986
818118
53019
753028
957091
971787
771592
988366
18456
296793
500282
91792
749601
392037
175941
54631
365988
471733
272579
449987
119552
457109
426296
993041
812188
572955
550727
897887
348105
333141
766346
174618
479143
542105
380729
877357
136236
264571
97608
984486
379062
465088
348537
285510
884803
797110
162683
603901
180907
780534
852343
695271
450782
965644
409731
464533
977108
231673
952464
722983
937852
638639
259347
298490
527667
821844
344216
900685
560997
649222
596029
41472
124218
641089
680440
986563
782878
349496
566782
360222
321663
30554
642105
805455
124101
704498
815659
556336
314387
723904
381491
478693
289736
369606
726266
53959
453681
795485
801960
380716
15235
585956
27081
92051
521982
878223
81439
736779
418822
918839
171529
350566
367231
965571
837574
125991
792048
359632
868699
34040
830020
201495
246596
601040
621425
810257
126387
762730
816347
514431
652196
832844
387922
587380
474667
303381
550155
384938
956301
943605
447059
813085
630334
856436
960231
962384
981948
3447
683959
164315
659244
889580
748854
188804
922077
385957
630510
390247
110262
485597
727144
716633
172408
261522
876522
653673
548149
617231
974989
407507
249972
772849
817692
933689
22695
643805
803341
854998
288703
761166
76735
293942
703323
248908
676464
283470
608108
776565
766665
934325
159656
95258
972477
880834
950631
642201
639405
494920
832788
996146
664139
320528
206455
402865
1563
819829
75776
426028
832234
914896
690935
854854
790415
435556
496250
931570
720987
555417
635257
741403
172922
152339
536145
585911
316463
175044
450967
160012
54603
501951
515673
824309
974294
300694
122103
633518
646363
141800
198922
338624
861681
632307
207060
407034
587855
601534
230540
801790
910235
821919
194793
848232
982757
554035
388738
665900
692748
147248
953011
527227
750134
978510
58643
568201
721697
280795
846437
173472
385574
596798
486478
816597
429440
647817
259313
828164
554306
937957
531481
197186
478138
275740
496182
284746
435508
416262
100282
296807
619630
605928
315664
922873
246717
793482
548254
197443
683967
216089
133593
505093
598662
127352
333841
369709
16545
239325
457504
957965
38742
960339
667344
41527
212687
968762
459458
846968
148581
964702
764765
512383
36463
813917
263148
554754
147475
750726
588265
862766
452062
444865
264790
628668
616658
668046
780836
673035
561813
546140
999761
655376
174515
551980
466279
532275
289431
325828
986422
932568
522691
120488
298490
541286
92085
508787
324350
570084
797490
535572
500277
164563
773208
655492
735446
164844
536805
568567
699295
832370
854868
523281
794349
802728
935238
529719
375423
690217
1106
150221
287306
871692
189892
770881
18432
881589
254128
229599
624561
878032
602570
957627
31189
624731
786404
986811
110534
218789
274972
916525
75776
762631
201781
191065
563606
32270
247900
788919
363687
694041
255401
902253
489880
782320
255301
39937
538157
164925
473136
275427
921027
452577
599439
588663
585815
606423
818678
441068
147720
641663
437208
969363
761644
666585
360046
798658
328909
120297
176733
668000
55381
110071
455461
488981
183412
310811
933248
883991
902364
178008
25749
436039
407215
637139
225457
600197
412956
429001
703749
350888
732580
182961
666697
246742
905927
877294
409966
260834
14895
317774
214921
183252
676562
498891
855112
300698
333571
543804
768750
951797
222188
384529
173145
297049
45817
786580
119659
194286
935166
757817
926295
927033
471270
81149
892392
575384
242738
858549
898790
717965
311930
700687
307785
70885
502546
696365
321367
878064
884165
887322
419178
908725
653208
959151
348672
497110
599992
803471
262858
722943
173966
6988
404897
791364
768024
669332
200918
255576
542594
517499
965505
962887
834069
770806
131924
432711
834349
394491
971411
765135
754515
154352
520289
203257
238912
457019
968641
325826
501801
905329
97125
931630
261659
740356
120431
937688
551177
237983
727772
579580
328207
910744
987199
846614
705799
506570
404531
114663
447153
604562
353914
736592
108243
840397
583113
806007
413732
474208
748444
88104
953981
13833
182703
395662
262624
399148
126200
521222
262949
212988
598174
115230
231238
559410
811891
689016
148703
979734
420814
644593
88783
303264
353445
355810
63474
657910
981618
301619
994374
9283
97107
478684
531514
143506
676796
191975
281118
530497
794877
362379
326171
736830
870147
559363
126442
270381
734260
143138
628734
602998
772437
422245
998843
298302
947260
207420
48297
12268
146735
592723
797209
188122
650319
496923
704999
909792
24645
228409
571626
133129
844089
415224
632579
823787
157500
134599
619267
958904
673549
528856
259234
140726
411643
686724
366240
766136
288764
802787
11275
124516
532420
332000
609606
399882
259030
274020
676781
793527
592500
687395
964390
113853
632239
583358
69432
956051
586136
469307
424070
495815
258061
959151
608463
105136
437807
526612
760993
319950
887142
260925
289863
640526
627875
235198
137651
96789
308625
894201
685930
14607
88313
993987
403610
650442
464412
894979
196542
436512
440945
300425
550310
291556
16059
533590
74877
854154
745183
609733
620437
671447
864980
210588
336841
782338
166338
606664
243800
506576
246212
812181
641639
172357
535833
155395
342660
129458
12724
166301
239672
764316
548828
772649
281302
340233
970443
596744
866346
10876
974817
100821
580805
924991
298368
432516
942164
50896
214950
649750
179647
917673
261850
647431
869250
312391
267586
464313
796652
693114
336364
491578
9711
526093
962166
197810
85927
31311
174965
595374
39978
137782
818942
126890
739791
772452
818128
160582
335537
535509
761317
549293
620619
126226
595889
987843
509723
890753
990020
982401
558924
525201
342055
640520
178994
721656
805144
147002
801560
778660
341990
227876
582554
869673
696565
417945
324661
719795
812363
603685
480525
363638
356734
310237
43622
799480
210283
844608
710378
193801
120961
336267
485304
292897
793395
609282
450521
742116
41398
591782
942898
122326
164131
859607
75328
751232
444060
138731
781229
706370
355653
589350
866380
800030
776536
445811
853629
166750
307445
307427
860048
788041
307445
181761
999915
830047
157799
519649
146233
819529
457854
43582
420922
262450
557065
628999
419262
751442
25193
17365
322029
107552
396780
331064
432427
110286
948685
905790
784487
549424
271666
687602
473744
641007
503411
74337
207355
321106
920325
22142
431507
182897
339106
198574
681188
19245
14201
535843
674865
611807
927695
733710
189944
115609
638229
412575
143399
213501
171294
758647
180965
265474
708623
201924
136386
980631
507445
1118
642920
437019
264709
14355
848320
376866
852256
894054
969964
37932
428779
8075
55229
882335
538900
611734
272537
889141
353782
717546
622523
674980
914929
252758
298490
165014
378269
601718
10012
610047
13513
284496
846471
665627
687177
432990
408728
456606
649328
282254
792516
607949
555071
527895
679852
758886
965888
891514
517975
211171
329108
272220
947672
133215
777440
347796
784888
639489
782385
348514
282921
560419
514332
127842
405160
910712
820643
842200
709538
478083
838779
913566
346490
305368
155078
493066
562666
139723
567211
76455
949285
716191
170407
405235
964241
147794
238490
436638
402502
659240
160385
565913
746863
656736
970814
922344
8101
819696
822781
301793
749780
836298
194070
591410
974294
516331
249730
344514
277683
400167
88792
557227
78607
928815
949768
415783
441193
26680
495819
589123
819506
932543
650142
512838
34707
126046
618503
887727
589781
542112
946524
708397
805493
104086
198657
494621
463383
40496
640575
681470
721019
762553
173421
174864
198475
300692
620187
941466
678477
284289
816995
199041
619192
702718
779851
250655
378193
354353
114742
881988
788004
427669
639888
474251
791927
213128
224628
795692
446926
659028
544723
513120
108057
34262
112924
100089
304920
780349
744450
616919
887639
521158
955279
205761
190145
118588
886562
96759
883931
407194
497922
191698
758886
707774
532913
374883
553852
287589
140426
389899
273291
317621
92840
263378
487416
722525
277550
282566
248657
234758
565137
711511
726735
421679
981739
956911
243550
833953
946183
809681
369843
833977
936765
799914
81332
261658
959033
813617
15384
802913
994814
338288
234929
774249
765796
709782
521018
581873
986919
964058
233923
368729
147147
77471
386196
641291
776924
193357
215166
652238
536283
328871
499443
861770
644998
580936
752770
257851
612071
459577
215862
353914
493674
831264
250374
860331
605358
157631
714977
887441
42119
315695
301873
534508
511236
309607
79982
997247
777761
863823
247986
772855
923707
30300
190588
951699
837755
961755
534743
317003
840749
881421
317750
61286
995148
752501
924142
541212
965753
875750
51413
835379
908390
870275
996033
140106
11462
235882
903690
179708
98300
104843
869769
89741
435597
756473
808490
255436
553783
875402
996736
145791
269250
670158
542312
19084
363205
209089
320278
950151
472876
909613
547
268023
652146
819914
704723
194777
327694
603084
240478
788335
47614
744510
587182
909646
239315
698026
714977
530931
842200
135239
364849
605367
336283
931915
208578
628901
184569
894158
454828
14293
472730
952067
901255
641766
993982
531462
780699
155106
828482
829668
866908
213583
740301
264008
801469
548656
19087
726873
440273
97450
898332
637739
49884
501018
588992
878353
68321
371724
542997
978585
669857
156303
925233
967322
31535
802602
316646
271415
755348
146610
737242
698520
57665
151657
244344
294366
495092
271636
858465
877093
698905
153464
388376
456111
658115
401832
840807
300068
660769
811257
874035
511666
340009
664613
278287
671447
700394
579984
419897
869397
198671
14274
509851
186556
591978
887658
883220
889870
306208
575356
394828
454416
318186
378700
371436
98426
826009
404185
376588
88686
925288
646237
106186
109631
407795
452534
390923
900763
268783
118033
304361
660470
419045
417269
258366
803786
293577
937801
907050
262586
684922
888329
703228
841801
702534
25246
650970
335284
2766
934406
147189
831627
721904
674303
303750
344390
96594
498223
177668
593391
961187
165779
76316
282099
91303
942014
593406
392974
987485
822370
924340
673667
593151
128060
654079
872626
188054
311174
575787
833222
224433
842807
25698
620071
652309
657801
704923
457246
373569
24404
962448
435763
845489
44195
670771
411570
596252
233251
520121
906049
840916
968757
996787
628803
154784
93400
517395
372775
131838
938970
526826
52697
143135
603101
853565
247131
349062
880560
619411
188024
439615
733809
431964
258370
905927
930064
734824
418906
687845
602619
136741
950501
247682
991999
447997
410503
826006
61052
923591
629938
932519
147212
736833
347269
368095
566478
435239
50432
124512
26291
136722
786842
262337
995637
202779
61612
947263
637727
856977
555051
501791
622315
269995
226196
556366
865371
106271
138573
743786
158448
506087
922244
638852
564095
575047
466800
113304
720858
542220
595561
766751
39579
415948
219000
15204
560437
980221
651171
970864
25938
772774
704920
813160
784283
590490
57087
289671
415940
649730
763687
584524
477765
606339
99826
245966
781757
396025
424747
750275
145043
886685
330529
500318
561732
370142
513695
581284
44158
800053
354660
859291
619716
151453
694608
971020
464105
485389
224834
689919
630607
121837
52611
209564
113976
121526
299142
409963
277448
129098
930263
509269
952123
424588
368986
452468
284409
730481
548488
523734
667684
968056
275106
733926
273931
515147
528054
596534
978675
242342
211680
130018
508942
263822
308470
156441
553259
896657
113603
232601
932010
636186
404476
932048
310809
102785
272542
901395
143169
874722
412799
737929
584343
51019
420159
86314
545131
464854
907751
518246
261502
221501
340252
905286
628061
856464
995223
658167
925036
874719
187071
974176
238153
746675
698835
346899
844388
635826
12309
355400
812516
948789
804784
432169
276810
583690
347161
818254
690504
818368
8686
109295
184925
951884
123300
375407
234045
770570
465525
348652
459231
986563
490857
271547
375613
661183
653779
372793
19387
159962
661074
705880
109815
913158
5450
55630
826718
578221
449100
170362
114013
783097
260266
163459
648248
716646
260742
700062
896895
742781
27485
936226
366979
989894
126714
679820
242920
614410
933130
837467
136962
492387
960777
992374
174502
444671
717268
550779
601706
874623
34025
547804
43068
60385
782673
718839
257971
74748
43839
70645
882448
228835
836503
578063
523176
245570
873449
791715
571834
249859
577354
771946
32579
32261
10428
533221
975633
242957
997185
74606
595923
343562
176469
873484
566561
704722
972877
350172
508428
489851
440135
630258
428392
333108
525316
283972
441442
592697
390387
59079
706805
344677
752070
696821
703491
850171
794517
121770
710535
747030
910024
936096
55716
694718
567712
270246
595689
698845
906380
696520
656723
219919
944419
979643
709221
660859
796785
108686
819569
378131
845028
654234
952921
601068
463174
640203
893544
785376
814824
159962
811817
250655
483101
951474
964578
72436
404468
766881
438107
732718
589588
679426
416262
532684
302469
742556
891918
907363
291198
742904
114089
940522
901494
263274
575716
247008
419468
149901
552095
310883
864049
256384
677651
713758
962525
156241
824596
428499
172541
501123
790175
368956
452657
529002
827904
614866
480318
273881
302145
449567
909375
976345
758929
235768
779630
975368
120283
772608
255833
374829
431325
723319
285475
38324
521752
391873
656157
835315
568622
686089
184303
560359
519110
163479
794247
718435
704966
667758
254593
836898
743512
254466
149388
555666
32146
137541
246181
829359
584304
879574
186073
68584
190414
664434
406745
123876
108004
656716
231723
984776
594052
961833
261227
846433
538178
702914
699301
972789
444081
641851
559635
652347
514485
950459
722843
478115
902890
165202
205948
678961
750412
901804
604226
356717
569148
202972
52963
87069
214881
58001
760823
215544
611398
963447
563940
532416
96382
408487
65994
590333
417269
474930
309446
279627
908114
789641
549087
881856
579078
699698
350294
272787
255813
680995
136288
722541
357497
464137
489135
545989
4726
762860
642228
580531
970039
926744
74571
227991
256618
990407
924759
770744
537392
152795
859075
853081
935567
229233
298762
902585
95038
378790
252019
915585
834734
438290
483862
316182
791852
772000
620029
97185
960116
70804
895040
778141
789042
527772
273901
865307
884922
237977
509349
232379
696751
475261
61408
888115
428506
174963
605071
66512
716394
705010
286436
929947
14985
616358
133821
591148
870532
462228
889667
303657
897138
831988
528469
428061
940955
285441
375206
555051
408211
363275
518450
605353
709905
888758
36415
382436
271843
17788
304637
231356
603066
12989
107552
862285
369695
367876
626875
754866
172399
903858
860138
996345
299784
573524
691451
403047
355545
976773
916774
380103
306127
956433
167186
168405
171577
850328
64072
428667
885205
176546
552817
71809
628571
897381
745985
562591
958693
954625
740528
464233
404918
417450
785723
825718
982053
577600
609226
835043
532207
299737
523592
30489
956505
178258
861610
865366
799317
29613
103353
940731
306088
812180
935986
884861
509389
944705
840164
634657
19186
894208
875298
238350
274485
381705
620672
669033
581469
966447
662742
605358
874349
890697
306911
205401
433244
187923
996156
17259
571124
267558
649619
213039
595543
550717
961739
523955
888065
151852
929154
278024
607584
535284
935596
893468
771017
195295
765376
409839
490984
462814
646699
144779
357908
192372
560021
335387
927838
894447
28605
774776
380442
697013
460107
234199
333860
843494
458343
893302
511678
873170
22690
727094
468169
44840
764607
483448
895675
102384
235316
248791
966556
822564
664055
451792
336760
926290
448921
467553
494514
648248
174525
79908
550282
493488
749641
310856
318007
482961
186388
690239
936973
756180
276428
855507
304053
743387
727746
126207
103336
358589
971348
24871
359040
482728
168413
742114
689324
203700
157572
494740
565933
398173
402749
833893
116815
593969
189620
309079
875414
903691
555836
288609
333841
383443
942220
446098
249572
913699
100336
798677
744627
381320
28622
214341
385765
754415
944443
306754
338229
881048
480879
526468
926195
440604
268700
454921
592908
665120
44828
937804
262836
97396
92504
122077
343319
848232
292447
898194
801907
662440
292842
820072
90535
936267
812788
550373
816339
946911
516963
61180
842996
913751
411394
885117
381687
385369
52728
75515
736536
197890
151350
643389
475374
947366
263018
308143
855807
199967
842832
688202
738479
624594
382733
332331
2899
371449
777977
850048
355005
459795
736198
159363
436656
273986
984955
808206
935407
267106
579450
449951
647575
247610
128311
388623
661627
639354
420208
792490
352530
661642
668301
652621
760344
67589
468312
390846
446876
76316
508364
625474
404784
820211
136453
801551
920331
821549
540345
376793
515961
409913
160704
612092
232689
130048
612071
445967
827574
885399
435217
930499
658686
925914
547087
980610
219093
696168
53855
202618
907971
498939
598256
526174
99886
394990
540919
245445
676506
937068
705010
722487
669126
155086
470148
341090
72630
585591
703454
243493
819331
206025
353406
639989
981382
527895
455565
169141
731845
317387
206744
302624
544998
494531
48038
85898
248463
659137
713989
78714
78759
510019
584524
749165
946092
751403
69875
506326
643535
621727
217240
773496
459938
847665
754798
307508
205081
593406
2556
109455
138302
998904
95258
721111
330799
686964
8999
887746
217515
31202
844240
155554
669863
709551
951436
548184
947229
585034
867283
804145
921472
362908
421128
582274
69974
274935
683784
412717
563172
286564
490854
149210
676606
705049
514850
365997
145234
643773
716311
344079
130065
45638
81800
27577
993469
152596
940932
587323
449671
905810
853964
876019
399629
907767
391071
731160
929046
200931
633114
296445
762763
237244
4477
969683
665455
542520
395418
703879
663322
835043
542220
31409
84020
528200
711213
827829
483674
871985
792193
826477
505309
875449
327672
345129
548608
814863
438528
387686
121937
418808
34957
152477
401918
454790
934245
284724
307195
241782
553428
730339
703435
648804
795297
338416
176197
367968
801153
320109
803501
739465
323280
623559
440770
926291
612961
954166
61367
863753
470019
512032
135614
683037
97658
691667
884387
796608
514341
628803
639925
44996
342976
753947
566796
531839
640588
650057
567105
72963
668772
732358
475034
622857
36569
302679
1484
574137
496679
903683
857648
361800
879655
534489
200685
659964
312244
180805
156483
556262
663771
156919
266238
356225
630072
340065
631023
66654
466518
394526
428940
780941
352195
389511
909575
909126
168817
919526
600133
7336
43816
705139
88055
580439
879312
787936
490828
422721
919621
479455
713957
870987
602312
661280
635158
132201
971456
72229
926933
683400
12285
346801
989685
895114
440021
687266
924161
307200
348259
853655
583801
443871
922132
65912
179242
549276
276741
751695
356554
995749
479238
276011
987828
76058
470703
737760
755993
139698
413028
662796
149032
256728
464511
976210
610272
447319
588398
976976
539993
504866
896514
234219
508825
39855
84581
286703
634582
206766
883164
814976
361699
257338
668296
940791
228863
768616
249561
807592
928124
966572
353311
422116
316834
535942
35541
651171
151009
191596
588529
405723
579325
267523
174096
353864
728430
299461
213140
6736
209000
137469
710930
429438
662769
912936
618354
334419
979719
877575
101216
57900
36693
745312
431912
975256
883343
578424
939397
654
65427
209366
564736
474725
163317
431043
880302
892161
559851
283976
162640
53249
509992
867887
930818
442753
94772
696638
735052
749477
303180
154431
803459
541848
686533
23254
736498
304707
626634
671658
816446
515301
96919
918808
892507
311015
111392
519868
276984
970389
126315
647781
381882
219102
512411
658738
158933
593468
419620
562050
807056
817564
677245
525371
773568
371928
97964
273612
927865
430148
447968
89309
858016
98315
322635
717683
818605
289156
562516
262455
801416
85843
989229
186147
804173
115879
546429
550464
440134
101025
135233
453704
731904
58439
56290
728474
765792
59680
274655
542928
734112
847581
867243
105109
550231
979094
206784
259782
63683
729456
860280
588155
825315
62897
232055
315995
810315
734731
981413
662440
974759
9533
938518
348364
755414
282651
985699
83236
294608
305222
856558
183701
768640
2924
943085
232169
836510
39891
195023
500034
232840
506278
109352
960888
476876
38354
407930
541786
221928
642726
258333
590104
166480
689059
262861
653598
327285
198294
799768
831874
452450
823871
687722
522061
860486
552599
348563
707716
521570
431080
31524
3985
652208
519454
390003
355085
343320
524771
919043
795
517719
610536
792907
161066
574577
870830
8897
413396
316570
843995
470656
141075
386773
941550
987758
440235
565922
759561
320614
295367
754591
835589
634998
598015
713656
554930
932785
691086
606110
539429
74135
42873
674827
433651
257480
561535
551177
354884
303502
469596
528932
740707
977494
382658
792738
718980
434610
412690
239780
229234
229472
442373
223961
161912
562808
446442
268813
849848
972254
396628
582758
424983
713783
613848
557309
422168
867565
935010
466743
75076
726134
8705
840970
462432
344823
950459
802642
767230
570262
842969
694764
27124
786744
572565
746110
283083
704708
576044
416177
219096
698631
666539
328314
137125
971173
288595
229828
188318
412982
681609
286002
795470
887900
342318
172231
700613
34069
639863
759089
406491
312165
441695
349082
481976
652580
105712
394403
916100
317824
565664
376695
4639
165195
149856
237711
430505
873397
54342
569854
500394
208105
634551
512766
331228
237225
847099
944644
853096
920704
316350
589970
354285
224972
603445
792300
470570
128340
860237
897682
184335
30151
495166
106907
725588
664820
566802
764884
908340
525025
571794
807262
349043
507581
413794
272755
631213
256357
236065
293392
539257
785931
722210
675873
906927
169109
795481
557469
912629
172670
988946
101412
803890
545233
251554
711809
547408
808046
699191
779616
230195
394163
917443
767475
498799
949232
609948
953422
952425
68797
19316
987561
163415
742619
483223
765229
237714
238773
42747
291266
475647
622012
425344
175933
545233
784180
180224
269528
65462
581748
59638
664108
872417
479396
572765
660849
656129
188612
177395
10101
352723
356014
111939
530160
44835
65189
167597
25305
62391
236243
98520
318699
849571
835034
965306
754838
111199
410996
174617
13232
71442
822638
971710
173632
997551
393857
452544
27401
786029
394167
852593
159115
561094
919998
100930
225908
564655
211361
138241
866583
914231
271111
919600
379955
258328
263915
204198
965852
620248
577814
251246
435108
279436
389099
713398
657986
271713
352072
496216
171551
807971
410219
295653
232228
62371
488413
419275
379922
69306
359166
102133
610180
670186
714325
521332
558516
674210
928429
192184
266314
954982
391545
360131
744338
822962
53020
172305
242659
670375
170362
386498
694963
736571
894470
771550
433632
628555
226608
613815
285845
25064
46825
487257
340359
885201
21986
634671
846852
814554
582265
980659
286568
606254
913929
119865
533499
352253
324709
947878
360177
205357
317088
487596
472433
780847
187571
383057
307875
51595
592684
919608
130910
759958
826769
879576
712115
636065
874035
134553
354620
797674
215363
447856
632789
8478
214364
28338
669193
94440
867720
287352
701369
505661
314137
205791
314853
594006
358017
579371
587921
158226
854450
736511
168474
950966
813642
180372
895461
951664
799291
299201
525973
759214
924013
920697
800804
879594
604054
37124
311432
906185
12831
717591
801288
97089
186590
540143
18024
402415
880505
585223
542928
377083
173078
258827
52985
880105
551768
308780
503387
425487
694260
68417
990667
339930
892705
10287
957504
231056
901118
298787
975256
860774
927587
82230
44525
953390
866398
751180
721380
156023
692661
439478
193114
338319
754427
78955
855933
714101
731173
548740
680788
305722
362849
128495
603635
302624
888905
334906
507950
822183
555366
231484
444640
52102
677321
586144
21047
801312
358596
536270
390687
916172
80459
749940
129987
760312
433626
239506
84490
897823
980554
474228
849594
217405
479818
272545
277891
955527
184792
556924
402624
711127
935896
447806
273264
554819
386711
669548
471970
880699
604311
633925
993574
177154
376468
196686
971204
26308
735971
134384
620911
901143
310883
658837
898999
597404
897789
601517
795690
664935
807491
692449
871626
350682
607315
697925
352079
929502
236768
45182
542686
836889
447614
468746
793646
598426
333331
622878
50083
123158
649050
551024
693042
526801
715506
134071
371048
245566
945905
418294
645561
902454
448130
498939
83444
260802
726788
78589
832437
337775
208330
274433
774916
815989
205559
647272
719997
1104
325930
735821
726064
21964
14892
474072
683655
335702
158268
710188
382953
962412
735146
41333
461082
440183
899569
615141
467757
149957
788329
186832
874908
839434
842628
855193
246818
86037
658980
106862
742981
226867
61652
986162
66132
999030
729857
137163
909548
155635
92949
217294
35638
752409
191055
208726
32184
532815
609839
903177
775187
843151
426224
700458
669410
59865
330423
703634
226088
889217
711557
710213
511709
713171
207414
