829482
806464
40645
874701
663226
155617
392663
495318
743825
126178
518444
914715
90240
480607
753951
464064
107303
334894
828878
341233
969092
432931
613428
576170
56214
107977
122714
393904
96277
880882
672453
188867
915195
222079
387549
229446
35195
773772
170093
968385
490220
730663
953440
870478
168185
324230
427549
725430
519524
815988
82481
644142
423823
204870
227324
55956
96107
68828
269527
687251
375719
125770
444136
409267
289556
758473
781137
445744
77123
864478
409982
222931
432282
374050
563465
840528
509605
190037
514885
585504
702859
315158
15799
577706
307123
266344
917011
456374
247256
998827
232704
257232
731294
511109
853214
751581
8377
928384
743654
675346
980285
966966
824506
115834
654993
716974
818892
623228
370703
42503
298474
144835
179972
716649
326250
368606
704004
802078
449970
178032
231009
916386
937396
736583
536620
543994
296235
632922
649007
229204
835380
746906
821847
604138
709821
633351
896383
876005
228669
109760
512445
292503
192524
677664
10645
191696
186952
995638
879611
516698
829223
653828
681386
950820
727399
963701
355455
827575
469852
75853
707388
694998
624923
993003
664293
29157
86232
505021
102520
347167
528280
594449
382886
698687
448123
896649
466734
393874
360969
388728
546122
996427
354578
632198
241874
911031
419057
371432
892822
105762
7643
802147
655837
683842
350531
82378
538548
761053
627317
202380
898339
474289
447158
273837
999307
565302
924223
412735
245487
725717
576207
203333
339283
448105
282196
954150
324174
285830
913327
335171
551552
281011
194448
846652
604232
108416
897654
65994
872125
996580
652241
319761
560853
10802
853562
721352
630246
665985
77409
517055
373065
332027
915301
433193
606210
635083
550450
116926
966719
699201
200835
409856
891080
288524
766914
572408
558298
472871
737767
41811
653830
992036
900737
192063
14866
444189
811296
383272
169090
632920
817154
517661
678223
953719
265445
966267
808227
563423
10595
633088
932378
370179
629906
723448
382959
295853
199798
897594
416446
122194
653631
532831
965423
292213
476398
366507
601479
789372
944814
709837
950321
455397
211330
393086
335416
222297
500921
724049
488306
107131
451407
545244
38182
557954
889892
233457
284428
750498
673053
30180
786664
189236
330293
936502
571115
528825
129727
435937
529096
250849
247548
51336
815057
792879
908357
501532
967601
195184
529698
777457
585065
778065
730577
777017
697451
16380
983567
567171
77099
113160
384541
335269
41363
670414
776064
948550
981450
833493
467012
316093
34239
328211
456688
484854
949332
475187
2526
270123
804781
75705
859227
536266
923814
353392
508430
659850
307576
584463
848722
51420
76128
179151
404146
861298
548304
435019
499977
860649
830138
46039
25442
370894
530041
660827
637803
897406
80385
805141
280656
704074
127715
564437
334306
235741
448688
460511
12935
690667
283302
911977
796784
551379
206967
819197
92906
17181
99735
308474
974762
146828
827785
722538
347312
950127
336725
246226
354645
651934
988465
545868
490336
918877
882365
814806
319010
534137
635167
479707
527346
648233
798350
578805
473516
41944
713326
600539
414866
159611
63018
512014
159679
880098
230644
791053
654772
808983
26207
691839
316564
258757
188107
293096
599215
144937
508709
360397
898648
3286
739623
273150
393860
244089
790059
583602
620933
509202
391411
24324
359644
172844
256160
465703
818658
540097
317442
283797
614923
107230
776793
515033
903619
8470
861878
717303
984237
710571
662314
827365
680773
377117
755923
552956
485358
710204
982938
819999
366923
599490
458361
143670
668103
185572
694717
347864
590584
322702
359258
731074
538115
192582
748317
421544
608194
727385
813429
280288
97782
546587
72836
650017
496673
80044
735847
122762
819385
138970
749914
401713
146084
637850
204331
78052
492769
411040
397075
88272
953719
816700
235680
965464
397621
30001
766261
341733
632676
211743
216403
843226
345940
254169
89372
201425
667443
119161
772885
711682
698543
547635
375775
958088
575144
405781
319182
124018
444121
89835
723075
851691
259768
43375
510780
218314
889970
794427
730519
251335
667715
724449
162738
951759
730529
540260
253132
523979
600118
692721
88712
895948
704731
129346
658524
339555
598528
156802
318246
738584
731050
816494
322307
408245
360398
705609
239606
510251
792362
802308
105088
891268
270136
617734
232081
257859
139176
73862
70034
802330
585422
402070
38910
655824
755752
233226
734592
271618
836747
223995
312735
80716
832670
393995
87563
703975
678307
498247
718749
432132
493015
877819
638269
122162
17952
100800
237838
517640
496857
224299
736711
285719
702082
661481
616513
284813
205849
603514
310297
210371
229768
426306
340176
439731
843038
413816
793117
624896
378072
420726
720646
773711
962486
114482
951448
54987
150983
366275
807910
214796
803831
119598
714920
508755
416962
134100
176508
292037
354154
233332
203431
380652
365059
99070
341650
921468
509257
894371
352925
106640
884541
55739
719055
535444
103389
365226
934767
922300
825178
41111
491265
729725
68639
459628
641580
804781
399261
758015
808788
51686
443230
309570
883847
990386
248043
572781
198232
506028
604820
783187
461796
643300
749032
569288
264431
350268
533964
734014
924011
707412
448415
605452
999026
64979
138928
409034
246694
78994
492855
67017
414460
261701
23832
101857
927951
248085
938800
545031
860752
249799
579524
538939
742513
866571
9407
554096
681137
494885
351610
518019
510545
368104
973790
367652
387023
613453
621913
271542
217378
93930
998156
506188
757398
945309
440081
425204
221411
639010
427903
646866
531824
777383
3183
420030
398866
704058
518642
447903
391370
290606
827137
340961
367692
545612
907013
844471
27280
421886
573090
525130
80934
179500
691283
789016
790926
859866
723850
727665
688814
201894
753738
632831
338406
749985
181611
285209
591308
319614
70115
515328
932369
886430
806373
661644
947826
257204
819777
96221
383691
372146
196306
117259
784588
549461
730837
447267
590336
95082
836150
485379
914865
966198
77575
106392
789268
701700
970791
765672
940163
67373
674495
358411
343122
405615
926587
542256
474039
900295
587333
323201
282735
454623
452030
950918
103290
236615
857781
753893
621068
153596
445625
258266
274258
483026
752070
291441
154632
833048
550313
455155
908703
540251
577396
903679
531150
53482
501672
477283
222087
938802
602474
629815
626334
324052
603105
106172
380845
637746
956475
750725
310767
425111
641144
812978
82193
858122
204662
43807
105146
764609
10301
281318
414941
369009
200626
928864
925655
797541
393421
517675
892953
243481
927300
495950
259940
427784
527346
732497
260353
712004
533402
694696
66467
111281
618765
434327
998451
671857
970274
385826
8925
666835
956217
858462
21866
892556
651610
734869
865971
301088
771476
815957
580059
543057
589903
490360
406893
769325
302629
394994
364755
706522
810789
241349
947888
880244
39185
591124
299488
386121
398517
42793
748796
742340
262907
314636
47677
18235
54629
23203
59889
814569
425422
456602
880389
583850
381742
341395
31906
80519
987058
806646
642446
923306
557182
967832
247970
185397
960151
504629
51338
699359
69405
840528
763557
369868
552422
429994
9718
85320
178657
28508
679527
57410
620104
509483
215559
889547
607775
694978
541125
979998
609552
855907
256025
330654
166342
417264
122714
326171
641279
191626
784926
28257
800122
253037
413122
286136
890397
294905
439148
373604
988481
802322
463318
890960
686524
476350
10245
456900
19863
673880
733813
257860
372897
380692
821643
455738
176853
936411
610135
198448
726725
729028
937072
657798
768160
269362
713125
834283
881971
581541
677272
799197
237246
376474
653027
467147
614712
27047
843013
962615
512839
851671
343395
861692
721523
461560
950510
960401
602650
8940
202700
669458
633523
167599
91999
594986
893963
484711
737114
104933
67038
985483
45501
322133
246303
839922
822619
751487
710379
387009
791549
725616
984172
882084
558039
441415
239845
643851
706821
901544
238367
346864
828046
841404
50819
720219
660830
294195
783468
301508
474464
547035
621151
585848
519417
801825
889633
897190
191461
367517
259837
359295
736237
220765
559486
232783
148738
756354
570176
532012
747770
882342
807858
652893
156908
756495
336784
425806
248924
728932
418153
93441
564273
854705
478969
179497
744092
804368
102613
822322
788464
719478
329073
609855
894949
356488
571700
488787
887039
836606
735493
997939
715951
337960
956764
644828
198984
672407
967018
637138
649349
520496
776727
354694
323859
972505
495265
479578
300578
129520
102037
247394
173764
769570
487147
173973
974245
834432
816553
791310
480282
863020
309607
568180
559402
339849
136137
696461
218090
992334
546231
893780
401726
530189
493140
324272
139612
302243
763213
423758
683570
270135
563620
302429
690677
559634
73730
248524
972470
76817
532582
387912
477269
351569
241023
264133
190564
42070
359398
879005
802928
363520
495913
146579
412702
228798
460248
787106
530909
546742
95402
144394
208964
267131
500990
276268
542152
977399
548738
556657
317988
965630
168177
960545
581134
173260
172062
442309
219989
744571
210657
408351
912659
597110
412004
219026
123760
932499
673992
613659
630205
218862
114025
158083
693501
506653
579484
781033
82238
987973
889535
391481
800986
993036
148173
180456
388898
606756
786993
686811
183721
597998
228573
823740
237053
744248
770329
704591
223165
902756
195775
686551
590040
698239
359175
918620
353341
561757
809552
686154
495911
807465
500114
405127
605883
819513
299901
865767
937811
844880
826993
980752
226245
45785
351244
785544
298544
95071
93188
64285
959854
37133
143988
545912
159758
182230
799570
714615
4924
420431
330407
760798
603423
558470
974205
19590
842183
288340
588428
697588
216496
781794
431023
678578
882303
610048
917231
898325
614206
938962
44253
190231
95984
292045
594853
552004
655516
184982
150506
954928
441302
363129
906766
488511
209033
147589
629730
703627
190900
396506
80031
829723
569332
77766
40434
850585
512757
628564
629068
809177
12935
468484
870890
346864
13774
628373
762781
506043
570990
644719
909101
593100
281868
209813
655335
543642
672593
687382
591806
636664
236158
342974
165037
209376
575763
152484
163516
512188
909330
919194
43752
164160
487420
620085
299172
274725
644852
588114
547216
68879
765616
619592
8459
761091
678974
299213
422872
532223
199071
53089
227499
526474
193788
585007
242242
312788
534704
23991
519220
514545
661471
109696
275823
835592
906559
285010
200993
19049
502617
332478
83471
105120
323859
912431
550695
233076
356353
179213
908874
938586
417492
953600
958091
12615
385741
23047
708663
377586
953794
674081
845341
702437
953865
41119
853961
158247
563797
210691
450963
338133
102838
307379
233457
504771
621129
636870
768798
182963
480011
155962
437611
911522
298852
220825
466787
949881
762061
876409
477522
745386
3219
842913
14712
928239
730056
853013
676977
763683
931107
426279
553062
488931
142984
590465
95835
281058
821936
601193
356207
690164
980237
384285
175605
46313
364596
468728
563088
55926
376623
536992
698326
460152
627795
959719
533812
476272
61981
719892
953068
599410
384076
253097
195699
583838
46266
636320
149697
744080
97489
790800
773903
312437
974325
158420
836033
32077
210241
615513
604681
655035
275691
172053
778339
441780
599708
159741
672065
815196
441896
44439
598455
623136
400940
752703
281733
23838
701439
411105
441714
448115
732168
398333
11894
421886
148625
696970
446809
311801
890606
358402
197760
566800
820522
893473
239699
215362
499014
617683
310509
817425
375423
18272
384389
789815
211123
28970
369887
825885
211074
737149
590389
282884
204206
909759
929703
932760
12543
735299
204269
756410
689321
884741
111728
524677
695991
492844
777699
869423
440428
910963
605065
502124
504147
144828
336798
359033
65117
994487
898695
596117
661727
477241
578731
58405
609654
698497
577467
677776
422639
732636
367294
287040
176893
917458
73303
721338
928768
512105
276173
314513
449632
803069
65994
912053
766494
255530
65106
388017
833242
192984
497074
337785
509016
416938
287843
998906
186870
569681
272032
386117
278593
453861
479373
158657
593097
518019
58017
919444
206481
427623
107817
919525
621484
271469
105304
366017
602491
743082
395774
257475
573594
483726
309529
337690
470858
326834
280148
782765
684742
223382
460926
671654
127271
689794
977501
952833
312958
868937
751119
981475
329965
234591
458936
439589
708663
716501
904384
478602
417689
249635
972777
270359
773925
926697
603874
778391
321866
228911
536539
584430
761276
916400
371763
210117
971613
263946
122140
472576
12019
347512
874853
792489
121411
661487
421901
463973
704154
945729
179151
205970
768954
894311
968491
394040
252763
757417
910645
36550
758299
505365
401517
463340
172239
821761
403531
80808
331205
269784
103195
907679
53783
509967
522245
302547
385938
650615
435182
897278
214755
262431
105534
495951
352159
909100
24669
945854
657745
734958
757063
995502
20732
807826
665962
488841
49393
96556
222920
428228
460067
403644
609300
732257
751340
976076
317547
337624
172494
76704
204870
601000
427915
875552
809464
296888
694238
716623
953221
52631
144816
838141
178983
917308
31214
925163
727344
983160
299639
425514
230085
720126
890853
502828
555162
659503
949309
781790
785446
161169
243926
147720
679313
435158
775312
897777
546259
848975
473083
172614
519148
801016
660773
454136
528825
408192
362031
72802
36620
127572
483221
498740
629533
208729
288840
598822
88012
234349
431848
113012
576519
99294
676432
860185
10482
93042
207465
440387
574711
303693
513002
148870
935236
930168
580448
418049
485435
931768
832175
771709
911730
101424
220690
405127
568012
100473
935211
837949
97342
40432
217521
159573
305649
42471
334343
671991
687100
454779
812805
135625
580742
501924
886339
82435
480247
364234
138898
887335
426705
967533
915147
262385
709482
401259
442123
127840
532237
409278
80227
902688
939757
594651
645487
982259
129060
609289
784488
12300
793241
933092
950926
454285
499352
353152
264691
987048
101192
879923
705301
415686
989599
325152
330272
843282
879646
536384
116108
606725
155544
670593
858000
132943
225477
498683
573710
862206
465252
588748
808332
138491
457480
370253
521330
605352
628708
360004
885249
6688
348764
638269
435844
870288
396321
621386
65373
364816
64733
112880
785637
289905
373372
165683
380028
454430
160484
709363
628179
487113
574516
464799
133755
727885
317704
821789
502121
694050
395023
559051
97400
2038
690584
173623
466106
673199
569938
675294
714828
953916
668251
860195
600539
845925
822606
841439
376334
408969
550861
44589
352115
325695
453177
605956
300313
547125
677819
283187
115565
671735
546658
775990
718233
342528
520108
25245
784294
288953
646748
448128
278874
417526
555131
950299
347364
441307
890515
789951
812409
771650
281312
789268
27615
510424
542724
42399
497940
987984
917537
172086
419795
236485
78983
881457
72662
776230
304615
986217
483015
456212
632503
155236
599064
907741
75659
444780
308438
616129
674168
383972
897023
783562
885270
623348
9838
266430
89395
181253
266251
40109
671410
673367
520256
573389
277058
787015
620422
357012
330816
378181
595152
510081
471567
196188
619445
669105
798764
83606
966924
826209
944617
863814
904657
818148
646662
676840
667090
521427
889898
952247
344492
826277
253909
538346
205159
276776
577483
192805
439686
732747
176925
14134
735076
249362
496931
66013
992173
195864
41630
417110
558492
871053
263704
435252
225180
131535
710603
469198
421232
119916
117368
113786
636417
750168
153704
38422
233571
969405
414838
548843
885912
932257
186806
465735
288953
794172
619890
94175
612747
314723
293394
701370
623971
870904
296747
219289
501502
861444
190651
685025
582396
871415
318643
338407
733607
653427
932178
106215
834652
178090
298995
133719
294506
400572
299729
691021
948722
585
779605
416119
717012
779282
248723
928253
80933
365204
707026
50562
232962
101636
683537
49740
298751
143922
119035
970830
703370
204629
659184
847627
176843
883507
596619
406835
114788
700428
654656
565544
875201
568974
700017
895468
596767
957556
39740
530410
602384
130478
395534
498473
344136
654587
502955
720272
782315
555819
67309
690547
743480
801888
973019
809334
89821
259038
590284
292983
755509
47934
245690
463815
41182
982063
500464
922229
966149
522008
377943
435276
862271
518814
531084
480839
591078
106651
565916
131063
86098
324333
487373
272089
561596
520534
874064
199327
247030
573222
963978
802564
817431
211989
587226
28430
527379
829947
19919
86547
444494
755127
41793
999533
979901
575621
690841
120827
929410
404405
914650
326711
463340
466184
903307
253549
290108
991152
808576
759557
203440
68175
153626
716049
828454
832576
316733
325496
197185
939658
393872
431414
637740
656524
426714
871521
144546
632809
743113
283524
174976
470315
601328
417517
846647
876974
804298
579643
873505
429245
420461
785951
533058
384943
219169
302578
546876
480756
797401
809648
420464
6455
577487
531287
131411
465133
7682
384713
299395
264270
80757
37793
527948
762911
793182
72591
173188
984805
548093
937396
860057
377936
222280
221506
228637
502346
529491
969115
801529
42532
245192
525167
287196
332431
231062
223361
506426
657110
238363
627019
4028
109778
886477
372865
606105
232846
812097
463873
197041
422927
93098
407345
442092
918440
365795
102627
828187
990513
389323
1630
525874
460284
947626
180608
621067
127261
363411
41376
49258
972066
109435
405409
312927
829303
543197
663698
969543
137831
787629
119855
230985
100178
870157
32923
519640
237574
371194
417896
241394
92093
798400
867193
640904
768779
811344
102965
687475
587156
830170
890397
991296
932189
148271
19610
897445
448305
920822
453463
132124
391285
565626
604784
331649
289885
731203
923812
390973
656973
23683
118702
44277
254904
17369
48022
440217
697731
258383
623258
449657
569400
329053
334822
745084
691012
971206
421992
416920
383364
209975
168750
357044
516529
507578
36294
723291
32077
299966
866333
115609
835613
409405
489736
779564
893907
495936
89490
121946
616167
14189
764892
989258
260544
47601
560444
658987
839533
759526
716173
755565
120936
868865
828207
575447
713741
279343
810127
349506
571089
207153
54987
607780
890496
698522
661745
739485
861422
469300
981278
516463
643480
10617
490000
591094
8184
431585
410389
363946
538282
497394
461241
710703
190231
633073
657521
575867
576735
166262
936417
604515
914381
739306
907001
35291
584398
206694
576016
670110
759459
761379
492430
928980
360022
962139
24387
897699
929570
125732
530024
413108
319268
744646
262421
340084
239025
37295
401728
129767
395725
136708
250591
229835
407786
142654
241197
126630
864716
977967
654039
425448
219965
759961
707734
978554
898311
929168
864502
828016
78337
973218
904925
436147
299008
428951
283929
917023
182267
150043
719826
99049
166049
904466
284921
231316
619027
607285
822758
419366
953711
424692
792339
114322
413973
319154
201689
205687
539400
994276
578228
74606
815390
389124
378514
680032
522699
539634
390981
472118
176056
254134
829634
60541
279787
356049
985195
258138
621949
273150
251743
745675
97285
338072
397439
845827
667963
746306
883274
381057
861529
403594
403746
600025
509289
824344
811063
539818
166356
73844
393724
120067
143621
960824
563975
775337
80206
503413
744127
611363
389245
991013
227570
547401
723219
257349
631257
953854
990524
54734
613761
94023
396371
858306
375020
785018
176078
114122
626916
190017
9707
502805
249601
804257
634766
968486
723432
827121
675179
817776
539106
80369
2387
704026
616884
485815
653300
683999
491101
233269
273962
14747
623975
65117
619423
326020
141176
679028
859228
469651
491407
364851
316393
403912
925709
930264
888254
469915
599868
913795
348987
123676
392492
881229
194624
872488
584934
546735
913617
617751
208587
803055
789801
788893
287843
140852
946578
471199
846702
716122
254186
546842
650995
274491
615578
679528
660809
605416
783952
228737
934889
878212
654286
860301
620706
811034
107469
586243
271542
336866
342318
213544
836793
349435
304994
458178
918372
395567
632810
72564
183290
978133
337029
903784
605018
732103
165820
199161
950683
161029
639292
141289
107977
868874
111668
682176
56106
121949
398962
311799
938787
551931
695017
218788
543719
508850
348904
184846
280068
32417
269034
375584
83140
407659
320979
961136
830681
105757
168342
307478
497399
467297
271567
51162
678426
464552
144302
418760
669660
252692
572318
112677
125209
157394
578400
353516
391109
603210
16283
816006
629514
778613
479691
130485
870890
162382
512626
899408
802363
846397
883570
282163
842010
252072
551956
952450
137907
318693
463530
577699
828062
884905
289879
116140
190017
656418
465281
948666
490417
418214
154741
815301
990483
149490
802057
750209
393284
470077
757916
901843
599081
332542
146446
108474
54006
678023
828745
577353
396219
655190
111859
623884
193565
697418
598093
36540
970410
683139
562651
879580
457952
76817
184048
955138
651329
506546
449455
649647
310091
989921
664227
540251
264457
345278
766392
79171
259692
959072
533005
550547
90429
697772
570990
886020
283187
283809
855684
752563
160427
450841
706794
749147
802900
125996
394160
48170
803032
236485
126356
207299
831534
800637
700543
58922
587099
19921
733770
743849
452661
890782
54207
255819
651341
390883
74299
52239
593102
569973
752116
561852
572384
971708
825432
977142
694392
207239
171817
126695
266847
904451
144339
499279
274061
366254
703420
371081
874129
888181
314781
100906
141647
143952
725786
827393
783296
619693
717260
39950
384261
691585
686780
732178
212581
402350
302397
228348
340608
644381
732624
217787
219482
881328
224661
557385
636870
389072
276191
313111
457388
590579
997539
463746
199219
894535
714863
120798
348756
178090
85004
480709
621435
307983
177251
152011
934056
563911
149041
432417
978173
846991
469802
23090
647970
794037
873969
825338
599275
450356
807477
239071
312525
508877
641978
819406
754027
115030
269527
741074
675294
217607
657790
788124
702706
332504
862791
136989
449274
470472
174751
502400
827024
217589
611504
931862
748479
973723
363657
802439
400295
812978
288524
307996
467297
404419
85004
620155
286722
226866
119088
927848
540446
213648
982671
199317
371010
244197
812146
719584
640049
551014
757356
400540
263641
26290
247357
373472
21612
305979
653696
804415
843893
983130
492680
154120
419527
989023
39829
247111
669119
578286
968451
16994
124934
984244
810529
929172
877298
613839
767504
209565
976608
483767
71160
685614
324338
370067
629339
248232
285545
35120
103847
188930
561772
359139
265102
852137
538731
800464
400694
567760
250411
528130
827121
479501
61972
379942
574646
161611
207948
264896
314795
172124
692572
437299
771736
527383
501800
371733
173076
443895
641163
260844
93389
296912
518100
445869
977224
212990
380983
814409
919371
68498
418613
724027
817776
973273
517996
384793
976151
373293
616225
965588
378233
752564
201014
166741
793568
735827
870494
103306
152406
955917
815945
694619
609434
896887
603431
598500
277403
328760
577506
877483
41114
5386
224374
125309
398003
520496
894412
254422
385484
639556
831064
187079
939729
618093
712738
504640
272610
286495
186506
381853
643376
388563
398805
16356
647067
725371
283797
7023
892919
31267
67808
119946
397213
992393
815422
161169
596912
979850
781260
111027
406069
788530
529760
81363
600890
401979
104165
579202
552773
303466
33240
325890
83699
999525
610316
241709
758112
927736
906142
587156
500711
520990
684007
2483
459140
903364
120461
610083
284951
979223
993625
503745
79987
195374
871931
786233
943087
598969
982934
774235
14763
95453
478817
840827
159845
755223
647178
984530
936590
393086
470293
861970
473132
370364
899526
637483
185964
266150
40350
809050
553659
855639
89990
361034
671178
601618
826454
20968
672190
690797
573144
279367
235142
611322
310533
724327
89963
725159
290802
288652
387950
158786
190279
249112
643721
763524
292861
917511
898992
600016
783773
134183
854678
158443
841529
433944
431391
954077
907204
759759
213609
11269
998713
100528
232223
900525
158965
618366
141691
255206
551515
550143
861808
52831
360835
477433
704606
139043
3496
290979
930795
635527
737746
11735
889304
817876
664144
398184
513355
177387
318928
282055
488935
439174
968098
867377
108755
231816
45950
789807
89799
18963
256258
204922
837628
733659
991446
320709
826828
835374
559519
924594
498980
174654
749410
743393
910042
691644
872885
825074
407627
628077
106866
8624
399856
9005
500041
125126
400777
541092
974089
147977
722049
939486
974524
580322
143599
134282
754157
90617
145466
935244
110771
302973
230771
740658
67635
237636
781245
512711
814750
352892
583520
371567
700154
949965
879770
27961
997353
34576
503676
292972
353791
296877
689118
515536
534382
660141
886653
663033
337282
343031
400311
586334
600016
865775
948426
585242
601422
889992
150230
366969
308883
85244
167292
77306
332886
568116
225341
435882
999774
238097
48141
517696
59795
404080
529926
252423
644198
100610
98671
768095
241793
344276
242293
637909
361012
131971
844962
818862
479229
344723
982671
265616
219765
474473
335938
186663
306039
61612
276776
638939
26559
541902
798698
188820
701558
551518
370951
119160
164819
527732
731709
642486
35222
707299
587301
202335
922345
193428
929252
413700
698126
920979
452059
339554
789948
779862
520370
955718
933601
447466
481399
407279
242860
631462
843641
195289
871717
248645
765364
920750
996259
415990
514545
665690
537559
176701
780920
966335
96227
331335
914129
158585
497483
777420
940539
596058
374050
40334
713452
410155
167162
102933
466185
276114
604309
153210
553331
163222
951922
687810
723261
521020
622681
743810
432583
187890
315621
435459
687353
727086
11083
609528
472021
596562
460843
790348
928698
425058
513775
334127
764984
660580
800168
909547
210023
228884
669098
455090
220880
787875
703103
926232
470761
778959
545442
672347
417409
251824
273865
219590
781178
645690
559008
420026
346741
874326
918453
67068
860082
317407
644490
264026
387378
236629
316217
488462
595459
442815
594232
703953
428603
354593
45121
97347
431937
864215
946499
828196
831865
906584
525886
311673
522605
934414
398443
104417
93441
10291
881524
898708
550603
814569
287973
349788
528890
102715
215665
442167
133755
787444
352813
480374
200495
337894
550107
524871
258220
885433
444617
872848
42512
325253
559224
255789
941621
847382
722930
472373
106682
934569
482678
189473
613231
198725
310818
261914
156333
451528
732500
777486
12244
292539
809189
650216
852168
419266
907577
394649
692353
880857
322034
444780
27090
603970
960091
112488
774817
427135
842579
504344
23774
787139
978690
82729
779867
436763
788482
103124
81748
149596
424437
443895
825004
857174
254767
219719
661891
815034
875078
297126
686510
671836
999829
801626
525410
697093
50494
372512
174746
249746
273317
711690
948546
458214
425001
763579
913656
524473
932845
290919
777614
717161
223366
990784
990832
714442
248304
699357
961674
680261
166356
993616
472464
707464
10071
63068
26376
287561
127658
800248
295931
344868
56251
567380
886163
426615
197947
578984
482330
752025
529674
441272
224350
109261
613595
303889
834681
727039
938043
206416
710796
340207
968019
110536
481676
291423
169988
55152
731114
145835
750187
251521
177800
512715
749376
506665
710649
302178
826469
351742
212011
586655
744996
178734
321830
677540
295333
681452
998735
221747
941817
572333
720585
161866
183690
417450
230145
23103
146149
242554
170080
640808
811672
179747
849764
917428
986372
635869
919560
889713
327755
578522
209323
820753
130688
13393
838141
354115
643049
516619
379996
335686
337908
173620
277858
56067
140482
885820
446532
51057
94545
777043
498388
551817
401590
799307
191604
653098
596137
807505
95112
202401
810614
82523
684635
158791
442438
57645
276739
386668
937109
901922
452874
357729
293037
214143
672595
456174
957876
960334
785445
627741
497748
391966
872338
879521
594511
539551
642805
131857
795029
960119
779956
333534
618240
165665
356087
71787
541892
408097
33559
414919
132010
535998
175619
930485
418098
159781
343846
82280
924111
302629
844786
484711
32517
298860
468527
862302
95579
704080
772792
34357
550450
614439
181663
180386
37581
913019
599182
580086
422948
262334
739610
447053
952572
464161
513418
944967
962090
422133
326874
607903
958536
918691
859115
568398
913516
526907
222087
853163
582350
651331
949110
664329
898046
371067
960586
538415
53783
410859
179662
452996
929568
731931
796210
51223
647421
494350
42925
959131
884721
369868
581404
351361
492820
405631
870798
60161
531351
191582
532526
907052
191582
546959
328223
841962
412004
888258
706282
77040
426822
875897
908640
285708
104350
514701
690693
85124
729439
723463
504884
143952
61328
157414
625982
268024
795057
786103
424795
851753
327626
828460
465657
877376
547924
207065
557336
784209
78758
670869
132021
39764
357000
765997
283560
386740
98206
971730
112913
942583
468223
511421
279326
938629
828636
88310
851277
229216
220254
251120
474575
920394
104504
350542
683323
889910
226680
38702
285573
209975
650867
928396
514487
2536
892479
567997
226165
725
316384
772436
290179
812430
634537
284737
28388
89140
112161
163359
869359
186220
948393
913809
233121
568264
631592
284530
217369
330795
757437
463759
166288
188808
415916
74746
764159
282550
749516
534528
792250
342578
946467
900293
531864
457396
600965
401416
908378
669411
732793
367809
538828
926008
443514
798892
735
539840
487136
685953
190683
499019
352441
334371
621523
109375
909210
428050
573293
812783
985191
799785
713159
460945
289005
550587
828259
465840
117966
450893
31624
116870
34642
381853
374105
58050
657032
324721
287178
19759
977813
835255
569523
183261
986376
188919
82918
942583
355130
250504
61902
246766
794720
13075
317542
949478
160305
781389
133394
672688
598017
675425
566893
356343
730606
593810
591860
459943
99667
472823
988164
25437
984455
474457
125021
167196
380505
317359
79845
565819
531287
550751
819365
908811
138370
702329
901953
456465
644555
280430
384231
348767
345719
699265
151747
173748
137110
219978
435013
248889
421383
807362
975046
897654
535084
14918
685602
873311
388676
149102
834558
451563
251230
37360
63644
149694
375763
558871
873211
697744
700408
376446
111728
751668
20304
138804
564433
717502
588402
643960
296443
714663
281667
200856
246166
560448
658232
170107
579439
314219
278900
494319
579940
92146
518468
170915
585989
993463
177772
788116
105964
127936
666779
419275
511147
131411
614519
912693
583948
426097
996031
407419
983787
570316
466121
250550
727295
374741
441033
671597
427309
616633
931796
948222
637379
815118
206708
698840
129727
601083
107465
464732
151062
670343
859161
181359
509394
372028
737659
686519
976624
195777
738682
416462
921255
944976
812860
910164
813907
891800
41944
41917
751572
733778
368933
958350
320711
416878
603971
886715
873044
719762
909339
925213
241201
598640
861083
686229
847283
255701
673637
429082
41896
871327
806606
173381
935096
747594
154889
308037
745002
143046
931872
376227
54801
172053
264910
719052
635859
728702
884805
291348
64058
885477
221716
351513
123549
379243
574665
85315
460092
916204
63819
682206
245421
199784
697604
595913
244557
594212
744506
421856
693545
348932
226406
797828
612163
183513
761953
977244
390414
155962
853185
512158
574823
777602
783860
961691
855406
654036
963271
488975
737840
543758
969298
951880
955330
136190
610400
33359
187119
178097
671207
265329
835804
819019
734684
293838
531275
893114
705190
433653
158164
938346
377133
176921
571528
327376
316023
427948
16787
543509
131555
422038
167157
461423
647645
833011
803373
737682
713397
487488
801176
484890
93349
578646
664600
19317
312850
30560
449267
139917
844491
829782
28821
559976
502400
108961
692437
394195
370676
563526
900623
421764
928986
656973
892186
395757
135482
435042
649637
856675
978648
872504
433449
483193
393431
364482
768999
586281
542922
495611
912565
184444
105759
597057
116023
449709
897132
759959
283797
416539
747335
262735
895225
43052
881142
479382
969801
871047
281529
932697
552613
731936
178759
668844
55450
387153
488552
174447
287526
600705
877456
881870
802363
12794
215215
799027
7745
295529
180362
768039
378736
971303
409422
202438
346951
206654
389567
895292
972450
628870
153589
101061
635566
805275
852319
355654
977740
311645
70662
453287
510929
596058
843503
586917
429679
418896
530019
327258
548462
430804
50894
309250
755620
837898
191207
54429
563232
383284
258892
891834
195092
554739
779864
614276
139016
109701
168727
755423
449505
864521
872598
414948
413294
292126
446591
96517
781346
185515
402249
924517
739350
374880
137578
774333
998290
364242
162382
505365
210835
985445
143259
158242
334306
826664
512133
259049
97413
980078
317226
327626
748825
560020
645592
144630
535786
345926
62680
83033
19366
608857
34253
994814
969801
154495
195396
325396
895596
105985
510404
211785
643873
494133
806199
795453
647579
844544
856127
911797
571247
74178
868662
30889
905368
412042
380487
669338
823947
817998
115499
815174
90289
269520
10195
34566
249897
406903
818517
967467
526699
574006
94564
179991
324348
150400
214414
167559
197589
334368
407415
390203
44035
464105
94832
851681
781245
507298
275920
448425
570990
473471
396749
897125
794798
307438
206858
847930
9163
102140
658351
653705
147804
209975
108739
84125
705139
614301
450588
295679
232266
897406
85879
7726
631951
906966
432857
588333
871930
325223
134756
337829
725127
877593
282060
611280
619537
711661
154286
625352
46390
379431
351558
218913
748185
770772
419196
734398
279358
163516
219075
31922
845327
228700
174380
951727
382214
93490
289796
553471
472732
416508
778391
758699
213731
920304
348629
474289
722211
624066
337605
903030
564083
318265
151188
671987
971757
28589
591016
178326
732883
771462
184896
255755
641449
552621
660064
78111
375670
91326
45669
966133
925326
816672
849438
847267
75471
67610
910964
197660
768262
300531
95949
918402
984158
85753
558475
299792
714843
518707
256930
778038
952413
292384
755300
378564
350440
304076
483359
953773
481832
546472
791946
729042
540409
903050
627276
881682
496501
587423
210017
626536
577473
524333
664951
956858
697446
85055
777047
154918
778106
698679
40777
61359
769159
420155
259777
851222
513062
117724
320298
188391
969476
851849
172553
584463
851681
740859
30630
490367
716978
880857
212631
493795
957264
390052
322913
506692
175846
805935
68752
925964
774832
756387
794326
935711
81766
831228
693020
659553
240959
762974
879724
768552
698043
888328
89284
901896
366220
672398
991936
764159
646306
20739
422065
138697
699808
957593
650159
852326
468182
29118
317876
490739
153051
826503
594685
548093
218412
934933
287868
277977
256586
442320
402146
298779
900948
883868
733015
88896
198481
47669
720608
948608
88150
542327
898960
136917
274044
314513
787513
248210
195640
75029
870225
291708
608162
651445
801330
20350
716222
904869
75147
221486
960461
997795
631616
859827
730674
488307
403713
470735
522634
391315
376532
199922
280360
350102
257028
667
949991
803406
352774
745849
287450
173661
749349
103013
659575
499701
49572
152421
652046
872131
737122
647719
423662
140289
797875
213843
703227
736745
535821
480978
892809
176123
130027
543337
884848
390024
748326
748337
671192
120606
586909
994408
653134
700660
578673
557193
12270
346890
729971
514413
206096
799289
225994
440842
470513
136455
126039
419636
371995
332778
972454
871930
940507
3814
293481
419232
848576
737593
238032
411210
841477
541635
571922
80369
304101
297430
598002
226560
488935
666977
518661
68461
790997
342779
293033
785951
287651
431937
718659
821880
305442
310408
409236
867445
870341
586902
383420
850061
904607
747115
931325
970151
412940
81303
586424
966869
504941
938901
88291
567938
730577
88777
51971
472871
333222
898957
770188
620544
426897
976801
276992
108215
638553
503419
105111
716663
314936
430995
53154
243494
722379
459689
78718
955735
393400
236940
477283
277356
329232
445643
623733
956019
427948
326959
479499
643134
849124
345849
906736
20445
757158
357491
156333
425616
113319
544388
916250
109150
729241
250246
165331
101536
633753
651425
563088
404146
512319
901103
203639
623166
88574
652016
196443
301765
822290
255604
630787
99519
520236
480130
654837
783434
403264
879708
670527
644498
334354
525173
569715
102631
848616
690178
512144
395816
763338
121737
826508
189450
113168
653152
750422
151925
147168
71166
333539
558080
257812
140147
121136
966357
347552
603874
949415
568043
28754
860617
419829
185594
804032
538096
425797
152655
582267
527964
900975
613055
760656
40949
69405
380370
398376
624066
530160
73113
910721
789245
271912
723997
668324
56108
368941
788231
398805
724614
335579
315952
828932
42762
340389
949190
653411
727237
321874
12531
87140
648112
64276
346859
774147
55015
755046
348883
905996
623616
988259
607069
880786
775110
297756
318694
662305
441215
691310
573289
231958
834436
244388
19366
908402
886926
793286
612408
681480
574787
610229
727208
433699
554000
460489
635076
94034
371388
295995
430188
230649
55577
27205
582233
808014
524986
228854
664543
900332
508863
722834
905326
804799
971307
2052
565561
151536
670432
621880
665942
326250
311431
573674
739121
339612
29339
877993
135695
874492
717216
180868
274701
528040
805165
959942
379908
767734
261208
792636
522323
158942
212788
500732
978980
837029
347521
998403
261263
462712
309870
599364
891050
932899
420171
637422
732806
129585
559992
439807
444016
272838
13540
945228
397793
458111
389653
187832
879840
580286
331131
596173
384883
192710
701563
105856
698166
864705
301589
831336
376941
785463
163243
858675
89244
13295
272845
456172
741507
197968
560371
732959
561645
98344
112377
592867
900483
967328
235116
108252
154488
558049
833762
393528
123621
779245
843935
58510
321913
286427
292130
705728
154230
871828
873485
756862
695523
999734
10627
885936
52701
315343
38181
204930
502121
510344
983273
151024
178328
726420
723787
576066
374169
250323
660718
635584
444951
288129
900452
71888
960091
179130
299380
425530
758503
478836
492067
293647
206747
850442
132118
717475
80321
866900
371145
515175
17363
828610
693356
655566
747542
486605
813944
107402
377047
257637
848084
892209
377755
37177
691310
224780
867279
980862
820532
583332
648229
688600
632909
376904
143153
21643
626912
116656
415642
225058
547699
118587
157753
883254
896884
223123
815247
10704
910104
792531
880244
760345
662206
627191
119051
195286
293231
791133
374061
494789
281667
946154
931898
383375
341088
701085
182159
671118
928187
908802
741314
151487
527238
449550
559721
505631
349060
127301
724827
942346
439086
158399
402890
312454
701788
699854
141306
219839
583626
282487
804438
925859
982065
97778
992629
588208
213507
377874
306364
642176
767626
477416
660803
259352
930556
108091
726730
696882
604633
836523
410554
250451
144909
825325
63840
796389
737236
787056
960480
217815
151546
659251
475999
913572
357141
874012
111643
605453
354672
402012
365074
788617
945291
658742
663518
822218
762591
145973
247493
253296
993333
204500
88145
434859
724357
748318
950321
175217
62853
489789
545709
376491
427484
249986
41311
930264
159545
520538
638122
364768
735367
294887
22893
336144
73357
816771
180362
125366
898088
445957
763524
784119
398100
645823
593513
833280
654084
503331
726782
932782
225195
638998
520396
121370
395816
572371
171379
53124
66270
866103
671177
701997
992334
120129
775704
253418
869825
131098
751086
854532
630361
124274
461336
2707
611187
565929
247284
30560
452849
497311
433687
951552
979076
835644
912043
376875
569355
816382
212695
45838
955762
801498
667890
63324
955243
84968
835286
295037
310418
277764
233541
823139
671057
521506
843235
984546
844640
56
413457
526867
290195
150105
255552
167786
787866
576820
697307
146926
935810
533244
928648
688519
364043
822462
443091
635810
685094
980909
685059
44819
695046
153992
481308
840541
458451
581576
563349
685688
916570
418317
513162
939969
325502
231556
611862
646319
537936
297153
675425
546261
537970
819395
17087
51336
297499
28690
331625
714844
841529
917731
124868
608736
868813
715748
799197
136291
60470
889539
785315
947210
562199
50350
533833
182748
577309
399358
178867
290625
540387
342397
315705
50166
877817
543070
851817
211911
839908
576047
72591
662974
70309
267956
234981
812441
709807
632875
4256
606725
578968
39100
680711
967076
947084
144947
616578
971069
426331
388808
27278
31803
922116
772826
167107
882219
135296
401308
917395
751060
294547
784043
498729
911489
34178
600740
967974
680558
676144
390784
579694
643036
602775
858188
650867
560077
131066
677578
492844
327231
878
708313
716157
531951
160842
99974
757718
745264
544224
320560
461647
590092
163094
170492
612704
265232
842067
336569
824158
536423
979305
295565
1831
285842
575781
518872
628569
955756
726166
921892
654316
575193
513062
303217
435361
805725
696609
581913
850224
710957
183654
512319
578176
52546
35731
117041
941809
298460
869268
946373
864233
670965
860068
873160
622080
754721
388858
741223
115974
220763
292917
385776
249233
115657
902401
281134
840982
872696
329793
512429
662593
804424
936681
299207
485157
78175
374739
746440
482190
742538
831859
398276
969061
37056
460556
560378
914556
984728
487360
35249
447509
997008
522791
588116
766258
771210
284212
772761
854268
737136
269214
234998
439031
231806
504624
377324
487982
187476
341233
344080
911455
167123
406101
240794
717764
574927
286165
212263
277421
809994
880069
526123
153794
804562
995054
176822
229373
344610
128012
363215
838878
641766
815260
847587
458383
838736
222654
566084
11759
630640
647136
270730
704098
391354
856807
441238
897383
89799
988533
621576
244644
192743
910527
688671
961203
327560
267227
269444
758726
287170
184926
231092
949965
417709
2973
302992
405736
192582
