601120
899243
724773
655025
862858
132013
724614
551606
673061
909002
720933
28613
760005
598174
707862
777803
666470
909358
946893
839425
241806
966310
477156
406435
49410
572252
645000
910865
566188
184498
650687
111798
395082
691388
785387
499811
926289
415112
586538
729205
393289
376915
232636
880125
236996
214078
753305
163890
191404
876086
556826
197807
782608
887236
589981
446914
986209
216336
337332
454337
189930
769560
639332
342007
94567
997773
245522
790306
701061
556001
89657
138379
174155
233366
844431
555777
70876
245607
44166
265402
893238
372894
291588
937690
889717
687417
348429
141312
380498
557271
797195
307471
844445
924449
998710
688555
489734
950802
353215
955702
839500
766132
956009
665845
412125
133544
951284
836405
676885
646090
911369
292342
622886
707363
499887
858419
933233
915851
58931
309795
151451
126293
612358
652235
848026
71860
28154
537871
717782
29115
541966
119315
148961
886390
632486
167153
781895
238999
689586
636203
436530
215186
77134
18987
969365
731461
425917
147558
480440
292089
588182
82855
589517
277671
994021
615650
850149
827024
848688
598108
841315
542989
507735
49602
69274
254672
961953
136704
418105
144788
454900
980513
227796
976210
353237
571736
713323
131058
514466
712860
726300
302872
599275
67628
365981
809415
722087
185781
946118
549173
382685
574995
64326
439498
425811
859178
678263
985790
515528
500125
255920
31922
879781
331230
617279
750651
121650
87104
725168
346267
215291
167262
547373
254612
668680
650305
414636
153874
578886
621528
907662
234984
274722
729303
980948
983388
554478
848180
273080
743120
902922
646075
136457
907498
148001
88090
881403
551263
689393
350373
331309
698674
723
270181
596887
262815
653780
911908
491500
332848
461662
610460
316525
810424
706267
953210
319550
661678
884124
856121
908018
476281
285945
51651
702868
121136
374432
695410
460750
725518
676969
214492
410788
165473
603894
341324
269553
70601
852045
429257
328220
924327
184320
607501
698005
791357
184600
107069
416949
494907
628654
390062
297295
587364
412453
50857
798861
282438
83391
64517
315318
416583
436176
764147
110891
762865
948669
388546
589941
390392
222975
573251
414859
91686
464469
541313
309593
31516
193082
701215
530539
143564
518841
777689
448498
882311
653935
754064
79388
925819
706446
917293
943273
780849
695354
103001
518110
144224
555037
472986
983026
117616
805903
859556
931955
115203
911090
270719
959280
758986
313183
441454
686992
988451
655760
221357
27494
496707
323582
14521
212772
250666
829303
822706
455987
186150
299727
421229
629038
448845
792816
723977
447243
282850
132389
344091
601481
513367
738711
382527
279499
70706
829583
333217
314604
124083
189134
509570
645464
539917
426336
361345
259852
240616
576910
415878
275122
127563
574944
350738
795778
900754
796195
263005
542588
489621
329946
883444
408848
357960
540851
770361
890569
292399
61880
293619
246297
627211
70550
126813
769657
116098
590760
951991
641184
657925
788149
784316
528834
719728
400329
480854
24597
275851
73955
696104
224827
72113
637571
382007
776105
210849
512312
204138
678775
212173
827792
201420
961622
483260
967097
51925
575768
41890
426142
352606
595529
870883
511618
506493
423671
225983
124638
586452
185714
526900
155827
378888
632453
910225
473878
296487
514363
702690
18661
184513
582848
410629
592779
766856
186079
928087
720717
147830
388952
697981
227356
147568
691617
328415
281085
518369
486812
668978
330780
833225
982782
244849
48964
183737
559492
174722
933943
903796
597232
979331
429724
679937
37096
943199
126327
974619
849793
931465
217076
421661
47526
136454
233203
541704
613740
376616
583586
163255
784453
231328
712187
895571
654914
659900
834319
620394
759251
798861
268845
332188
809937
38290
22906
281728
17667
851255
86635
714674
871411
683100
669590
29037
14961
417856
699365
436537
80399
242301
77658
29853
464687
908950
187212
337813
503097
273384
892080
216271
316446
815075
199624
395906
120376
124290
828875
510828
87879
172775
299658
378797
664410
671562
126727
322316
175874
281069
923630
52476
982528
623205
254640
630566
298773
621915
163985
741626
280269
978567
32298
690222
303360
287861
22129
64693
794291
476476
93346
111363
31008
930132
350845
52483
825257
558489
301174
978799
382735
129223
118966
488401
342100
813597
403325
61407
18862
44783
50621
418479
886153
53305
