516256
274496
313472
644742
407043
828414
315584
62386
302194
932443
412875
460160
868516
838761
180215
904635
333910
151463
223535
4041
247797
840446
549702
738022
477852
828179
97592
679349
250482
870697
183720
929812
550971
653150
909468
803951
831206
927850
950291
196639
50795
60723
636267
245331
246881
426663
107267
939303
183340
663612
348244
459733
547791
396880
301749
288595
5212
530028
130461
42874
821913
547141
53149
553337
75598
183756
483263
440932
889422
769286
945159
444177
745411
593701
789900
173727
167827
742706
665135
693715
727877
582001
65538
811603
548349
50411
608926
809660
343762
230388
562325
248690
192133
717265
16453
133760
368096
716409
585097
539488
324318
976390
89259
965715
80050
155182
131753
964188
476025
916968
86510
785416
522358
269722
401581
613955
830366
490238
580869
661652
326993
250115
524018
495954
285947
350191
384283
902370
663126
842817
770417
195241
470382
249335
445972
905372
768545
5177
744032
637808
825948
678240
879147
838881
642263
151643
501947
184935
649270
582293
280338
272823
627839
958786
544905
87844
315014
686547
982054
999274
565121
405243
590309
696346
856525
76172
751455
910119
675506
752242
163280
520644
890725
956851
945770
481035
544478
179427
981966
422613
337208
758916
828869
955542
447017
943950
901880
346408
55464
217398
375861
623283
41572
747514
63086
495564
189338
458199
713099
297149
500423
372504
653671
503372
121947
869821
44690
953252
416138
423514
76611
360711
350432
437948
410358
907572
596397
646614
245249
158995
547146
331354
401266
76172
640115
223147
849525
403728
688061
826048
972942
26167
341785
334147
680858
494088
718016
510392
766352
328676
226528
448966
513508
935181
10133
716702
918188
291929
494310
486227
221104
542795
39764
537981
830448
911482
664652
740959
258883
325506
877240
8050
589896
86770
789168
847413
625700
491380
581106
37466
695366
13199
580345
565520
496729
106717
714158
222054
109641
771939
442357
385521
56789
681101
186446
703012
913313
611511
372508
787460
682519
687318
968120
653409
742965
491612
871804
240199
296120
902859
793620
790844
874991
368118
286814
268742
511716
230270
445935
260632
859939
889068
842082
650094
899072
154222
474235
569266
902154
414503
744996
521991
799581
45553
649063
527501
422931
942270
11333
302655
906400
70630
291299
359281
49627
861918
399104
18828
599262
749189
376730
892246
511541
10553
101897
770975
218059
112722
288962
102481
441131
997360
694639
667541
129749
722517
167223
600915
94503
945646
439963
637938
844666
199012
599316
301699
97392
377864
59813
983730
330486
741953
396098
172778
179995
221489
978220
185554
686877
906514
218892
772176
248102
516000
439007
433074
702966
147382
700107
913680
23642
588276
540014
366572
133987
983573
334096
6142
362672
497488
469160
860360
682779
462030
315608
286405
463872
802844
708982
44363
218636
729871
472384
801728
774054
921818
305681
605538
256886
393013
990315
841246
82852
209538
558027
548116
549925
333705
9686
69663
954534
651915
392728
143376
937034
140208
829702
482051
107734
716340
388823
842526
384733
241137
463904
569585
426029
41485
888247
705469
315880
754276
570761
104217
145303
961880
783370
272504
321518
842060
267468
402518
550085
45812
886871
570915
427150
429471
359121
865731
116488
240615
255068
513403
307885
443430
281874
908139
567560
403176
935551
416582
864671
69951
86155
347801
971697
438524
871483
192121
944616
461878
938541
134094
712433
967087
379285
25847
75452
960475
39503
294316
549655
113718
740888
458676
317350
230460
903883
849588
21673
964598
329703
147382
496411
461294
863458
98390
358354
529080
21208
337249
467431
574219
466345
512739
587677
606954
358059
270290
19088
135612
633748
807262
402373
891577
300929
608142
60858
805678
746250
864468
742690
796095
155853
909460
792753
639805
883851
308430
213139
182089
928541
436371
35431
927521
243453
322839
629961
592853
934583
912209
937772
96600
17933
107324
767716
271908
520545
859372
796441
635388
374548
237200
813055
756988
215057
220724
352007
274979
247441
29117
266245
359729
894855
292918
649307
776083
296909
236465
856916
391005
465916
312670
607529
990621
144094
915712
727844
749835
584192
886974
885729
605699
407723
124328
83812
36695
914083
189916
767177
741941
773317
476313
57898
218846
282948
475018
327152
172838
753928
647469
130346
839799
945366
991079
234999
255221
447194
733693
930305
89597
616650
818794
297894
586886
118022
307160
802598
847091
147352
659080
19173
27370
969356
616002
699801
529474
316781
886613
123149
692190
487444
623538
499277
786257
546230
864703
333304
495216
553732
513438
528922
212188
324435
576426
501761
304081
796141
735643
506102
779818
454038
495124
746104
65790
815597
271291
343029
81356
316166
783460
465058
419468
687082
33111
887102
302712
61303
821248
655035
538641
861241
920415
576037
360170
592067
455413
83038
460542
422651
524454
82740
169969
339722
443994
764564
746542
649156
886668
647239
736008
862327
729385
527345
406031
433016
788107
54239
614604
132768
42580
418040
627739
123886
95451
816656
332922
886187
31237
888795
102376
491388
633067
952047
832564
110717
669849
534846
855905
411316
92716
700500
17678
634999
734112
47322
332136
508858
775020
260719
812989
501254
896910
91199
845093
13303
166283
96330
84238
90215
274646
746698
80379
375898
246248
736657
798789
38392
8129
827129
668105
938553
141640
195736
676674
210556
437522
576710
285275
151629
933577
60701
827445
326618
773389
335912
90335
857450
983274
968605
229703
182264
733502
601275
404099
706055
378977
337963
742259
357821
811631
449406
686503
794063
99691
627284
411410
70221
495333
812753
874174
799471
630932
564524
517052
551161
122085
805806
278097
49738
239606
962998
426991
515229
403001
703744
982165
17666
402397
92160
598648
907317
647030
637089
723311
650981
319085
251321
595941
173155
45224
730261
695512
887771
476179
150502
345523
938821
726835
982390
476721
741630
841538
276928
831624
938584
869422
69727
82276
222705
268245
816176
919739
863655
269817
237025
746222
596167
969059
174508
610318
571045
956320
633595
243968
629533
313892
903452
904810
501903
66522
459510
407474
610237
418830
2031
363100
236429
841923
625136
85909
525114
710983
575512
837631
723042
197956
778729
434119
530800
395938
735461
171936
601240
749842
789138
78011
310673
281104
380375
897316
835886
836699
448802
169283
974667
333451
201102
433089
708961
363976
753813
30883
223143
955904
612199
2637
104322
3137
489399
88679
407525
470930
167884
337716
858052
249638
892288
218932
513076
417670
506424
173672
110835
712438
767269
34930
101840
385573
728416
28327
170765
978772
709362
477387
617988
475491
188008
432661
650042
406385
69155
488547
459162
45683
358650
443711
736455
211604
86752
254037
129216
412718
988725
281142
778502
181361
451777
17644
457786
656353
335974
958906
775583
73756
204529
552615
770001
994336
864447
304819
30806
649736
86842
694926
283609
734744
453544
64416
428098
557109
163920
671068
878903
158186
586522
180486
86772
68918
42550
52000
740253
65202
364774
605682
76030
726664
503602
437701
978743
688315
278048
407594
848685
121694
811043
535886
483544
26651
87388
860983
718
279728
681801
131012
431563
367642
654938
246142
351816
425643
143927
674921
799025
562035
177277
66167
358799
639636
531538
860441
306539
177492
973312
764797
443230
122899
736078
118770
428733
109685
147977
698814
808489
902239
439439
443701
542770
619372
319857
8771
82121
454179
228636
172927
526130
86307
317824
636965
299709
528554
399327
961504
421269
300721
841102
898773
404275
887692
902773
550477
849714
597535
382225
260908
689799
789309
790212
924919
566513
922106
31008
832744
218525
560728
713454
857863
685676
415881
481655
119279
402140
796131
590741
7764
914908
135194
605845
814769
547170
144812
850131
170029
613335
775020
904324
550577
772859
7533
428111
606751
241873
323523
45102
753644
783704
474441
130667
980231
658481
525932
731486
529203
236383
980492
958983
966658
203297
124553
501733
943953
652254
384938
134098
989768
511184
229845
16614
730709
202502
707036
781260
140987
86886
149994
784002
296577
189102
874145
392454
43583
113871
140635
460957
395352
288849
314719
778916
751173
171250
136469
769646
573121
658508
171395
312677
158393
907518
486675
514413
181698
729920
309539
966432
905353
847496
971529
812622
828899
780018
557087
536797
357516
127228
760159
841230
55508
520278
307683
169
520515
111429
633067
984956
160857
444467
44480
362854
708225
865188
176931
322868
754045
973738
14375
227658
249273
993713
628976
671837
406109
448351
8452
744557
590660
416093
464490
939662
461414
23297
582011
147201
366541
367863
574930
65249
434932
939789
501839
626321
776390
536035
425859
516056
757714
808450
467465
70329
591148
699247
930026
836133
764870
871624
174084
190675
400219
874534
967562
411192
62201
678857
47519
23753
837870
614998
444594
409292
402080
87006
923858
373641
645366
846831
736061
202221
798531
189545
915519
326090
533734
591621
278957
610382
334846
765682
900251
624267
170114
814253
270052
390708
798283
73105
644615
354032
645118
470450
936871
779777
384012
690030
974349
18616
728816
488105
813947
806716
261427
680670
665211
802466
519201
614111
579409
708156
444403
860562
966698
333870
711008
905242
187872
951872
495150
81110
616211
723468
834548
761679
865633
63051
181513
510965
76342
449202
941564
849095
664201
268295
646256
283692
803927
232292
340154
636526
256264
503354
366335
776142
72816
339088
970375
553207
122221
788866
570196
960526
946882
531188
558367
446649
855338
107327
566638
454917
970742
273242
255304
535903
235297
454534
604331
903306
690881
238366
118112
159926
946035
554925
748045
239971
155315
213014
447278
3202
624359
48735
559779
494249
679611
570
698375
549347
605583
358836
161327
664035
641471
831770
131939
342387
835725
629808
316372
31048
678992
887214
225206
477875
555482
264921
420697
706344
525996
711313
897133
391005
740855
825007
502089
772568
66377
436181
19473
670000
936603
341909
307914
355490
798033
248897
519538
160311
725635
862325
64135
754649
835378
137476
725449
701620
500063
882836
751564
863862
624286
429279
994388
810615
375933
652221
575238
348989
74454
921957
235124
918710
757901
4691
132255
846933
388079
274646
569589
420484
567278
222044
221688
323572
989992
880319
31824
555529
49109
474035
310719
539797
521655
140843
720262
34743
566683
861505
336462
389391
418318
818974
291817
766957
235252
247308
100994
51946
867232
527563
871334
822574
250827
134331
297638
126176
876063
564705
159745
36182
721004
924260
878412
110427
762004
849359
579453
783379
254175
613441
388643
603544
880003
999160
450912
455937
722180
225581
292768
700044
777246
663714
457405
332024
265091
199480
636767
315319
996901
9643
65398
544525
553944
202382
757721
637863
377644
278347
998945
825110
759064
33626
206172
382225
319611
963854
746973
845687
139255
592133
545950
334457
177133
422060
829090
106501
735622
501931
602624
229935
754543
224335
965007
400200
158362
466730
40926
81110
174803
750758
146094
64505
303991
207839
257212
307938
239417
131928
923318
792965
261079
164721
851082
64884
261334
63467
788874
281899
254703
761610
449941
380625
109025
445469
306534
443504
115464
374256
648525
438038
345605
274568
854614
97620
437408
75402
7644
376794
40199
887303
83711
460859
777642
373382
650935
887653
508599
53962
19865
721185
122203
980144
30154
108773
9273
768191
845414
908421
577589
294048
691952
672728
507501
890502
416238
841875
503798
739255
943479
130175
344222
891106
323275
341083
172509
905037
687573
73393
637536
385720
474658
925111
724445
480323
373051
157719
261262
263220
383604
463418
809383
321365
450156
253364
203696
304858
983559
760018
740186
347267
155349
50960
524122
227692
709452
492830
328314
857852
937478
244864
908927
560739
617022
430675
65863
94518
179579
270924
587532
413030
162183
11371
993497
204160
994736
513571
351472
185717
733790
284310
852712
726985
633723
379639
975419
571133
356207
639284
800738
760385
687312
197636
886668
337917
892594
728908
950871
871036
382155
655348
832448
327041
672967
165571
735952
715240
748974
658691
856151
625516
795848
345894
233235
292626
642515
857459
265879
733996
589949
95103
166558
735163
806871
915395
359663
668003
215779
34675
130330
326791
840603
864166
481167
758702
611757
444434
658277
494731
527250
838770
451175
630652
369677
153325
419346
420180
503519
221900
294327
861533
224803
491395
402440
489681
637937
506846
226055
143640
799436
414753
3896
633950
215788
756564
960592
159595
350427
847567
714308
914340
202605
98194
795260
370855
970404
52804
666836
544474
769739
857295
365009
407388
758879
690364
170493
131210
567041
538431
333674
375474
191875
203589
537348
843352
166953
317227
739269
939385
69448
927873
865617
373550
679419
870629
46256
942372
165572
349260
957397
904876
168201
841050
571585
873714
511997
458290
755114
211419
670073
302377
803583
643504
