848455
949359
747282
277463
373252
217050
29728
665642
879176
848482
110746
284066
106012
261077
833102
52448
71394
959017
330797
974155
756622
144706
854252
436208
624647
681907
434243
82614
637577
443146
311016
495750
217255
133337
643720
395186
375513
371010
481071
581891
767689
284231
917956
633424
737269
752006
723901
712275
577060
607820
631186
580145
149651
890490
367660
161151
631374
541713
559115
389641
438554
613770
936870
570451
158329
668257
554151
88922
320247
234493
719053
335600
896768
134070
765224
425118
195968
802432
102969
586656
376747
848052
542183
24632
40801
606615
12332
387700
400178
562
602296
43709
773622
54741
276702
905783
819688
547822
775923
301356
602139
133542
742438
558686
462078
95671
162650
75340
864635
702109
916759
144082
832524
331478
143584
117660
87759
646891
874925
571607
348230
233174
918919
745480
692642
207355
29869
691922
785775
347805
204074
631387
825830
568950
290725
514397
294063
841464
616985
372791
485939
253087
335631
743321
460618
443546
709166
361642
314845
875235
425966
819558
865771
407224
183215
788355
92579
291786
357119
8583
528204
66654
360036
760688
727447
636334
917654
430760
945124
267964
573708
495849
228312
728954
385669
401468
427224
535328
769186
728165
28978
109643
214818
482571
280997
590741
822151
117372
737797
109869
441297
384674
711018
859021
91381
728648
365536
399700
423984
889587
673185
9854
815366
537787
203903
192965
941435
845337
630882
182966
725753
930780
777565
902445
974430
152126
280494
779560
511377
723050
419842
646120
992813
753464
88937
153551
400355
102417
133447
825129
610003
741742
158204
926150
778354
328775
855161
373521
543364
440854
173751
953359
700109
480005
329856
295151
181025
429671
406776
69798
732187
853346
605800
378798
636389
610917
748008
348297
745042
936204
57147
435843
872771
94336
82552
394208
834207
724301
114072
539014
12143
797656
240754
57331
851313
652237
889528
38540
858159
376671
771143
152271
877901
943696
233016
560973
54836
356158
210388
579782
690640
235277
773996
450080
560576
612759
705784
845079
470503
521610
130695
873126
42038
982970
805103
697302
801459
977567
261984
227929
556153
393612
607552
971329
295100
107750
773211
262502
401861
171789
40585
675564
272317
780360
369637
657755
248313
313698
929193
580364
627308
304081
94804
622850
367744
939663
78576
746335
602847
869463
491277
124968
891453
62217
967629
89571
217364
110937
913580
401459
925503
129425
485249
455058
852
828890
95068
516847
548465
179283
798353
864855
17925
742713
377781
788541
221586
861259
844701
654579
746286
609366
152879
65963
278390
766437
221622
135476
874884
628037
434440
260239
920475
915550
822508
388448
118989
421583
388816
105843
390691
789898
140383
458148
102185
378378
533127
114005
74922
633358
701867
928329
336196
740471
680307
723902
528400
683409
494096
401648
897067
458259
24500
482933
903733
106305
959512
15465
208374
140986
955719
759972
347533
260873
62654
932649
874119
73013
212567
392427
779177
990501
464011
539757
466239
218368
799370
640452
568912
448265
175977
666871
344991
6975
197686
858313
994015
18737
6415
569977
345509
705743
176112
334948
317162
690021
128385
68273
624504
672353
897186
931434
849131
348588
944615
699140
236443
227793
220137
935619
939538
137988
42118
391324
156616
385473
972088
205200
423889
13240
666445
746987
431905
730195
270724
542888
181508
988861
748293
813952
155788
967602
604606
699974
471514
465033
352055
915980
954324
53696
150273
760523
824848
787250
105337
357704
326174
344782
896562
940399
952392
245041
160
662872
23234
748633
513948
650520
963467
572678
563200
867643
701911
74124
634686
962587
533252
825776
976218
317140
211069
620012
849574
958881
268827
846650
922288
831972
294456
226402
74714
250616
771106
730747
838952
587903
790836
948767
806226
493273
860982
265779
979858
335344
273210
752300
337642
751312
46656
59229
750897
928570
930327
292046
170582
134010
218023
56021
933752
857068
624194
957371
860275
826682
583893
78622
799189
294214
273927
463667
34773
669327
890116
391104
199893
806247
495543
161393
447462
68380
421584
406853
248313
865677
898163
401949
809092
787980
576428
93804
195725
285399
560365
165627
589259
935024
510994
242875
936215
156153
601887
208082
194571
492361
112439
809308
269406
309894
742825
98724
771838
719094
848018
253100
616643
62937
339703
117442
895481
495222
489732
731637
724885
735222
462679
399266
328413
748285
278592
322638
725137
234846
765270
682652
757378
213557
556503
62971
530823
439867
719604
750774
737961
227241
685946
223836
948708
49989
808773
730629
549405
764796
255431
27217
29900
908083
262550
217149
851675
29957
33188
193940
874367
560715
907997
627975
296049
354825
172419
103928
186142
524619
290413
647256
128965
51294
453696
272545
472741
707634
169277
111765
451493
718481
706694
234299
828452
688670
684035
212755
790439
566953
784010
224015
964975
360489
525964
590114
553301
560511
512679
605419
317444
959179
887065
803363
561769
702786
555185
271979
560966
675521
4816
268712
658171
771717
179904
183037
686997
71209
111825
290654
15781
651550
801334
821963
68282
320644
375318
65328
482427
472980
846157
139657
972006
226225
424469
280494
575908
386584
867652
914979
722782
604605
445991
449561
208294
35501
774015
90284
322630
505686
432870
668466
996545
801559
542521
224497
549426
434400
276057
487188
739660
746892
379444
720021
390315
154445
8467
621492
248276
37871
590702
441070
129755
9691
186434
587798
134124
498727
208197
726405
765887
779658
93912
698609
107907
967816
102626
635426
814914
79379
67198
522062
164205
921939
248309
646891
435175
28762
694610
365768
302452
644236
326959
145543
2854
952160
404073
719191
66070
942728
517720
994682
253642
83679
558300
702712
597095
340710
602347
238291
989868
487600
208199
564739
39543
523757
504192
921974
688072
98992
568930
390209
753711
784720
249025
407151
623669
65247
575390
171537
204812
154055
702328
871607
637234
15190
308618
216325
821127
476559
192607
262240
808684
814994
632083
15338
434690
622947
789092
434763
634518
967091
50647
318249
736084
280259
157687
86568
870972
401118
932880
905458
765681
820791
13766
449887
956008
720380
602441
880642
497768
152560
488642
153822
481291
968139
248834
297560
245157
487226
575117
806614
494217
598653
901768
693075
946878
657346
277113
695750
828457
590315
332239
719641
397049
558450
654175
721243
382422
461041
255956
73582
487302
826313
281198
788644
6604
880305
348681
327273
684497
83784
908195
239456
536361
335753
999963
938992
169270
581184
4534
710618
124557
620381
211547
892600
314966
579637
663907
307365
125664
563491
720164
280360
752430
892552
314492
269535
148560
681140
708863
126593
742383
787730
71672
186481
69288
741246
68589
33795
640257
941183
435933
201522
625927
157165
564779
194132
119236
351943
509333
56113
41904
875846
425370
834443
124161
34857
968167
408128
11641
484248
707652
33412
205200
771804
660038
251001
943345
400253
597039
917904
282367
951841
166995
18194
551720
985307
467571
715233
938816
460407
944112
813440
747429
525600
736386
930274
633700
939883
768420
877253
359656
180904
861583
479601
963844
940734
181174
767367
441181
234413
68307
540028
721990
486135
784075
513503
944322
368997
654730
288487
390414
893581
439915
641316
332443
259723
140035
755344
168409
789185
241092
67494
613212
767216
184317
468899
142349
384531
116990
906863
507820
293395
580778
596535
957659
705434
537378
872005
960603
446790
738753
467448
528232
929079
9153
811732
512645
491335
979661
187809
598164
730943
84967
753524
559848
245547
680760
570279
892885
160788
432688
74170
540231
821286
639137
272507
989200
701416
31259
233928
661044
726242
731254
726778
753820
780734
128772
50771
71615
53123
251001
682421
496200
856552
700333
171263
406713
237483
11481
387331
602391
64208
332721
655899
174770
845911
258324
914951
141656
490426
633800
707949
641463
467547
588037
961173
422153
205739
544985
314991
594199
935968
916143
264530
695945
585764
583715
234223
484435
707061
775785
479186
967086
148154
544656
86956
764605
896785
443760
455578
391758
875409
144688
348408
721206
121249
789372
194929
953194
698205
544213
801692
232339
805335
838468
646265
185712
54355
419544
311597
865981
27947
309354
901936
529589
311305
986224
166254
777776
148447
30060
82470
371519
955831
161780
553061
414068
752972
450327
775790
162373
205328
865258
680001
117069
121299
448712
211218
111359
245237
376163
412884
244031
975624
453567
412474
518735
7069
344690
827891
417674
356377
577434
765573
9080
843042
995001
809761
17643
691640
249634
406993
60054
682939
542007
479012
977348
52743
636197
74023
907397
906829
744741
296003
192529
717681
364485
811738
568090
766078
363564
532075
474091
162751
935070
858543
989281
758658
159352
51774
135210
957106
265892
965266
973093
607566
443744
336894
750557
302128
722193
649776
381362
612652
743646
968286
490968
596344
118515
218675
862734
25848
144386
382231
630005
591082
663351
547256
223474
263361
630854
29507
732314
657568
809761
790626
621895
956902
389887
190882
826202
359532
922925
895961
639670
656785
952479
56443
274030
503064
8060
944680
80696
176873
90550
191258
555518
45960
243968
821428
446564
672409
572749
23539
985856
787
648422
259346
583219
789391
832268
792213
806766
365617
951195
709448
304454
480012
730851
532658
769493
224346
167299
40542
114072
617291
983152
172633
442270
82502
368572
903166
309860
191800
412374
348150
202118
316920
32353
136604
368777
214139
847516
384004
734978
201937
767332
569940
478166
253495
223011
242957
61175
266409
38029
332136
10197
76407
343290
658131
184124
848833
904575
23152
761568
280886
557607
251201
10927
864070
880054
836872
514408
861086
307310
745035
16755
991327
859699
615195
586607
567347
383072
430902
397760
158758
229917
733736
418612
318441
616178
434895
503425
46949
516345
492905
58493
361910
69830
424934
349999
220392
389663
502535
29728
602407
635759
918176
602588
981891
239337
628438
376989
172380
91331
216097
360444
542470
419959
332650
815645
672183
474967
255620
251325
720260
674053
381414
121726
188176
513411
229102
648166
561496
618468
447667
280284
597386
148363
524480
807403
951437
136006
839215
842089
363383
55856
2908
713660
855269
328174
181256
807090
709458
346630
312346
730861
347025
883488
201829
147634
801686
11259
671347
383106
409062
475076
578943
42498
637817
60946
149403
775092
144762
304678
400313
600340
999487
917006
58112
630188
471879
311432
117472
864881
27885
18890
749806
941918
970221
696766
77950
75318
538413
804523
467096
838795
660855
193724
610481
590842
892140
913363
965348
65172
93468
588869
984127
743812
834686
404606
830432
346242
234560
292876
309172
857801
858855
784085
737716
826017
225933
957914
419074
320650
647232
681917
126009
289276
680843
707243
4898
987585
236076
725142
807986
373448
262483
18615
74319
225659
927170
799583
617749
585344
816425
823866
28878
336070
752005
769897
294557
438934
637676
665065
599959
805574
189090
258322
926683
315974
918238
82590
416195
227628
672652
626575
423411
714145
923930
544578
44032
611234
959946
499134
815925
822531
180458
408743
492468
696745
271836
849942
548693
366597
556368
68541
380026
163902
795075
459690
23528
277463
723104
754047
280477
380704
373841
396180
356243
252882
797806
816879
665616
318289
269977
339947
630289
980537
749544
242480
961294
386270
827376
665034
146502
504153
467532
981033
204494
684328
225477
236638
221683
85969
920202
865897
666025
893537
970707
900572
794100
515641
144056
775181
650457
555187
187103
869028
166579
898793
242873
907011
12446
256317
243883
678180
293854
403728
494643
38961
393527
631750
209081
232529
405537
817612
959525
579230
898697
733859
233340
248639
719681
234939
350527
571882
946696
697788
304335
658327
756767
261514
18400
292593
48236
280429
575036
144625
126061
899109
106582
593924
645446
69019
790393
587091
425731
513251
354523
995167
545713
710180
28883
297674
374860
955997
48661
468410
992792
560966
637849
92361
431336
143342
219531
580206
20809
48930
212873
378837
411850
300559
128082
551909
459730
922480
381267
27915
315654
755069
878601
724482
539180
99684
599902
769391
504143
584636
725556
726981
847217
897680
177430
755418
626605
27365
295756
43514
806299
168173
871212
196866
159714
254462
939729
647284
293786
469926
801322
442798
724118
225171
609902
22064
336828
355394
107342
975978
870872
682480
202252
446560
671579
780991
494718
10527
712746
694379
933565
982614
285123
59786
712953
283297
552914
193921
794372
700354
607637
381456
585227
941677
397498
349775
603857
740482
386198
949252
18315
860559
452531
550466
997799
985000
288283
568282
240208
305723
382549
884885
481579
818327
247191
287268
609677
527818
5506
771238
836796
144989
413256
530033
700569
24313
520180
865616
555509
228952
860758
635770
472789
81295
305723
764595
87166
552305
849026
451021
602647
281019
503837
847538
826139
642258
784377
176248
801987
6078
553345
679871
259811
492157
503717
953135
194248
737538
960721
921637
414305
834288
869778
949767
394643
115037
101769
948323
204248
525149
787900
502378
611146
229289
444458
875086
700522
191001
91818
380492
498324
794494
798332
453575
648724
632017
512544
717967
2027
682577
880413
647657
415434
753835
790733
270362
153188
666668
868728
475216
942691
421455
904566
346841
370803
623979
431567
776990
335347
649308
89055
543648
714272
294018
649197
427260
464233
582837
33613
914598
68118
737409
121939
58918
48466
10294
349292
58512
119890
418328
281180
868906
347579
10056
46047
499847
73312
472945
406000
539047
1037
795218
776183
682441
463932
872123
655293
591811
423519
173908
905352
302727
216355
124643
94649
188862
452909
823279
785713
432311
730206
74065
297840
606944
766039
685362
856822
254206
878077
589272
327394
210426
187423
546607
455074
247203
799146
206467
793622
131689
506983
519375
185776
959534
520067
978942
38669
413350
81520
996496
678684
546209
221817
475116
160858
621811
465657
550814
261721
911911
40518
327200
378187
526963
595697
916208
561997
553836
557972
837720
582847
411875
804569
189999
890280
529268
441274
894514
49731
625275
344486
179209
690418
659763
34557
234190
834963
724440
279952
299331
432861
557156
472641
459699
412517
104131
652237
534713
808671
395605
200572
307997
9648
156302
304582
341502
965938
597117
134560
261839
815183
449883
478112
494652
693863
746259
505306
233562
830888
672981
574038
916240
986833
275093
942651
153551
718216
846190
888990
720884
663648
474152
360682
766545
580423
801935
547502
591102
799820
373448
520067
807401
247888
166579
578925
158689
664810
219130
177924
629998
57666
731869
492662
171016
219496
994452
614881
714414
759432
467862
196301
119004
422816
618230
514758
326333
787153
986232
469816
797251
745283
207333
289285
107240
540983
343799
894994
302660
199513
435986
912578
385379
233801
524294
638710
418392
520147
508406
429587
970413
676703
758328
29137
950157
573761
884985
992411
236467
997440
584182
926837
754698
90277
340050
310687
420288
34912
1443
959323
190483
597800
975954
769465
757421
174690
282210
712192
797819
700670
478377
486445
853066
653567
190828
550670
457842
433255
357375
70210
681792
423984
851672
909160
963848
625238
149100
392869
760533
841853
978254
226052
85384
785144
674030
346405
758954
168366
317902
516397
111477
503603
496627
646440
840169
583104
60280
858969
256906
753675
751031
457153
278948
406493
259410
729484
174000
599384
456537
326480
684899
882706
998634
183022
265010
867360
458546
760677
817188
881437
51760
550189
352402
900536
238510
353182
524896
216873
466662
164021
490603
879498
879525
447258
567074
60645
834089
219787
658360
383456
13044
671755
63594
508852
890359
875872
380026
982595
545038
916861
627164
906925
900039
436633
571157
374527
385616
804901
469729
603126
1073
416799
482455
234655
785762
724459
369223
417037
689075
364263
52755
216571
256800
798282
389518
126477
586520
579549
765483
297712
425234
705698
935886
431336
819148
419561
986584
121114
80931
638462
243883
185697
275138
927445
227000
751136
416355
963006
352774
628513
508378
197706
495387
601509
156232
762236
400056
489530
556094
247090
720346
281753
257490
450795
29976
629546
579276
135693
963786
143770
359671
433323
768767
962379
124765
769254
251926
348245
443490
691053
203297
830602
874059
934346
744197
717527
550486
743798
594575
846090
148847
704564
838808
62944
773248
841300
224497
997646
32929
178115
823118
68592
32154
64409
875100
297739
601132
363241
933602
681766
980347
3827
4413
68882
752756
280884
59398
419621
356332
491065
712510
881787
469594
25980
337457
81987
411385
396873
820750
53327
851283
884409
133361
571984
408831
480994
876402
428866
824903
776510
884409
757116
16166
159060
876033
297130
387611
421742
349143
769907
613035
381184
277955
408372
956171
937159
110589
379361
612839
367444
384611
752292
861642
196809
620697
435937
426279
277704
340710
685003
495922
679386
455991
892948
935127
698146
342335
110555
348012
929352
129939
378501
445187
454797
435970
545963
8830
322785
681402
704132
776990
246999
986716
935418
53533
890790
920343
672978
122715
944615
981743
447203
380620
636331
956229
219100
470127
831494
40256
58448
782821
129871
707634
783577
420973
836622
393091
10927
84031
862778
25012
17074
55143
440687
756768
330833
490639
666596
241225
980312
27813
812719
445357
485351
344933
374227
516355
632475
280626
262197
209406
842065
946751
550197
719125
554797
211257
997270
369896
532967
353069
784435
619758
586180
739921
862408
123189
513255
242840
815525
94997
864304
708330
750333
10264
181798
750663
107440
530138
416936
148407
901287
311051
872756
113186
594633
604065
46612
181439
486253
591566
98302
263985
532047
4384
650665
984120
596843
212012
558874
705555
991228
396653
454966
629975
238794
826952
976525
495653
319262
834110
803022
178293
364889
324597
976812
346405
958020
400520
435048
627512
399061
954331
325297
871527
498008
538728
550618
674279
638146
641524
883458
573719
275722
788091
295892
591602
59434
250748
150867
250900
170118
842824
895138
296246
98744
32261
117282
170531
42193
834133
272740
341640
48681
837343
145600
705345
577979
647914
817852
53365
917766
761976
696846
184345
464083
107227
308563
416263
594404
822034
56275
500566
18
298625
452491
884770
959390
317661
798539
987440
182929
825896
67194
258228
211178
9881
913196
814033
374563
872566
916387
950123
746626
498324
751815
572856
602638
33613
789237
407710
715118
431857
851249
717719
857884
702127
341708
690722
884347
120563
605521
24889
315532
267176
898093
776913
687183
264269
113247
126536
735494
648159
120759
696236
790568
574008
584412
360006
655138
58249
745695
90867
680774
974996
317445
938170
799073
714870
86165
738148
121791
71363
274851
627015
147090
507678
550137
21265
665647
348712
615733
708355
822230
181550
510861
204956
684679
770664
29079
241856
569510
117610
519472
672678
121160
539653
406401
690258
931602
629540
582997
513604
418047
882539
452026
338479
134177
127864
560914
387232
593973
703178
189914
491010
341015
304582
944475
643462
376528
911761
211187
157338
709453
71114
616523
208244
178514
900066
728265
336181
587462
715645
466687
849130
650822
976389
307551
117818
637183
363593
594646
320939
431695
585956
440508
595925
976257
700835
60585
162326
111057
87866
416055
702619
135555
653754
900059
627391
139009
194600
782833
541557
679862
41876
547498
647586
370353
570288
409840
802346
475028
572396
240883
711241
147735
736768
764077
279832
134198
35527
690061
853721
260750
912805
840046
884679
815757
668157
813182
127416
818665
474125
229015
122285
440003
105606
824090
984164
480594
297682
466024
973229
351593
163952
756454
851051
887073
96641
833847
952898
328775
309215
807989
494634
484521
27301
709926
879785
683883
915644
589828
655167
667774
432771
840054
698405
716968
360352
904529
850647
284317
275565
689680
339239
813242
585548
765339
680113
248847
896171
112060
856336
105568
810998
862500
825998
625359
836163
63477
839565
577838
666969
756897
863525
888904
69518
944754
24649
770691
386891
219398
300197
545415
987863
931110
533365
821648
624419
824128
63156
4691
441371
655557
705796
469726
957067
570597
415696
253528
847436
535472
787466
969580
294609
931840
379184
156913
221928
292961
417329
119187
958564
206244
433547
724236
479727
282574
450337
641992
371477
611573
822733
553778
268803
539180
153551
635278
242594
590270
353674
511142
38613
123168
554820
835943
196441
188380
291387
729651
883066
947120
430703
727835
522298
99572
361611
327577
824110
38828
432220
615449
662755
828565
800304
158670
2032
431026
251729
816576
300371
769928
154969
242310
690361
799978
858137
711066
845995
918304
254158
736971
76935
854985
890060
854903
539755
293051
69578
139225
900338
449676
261090
272432
363175
777029
930614
680039
781710
773770
83773
713600
693569
488224
911131
884723
685669
74496
755031
230296
197997
179237
547752
491187
312970
520659
593955
785557
90484
299855
676805
368955
177625
827585
846961
153366
758913
894524
880422
403567
149727
694022
570241
654547
396520
49915
171071
897912
167206
550205
516092
219508
81768
733812
984047
478738
112029
469745
507086
887811
234755
845753
421368
203560
948063
425843
898423
213492
462658
979788
908095
638565
823557
807277
994338
474688
525517
121675
836055
976435
437227
719125
157361
803099
506183
183258
471542
38356
129933
267117
771860
463680
277704
74922
790989
688221
241665
377873
265008
762829
637803
72271
351592
987734
544693
802215
39814
743517
326851
158250
32122
664759
122551
523115
468156
219458
413972
770025
981017
44464
235537
933237
831363
442392
548855
859689
210085
432444
110610
266888
942395
859768
831570
820860
131774
244175
480151
821755
718426
312135
514466
505744
16667
113817
30065
748455
633048
431892
478710
630469
554407
286123
527489
203190
1728
852807
35587
566061
612315
792505
722650
948746
124643
55173
542202
519333
954331
59211
617625
535198
801787
996304
819558
655528
421031
334443
95353
135805
613143
740220
135082
36454
338696
315533
81024
8036
245260
69327
743811
682723
325195
626696
341111
325328
807802
106593
400716
938816
257313
111716
642230
733367
453162
20516
912212
636076
229821
213410
998490
834288
2627
505314
932015
919644
434185
684144
16431
228916
514466
556632
658171
379239
168110
616793
61944
74744
996236
647359
680036
431827
601288
140711
20084
599325
782895
324554
705398
825327
535274
452764
464557
358659
484061
453991
856539
60904
901064
137724
764599
534360
706306
618202
898353
262398
583471
4578
274524
656069
522507
462827
319630
414435
854834
130492
583973
100808
882347
838884
223323
357248
954409
203564
380112
776805
877684
772091
65431
939289
437306
714446
744075
258027
833234
608032
970916
961458
823227
536812
647022
811696
26910
242275
408165
264232
571151
153072
657595
727557
602919
353943
843268
574956
228109
184390
235200
206578
395066
897077
367382
78675
490912
911631
936605
504694
397441
619759
726706
257406
3202
333295
904565
641242
646471
340243
901514
116494
446351
72201
782871
10980
944785
149226
353955
207802
628922
196069
617431
689597
71003
251708
16464
678015
34249
436154
199641
207195
57181
339988
513582
903220
367968
634907
565566
897938
885505
621584
519031
482208
196978
561500
266617
535406
225615
323413
391465
107052
126869
822127
87866
982879
739559
924765
175242
280733
611016
413938
358429
429420
759492
158880
743339
488816
444727
283290
948755
236084
929830
785009
302679
975997
982974
680869
528083
73247
41233
252024
190603
854571
918956
996798
516896
534829
868641
619081
732765
633899
860744
797386
544479
573577
502052
143205
140021
317087
896399
448577
252162
309141
833581
725187
459095
764188
729334
806749
345115
364881
316686
233893
763474
633028
845968
177192
975971
16618
492445
449231
993006
345463
182047
238105
555127
806177
688577
270007
79450
603708
570820
441297
311487
884332
768241
267345
700675
716768
809020
531952
40946
57678
91090
