863626
977392
690308
347830
141306
828242
160030
242438
463670
737175
452670
646920
867059
964634
491890
710079
70375
901670
732806
938103
340738
378447
931693
530651
158483
653531
958286
892526
790280
770702
252465
70533
919644
515988
840597
298564
487680
631345
357253
596648
763347
323049
739103
432962
619263
730234
795848
43519
122173
901627
795305
848207
807539
913183
485896
177017
206446
265714
978435
24856
524506
197109
154410
452742
83242
448870
291389
676262
569087
42880
532688
57264
454034
526580
3484
364688
112052
387171
532559
189941
749383
226816
332394
688648
888895
607344
361484
306249
453450
482264
91247
496920
754531
925845
419788
337424
65916
713025
709131
842057
284699
741877
121685
264449
39761
402824
821968
106031
292545
841270
683566
170987
162158
490317
203298
829998
176920
606064
59252
604078
793987
922654
399626
342507
152504
500086
803884
563156
358875
793286
478972
216981
556358
316396
98548
298890
255888
869758
346777
495866
334612
711704
903339
876814
666401
962013
292562
847827
323638
542663
607832
833104
424835
98447
181097
209192
230989
717153
805865
124939
818408
397447
148315
934480
117960
310373
548387
390577
709900
346426
565056
588745
580385
929443
136268
646108
518805
20906
283471
108572
26528
625297
382177
951596
561021
125455
527527
429689
906282
86186
704995
929313
539297
560065
545652
664363
799085
897902
561929
460103
188219
607178
7872
473448
950711
297981
140463
812088
680984
82209
231856
500644
2439
373512
44109
31102
446385
717160
455339
190427
292372
293975
449931
744488
244433
221807
563271
325276
704995
358460
21932
340087
514880
544332
650035
681150
518779
584659
524269
463084
556881
636
22517
726511
14301
324533
507458
151628
308053
83518
472852
826177
684915
298867
576614
122393
938865
908392
617594
387770
320110
93994
856671
175575
9302
909769
950862
202570
359824
333230
543215
148724
502691
531498
101518
412397
815805
764704
312773
647655
726274
509721
976761
377145
540449
247867
638699
411242
747233
472360
380697
349803
424243
768549
376582
802584
860736
783874
873219
507933
760771
976509
463167
663006
573277
395135
846502
320555
784628
287970
911507
350992
788248
787155
700166
858312
590095
832307
372670
865007
268671
267403
441458
297737
259055
941744
395132
999311
37444
717076
278162
743513
310866
14633
288080
504555
591590
514345
505050
829424
465779
870155
832670
588273
446982
428791
389981
240056
452737
275562
196522
513736
442506
393747
166356
684955
55871
492662
819212
461397
307387
270838
182464
561797
241602
614889
102370
12121
232530
178005
169318
86663
147276
81048
815171
144088
583873
301861
844075
482577
597766
220469
433983
751738
785933
764010
296282
930936
870401
326468
675988
151691
570313
556833
5001
629338
497474
111064
720548
238590
412739
894489
268350
451101
565503
158305
194429
849100
998939
879756
132733
534327
340087
302643
833478
207555
831686
893868
834957
381825
729481
239970
233323
935216
104306
795084
971429
237203
435174
51538
380869
382196
37172
191647
70890
460225
822255
192688
918180
852012
950344
139312
495552
736754
992665
372747
859053
121350
927995
4080
345850
295300
116485
685125
349703
747895
389380
906986
893730
488615
218816
956562
593953
879526
208367
383173
319415
194421
286694
372466
705140
392124
323230
825314
449659
556468
678421
918071
305005
599796
561521
992334
672341
920891
370446
549998
270123
880334
558321
755810
139334
567634
280603
160577
957962
571733
433131
249592
660914
259209
885339
163362
633461
433799
109420
504519
667596
861744
353735
499729
274634
791560
424301
646559
673463
369153
469502
806593
397353
634715
491472
155695
515169
490965
184208
486522
459460
66326
577495
69216
368232
218146
344035
862228
329137
240960
284793
777283
599311
913197
417901
386381
738359
406181
317988
422534
929833
728361
886655
646735
346060
848956
648747
449990
3415
108515
590213
638872
382339
415984
975679
335434
62919
629290
94410
435874
188515
519904
891189
87777
406926
792447
903830
235901
171762
946211
927134
948355
228066
647139
715323
414559
2392
379926
11301
383210
905427
481908
749443
291540
464278
46626
34315
443921
808713
598817
809011
719925
664648
340087
729559
230918
210077
261353
844075
478623
712071
593431
532255
770336
358488
287688
649410
321375
445027
953273
475010
205259
620057
842164
149022
847808
977933
701677
118784
159436
770013
870189
377007
782138
512877
280388
127948
740598
578386
618540
935318
290786
436883
818193
387454
187225
92763
15819
241351
400388
800163
195763
668538
545208
339274
55018
330959
502428
671012
164501
90249
380096
753268
369930
491207
480867
772156
29039
935539
416353
658482
226860
444831
336652
904438
733614
426192
190107
699096
936089
359925
444487
12547
350192
663951
950448
194932
359188
874249
966002
47981
324147
785025
574412
563875
394970
384394
331171
284080
690897
596468
196679
539397
286948
211265
849311
264654
868171
746523
982972
190321
935465
185732
892232
929828
193151
49083
811982
229715
614400
830750
564658
227026
691665
549407
499122
281246
927755
322996
516919
581376
138127
317436
485794
986072
1379
538537
443632
719929
988691
658635
311383
859578
919472
37258
745028
562878
628355
761447
150412
510555
106935
220767
530651
528795
720350
96168
568878
717828
219544
504113
109069
455761
527437
587960
574618
822926
448624
143971
590792
162193
165799
909057
23158
607424
940403
423562
530347
482146
783539
303004
833559
567081
369565
9662
174125
536906
145111
835870
580214
94951
973121
277789
761058
695646
459567
698260
136356
411571
631296
265521
421573
294388
257532
293516
935921
812267
531812
345431
959022
629652
239127
739849
297037
829740
223255
448026
81377
534277
855093
184848
712087
793449
231840
523546
609097
446754
805720
388283
197516
1403
385331
830944
912279
927995
459536
224427
284764
815587
548022
864722
565858
664228
773749
258046
369237
10656
991797
177277
269055
762699
483876
430682
534845
190670
805569
970696
195016
943809
931239
611093
762035
832583
218073
480889
937048
264027
967307
988754
958837
845843
623006
853450
595898
411305
573545
232023
798087
68452
694219
622641
154047
539382
65825
656017
849785
288709
788195
963310
60494
83061
523379
13972
55681
795302
174932
201109
332637
319778
6034
260488
465334
341432
609417
923495
329598
758959
650100
144335
761953
423002
529488
813802
996768
930850
612653
568248
248299
566418
381704
77487
64315
519810
79645
805282
210612
481032
716453
816432
13626
112297
136573
551944
759343
190548
365116
340771
229715
399776
597852
532714
924684
946661
4251
133985
8965
173965
447865
453660
728319
589756
764396
158680
117611
707950
741530
219427
266249
603342
239939
938908
140119
305711
942209
738722
333198
118585
628828
893471
299643
18674
746267
483247
404529
522316
218979
630675
191126
493173
511314
531584
863244
3164
94089
176930
69964
323530
368090
211598
372426
133587
305403
774651
83832
82193
332846
643092
76336
994590
626825
178260
780552
631805
331146
722728
40291
436605
59688
662649
635387
550033
78044
998721
558206
763588
138904
775382
623260
596507
395330
225848
517833
191853
410841
605443
715701
647010
560292
28685
920177
797983
870855
121125
451494
412347
538626
970934
79581
541940
851005
502221
37230
356935
981585
599428
729674
3373
38709
293890
558995
907090
920699
852687
885380
540832
521694
803067
305018
454151
693426
497711
731776
736190
918863
905279
665902
571529
697555
161038
660691
462731
880239
257499
653659
18347
218941
848416
680618
430930
398288
241240
481732
332996
680763
79458
662084
804275
736180
320800
955411
397534
832166
463125
487586
379436
92220
74140
897533
257733
424481
319253
563300
230806
307200
683997
634341
659084
841390
970384
67706
27832
43115
209881
269300
665325
619652
337936
947425
2133
876627
99473
321785
486915
165032
499945
679800
202061
745341
923082
266082
475010
865131
328864
52945
74885
141565
278287
193124
80044
921944
472116
872101
171143
158061
769392
409743
72245
721652
980923
90895
279126
755012
75742
844832
336804
924552
604637
874316
736907
704936
784981
675267
659937
208445
652408
338167
4353
118891
433594
100007
384472
839943
894928
333084
403168
295430
306598
837923
329683
383667
235970
437361
56314
851049
544750
32479
260229
468389
853675
157187
268614
112416
938088
13043
283655
389709
732353
762942
629925
468887
503097
240783
108542
830524
805506
325202
106259
484571
385854
408157
870981
775316
361523
349725
639885
442875
234782
676364
189590
785433
493310
382335
881735
776
911298
134200
993388
696616
218170
955060
67301
92663
639788
384062
414978
974116
962926
405970
645178
906814
595025
539178
255084
563061
662110
703599
883590
287373
932972
668527
263362
58751
42669
634506
750246
446522
220
575661
972286
234537
614662
474801
431505
904099
107426
529858
640629
14064
743853
24250
949341
453448
348709
571619
72277
954618
90895
535314
257425
691917
19303
673557
877509
697596
842702
704064
217687
520582
216071
997972
166201
549090
573102
148058
67878
564404
705839
678732
711120
61137
744911
531895
291929
636793
641548
284288
74631
231027
231056
864756
399908
262127
364967
590791
13993
366693
529630
829660
191639
735454
454271
244862
577795
578227
757256
28224
976407
614726
603698
597161
441409
791718
593780
188719
474655
882622
571372
607101
620057
468728
181581
653084
774221
989699
549961
25799
541778
576340
46681
982740
942914
109248
849377
395053
310071
560778
799719
452190
443403
44504
138915
604609
396030
515189
387837
593410
984222
869552
780422
81377
561389
666227
536985
704909
962028
521609
421986
430085
775210
411941
55482
160254
924689
473659
427728
15790
194034
527495
342390
531964
238429
665902
91096
740878
75189
789560
619057
366126
474191
952108
175636
59210
999455
518008
582263
47996
751741
135041
872378
884214
207132
639141
409500
245157
235920
504579
755701
328211
498046
969804
742283
354471
779603
897469
19316
444279
555211
759118
303195
817354
839426
893862
368244
159454
377091
860702
303917
772578
54026
969434
371460
116841
830225
799088
485232
676059
872897
979995
295065
255013
791678
944366
220477
803073
704537
904850
774565
932631
891991
195776
334913
978156
414146
280636
787535
772607
904132
89469
798794
385043
996906
829125
619286
578536
681712
447175
419762
669402
79606
697802
143898
33420
167513
408903
576174
655515
635378
408369
810745
344610
519040
963148
830820
818417
989746
938330
107841
18287
901775
339951
495614
565402
278004
511428
770170
511585
937136
74636
118376
581407
476332
891312
513275
796217
140422
180041
485003
29036
144474
709248
267241
855120
663471
961380
683813
608054
165298
577213
650200
3832
929163
91919
292029
490131
569635
774251
365980
86548
396962
104051
683862
137199
585657
236933
734947
457499
702403
166676
208088
908455
60052
734176
840322
65901
884061
696486
94173
28972
788826
273275
614547
97422
902151
932313
971806
73090
629941
161474
523605
633754
712098
823714
661054
342500
755571
312928
491506
227469
69653
970714
992901
439792
833109
595957
91740
237386
877963
487185
263549
113832
932165
823287
733534
707848
506385
599723
775780
825602
294138
310862
339298
556158
861822
598631
418422
173438
40903
969120
645358
209998
423153
534566
84568
661725
74469
430196
196469
904631
750106
341301
292058
612438
859490
758539
672750
892065
28052
205944
627639
950016
864358
114658
533317
572303
21307
520738
42053
171348
996743
611937
612335
292509
23080
38344
425162
720471
350027
489593
59427
635200
392795
542446
418952
588962
824252
691776
113386
423085
716798
344819
754730
58245
576527
598436
696135
548654
823728
902386
162749
215063
117368
301167
3415
216348
971334
640697
821527
584763
768522
139244
909024
182077
532624
27333
275143
254148
851640
174330
828474
352526
15560
221662
621718
468682
558186
58625
628088
593381
920983
459625
593696
807735
823432
816831
827360
786685
239881
605925
144228
28262
732764
884420
994414
851130
926630
757859
784822
511303
280043
287823
425085
312932
188193
124997
858479
11709
533363
775885
536283
240331
715191
142220
40
646029
153086
506965
600763
283047
781096
711346
566523
970388
215027
40941
846797
214036
887443
831180
77603
392351
107532
551460
314588
11340
233807
619576
659088
314368
884393
980555
620433
145531
49629
935057
341049
363739
291527
742565
951306
277559
22920
597405
32481
67286
227410
653031
208325
684022
552049
46412
444039
960387
745103
887810
40461
324112
642346
279257
819274
247307
454173
74995
611589
204522
529805
445013
498739
652078
482818
398037
904656
231651
942339
906620
895754
229320
350649
431159
12764
811127
35298
747097
286144
640731
781410
272395
937834
47721
628578
982489
978927
347670
986874
150700
781007
236996
103824
156506
25368
763996
616598
979824
809981
941223
291168
270962
44083
368166
605059
719015
705902
575431
634582
886483
822377
104042
398433
167597
903084
953329
692665
260565
786040
393726
51567
235226
671862
376392
486249
847554
332823
271607
207172
614650
338288
887044
887606
388588
361820
82611
529630
342371
866772
541740
35682
362101
101221
294568
321304
474173
933603
745929
848484
972766
755279
919885
580294
226924
617143
411680
118761
208812
806949
899651
823288
592614
987637
194500
36978
360954
862966
496536
724963
155796
250926
280838
76994
366228
361388
927867
384264
43159
244398
281289
77966
106934
246408
423660
636486
152420
936371
277609
221379
817756
479072
572915
393450
474433
85756
964103
688134
249993
188301
272322
163388
283824
611643
625615
133027
511323
247605
926236
83079
777313
270493
8884
582371
835488
705074
791917
627670
146079
945803
384230
890248
218892
541153
209871
353479
102034
937363
897902
590587
324738
2219
799711
565504
972767
417824
76952
971757
314519
618215
344186
264798
608744
643239
790460
589988
49738
635187
199747
895367
700149
631807
914139
970290
107809
451052
211820
447482
170932
342523
700724
568955
35031
29803
24551
508187
28688
765957
459154
118328
308158
802220
611449
285685
241357
839552
417924
937798
107989
303076
224423
103629
594892
93237
637119
294769
786600
67266
873161
821795
712504
637350
266996
678867
914333
906735
429732
929916
227611
767655
444907
929216
82892
177830
216531
483362
593780
799449
477347
117611
39095
322002
354187
473750
951569
687044
47721
472715
857160
654694
813703
335237
82493
229531
193635
586587
753353
177710
276973
762758
991213
500990
982683
325108
114066
969269
592864
539382
317471
932154
360074
881530
204834
988768
210084
7794
372644
743947
29890
868473
634341
24856
650564
418592
391664
243405
277116
710354
660921
546798
753501
605005
802235
991209
801393
705276
926095
595626
700517
907197
750923
67590
14016
277895
401048
538088
690529
666979
642480
85349
861736
552547
738118
320412
616679
913370
946103
921457
402175
847811
549972
634284
199259
849037
781497
546851
839616
971798
766818
212782
469745
698373
871425
921590
41894
657934
7999
65537
142633
855364
632957
572468
772158
119563
328568
780017
651389
199024
277870
131459
724790
551847
791931
585455
937239
902611
63562
822520
824762
500296
718581
180169
945930
491704
944231
767093
564965
491037
990856
968346
468247
54246
397353
91096
89710
514754
712909
319171
676881
377666
636292
205347
95634
291379
771203
232805
840926
179350
554443
339518
545183
837471
629252
450222
100665
662166
916885
975852
509242
146202
500586
835367
380662
638941
453397
703274
364703
135456
30856
836264
305877
179679
433488
219719
394576
575839
360166
160052
64404
959671
331993
346000
294388
949536
980097
822672
900362
1962
956011
297181
679717
713813
136058
947356
766191
557908
669957
918149
927068
360380
158580
220674
875542
26345
953468
480889
491896
774758
910544
322262
855926
499256
251735
646485
129398
489280
931014
945423
690536
650492
941848
686916
825725
258477
929265
356749
445348
765590
768736
878664
724999
833865
804872
140722
670041
439863
919937
13523
313859
840471
217112
445213
44414
305877
952237
446600
316844
632626
839943
135068
133265
420584
548175
317824
844846
394820
840886
89349
745384
312442
861494
765957
818835
244592
828917
600175
114913
172259
391943
362419
794407
447388
946534
207628
217163
396722
646380
210833
283599
371436
874647
248087
61475
483141
681303
590793
563784
657422
612535
929405
943476
907379
973693
77682
963406
899925
908988
94488
875548
459386
559550
989682
522730
452531
343374
725519
603283
175571
866522
844628
726477
841695
136012
364591
308928
35618
79868
696124
446755
805388
871589
144474
692901
171180
753243
842342
168207
824863
310924
622980
285538
825264
623289
687890
565584
661131
706215
637447
190128
493901
640933
98086
462664
166950
97972
409316
586289
755028
404261
840966
863087
893376
911696
608296
453233
791077
644479
548975
788913
566593
101206
370419
842883
349759
477073
15252
729016
381651
124752
298819
239051
861253
773960
295901
695756
14395
875216
348974
604430
135671
241533
652823
427757
250025
529497
681422
168315
567414
35189
294999
352389
670854
139124
793244
976642
988518
832912
195134
83408
664249
770070
459870
977968
17829
366139
945034
428420
404561
648057
549008
619089
133586
256630
224753
103696
487247
225268
46440
664257
453757
419411
565214
477930
194528
801681
261093
803459
119138
864485
548047
339471
533920
393196
604641
22607
42625
927800
451382
735591
638398
89708
378647
49662
674089
839019
612438
138444
591485
106636
452234
660163
635327
985482
20550
875984
654688
894825
466879
939900
461574
130188
817799
279672
667923
469073
164773
408818
82292
399739
666369
535406
20847
532572
234675
819653
895739
823907
655802
931443
219333
755810
203151
176226
651089
20031
603139
444698
253585
384134
62152
653894
188437
448065
183302
107809
746629
811274
447844
992355
24849
62101
773935
540818
953331
20354
318000
564936
80254
353711
913458
765503
68841
377444
556836
539774
406813
2080
45300
756653
510525
761171
910309
186288
492385
943410
385786
887785
675989
958763
859959
5537
918846
3097
691701
754353
622922
692997
765143
810173
968286
508071
12641
875125
60100
119495
541387
721858
115452
955717
128278
609286
306259
311243
563569
672680
140175
839279
617051
29580
764422
159762
307200
158704
855245
402700
415185
38031
281808
279502
798263
527122
683647
431299
700729
762195
854028
241869
754692
668792
160021
481275
995405
549145
618314
486001
898975
296327
814859
459397
611204
622641
599733
140386
214276
439473
351348
475941
825474
714384
579913
313647
364985
902723
798361
759777
712321
583995
561770
981362
366597
811522
758402
576746
699965
681533
835877
292562
104869
261633
368888
252267
777201
561099
306368
462951
753630
828846
639015
600159
494144
346758
872601
936219
805994
386659
1824
353008
555649
92587
859226
465591
649282
427284
328517
848861
552305
868394
743258
47726
353106
710848
916936
298695
481664
587312
670313
814128
903201
718941
305001
276315
856035
602482
561480
988984
225499
874998
391072
114521
134789
337132
739918
107302
481870
635732
254195
931749
719781
133881
143672
589296
582674
394617
605117
900225
248819
126031
562824
201753
562604
358648
398228
457600
187309
187587
658861
738535
336787
809011
283750
95562
565916
596907
896636
765694
550258
880377
603200
244418
242845
464917
127289
635694
330990
887282
850055
247906
346094
622062
348287
590112
900291
78574
340938
118502
643674
229772
449206
544028
453193
842982
831584
580309
298328
786270
317513
69196
282810
501089
236745
702804
286219
178898
819235
907175
169725
748622
911470
154864
188674
828658
272580
483637
635422
673678
207189
471632
646262
281270
745721
525022
783722
350024
5800
91781
874136
297142
886409
528277
747895
576840
791252
460173
531890
154352
442890
929229
64427
349476
777285
334493
625522
311451
460691
482071
205051
572205
77032
11837
566961
612227
758205
519729
475783
336034
21480
836247
743906
449710
348028
651511
755571
143648
281650
762763
253112
546971
132886
586318
409211
238896
387775
117045
596139
982932
954554
296704
167224
886151
919317
10245
352401
947528
480444
70413
735117
869838
446344
763582
545476
574678
918661
501439
672523
832070
408613
727968
124063
513288
825390
938231
403569
688633
557891
507870
492109
475766
157920
284412
461720
273732
709023
4939
935638
523599
293269
195889
661824
978435
124465
41882
194344
751843
79756
357947
183598
883821
315240
9955
218330
53133
530846
242394
368353
140994
277412
999056
882760
510862
56772
427839
593401
163340
517826
196908
558829
443302
433664
664395
555779
520218
10495
810103
965565
931624
614488
910853
411627
215712
12716
955528
278608
713664
375360
489234
404644
496829
89178
508243
212644
965023
283493
795445
724070
993946
545897
62079
974288
931389
174387
430635
443492
554258
141726
26574
483747
606652
292212
569760
507317
626702
7160
735915
661334
376838
847627
742731
981067
547195
473065
792676
456358
81049
355037
758563
549098
770265
28760
431821
782312
16407
814006
900210
638430
573931
741902
65299
848238
282776
338413
994133
33309
125156
937203
805087
935425
680419
481301
920969
307368
738979
67280
816961
140045
81377
129346
62472
565463
499173
853402
376859
763563
917444
27454
329389
39266
445856
456934
634835
849772
674349
840587
712341
517993
851869
215523
91919
593361
757612
858544
534622
229013
774003
997896
426670
705731
986695
914879
226540
143937
63670
468033
384573
875061
324054
578984
966738
870444
767441
732219
998051
738446
489612
103834
284991
481271
506555
335406
166100
35230
249153
263007
541961
362675
791130
952700
904315
197504
23164
209190
901913
914528
278608
94322
893318
179816
491399
475415
999288
831482
317626
624059
669792
98802
858775
838137
317064
699197
807266
225052
508391
930437
199043
445467
258877
769766
198634
787704
361480
167837
429333
25213
280186
818591
897404
408908
631030
449533
838667
22668
794415
423020
782649
884004
891917
662384
506316
656909
745558
67947
652302
46873
145431
541188
244632
836406
490914
59982
353248
131396
442483
555644
243902
398781
978048
921677
555133
266193
724599
248027
416351
361519
278994
597474
702991
608881
639112
367081
540524
677174
533420
293935
688768
274241
134028
449257
24275
566084
651280
615468
625087
306658
550101
174383
531247
864679
989459
713098
299438
634990
88899
85621
629408
709886
991655
436790
903886
931086
505293
205473
915166
346368
554727
977383
886361
610720
676583
121426
919193
345477
182365
375165
291636
54301
625232
52140
368311
659154
449206
209086
210875
258712
325190
859508
378722
227801
167525
524211
115274
398966
332543
686989
449841
600309
385895
504486
152895
626011
263971
403291
661141
47647
714422
543605
720177
441923
284353
532056
700445
597964
758449
839368
400255
384440
371636
650031
462883
230250
248342
408889
51820
253756
888474
531964
598105
962184
771568
797194
208298
91547
27764
602732
708013
957423
919328
364484
688429
537240
327471
391452
51440
451782
239465
641690
96202
764838
590616
319206
808575
523393
502424
756422
682005
564658
118145
451377
385175
241147
26472
365808
328960
501950
657213
493847
542561
38560
662949
305122
180301
827905
908737
705742
71088
778339
567128
689093
186973
911267
547940
922329
361484
420068
203370
770027
350622
875311
416969
332497
971525
624853
580510
231381
778271
922406
547121
953538
992985
534795
783477
273177
946661
175795
279449
960677
278252
622511
296922
295195
342679
966899
847523
454004
39805
310627
840886
771576
476617
221873
709505
460345
674105
71966
759320
202772
582963
435000
71700
601281
792179
193455
148234
99103
455287
838063
680257
405220
758020
663174
233098
230519
675894
630684
440876
750354
663860
143805
726349
516342
108033
588034
276092
857932
835411
153994
176595
753789
161056
654716
246457
84575
913024
135068
678920
679503
454051
981295
284771
226098
790908
490178
406525
632120
872241
353471
109235
255141
890996
573366
865322
100353
733937
279428
834474
951573
604800
254919
792972
963387
715881
746672
277753
34290
196020
276422
505050
968365
473764
937319
589158
422942
574133
674689
26609
907
822922
260097
385590
552882
630303
565504
861664
143253
110264
664093
563709
362749
658353
555700
214127
3211
633620
708646
491420
427587
488419
724588
942950
281569
276756
606558
857542
837113
949235
351098
366603
542468
918967
239449
930239
979552
103365
89870
135696
745536
438156
688021
68600
141904
241181
338761
908225
602055
430910
364263
295195
210699
670784
581668
978678
999871
152222
493690
100379
411443
113770
198167
94857
269394
798886
437152
912340
790268
999620
899595
831214
975887
39739
605276
163948
817250
256312
450477
154995
882529
270838
568829
232785
788342
364889
414906
21566
820738
560934
8808
244688
460673
990689
436672
519905
422499
600516
392635
612867
533610
810489
760874
600106
341462
996152
934721
162889
431805
136332
844233
597056
914613
761393
685641
964591
150153
853584
306810
759655
349657
951100
273641
36647
761982
247489
210503
881329
936994
316625
536633
126817
313262
779102
810289
261006
765177
537595
296592
52520
676331
566455
815722
382840
544062
564634
978066
445164
506083
191786
142614
533920
587866
569098
263775
381230
139790
735457
668149
845394
919796
6741
846419
411973
809417
120134
896067
460066
298297
732831
902299
105945
756654
785599
254163
665200
491695
300985
551796
579542
559894
16691
266367
281231
97422
393108
642171
752515
950833
813154
295794
971236
589144
860706
398990
249448
986952
863570
277813
236097
359267
448521
479338
398321
982597
878545
96131
161978
333815
854635
18589
690279
291965
665063
276973
927742
106844
351482
463900
547193
94256
25571
920883
756239
93917
750629
704018
510360
230716
973550
767232
703541
897685
64165
449044
590404
902494
629721
283470
402269
67967
150495
140508
469513
489561
394594
193475
432825
148589
591297
790778
83739
988072
421744
190711
242550
236316
290441
821418
504706
921146
898975
935765
569719
262728
539586
380200
757455
825086
930772
81711
852947
298971
533903
449108
151137
242830
300650
628967
364219
646723
114860
517172
633359
308307
87432
348049
590247
923640
474938
718978
716571
117683
810020
203969
560953
34404
185857
348639
461760
509032
881609
296797
267886
503002
832654
418377
767726
600145
111402
232304
50182
970785
888643
448979
430098
401154
162231
383969
240928
644511
438415
599095
2931
365320
376021
340936
395409
681724
239557
564684
327203
93488
731548
556717
944714
788688
522491
766806
885480
237010
495134
840392
111886
36190
879699
98678
240555
226762
447490
289116
585180
113076
407816
225580
925571
754445
859654
996548
839724
573132
201910
655351
21531
350
866952
17750
94499
123977
571715
337120
318010
177968
175476
413131
14425
790449
91525
57508
593920
951553
282915
727858
851184
244353
994622
958113
805494
934202
201998
824328
179514
780566
753247
117194
62063
8777
966883
784541
378285
761142
962686
967253
101170
794098
807881
592899
743838
422432
202517
877532
984815
851537
341171
32300
114771
260983
845046
870598
8432
731160
962262
720971
12588
4357
61564
864401
846581
495354
16808
599796
821579
455498
67656
239997
165946
72635
695267
71596
410945
309411
485990
720360
898719
928263
400229
39
797283
668987
79758
709169
228533
102804
754696
510315
979063
485406
508345
295837
221471
567020
38587
771951
363231
544411
50285
10492
393098
181686
294950
272218
849046
795295
868611
49588
486389
650421
355150
246194
497081
264667
867772
9648
722652
106710
860963
285333
745631
808773
752982
894075
720772
465021
824373
93640
589054
362139
105684
235268
935885
112749
146643
145864
46083
624635
774705
565791
860155
399274
878620
822693
932669
157970
914194
333722
445037
72162
832050
25087
699926
175901
395736
570457
17458
560438
114719
727841
54847
374895
745099
939370
239732
898751
917732
324770
451230
5624
739309
427791
524931
28859
938981
242615
18287
766926
754383
685998
566423
727056
361470
678827
20441
62869
800406
383583
942458
748573
696616
175929
838065
975589
930385
605764
250086
880552
915274
569891
744918
865850
264553
563142
80153
672460
682853
97635
670116
848480
600946
782364
928123
172763
157604
351735
858078
791771
80465
33996
636105
545156
969753
170217
52821
542047
420763
202195
975644
249923
611315
132170
427935
432950
588623
787753
286082
557269
741234
843388
522491
786081
464070
820570
548851
920282
393386
32156
623856
482902
203083
215827
402886
997174
240290
895041
394504
252697
494416
914407
458166
318921
967319
469150
88276
525322
517409
93098
198517
512859
664566
694130
457891
356236
139220
646540
172197
500355
40553
181345
366466
445919
661250
182039
454836
15574
382786
785599
2495
165485
12742
342359
192059
674094
657761
402836
485042
384089
370813
537039
277866
783876
684130
802401
879993
235833
426413
393565
164911
352305
974852
203294
704444
615934
428804
911347
808977
631713
800307
725191
834722
230082
721845
785997
788377
675625
156237
860002
877446
900640
670919
258720
104904
162437
109451
533523
532043
89904
347962
310218
451782
112018
733298
582044
238320
191379
695031
766215
666843
347758
785679
42328
992573
522322
592368
289440
217777
781909
291373
515884
27862
406736
300374
592711
366872
694466
596426
604268
11515
99857
539586
622007
764415
627670
589848
135908
613087
130172
799847
653128
591884
6114
187018
884660
653950
288166
275562
798315
897674
890017
379084
443854
294541
342803
85310
380700
543451
825785
469991
525536
928091
279506
197722
676051
272466
606251
116961
462273
815930
7445
249213
464078
520167
346697
30000
620116
239654
309764
417458
926366
558187
936089
159697
860813
731111
430717
890836
447619
726661
936584
619031
54630
793832
544243
724844
377116
344150
888137
4631
173593
253322
54087
631699
580026
516042
784335
257632
506289
914871
618110
574970
75030
960679
870965
654576
57403
223677
130677
569591
28564
635410
728300
814805
746242
269506
95322
349281
951731
587176
973059
655126
329662
16287
868767
15918
563967
410
653364
27395
805922
940082
627088
799139
583432
14811
849763
384106
730719
674600
837955
100912
977356
79203
796485
362848
735032
186773
425610
551798
215342
801479
199282
941074
298971
193301
730741
190840
755673
769305
335948
82804
879711
713615
510027
369607
550130
867296
701444
998201
997346
846542
736126
908877
489492
213363
611655
599472
781051
730600
243902
172185
727053
324467
192119
623204
211738
364668
383741
470091
600266
952339
861262
659729
936381
837038
461654
364638
84876
84453
834352
926414
514710
346702
725175
853770
702655
988354
497304
405850
600013
587646
248195
693196
837773
814863
892553
836744
788628
40062
767103
857431
687675
143207
778452
163332
458996
101206
673171
362063
916266
814634
91430
728847
891224
398368
593761
808863
378180
849996
349962
562822
962046
509220
113310
881449
410625
430623
627018
809829
141939
950307
108815
333208
209301
761072
920804
542956
251090
96897
674743
558465
458414
411369
184196
177268
692427
210797
81510
849688
203474
496630
514311
953698
456331
895766
495665
349118
712719
692605
902502
411582
792144
101206
643405
471031
44238
731899
748437
295874
385150
729492
806640
217595
95980
68111
329366
146370
352215
147806
485872
314357
794295
724200
679381
455137
940286
762490
529488
627040
660263
294636
385151
277511
104439
567368
856955
428369
445701
182411
688404
448459
87322
587382
835965
476150
866618
528871
444819
861035
389265
961712
197399
277874
468765
845875
407975
752158
35065
111833
336272
758715
575987
851283
190397
275605
50293
277092
136276
649642
874944
903229
213956
389767
684994
399384
745522
414333
619286
640888
548214
823366
267008
414650
327331
302752
773782
79358
920969
933812
847776
527756
325850
229837
93994
782065
355004
760588
732849
720624
397917
301130
588163
525480
623532
152759
639833
701969
469073
95893
918529
14231
294659
702378
925385
126615
390035
782938
990810
943765
194143
432813
428920
530449
725284
614300
263170
540339
611516
578518
353231
34421
522938
675935
159777
558355
682751
292504
245778
283699
95567
955109
904328
559089
56726
219510
594191
762229
540609
463950
737234
35418
256991
231031
854236
748760
933946
366548
144316
971575
335932
263025
10111
429680
993880
951757
328780
389066
940429
181215
461574
584592
199103
992046
619730
357503
449798
508187
862968
621303
497087
706325
783234
358389
173549
848310
742946
924091
520008
593715
835197
175622
630843
974734
784175
597792
948840
724326
785183
158320
284172
465443
697612
436834
401230
754988
59210
933078
233056
935194
297787
822558
837385
136228
868906
453397
871938
697055
278318
229630
793786
335941
133256
528921
992832
415653
30509
814744
418883
287442
682295
298951
102595
339612
587442
600570
851697
762252
584543
59325
763614
217848
900982
984393
556886
523872
951682
789775
860194
111642
937454
110464
929912
433131
850311
385569
504659
949944
575941
673868
561983
136432
961035
317436
627893
763705
769922
423757
58598
592795
530466
368159
799414
192256
129429
819126
933663
46691
319341
403649
267841
759330
972707
317074
399467
787358
229737
383312
409470
171453
989628
681579
302020
854057
208805
340535
725478
3066
234248
147092
228449
941383
376060
876063
427791
694086
215384
984052
196101
916085
959863
504866
895291
570532
349554
734822
666576
653818
464554
297590
357289
765921
980073
911453
239052
541639
418497
327786
895839
75939
967608
266765
235186
834051
266355
847009
679168
867690
714386
501118
568245
673813
638262
989245
875492
228198
774471
524447
410153
215400
182978
891557
87063
997245
60595
989706
806130
283096
343182
816917
125117
366151
507124
762395
487014
592251
217988
51299
209241
891678
930124
384728
165511
699866
658664
16723
573222
485692
150218
199632
794925
425833
511593
449514
936693
823549
105897
930562
489451
723555
615581
18053
892175
389457
156636
270915
109365
145695
595242
541778
871042
842715
800628
92304
762003
304333
689833
531896
542890
331336
880719
520257
368869
844503
780642
739980
449445
910763
806130
464687
181410
23646
831843
927901
946353
241350
868948
751531
452531
980221
940962
930602
552049
183068
280467
572787
830792
615074
376412
53546
83223
397769
828250
577991
514566
205697
277870
13603
680720
49727
800054
198220
395694
394269
654876
981326
328826
252033
970617
956428
8649
526566
781606
752644
388415
814586
326038
951449
482379
485593
424086
698342
799444
93441
364118
564073
117900
44594
516693
483241
745961
227972
40371
395393
162765
703593
19172
222382
729926
9098
778680
232680
20104
986296
483130
905129
341672
217245
998717
58504
799307
199512
551547
187518
550597
490178
354927
384264
881665
644580
503758
444908
755469
352084
261634
427451
605005
817088
22470
838200
125105
672721
802726
594665
869408
672891
497943
303195
917583
997723
447936
98881
875301
399647
856417
116688
415494
58331
810610
210699
241803
138763
622737
807431
628209
200076
444677
124054
943075
364616
545367
586326
984308
194932
709629
744967
488742
268715
930510
65117
297440
193475
256418
706425
357271
901163
609918
374160
98606
875495
206683
34657
119092
801718
227815
615602
734209
305477
316890
729593
618384
108510
807123
146561
693942
235355
851755
498959
12364
219163
227533
61523
78188
54168
287535
798688
17235
967977
371560
199407
585241
85682
151284
503071
933538
257096
315724
169921
185196
25926
466706
297689
665689
771663
425118
317006
400103
831222
968165
129921
182575
542491
384731
652618
520476
948135
647127
974626
255703
783998
892004
217260
233829
358641
377384
91761
423655
484643
753501
364312
175243
287679
527866
824662
697319
604646
304591
692997
650565
424899
59709
62672
254832
101496
660529
423925
65691
84580
432167
644147
356749
433568
56746
24458
446399
389679
101646
13287
832455
823179
326884
839070
997868
913186
366761
720260
472520
639981
468765
4377
558598
644988
541402
145325
941495
835560
408345
294468
440847
380799
57702
703919
462722
252966
249775
252312
543831
316323
294880
843293
667839
614980
390009
452665
151181
696771
532724
827130
319734
671743
164501
206058
54584
427285
123288
490359
864310
696078
876876
111358
347832
728479
965387
124819
782698
128012
211199
833889
820629
740625
624258
225463
484401
482402
255512
567640
819840
309231
847886
225581
826799
166438
323676
611582
236612
896472
175259
296920
609257
681644
534295
529845
29978
315179
200059
664752
760168
339742
650861
210366
346461
319342
479737
613892
264553
734818
141723
393274
162860
579620
368164
934154
730174
435061
226676
477567
637757
455781
416756
210969
813006
396772
848484
834950
223967
286304
781757
640350
674974
653191
690327
122285
953293
684608
287228
978401
400523
399114
88335
846581
165935
734068
193388
781227
850255
564245
34939
553938
761321
165902
477165
820195
538977
768723
613386
521364
908833
645521
735213
872033
574860
634019
900739
172782
639735
535659
379682
588661
616443
867802
61186
535200
196488
701277
919425
222294
230488
918527
177726
157434
351568
845011
810582
511169
34380
203391
662480
934008
800948
825782
624258
489334
965187
528795
554380
671124
631462
171222
426272
569635
153728
715625
68212
274100
174125
860295
446801
494388
386014
360737
409936
572666
486473
221295
180930
39998
899324
169585
527139
167482
909403
570193
406247
816054
569669
114968
528343
595629
944749
328868
49133
387861
135080
389533
34432
497221
2381
600880
354712
328114
768860
170952
334114
248958
844399
603177
801519
352793
597042
598831
704995
540129
489939
45646
56168
591621
811323
458017
857097
588875
509639
604515
211568
180566
135343
917495
595149
267027
409163
876673
105501
539670
920325
164501
644961
967990
510476
721242
306382
660564
487843
383376
526153
931153
901453
705266
848161
548954
962478
905129
748449
574421
444497
512032
417069
944664
394267
563587
401055
409057
859544
263957
650421
22339
679273
216412
586007
77802
659490
470191
285769
805956
326973
501724
85858
411443
181563
98548
571348
399035
397983
517065
633248
717653
840481
9806
251606
279113
294453
107182
341860
157778
582921
896827
167438
184357
724967
681209
399121
923329
600747
411068
18291
699696
912641
981478
610958
687360
305517
937210
407574
918261
373351
55795
694209
884596
817012
404613
419820
930484
413265
769755
888781
77032
482395
394848
363096
227812
559165
724861
74836
324452
719296
513256
965479
348040
896336
480737
911182
260271
135211
82757
602501
221416
407724
742980
347018
108849
163718
166486
978806
804551
288447
865889
336654
588921
933707
141518
310638
698731
442081
974124
439419
872590
921521
216579
282719
365437
357474
820520
719711
639714
271468
19545
963203
159085
338812
866262
851700
225829
10969
298474
934869
487184
812597
660588
758433
492246
163314
528999
581824
747871
248259
484468
648520
304007
425084
171436
980064
333732
964127
369459
131596
888830
673463
420008
229307
624404
348957
989976
101467
712825
953447
204692
434870
624698
276919
149237
616660
924923
679043
208818
66879
751681
900753
888407
52894
900164
165315
691748
161612
487517
507031
826229
418642
86937
612816
143447
139578
325613
805506
993434
347836
668550
440383
52929
346200
57874
314519
276851
825518
38720
358402
47866
350031
199751
893022
722306
530339
339724
505640
248726
75781
849686
913099
603168
388150
763896
726992
711508
500296
223905
235315
392842
238590
973921
659939
155727
523809
839608
292387
949017
239637
217861
208694
411111
877684
774978
351023
786662
396190
224602
449967
616030
550853
145304
452181
729748
786431
378486
485697
277609
912097
219532
378598
226321
919448
166119
363441
594218
493173
106087
846358
851869
184196
312338
50182
715842
212728
29207
539246
468773
326668
561643
136938
746115
701395
113970
640629
578515
73607
763468
57517
669207
399309
605780
937247
145788
986046
250967
685112
789133
408992
873724
541250
190391
21825
636415
660355
639626
254967
407420
534161
674898
180858
308149
362366
606596
189215
700211
24826
739396
534641
37170
121726
149315
344575
245780
766530
577350
756339
322596
671701
38514
351220
305626
317569
797400
186966
461609
647788
199262
7646
477634
790830
731076
185371
530497
14498
16347
75230
459020
931991
492939
557276
348897
865961
917954
566427
108872
928423
15303
583110
861943
826563
134824
860808
966459
414100
69382
56188
751054
590792
865495
797160
200184
600658
311727
652180
613489
86359
255286
478739
74140
106938
348262
128659
482480
774135
575712
575797
536227
271517
215762
842220
45508
832221
254759
284427
668595
664564
632645
185442
734128
828233
849845
435077
699122
582750
489863
597408
117284
547439
170179
231837
434864
659244
174684
122305
596124
999983
727190
964674
121092
6081
784338
203852
185249
920165
651319
278930
467176
14968
730654
613058
293874
521758
980163
403037
888765
34369
610665
141724
603873
790042
955536
587312
60675
858925
258474
756098
901446
877989
961805
348040
364708
714604
888528
77119
739253
556833
996199
939372
559719
27242
246322
308032
929267
286235
188326
663283
750102
581276
178622
600087
858434
549145
621802
632391
418870
940968
443597
567563
778359
368790
964296
673886
704717
107777
63928
995233
228175
360274
578589
242447
233772
381464
292341
632246
672483
466603
983136
301343
343697
367286
201326
77666
548485
993729
236863
561747
835158
891713
878025
829852
334413
284344
240554
152871
194602
860540
701977
898821
158047
464431
760440
594800
358576
777133
35271
598660
949497
421756
567412
54275
19909
785589
984195
334928
989801
815717
882178
237070
984393
85328
676262
433520
471879
49709
22540
47857
235567
84364
40397
254028
340903
678197
22827
634622
765740
665962
753781
778688
727739
7801
898403
915676
837773
836150
892328
428365
463425
622268
456956
956809
490511
540113
995685
594724
846694
784821
352438
952110
155136
402841
200580
81073
81924
969494
273047
109414
693403
814231
170604
183856
179872
885380
22534
851283
95972
115782
30416
329679
467216
755571
472733
525968
777636
965965
674534
486032
367643
399338
692844
322531
940066
339073
264035
712447
764677
837248
644821
769592
692086
297158
603783
838144
583746
716897
826572
255587
307346
834191
321392
172150
354088
179158
923531
570795
993479
51573
985837
145111
391393
331030
96860
432807
831195
486585
429111
464021
484043
939427
535215
323961
922735
700517
431877
566696
546908
655318
21541
120174
545375
66
871922
732157
643814
342587
356731
106934
615299
901071
298157
615149
736597
625087
781068
612905
973792
4453
593909
334579
980976
417613
879297
860607
986628
50174
915625
945034
726931
742985
526098
484551
34377
546160
673202
145336
228523
343580
69686
875214
267762
351287
944364
742116
925374
974947
661057
676103
385045
302977
965602
814449
731525
539535
191484
61497
604049
681644
83108
547435
111197
712837
897393
737362
607215
611504
566270
477951
121040
679443
746523
32576
531850
469179
993548
292104
153947
622765
822305
902766
290559
690067
22510
58964
278270
917846
839344
21739
233529
590961
340945
882530
189727
865011
646459
88200
234022
585731
789370
925043
153758
114375
966056
993178
867890
974045
391072
177192
487843
428269
72691
520526
378722
188805
813758
846208
772114
373691
119441
533199
359925
344922
721652
312211
770336
459163
954665
397606
318017
810228
464465
983886
617732
95036
307740
304841
686352
308858
331196
133014
130232
542347
279341
351484
822922
25628
723012
170224
833430
949128
47910
71008
613417
921886
922472
811121
218076
541782
505229
72439
330296
449617
176717
130544
993039
205129
665469
76449
139007
846116
221558
971349
151943
74467
835528
269513
634472
534341
483433
669177
89376
828886
85798
768437
277753
196720
322213
590095
193829
377244
220495
682478
847755
666138
428424
846933
72464
151357
577678
711940
292458
28429
26801
133007
938803
287154
964634
895324
514009
594306
222378
491513
714205
574023
457451
572102
41862
256630
410031
687156
929501
220862
491815
322740
94996
783115
900362
962591
156919
598805
525966
463850
808719
969572
216840
224601
723451
923385
722420
454006
832556
997046
315653
615432
831624
813362
717488
6639
732968
882759
925027
377109
791756
870251
296364
966576
679503
606149
859751
135414
884355
417751
134689
574618
542478
922588
816189
774754
246562
472394
43466
746480
758422
614254
302521
348471
494686
594167
674935
313344
691530
669186
784798
62599
234543
23688
595979
480774
534149
308246
184213
3614
336397
968775
532267
292641
758179
204911
444362
780776
907223
507878
202381
151496
549028
691786
301984
196050
615634
580203
655279
417026
196869
380871
724894
327103
315058
932601
724947
79572
549961
583255
356910
416119
7008
55251
354927
534177
736371
201724
350192
399328
819681
932776
892540
31847
184940
565059
915761
907046
51689
404585
469352
561786
588860
624048
363450
603848
461477
713130
754036
831206
77264
371460
301771
129918
895491
558751
125464
870401
246632
664854
592370
896902
278424
769473
331152
881415
3617
224365
620440
103236
125384
42745
157131
344150
553831
668880
230218
294138
822782
970303
465423
989612
846387
947271
916776
425977
227281
173262
915347
379158
663987
654557
281579
331806
158047
38997
638155
809668
493185
188239
735544
813691
765862
948726
32645
835462
500414
243740
156459
974626
393708
781543
348425
64392
773272
711429
832086
666992
46805
918182
87213
984230
700445
53739
402082
813098
238122
740506
165808
831973
715449
334359
64145
387714
508284
828364
372918
256793
430065
552893
662302
629895
101740
944208
411919
869643
287057
116595
392886
680975
765863
180884
348018
783339
74975
530976
892813
592604
102697
262696
486804
433340
10410
512817
734948
552552
140484
436881
238505
174896
745397
514658
137606
524876
630759
511505
157208
789873
582992
747636
856695
769242
789065
203786
14097
572061
829240
371379
645662
608711
684461
903159
612464
597577
937241
755887
990531
750490
471473
832156
383791
981494
397725
450595
622721
775104
586058
429147
257808
242405
507436
897191
302781
261112
42234
656569
734128
358488
450080
991464
668437
84762
222993
832964
210853
930611
828818
445460
715995
478702
446138
138063
220636
177538
815241
791386
828287
664562
810649
609292
600612
310250
979116
770280
77003
883553
782930
7658
145586
686109
839851
707845
925493
877937
903999
398200
522267
433698
802175
997524
130168
332077
867367
800075
369249
870474
988211
149358
783385
843150
88893
591470
785733
750165
611365
148355
753006
769234
172439
792020
647646
604847
104444
399540
278659
581250
857216
153939
825511
360627
4740
374998
676982
738713
302956
869314
856325
975202
520425
603322
737106
130314
965700
850311
459371
240314
218515
802391
910813
8892
873114
814818
962214
169599
731682
576192
38846
106421
784082
98039
850463
631639
390091
784764
922352
246377
64654
223087
832567
814539
62807
512682
414042
729455
644213
156923
211426
183302
711807
181815
370486
242415
758235
442889
627575
286235
700472
607436
926754
410828
859010
205928
993806
528674
169385
651395
875804
632409
585078
565010
22484
441328
910844
891338
856908
301481
43936
611935
112904
431642
689349
651929
282915
80302
846088
365212
578500
183790
85466
346841
181115
178980
417010
155113
122918
834801
284571
195719
587623
517185
819773
698052
836712
220223
511152
637391
399908
776128
196568
862172
452674
289977
39515
196114
831689
862587
785035
531721
456882
255072
850198
371310
116507
735160
26689
577557
137823
996653
428749
172945
164045
574667
603935
630693
342962
107345
149362
314477
370977
611971
593272
314121
16659
727968
539932
741404
195538
274287
203043
415895
470734
70840
546208
427687
831788
726853
630571
530267
721873
61347
71146
587429
624560
499539
189637
369513
153711
453597
730549
2625
538470
98057
401275
114968
427055
630356
133651
863394
932257
392834
225480
456995
908951
44733
519205
983404
282475
310
437588
28403
832102
202537
448852
409312
833801
404718
782615
534836
814977
607027
246011
205667
89298
859115
196885
67536
806730
121503
565280
455245
762642
756834
249920
776120
245471
500583
362742
501476
676526
310108
676535
217006
8257
157700
773872
481908
866124
973957
843444
468014
216932
210846
389225
266692
74250
78424
412622
655536
473532
830297
911000
900202
578332
589643
884030
58454
231684
465887
526088
195974
855883
117459
6295
770186
437862
285549
745272
260086
499868
75777
60351
379480
131014
108677
41139
496213
121446
256474
991659
273488
499635
141580
272377
162723
786112
406838
248864
985615
336088
776702
4261
645690
137751
319414
324928
725205
474593
386314
307817
619688
105354
540839
900581
451701
861586
845491
251226
259787
122915
208219
571236
166115
666955
239853
569743
76278
604263
216009
962656
206414
80980
98701
139161
345819
584552
546582
448981
181112
206357
696435
991438
864308
408462
260991
491307
865389
730607
270285
622698
741237
425304
492433
669555
771569
965793
12312
881232
522350
871740
689229
972284
275021
240520
489348
907448
827140
59533
836884
273824
221312
73830
175952
291477
562447
665068
675265
690054
584664
304189
62151
550434
492536
572851
164695
537110
642650
351494
342401
38288
600308
280642
145700
920118
891971
787973
738121
727647
58120
111533
429731
368783
93443
906544
123475
748283
534555
748330
579864
118846
286875
332447
845131
950584
659977
567479
611588
73003
5327
95568
961893
469217
888273
530668
619237
177710
181645
149064
240735
630908
18342
855910
891294
954534
268600
388676
569020
582612
739849
734335
536951
556378
532086
902232
242184
17385
109235
671085
25435
518398
61595
682224
109156
229933
212721
891122
676755
716376
305598
474872
441518
358135
785237
332010
744226
381742
424111
438972
481887
473388
45875
110854
257070
567013
329368
80261
242768
897695
356089
770476
790680
281067
563051
565766
949588
717033
910859
491207
678814
386883
815690
584585
660434
949860
953158
905329
839170
803405
726586
751780
800912
91409
742917
648386
768631
734511
593664
357588
821561
653634
15726
448914
230585
485579
275605
106507
733236
21481
728646
945482
971922
732097
537351
651264
659350
818031
449837
62533
631389
731414
881906
430287
675466
920955
431062
476862
937048
841275
16432
136158
48742
918990
382734
125729
208537
449785
619994
14110
98128
550541
871297
255451
681938
818486
192662
835487
869988
755682
691677
404459
585473
356602
142432
92190
141308
462522
91451
109248
568115
212814
971765
825135
842903
679970
565542
654562
493821
289327
647323
574394
655744
779992
211347
473864
333042
117697
313173
527705
478496
815376
871943
81140
979938
954749
66211
889273
932986
505339
175358
876518
544798
608648
953507
959825
12301
226719
862635
427641
287684
302129
452604
142250
785714
793047
597065
296397
25763
549124
303414
356928
585199
10780
302715
804269
356451
999288
207982
889158
547033
149535
114778
46155
753243
343096
994709
120881
943
873936
336005
498926
165078
482818
306459
460535
869962
827019
49705
936601
582914
370813
97563
841444
820322
876791
432176
4595
694603
852240
959325
484860
286234
139301
570669
697314
748855
283467
948362
296028
29878
961131
582200
287454
792496
465600
894906
885727
262040
908781
621740
483623
122821
50913
247352
862378
119352
697004
215120
483463
604632
563828
329329
868292
197844
161906
835291
564159
438397
825466
428561
845106
204102
532368
329390
308480
999293
330566
338812
984638
682904
98954
652891
684598
594343
48276
685244
107849
537115
390854
729470
324818
165935
332040
540793
452134
763403
426453
231081
48913
35148
886964
201891
731309
900028
422557
559875
111027
157628
806730
314053
940623
938727
886951
741373
205916
333675
688098
579556
376085
268228
799543
608235
52985
565506
922949
772165
933167
688483
526840
201982
760714
966539
661454
801513
300258
115869
571113
928322
635897
221822
713633
830264
664086
646640
810401
147841
34658
144528
783330
42270
99270
58454
212530
863915
63876
20004
886624
80065
299152
914858
796838
674105
401726
960994
317887
903679
468274
606413
804194
315976
286294
880735
192152
935885
765642
826955
520393
960160
785693
875253
839754
312209
855530
676663
93722
372906
319432
223878
388070
608282
181238
385324
226309
620735
561428
810764
509829
912492
627728
835880
303241
471109
495527
935344
186655
740346
941123
800829
634709
305437
479811
373969
526792
413730
623819
308294
819964
618650
842696
612893
545719
651484
741832
646446
979160
316408
780531
434466
833872
551599
600676
214661
835754
568512
353541
398393
279088
244468
48565
395068
648883
872747
317302
77824
498741
924774
165492
899711
104335
907635
211457
599511
932154
241322
354084
646753
477848
199033
638176
690672
753020
346193
501892
220281
206149
670660
93098
927498
382127
171170
318089
729199
713559
491284
850947
467454
646024
263018
961586
727982
42471
508109
91805
221284
512562
94399
126157
474930
476222
289306
104773
24532
468584
820355
286756
63656
217834
184097
813727
288937
108319
295421
188887
792833
680624
374919
248556
89715
532666
344296
15332
844316
344057
703300
954108
902802
135256
295841
594037
435930
368309
647874
832146
292350
165528
500255
581089
259872
47103
967170
661371
136278
35304
364647
149979
557266
37501
519724
751654
107026
59522
545723
369171
691718
387470
376206
202870
446913
399532
640882
442879
209926
998646
320559
33610
820259
7984
13916
207825
588680
819871
376073
607281
849437
905577
707116
265447
684349
114328
772253
600896
488080
679151
232524
775755
550717
779947
272220
561586
934141
469234
985014
499786
592140
662281
267009
791135
983187
704909
441000
971580
12570
698958
404855
332517
666290
706770
125024
872121
314885
264167
124432
172259
592888
836712
676036
451479
646504
514394
139019
412923
186492
479967
553802
835741
559832
580286
391219
812181
663781
946202
110631
162767
856207
780765
398524
59516
699755
980022
707786
81490
868280
473273
166611
136358
42145
671491
679456
303084
830264
583995
502067
346952
651117
87478
646253
552608
566445
221297
264705
770116
67434
256722
794816
672497
619522
255766
57453
761364
416469
701255
419722
643968
571798
877874
575072
876518
745040
66297
34224
72162
87884
617174
740580
678846
515354
259854
347844
505099
554617
367692
95146
939916
36115
411742
407242
715263
108802
446759
822976
383624
93419
555096
667551
532069
347781
717439
984440
731724
641296
785761
592368
952192
352709
438943
5211
622531
614438
162846
325509
453124
887142
557843
67288
385858
704508
118032
469019
673846
780859
228078
211790
525654
715325
615235
131233
382350
582870
862320
161826
772254
584225
690895
247285
214272
150615
452155
107304
561216
482750
378661
584295
964198
775116
410876
456098
649947
181645
932734
315590
274882
287648
219208
284733
521525
928284
810228
519632
180811
111535
305757
561796
965808
922649
184072
241333
213363
204522
820114
431291
413409
918035
806101
528518
960436
926631
245269
336858
363932
914838
99169
289604
747687
927048
693263
622946
702355
849299
46854
289753
777561
49655
340694
837390
289169
546448
481301
85587
829667
474503
60315
784634
617351
172371
458349
233615
463069
458903
813826
819036
193372
372023
373293
665912
568361
870598
39052
194325
90060
381588
185455
538522
375689
701654
71596
574371
646226
853450
466286
247833
921696
514921
429481
998001
503878
738177
851878
450026
12198
814974
247514
131240
353728
662082
426109
400038
425437
278804
861916
847310
348494
424213
201522
263781
388495
5327
585389
664345
402299
254810
377610
89042
551667
815874
990964
327560
56081
625211
654579
617339
115869
258025
404606
833168
100496
181684
619238
410074
154370
211690
705670
604896
754077
905159
348686
249955
977440
302051
269268
91497
549669
114122
689303
429309
992914
431062
820488
368764
151320
15149
250708
307449
421768
158908
22770
509145
806786
821052
588824
663763
623632
404605
198122
892768
771600
449944
458440
175426
954893
483020
593644
304822
856439
444262
814542
66963
2483
664086
96202
820970
746100
180618
317319
701797
88517
851262
117985
599106
626163
376308
44321
282015
196152
42684
787511
561002
381361
638003
875214
105897
964145
750316
887507
321444
170885
5577
282907
49369
673481
6805
925019
552097
710506
490259
182715
754954
683738
249444
621613
853880
782470
424783
63558
37834
543062
660376
944505
977857
68586
276481
411207
446266
321186
889694
569645
669572
422309
223451
240570
759602
587549
23169
584024
76848
785686
110197
782874
235168
878188
398290
892415
154155
334225
394962
935841
930669
378926
540149
842313
776575
436611
686446
91041
672
431186
936854
785090
591709
455383
659594
499237
6558
369513
201567
933211
835018
358135
804609
409030
936314
541938
676403
643452
494106
130329
209332
522801
312074
894843
496339
931250
105571
230773
698082
655699
239557
877442
375836
325691
222868
843539
435092
517475
528977
917803
136457
459198
943911
950429
580462
497277
573940
803330
904716
225598
481032
298604
651695
340310
4553
276210
479917
660474
741795
177707
94549
612860
576628
354773
941436
926106
136663
764755
756565
194469
405758
886852
419788
364289
779700
159758
714526
225312
483703
145509
50365
11480
940403
588018
245093
981547
711415
243385
955828
35381
336662
944885
458696
996816
75896
888216
845733
747125
267680
781012
51573
231280
632356
420693
481130
567443
843505
378501
474091
901187
545190
772459
586482
726223
232980
140988
774507
60560
943369
909795
308887
955899
689157
713767
500512
989761
863515
684461
279570
744786
836576
811127
51565
658818
439792
337952
95439
990194
519915
784919
670071
59550
707888
913263
934217
63595
382397
850210
854171
552608
750779
306949
70036
269520
737822
924952
195493
236323
619545
406217
697677
15539
29465
673332
381157
275362
589344
448409
919536
573969
28814
397883
94680
112915
997996
166679
105459
401433
886639
159888
846738
985053
922581
134497
968817
932426
907894
745141
743058
581600
921142
725312
884790
557261
525731
112674
603294
308680
921698
261406
144364
198509
127871
419247
806292
601071
786426
267456
222294
23393
498908
466928
94915
334425
933702
427051
519014
130741
16416
231042
685026
581792
328751
608288
886378
597400
97156
191484
414784
551076
322291
207235
576811
838020
17940
811035
169257
324293
724216
668322
147346
247266
61601
167767
89719
947493
406352
802724
773797
459016
655439
890724
656969
891819
459480
396881
969234
606759
314849
14241
744507
970564
964071
281569
587851
343965
517538
874526
590448
376103
558382
139677
765457
487482
314017
292707
71709
798137
952479
221193
346653
841131
365088
468412
971955
166222
707812
604310
187119
958961
895354
594001
222290
933408
355170
238558
333853
137125
885905
730786
689049
8149
430269
459448
136015
731414
862390
811458
322780
676579
520062
154978
616288
105213
198620
752209
988867
864214
5134
494143
361343
944666
779586
831189
179765
601044
100433
570022
30846
165629
67382
685772
902911
404719
381391
441469
584059
401062
575694
594613
284663
200425
631267
516997
996966
148845
490938
875247
570669
66314
734810
945227
119037
943253
45801
49751
608844
678846
799760
61675
999208
969353
377668
457061
3376
786542
136501
666444
829350
3101
558079
559932
465432
381017
163502
656763
619362
806254
660857
50354
866328
624743
651523
171942
350150
600831
777138
416800
375369
855671
806559
422752
638594
457207
39761
119233
654235
633635
677323
506281
831048
62355
417019
933547
256461
229144
255736
191495
530053
749492
854
88079
835746
585052
996636
227778
489168
582946
263135
402919
105346
464089
978898
163900
417835
868474
192489
107124
697229
48701
762097
653950
472700
68092
18800
93443
330581
839237
230475
950883
174307
291150
406206
77114
858230
723160
941182
140110
100948
922747
610484
421997
708865
837262
97527
658706
927759
524747
504105
518514
978098
750379
331196
291563
582778
604373
253394
345083
995405
82824
544418
451377
177494
677290
807122
494584
301217
312885
269395
846738
403125
211222
20400
693389
614448
325192
179714
510830
503512
588388
940579
911054
279275
348078
609024
885387
271476
161452
916135
408694
739667
450740
262639
342040
432807
204271
655831
508011
963406
177707
577894
515098
823536
884453
965808
560835
733165
663941
255072
587972
762244
36249
472093
414599
73139
181637
826834
591979
622083
140119
630416
450834
357328
74133
155916
599817
330332
84177
362301
435150
289225
915980
161638
49709
883351
837245
262066
31804
169799
517882
43333
739828
795461
460886
881906
137801
85453
2165
102189
105795
832700
590198
409814
777751
60733
953217
85126
330690
107859
788369
524008
815729
392547
43100
533531
159303
310210
559132
586058
622597
328043
634572
783025
396000
670803
126025
822989
880679
971475
435468
435476
809934
479662
892840
393230
884294
69328
845239
390001
963740
919698
186665
907073
248129
824262
265053
577795
309713
337912
736344
269520
808281
240034
550222
210509
974597
573589
756913
39639
570982
401513
649523
187707
976339
725519
315658
910887
692605
378894
303631
178560
534782
766918
753521
895154
356741
649642
883469
347168
500086
210235
970091
231412
386192
800239
98291
237010
783165
214468
139376
40095
6451
210494
482325
619599
785885
421765
743237
319896
733744
56199
681648
13112
905979
720504
579726
217981
165397
847094
716485
760442
593219
739095
121760
809698
670400
992206
445237
366296
139660
563171
615550
730482
864918
969747
444205
319159
825586
5107
125714
499464
224858
333762
725665
21699
464494
886438
413586
946476
136351
693956
840662
396829
709484
599085
292639
175226
334425
575255
323915
284470
489392
92491
979638
580194
93498
500353
368298
365790
231078
746214
704715
364407
248819
855104
66831
394943
544409
372770
987774
85090
706699
333409
770185
917816
237911
151942
981848
659785
379386
486494
670345
965796
187652
600961
539152
616768
932386
692511
346035
373583
581781
227435
115969
350278
40155
527139
998169
899547
523975
812082
235833
879316
319124
855767
950939
695535
363050
728954
880445
342675
975244
476428
814805
739085
922571
321818
383540
124570
962891
241080
752903
781068
56567
254789
118349
888718
281995
920180
381032
280284
807799
238510
295115
749855
415899
779031
405825
495969
955075
507124
763695
535470
20714
126324
246540
408474
158949
282518
996713
193289
508340
219474
15190
91938
216275
26587
252514
246072
837955
566340
733741
873728
567954
577103
987890
668392
360800
476169
682002
332264
699773
250575
8125
198744
726617
536527
143146
73421
829054
573369
343542
559203
889737
620424
548719
378157
834487
345534
34782
590313
564497
15122
777617
647024
372211
159508
125215
270732
714247
360774
550672
813640
599853
226404
176418
433342
490564
834721
729836
675076
484987
488061
713884
298157
892668
636826
823445
493145
804188
304951
599779
440585
118323
13609
724909
276631
53185
88057
430614
956527
726374
386406
368233
353499
448527
402134
392505
798105
535465
449739
773109
31311
62775
568752
129113
521035
702033
345607
865814
332145
566160
252589
958809
347402
396678
347440
335207
223094
834578
553382
608895
994029
637754
420241
389494
317616
398926
361656
393435
564157
368647
780909
103095
266129
781571
796468
976519
168295
759561
195362
870755
735501
730452
863244
955584
214294
207966
653557
629952
647213
612966
394936
443076
55085
121264
179342
622099
26642
95316
67612
768403
238935
27923
180369
714206
510986
546299
893855
220947
458219
323049
997221
17373
666488
699365
639167
915279
709197
280479
479594
410009
240670
758592
465653
228926
616036
435508
332546
714815
363800
10551
663987
640618
954128
933487
29984
426392
360887
963305
699096
313945
342451
321228
467648
593834
487087
52592
111782
549561
42457
404448
27516
878993
527961
902911
885319
19350
60030
347800
244015
778950
569539
806737
151760
208656
41552
10870
938727
859596
437487
960679
386074
752680
888694
961925
183587
499082
200103
355027
535786
464788
508522
369077
210338
978716
363692
706891
863187
377721
801964
776314
507609
921535
810035
238558
951955
171363
915640
779583
376807
96974
704616
955844
618029
988689
850533
660522
428258
670400
974217
922846
261895
740888
831205
758525
65511
692719
177417
65852
925831
273098
824373
14180
431456
678688
426634
322218
376982
985871
262402
926919
528134
646385
998720
310517
522156
680353
647003
619930
889410
734154
121350
970055
718207
714525
675757
694783
825265
335566
905547
687540
728369
960736
994927
286028
700226
114665
169268
649297
383376
714548
993074
440497
440224
892329
617561
800198
302167
75197
468411
504440
642424
922862
290654
401941
793690
296709
759214
149237
140357
311500
403293
466179
424156
934349
611047
507047
320302
691912
550969
338070
521338
820442
962624
445414
458921
760884
879297
952070
950550
461804
105960
33246
380967
211738
730156
184588
314519
869314
962396
593359
916776
999946
768230
703986
435804
737987
452211
585690
535316
427131
332502
93440
549753
621553
271356
493887
491268
269992
910204
28685
616362
25593
247978
739889
596099
689274
800406
34415
652251
448988
347320
748156
561031
32884
918299
212742
185533
249213
16724
783298
31449
805720
632759
451276
92762
103374
268379
218863
266483
536610
659727
743906
220026
549849
180159
462017
34377
35211
573460
940472
972848
273304
373886
82209
344717
577344
18347
614428
280220
735992
620974
719675
196374
837174
281302
719062
982367
453795
266316
452742
16236
709329
602484
286094
441987
520814
568525
944957
304302
679493
514065
817936
218479
15146
69365
601194
482055
636668
667140
780074
836117
597175
175862
123657
812182
529073
542037
891325
912087
523912
984329
948713
296871
355540
756184
837121
534812
251897
173137
749779
434241
513475
208866
879303
114287
966942
976034
277073
781500
354065
484841
485775
249284
520422
874984
350342
510367
418038
782830
219434
328159
199131
792518
163169
180010
326579
698953
831376
437097
199411
314304
489479
116915
724430
696289
371272
721259
317045
216676
97060
941595
12547
255139
976953
247144
171855
165509
853217
455850
639786
840860
183843
839972
688521
335571
236256
413933
972898
60915
556994
36897
737466
215899
893329
933611
17369
802174
768407
942255
731548
273811
23596
330332
450453
750715
430383
93273
482328
789622
15962
314638
183928
955121
794139
765971
878181
851784
591344
333768
843724
291832
803592
596895
93867
585390
661526
232098
964134
694211
64851
870704
768062
975783
825811
161023
118659
518510
208274
486228
391347
46666
594075
387305
856488
689122
598108
540454
347509
734511
57316
987300
839943
259234
882411
332666
201856
876249
630615
996552
631507
48007
337912
640000
473624
99817
449358
505115
298976
280514
624835
590082
213850
152829
421160
374262
631816
257803
76374
82579
705298
312818
105308
584720
347913
629248
505909
383388
361696
167347
117833
389392
449383
921527
702609
859829
819383
27397
834496
107164
288581
128643
517800
276638
113946
956686
729850
3210
170770
253438
804011
284803
638094
305755
990307
465955
134657
240663
72364
836270
230638
571835
732319
704842
665180
627579
86841
646954
555492
212122
73242
549268
54652
817589
956559
500400
572758
119669
186165
614470
782470
301651
166631
639768
789709
192907
132898
938127
143605
824247
593664
40321
615067
135134
380835
359598
269726
220433
983136
272587
838026
646024
22984
567163
183702
999086
395279
478709
492838
751518
77093
705904
551133
540449
270468
272175
713522
207612
671632
76174
547717
332194
538931
285752
895363
393780
549250
351421
270770
954563
565031
889497
223389
357076
758678
435410
776111
288177
968188
634458
886678
803373
901249
710214
870999
195776
706626
734636
98281
821808
333029
109212
947514
692729
671862
260271
43391
324540
1515
140178
430683
934885
769977
527422
608182
22220
674497
726189
149960
566413
388630
671701
709451
496430
165587
760519
621613
911327
197233
996539
977628
136055
150289
738357
827912
57859
490281
955695
384973
252046
230046
428643
368984
686872
960508
654027
119472
19450
801817
654168
185494
80361
328572
718679
505693
198674
280759
463125
392204
385350
77301
529274
685438
564899
202962
445366
352658
384979
184593
118846
334872
801095
5394
643203
549527
161522
102373
876718
40401
262791
805208
448691
146810
681922
961855
482755
539022
411543
44221
951023
233260
319427
69148
941919
17432
989669
825679
38514
741832
462421
226520
997380
627616
954512
862430
95303
616167
650138
394804
145839
465263
138665
746196
970911
722561
958688
189466
897165
412109
436794
768889
124799
88562
745214
693727
731811
164044
275364
96173
537780
359540
995145
566224
109511
561812
899922
103245
347367
652182
724652
67364
423826
988144
370432
984498
21692
556881
804645
941176
365656
188193
257602
840954
834491
293550
311043
69137
580672
476587
441885
165339
155192
994467
397045
344377
911328
900345
716571
156078
784950
284021
563116
811316
675939
330828
855785
118934
902269
200475
284080
520773
949803
734756
757046
298867
643036
130421
117685
324818
236537
793034
768079
2014
442982
971654
79077
466474
417696
552573
98371
49138
118145
535997
759602
677870
227170
324702
285459
123743
766378
822087
736259
55945
662866
309830
932093
990319
470600
629085
781335
465535
16885
332331
521225
752799
583351
663237
30488
734737
988637
675793
103768
8127
645280
57508
237674
945900
815821
857065
457020
32567
811950
326466
835338
798464
906949
713341
131184
532846
439039
310497
999354
635378
398918
692954
447857
498282
645322
480737
85036
378612
936430
68652
121017
742268
14053
664169
348034
193727
661057
272013
782007
914509
917010
644446
969182
807949
954032
544552
882722
664462
696485
222356
434586
106988
683187
299394
248864
52104
161657
922811
358532
444791
113037
752925
708662
546622
770675
825283
412331
826329
763900
736907
319946
84768
70241
814744
739582
709380
228040
730843
720097
498537
752426
187153
369440
732330
534202
521035
721258
481319
369730
120843
515226
59804
538985
649673
557597
153309
267420
724403
160183
285796
581408
368730
388443
400472
911160
14381
982972
522149
807583
286311
737209
875466
183825
577207
916907
164055
813552
827662
370242
524979
858674
832567
784005
41878
327101
684753
949858
589403
407048
124329
253977
592640
64014
57089
100371
521733
171012
629981
66543
557485
682018
129515
664546
654148
444380
493222
81915
304122
810590
616842
418532
836999
97686
895041
984420
698001
714529
768112
945140
196854
62011
119652
560778
567443
834496
505305
190088
641575
604373
501822
151855
8847
696550
781896
927609
528338
353569
285631
460700
673990
715669
64601
38846
525573
519921
942998
851935
168880
267873
656511
209332
93544
177944
559171
835956
804327
38720
621301
257296
562603
498824
818812
703541
488538
816897
655865
133002
10521
305605
337892
833138
582981
865401
159587
139638
769213
763877
585412
579240
411273
18624
370590
139336
673722
867186
94389
688043
462
87979
212530
346393
451020
934349
793871
220774
325109
428627
210851
61198
749598
857885
932525
452692
796700
820578
931299
22024
884251
36145
239508
239681
921133
117339
435456
931159
628339
810024
444677
786414
560969
560277
788372
963634
822376
109703
323246
330516
363587
187855
112362
167133
961625
519250
687351
644539
803962
507822
404249
877761
923839
878173
139858
273824
62812
438824
277563
473381
685573
261131
64339
135302
281067
318876
886877
977059
321429
108523
370686
30241
804157
812599
75568
678323
325629
579640
430043
407124
738737
438650
589090
936130
524612
731671
876543
257734
152166
810843
148824
576099
405222
836122
160359
284733
877518
892233
194086
291115
441715
600022
56959
250569
379248
961292
460767
682362
755507
500437
176460
506982
739230
767351
606482
48730
87164
638965
291111
294793
906247
608535
710323
844855
409791
970789
81087
593674
496188
945831
300726
914793
127677
900304
388834
598502
37290
289876
28370
331370
745576
986358
280941
362042
298816
456937
232019
739109
417983
687968
864734
518644
388573
613294
259811
130570
675157
626313
808530
663528
340087
313562
62346
181380
366296
180473
911520
644352
30767
135260
701180
1763
59688
149461
848872
578353
337711
517298
653023
815402
680826
366592
480829
909429
947447
213014
289730
351620
535922
860875
860928
95500
843300
842171
234841
644312
781722
637559
488731
653743
77346
208563
290158
323314
561204
910830
847609
388513
586452
255866
717532
423303
673136
900401
449547
942938
730910
949469
685996
479024
113122
617732
649916
461688
392497
160048
270336
219652
208019
709208
523370
591303
651860
396622
100197
978716
41376
383975
903692
226906
916956
686421
121225
652418
590196
999376
144533
92724
326298
195652
201756
988553
651620
288671
372769
990521
936210
760442
592092
219095
721163
716331
599800
438650
107182
261042
709417
130869
281789
796712
363824
83582
150861
463286
151181
143510
604528
182651
822878
688928
182153
742385
991873
453124
763030
484339
674734
950164
153764
497976
601040
806650
429293
598246
138799
365532
838749
622587
685731
149284
101875
53416
168632
351502
422614
529612
684639
664807
46901
130396
994844
983354
351941
399309
20961
156820
771719
235080
148770
430830
620934
527109
970220
222426
55585
634706
313624
45503
887803
423328
254734
657474
447710
613856
186492
810908
592574
982900
427554
582838
974997
242827
610
555178
299033
553382
968273
219961
548725
658688
518872
26628
784922
17782
975426
924918
277709
508359
21152
39507
712697
48692
23138
741954
764536
31508
59522
734511
111312
96396
343374
269513
7394
370053
153064
823106
405832
440347
54447
406965
657620
807800
874423
40937
217679
241473
776887
865976
722933
405867
996949
736524
609373
806684
167764
479625
510868
721026
620016
977285
693591
328864
361616
557161
184088
41928
283355
817478
750327
565805
545845
445591
836599
846658
53090
594123
8382
398854
608503
281298
512361
367768
924023
4653
616941
418958
858072
5426
645420
120254
438133
103001
243824
594759
538451
573460
616679
538195
960457
403012
416687
643532
809664
186565
623029
615883
571642
23817
553521
686908
728469
220245
191932
72629
445451
153728
831798
805079
864653
809106
408365
201113
838359
870757
693890
24976
508649
193776
116915
566990
508284
77623
875595
173128
378820
491779
397641
753950
870721
983136
918182
187223
796003
263601
456184
749194
642953
667604
484643
546110
157557
715465
150894
126169
452121
598506
35421
955207
404531
199303
786449
54398
831814
15723
647377
370752
768231
66785
428320
664800
474626
971069
98991
475789
555505
903571
112688
303969
63760
333675
58188
587669
535143
862923
871379
332861
556909
883177
955836
736171
120468
175064
199044
317818
170677
239591
731705
567443
108446
36107
262227
649425
440594
99666
85944
906554
400518
832224
706068
451141
284730
113666
357383
755774
370049
819099
9910
35535
352881
273736
944700
880077
239973
514420
121301
777130
625543
129040
167632
176725
27022
462209
492239
139301
193663
803209
874138
892381
62672
696073
443539
21365
409825
581089
719368
171444
788688
144821
692382
302514
900749
465941
470955
718361
975202
176559
819314
250328
115084
746403
602881
747700
885597
519469
172995
565294
92004
842249
880270
476123
355038
618312
684716
400498
109897
734760
389282
315452
668322
661332
610701
718119
816226
842666
38799
119481
496202
305
182539
449527
490596
966188
283693
561219
16691
259491
607985
40998
295561
671573
945348
139042
628578
500443
854057
727532
302334
928599
677500
85339
21304
175696
652389
241249
869684
91940
296527
679664
193361
101310
851648
518691
251781
95853
28655
768571
477959
631767
595355
301167
765749
908172
905708
92684
971757
537285
839918
971115
569887
363422
658285
243562
743542
421484
586568
930478
826426
476517
954458
676556
208214
192119
876249
430239
392405
842834
136394
815402
103860
499551
8320
112906
52556
509752
819983
261433
623825
613822
890421
482729
369030
68710
598013
114778
787726
802080
840509
496145
547009
41748
709768
694390
380374
30746
597644
389313
646068
896622
445142
889410
406955
516603
213850
833343
257423
819964
585694
37580
754788
946614
136194
684461
640728
2247
931202
709319
346344
749387
710730
952956
997689
403048
105424
188019
392418
13047
930477
601981
199206
632144
141890
337579
541521
314119
63434
849940
612543
431244
865259
621480
932518
655800
13014
39418
393339
962135
306807
539341
162803
555861
498741
806980
355165
880063
147425
559482
22220
371283
614811
536227
342944
723542
364115
443632
475192
430408
410312
220420
948913
449239
626114
604614
376110
110618
597283
816102
440892
31927
960403
670731
581848
961847
730663
445433
617759
475286
955138
450360
66562
989356
566445
886429
713658
599796
151466
259350
11836
975466
644914
775025
747836
707798
210207
165269
624743
126645
682111
407546
128908
362496
379681
427059
828624
810316
20354
207510
408131
991766
479662
283633
622893
822341
585821
112614
640635
248906
16155
540571
475020
847635
60491
716666
974096
566208
323586
848275
414333
705074
108581
763788
261077
599704
838736
706039
965163
570496
512057
398196
636554
37575
480365
195652
391099
418188
613316
653767
239754
90659
613861
924781
396955
256061
573659
816102
167798
482311
549264
316938
81181
676696
680023
257850
784553
282291
893729
398372
445761
797751
383961
680674
488570
992887
416469
878072
72669
646557
307759
24450
575884
440761
629472
236308
814132
768089
476680
765300
967844
839170
370267
667687
898849
418393
179846
557366
717816
186983
991341
98223
53913
145647
27022
835944
853622
419792
823728
835211
378775
738497
537778
924676
193768
889333
176701
97268
864645
578021
213194
900386
228169
783248
707080
255689
263916
443456
238834
519591
356154
249391
593596
313042
880726
867185
798815
370139
277755
988849
854549
55392
545841
152881
880735
220898
351374
947920
561256
696987
236421
497789
725979
823714
167201
668977
771385
438216
643509
132871
961986
522595
876647
682029
413091
706496
301691
643943
688869
963110
469318
765646
495351
610216
180473
200874
86352
4886
123575
126736
889533
639101
400047
919888
832691
378931
949315
877321
14473
41466
890878
831566
655159
232613
676944
145509
442893
550752
274636
887766
237607
189085
368647
253291
471478
578411
968399
811368
336497
484016
548590
806378
332859
187999
536011
962958
307078
508342
684822
515223
900032
966878
693223
151460
826694
849102
729976
406308
409446
122926
672746
591593
112598
359663
736175
932149
87010
707687
452692
116769
860930
528828
29335
315695
247064
285662
586510
535314
894535
945348
413415
909937
349234
861740
757946
219991
646187
945253
378598
505583
36603
524142
831234
171012
534508
481468
359384
174484
294455
978038
240570
146217
866443
593645
424897
111008
209871
914697
888170
523735
681480
491197
1425
28232
688117
85527
207410
954896
936713
645832
554302
410467
253870
181940
508243
899403
349734
93184
407053
991569
336699
964781
532714
577515
913950
875718
377884
770263
935088
910436
545629
184777
906711
290753
420368
159291
720617
138032
428159
431678
54467
71831
950764
66420
279721
555649
687948
996819
879993
904661
968640
598388
609097
197533
589188
739776
603170
889967
389779
296553
182448
820735
153579
278907
551702
614865
199080
905104
513864
155085
577085
2604
828857
479231
337928
292827
187438
982430
76222
876764
25180
373273
859363
823278
848643
410825
36422
402149
487789
877947
22607
472401
749971
709881
829212
566445
956508
790842
991804
243975
591884
129213
159899
646913
881807
706220
91002
657839
197407
245104
25097
53538
493697
996653
391393
230607
239734
785487
369835
840839
1763
919199
994935
932778
537142
677091
863071
196523
127861
234245
20138
149572
196700
795305
301462
269249
545195
189558
997651
232601
167655
82616
326078
602414
761539
92576
390159
753964
450436
828295
915136
679078
563157
164699
352234
388035
466484
584015
862380
894729
624630
287607
990649
93158
962058
689564
543627
453638
795655
58898
710931
699253
234397
866728
646469
489014
420911
471960
132526
613289
215157
872511
458894
28429
381039
523457
160556
56199
30739
519097
602
638963
454484
32331
170976
757692
448239
542480
381409
146318
294128
109943
770885
880059
403985
453822
228460
127124
230749
759680
442873
6451
749271
130339
710276
950828
127743
378571
933941
65925
934203
485660
676752
523503
229111
757893
564605
498468
249850
209410
224616
171900
210207
172464
461700
272862
107422
773297
873020
198462
431162
138743
105795
886664
334579
325767
270001
703036
427267
405100
725720
397606
623991
747992
479497
863204
470783
592309
164838
816512
527218
951224
512467
46785
585730
577678
118510
913852
394257
531567
6575
554331
441258
568605
163142
672690
316489
281594
102425
243821
452921
764782
568373
23159
699122
682279
309607
684405
376011
648422
288019
148006
696066
860221
364445
716354
392123
246641
568243
67425
569491
954237
572314
487741
956724
166041
471624
463798
264461
444005
315344
325449
856382
219675
282972
629835
698675
748362
725166
318214
592620
859309
509530
68274
529413
480566
567895
979303
686073
871371
209344
703284
764498
31864
280479
455614
728475
510802
745711
587435
201869
696919
941142
59350
626862
968290
464070
851624
160968
374623
785433
215997
334717
472070
390835
370961
30924
334341
261354
929493
323609
999533
108290
342443
227302
19093
29653
834705
656022
984529
27268
119082
774481
61315
518833
755055
334470
316938
376103
566698
782086
354226
485461
466778
578972
799184
973997
880385
682901
450762
528811
238757
672648
561637
301096
917491
850268
834025
656161
203969
999685
819212
627924
86493
531087
685625
867991
306687
751953
604079
804356
451016
802377
891205
692661
657716
426921
870025
723467
22836
700849
70831
151840
125199
585836
641791
265189
26904
63384
739582
853712
774034
328633
277833
228151
281161
358065
531520
876476
843372
126063
73742
19576
302633
111757
671027
557496
326879
388484
727191
277278
529369
747326
990599
766724
254163
742451
661824
742784
327185
124554
158254
655740
691442
404514
366636
572234
594161
743169
673394
425122
149381
426418
325108
58120
527661
299000
501699
504195
895190
220340
848175
825
63632
485125
436945
109575
900338
86414
660
282977
190087
265015
234718
117541
530965
847453
19522
543706
382240
233929
172813
710263
872098
252426
995622
29880
550847
600125
586437
541799
500537
452461
73110
58406
999696
991633
516570
362503
265079
339200
707950
127847
191102
215575
721258
277478
588010
470973
619916
53593
964559
545870
506351
311567
792506
838025
861449
949254
383630
230163
58535
787692
937320
101882
563758
900582
790792
79756
98161
288988
576653
974480
474964
133173
766933
278077
785167
811570
725197
134287
387633
53538
382795
451199
107953
38570
634045
427766
632070
211094
707291
348065
99294
226009
287679
707486
635144
87213
232295
628005
69375
62812
955407
999135
38721
597159
406254
172259
677920
352226
156974
200222
296754
816413
126577
576346
525381
69024
619396
914827
95904
927540
371540
959531
600013
749257
961961
841889
334591
52952
150204
889313
254802
832930
699100
278116
497333
941159
383802
600960
837803
877263
197950
168813
269659
231429
614695
420809
355630
335245
989642
991800
145519
751578
309830
481614
515988
504158
614055
19909
959325
731386
460198
630942
70597
43060
665197
778773
616025
225343
486113
419416
63112
504072
413112
767398
752972
14978
434638
181655
233166
96266
129693
284129
188627
149600
450520
998042
398313
36459
278287
617347
160897
303414
318470
451998
729798
593988
213196
404305
889870
388787
854201
827602
50061
567773
385987
548654
864724
966137
998697
530144
860607
217711
538342
964640
787717
309288
622471
437672
35738
94278
29831
54628
789310
197366
674779
265602
531481
105327
387633
661090
734417
620909
81911
292200
544289
571537
778944
783853
625280
743099
828213
368763
856436
249369
195678
974241
106950
303328
126072
645401
690634
966424
954869
993818
144813
206235
112341
239310
938729
844743
876542
689229
382847
829000
402627
866271
415085
713866
794957
755551
10580
856863
485204
913699
880175
682904
949439
535634
407784
342110
32210
365372
84519
806220
718072
565209
972417
4972
364215
648081
451382
390450
622304
427350
905522
308730
648679
757587
509674
603688
45902
840929
919741
352924
396801
157598
187046
575235
341503
587336
735850
962428
927992
281181
823898
727881
736809
757273
722292
970178
547311
557502
248347
849555
975887
177552
991162
269315
839799
668583
521533
627552
900938
119569
825268
990720
63800
393960
89797
932433
485793
763614
758656
873419
890284
106763
878993
625704
572965
540703
41114
769914
433789
840143
144556
828991
988048
53312
980108
126025
655799
166180
57080
993734
612543
108318
736526
229464
226906
71361
110613
56159
940946
158913
708284
348045
621333
5672
844560
529509
421939
75197
236769
343464
731857
99052
159903
310615
245972
376036
258287
151142
745721
297629
638966
289200
30673
404585
621764
780719
29631
372854
534048
126955
149428
482491
190381
194658
409687
857854
109069
404426
193388
646063
467548
759817
758135
670540
813078
917980
694473
976053
182787
184152
47375
286304
911697
719941
294835
409845
967087
152505
8808
950497
1321
721114
51579
321647
946219
952591
697213
607430
819957
836708
695866
172382
614600
772792
339741
611682
461831
213689
380900
40255
375541
313020
394577
46823
483409
104853
847775
652998
60220
468112
973516
227148
611522
286161
489408
752012
658669
917905
289256
586070
302551
516755
837272
22024
466585
102873
351941
638163
284592
151352
775370
505527
549944
801647
895921
898673
272908
317236
303500
438869
406761
358648
207182
984543
674932
757173
416473
605763
582616
940062
577515
2801
243206
194388
434424
934915
889704
182964
174045
108993
487507
141113
232113
313435
47823
927048
813127
951506
205622
250096
169377
161574
107026
94648
473641
926078
993887
199304
164062
465044
745477
410098
757006
901850
930810
770488
372389
499139
261679
919929
896386
21417
139883
553122
829718
205642
813421
395517
886938
477895
719193
345079
539858
889454
941564
286691
840636
43401
820520
49662
887835
693960
407486
479918
155333
981410
631106
82649
545330
766193
330309
905780
589969
930463
311316
925626
888680
329041
888836
828658
233068
509891
402003
797852
181189
353078
364484
831702
639678
317842
721703
109563
811625
479002
821694
534278
20550
403767
23862
807266
511705
82213
834535
320624
139575
716849
606996
775297
142445
626519
313315
759444
873128
584042
442212
203219
550019
96547
705400
226570
942827
531887
811000
673615
912969
826259
57643
100155
507786
962893
668573
771564
576977
493793
489086
991122
929195
305850
717044
999462
936851
350935
794926
342962
973351
968365
544515
421575
612491
285935
526121
531703
63348
457749
660061
733117
487817
436750
353357
496140
586572
138945
778441
143635
768647
790161
933406
853298
254148
402221
290331
806116
244408
843521
220284
286907
269512
443423
85409
304026
632582
6797
839032
724963
678075
617058
250947
36820
142557
979493
529529
410500
275836
219500
838355
990884
369694
27508
122475
908845
218755
668149
129197
988340
434104
267046
536863
971733
209664
854030
133312
492943
76484
678929
8649
555700
516313
463151
499632
53317
22344
776620
537785
747194
467609
529553
642063
155618
402700
959644
339183
344428
940283
52348
933043
66463
935876
870660
590906
708850
944376
188055
827471
752741
34182
850150
696766
886922
187167
915825
990189
754146
915693
50246
844277
196114
142506
628470
558980
17866
164860
82892
9536
951458
521895
91733
244228
680826
778579
19581
106437
948743
485540
698919
530370
901137
473536
407968
769705
299381
936210
455552
189071
103968
220790
174053
77577
771073
951050
978981
924422
16844
513193
992742
532744
929533
668177
120468
261262
693743
389271
53419
262040
458946
802051
517987
626136
956830
451197
609918
29987
32300
611755
168518
279728
618462
721863
107617
310553
492405
495527
860754
840926
703003
208895
772269
153253
228814
928263
594987
988179
8316
510802
913186
663902
89575
33533
656987
991238
120226
239637
389498
608533
539078
243070
39359
606945
568511
790851
799584
585434
917968
487210
738370
924577
951810
40172
210249
664867
360337
76696
194121
731382
492965
160534
529471
157720
156302
233010
633815
795248
559931
53946
793475
247266
209264
524613
932772
564305
333945
258160
959148
30195
355876
923435
773273
720868
514482
991633
20905
532724
844142
80415
241803
16808
762108
625337
287410
860723
429695
614438
803100
310200
902051
479376
352078
735160
466654
153163
999137
679054
20725
435188
840554
754954
248525
987379
214600
968129
498493
507789
70884
694211
686352
778575
28249
871496
78813
938542
165440
53828
516178
391367
337053
606623
783149
825468
194457
535496
906917
728278
394714
820042
988510
382915
341400
191042
100263
743545
51358
278270
589121
892017
476207
637629
920515
157187
938255
387910
610242
979172
913124
175995
62964
368297
318606
16969
238525
251937
582622
394150
992024
32087
444193
899258
59155
257850
627660
278487
945050
652064
240070
766754
205250
541788
127798
69137
181219
608666
84768
42514
748963
78857
472667
507744
533208
180041
602108
287607
300788
56007
547888
841235
683813
844204
277631
670570
550737
931980
979160
517185
642160
577750
179506
850649
236909
442021
292606
518176
668450
90048
999061
533208
879767
472565
635606
731032
338141
739193
909297
688480
748912
358194
198977
873035
69478
839178
147070
734273
511376
455514
718740
107062
577557
817570
214667
464289
13592
919448
542401
508340
210547
168273
327986
842752
551792
386339
905845
940112
629739
436681
24140
518691
374114
388563
83832
74260
844144
875440
682478
144228
292686
232640
848129
765540
67378
983959
376830
85030
982230
544390
414706
973253
611698
697802
378705
383906
637575
881390
253605
164044
969737
341259
533944
921068
220862
38981
954623
180385
835420
91536
643514
958925
675747
492099
982913
217592
923839
115641
510737
231642
991255
346638
287144
215762
525359
78086
50451
182893
936979
666415
312292
630978
51105
408128
808824
909733
655084
651697
973195
913157
56388
178694
2638
192152
741409
513814
940764
560196
817632
249781
340427
233607
918017
856863
642309
573900
477274
134007
939218
182149
249294
490596
654012
256582
895221
169723
379099
718059
384062
201208
978545
89685
732633
78116
61202
409516
533296
982812
430173
992747
539424
816156
240263
906220
171841
619567
522374
823927
612340
966916
565166
453431
115410
372953
982602
90249
354183
97268
576108
529991
893403
428456
130703
199084
384152
685462
725956
241238
847776
954857
629446
681579
45508
137394
772790
202824
8624
964952
512016
658278
503636
431407
38135
646736
21359
840425
259350
368033
137448
669792
685910
966931
258364
241601
64567
714999
80858
316470
700657
522294
319474
675801
567457
702910
886628
546119
817377
306559
893453
250727
234159
983619
192049
223400
753169
790360
368240
393780
508888
327875
329349
835058
412687
533863
863723
798436
973972
821017
396980
585916
788083
115909
913274
952516
790354
576453
921921
386429
501171
682896
661438
248490
315967
587843
92794
367299
63082
372953
5754
863356
306829
79585
731267
735209
765259
625134
407727
33087
949260
421601
892017
543091
332580
143760
119999
319313
688200
292496
504251
440068
490895
726825
394273
627026
379679
846424
938411
277976
483347
371460
720595
511926
466596
42444
586374
571361
734212
226719
467472
891352
126629
213927
499171
993892
790557
942531
369168
324620
999636
252098
327810
416289
724635
588141
150354
143971
987753
418397
468268
409149
984018
654329
310088
859054
761025
870619
402068
269549
281828
418446
199555
964226
847749
836276
46115
610509
469269
23952
674974
983693
953513
601025
11702
940837
263012
239508
37125
6182
128523
27647
314478
8053
842293
121092
832089
27112
974193
429518
341259
93963
157520
8436
842122
164923
7369
214954
368790
305005
598271
732539
57160
529947
506408
484835
427981
469838
70036
123836
546796
956496
368988
366537
815290
893231
735850
92403
896578
467648
586184
882277
833340
774108
960044
798365
194194
607430
362675
905937
435839
73608
542444
565888
339949
365034
128634
800873
531382
448454
9156
925512
84330
772629
363901
247995
580155
69552
14609
41398
726502
874189
640617
555692
826926
639714
948863
56607
869980
505640
16011
80357
158517
149776
3619
549975
442879
4648
345482
297142
516346
440567
22019
260684
590379
433986
104583
83079
990649
842332
774127
358852
301046
481060
204094
443013
553245
158550
181967
119412
452808
147092
884749
38272
877989
736620
750330
489582
353539
214297
984440
309690
523901
291119
530053
911850
80684
479497
666760
345315
488093
368520
491847
650756
76325
668151
915612
363480
93870
343300
643550
260793
841451
855797
994397
553191
82279
23706
433773
109232
473059
267606
254608
52244
566744
791544
659103
579336
839165
558481
599558
488444
610179
540410
527653
18228
42626
685110
930811
664139
766926
581937
917248
621910
921535
748880
353621
25992
921147
126063
949884
637530
148993
889885
949905
526213
853076
746861
418113
567609
289826
953553
451320
292471
149974
4913
990268
859560
359447
843209
168864
886221
479519
56586
700184
109377
557228
828741
52221
652605
383802
556355
226224
800526
547049
682716
273106
900476
811742
988781
688830
335393
232938
818311
334169
110057
944304
338494
148853
96629
955997
600456
112526
680929
342675
202041
914004
125321
537591
239573
504423
506757
243840
825828
989722
74546
949477
324694
94876
553265
594849
262456
372019
607327
74985
887219
617098
41320
558344
492174
929233
1631
367709
759339
37692
560904
195377
755288
585390
575769
486032
814241
688333
775306
170204
122436
432799
59343
4317
779511
767427
942619
542525
870932
267579
134317
780917
178560
451013
210308
568525
567359
375498
96804
840702
609393
480890
319466
809074
882706
880161
60402
195833
951662
933708
829336
615237
318756
114860
13454
566097
133848
238049
827643
192185
252897
831019
213454
228791
703250
795504
216258
72212
226270
2931
783876
910843
90547
526728
170431
991104
489939
466451
232000
929785
613781
793409
430287
577955
649574
183871
697314
60732
311790
17218
269420
474420
844233
606066
752277
160908
790224
658305
914544
617748
483383
425295
397045
383227
516782
687628
747897
567663
859788
606870
661055
698120
399463
481275
65976
533205
539924
972993
825334
975089
820
771788
842592
628578
636451
437362
562182
20673
427265
367724
942811
793547
335057
58786
712317
529427
823898
227646
589140
560631
610179
805280
408581
692743
626210
292350
951584
185188
737061
862788
860218
901247
966609
186394
91338
877927
475684
617649
229595
389402
968409
378323
914793
413559
326856
472145
740342
233756
729098
877137
875619
301728
927565
720625
804303
853587
234816
880687
935439
814866
905788
495970
490938
62360
737160
571085
907505
188430
594856
618823
655740
862911
716697
28221
560458
717033
27324
549146
85086
988164
890415
640581
719675
854881
999335
922949
285464
429054
395393
233748
293330
463004
423030
843452
196338
435092
509211
602732
511847
256840
903879
830314
188770
967358
673967
675744
502642
592020
418609
558584
860715
291091
94519
758896
280960
719757
398549
438882
744723
24108
82091
286199
321139
641772
604641
165626
210089
484811
77998
935702
836314
546295
525976
917080
536925
500408
176622
197123
231300
322550
942914
528378
451867
94843
795170
718019
301599
708701
238525
528552
455557
980020
279205
163047
23057
829783
994600
104973
371185
173237
76870
655240
373275
777187
111244
232663
708500
535059
61405
319562
688502
483852
883817
162747
44357
410328
817226
53854
399158
336417
201326
214956
107333
980513
572202
197327
144901
689361
895805
825685
912812
185290
37093
585960
194305
14798
280830
518986
815995
388775
638202
924987
578317
187544
996371
64601
584763
682428
526517
175089
268454
617990
614448
585370
500032
308240
301050
649205
509211
417613
289927
766406
803966
131550
532625
778331
634349
697655
359627
182844
380498
13228
322921
472005
725646
770427
488806
122135
9168
536011
260551
660445
997457
585327
83575
144763
532479
818327
68869
707812
879407
161526
348341
382809
854295
379742
560470
507999
28555
845113
154659
784005
602019
404823
130367
634327
171025
893730
297651
982365
255376
614145
852268
677156
862843
864918
153472
352588
427594
777413
755938
285642
591657
129268
369370
45343
583666
787776
15010
500711
30270
432276
859034
580904
968624
177829
967922
709464
982230
654815
820537
340778
514138
561545
139553
563730
877698
869762
41036
125562
644352
687351
187018
259279
127343
634458
412117
605365
625266
84497
757803
875612
134254
626372
939077
768836
778636
737061
548760
476996
25368
819882
142589
801333
664521
751917
913622
591239
193394
366761
559719
302873
106528
227170
314858
221854
404803
545402
475626
681070
803695
502367
488931
685870
278855
912578
528552
867026
944146
852481
416157
311029
611848
111026
644651
299531
390823
228232
220433
428627
690270
889758
427239
230585
785810
213415
334359
954108
616504
426405
93244
965496
455171
723691
121350
462273
820570
447936
581224
585510
840664
98265
661510
208261
78607
944311
318634
556626
593078
188815
950136
856032
689012
531331
153758
119028
904708
450278
841313
652926
580735
585434
367532
160079
356812
351287
945908
218661
196990
859748
237565
356650
286894
205746
304721
222852
344254
933078
168720
525313
962404
720547
450394
423136
741487
253258
431890
548804
859825
962601
486728
69451
251294
90707
164321
810022
599761
368097
930790
476343
570667
574618
772036
945943
511865
970661
484231
299399
791952
673923
405489
717917
765008
306112
375223
756962
196537
452050
213022
503103
150535
783309
602055
274162
916233
631869
798554
264324
321653
73821
910583
67281
491645
832352
172115
518595
681643
997446
929265
536997
60042
120988
850191
817798
276482
322794
416843
861793
740092
659197
718765
150638
695853
64116
368916
789340
120174
668966
86334
8873
365808
910971
686768
910204
627416
594484
364386
320439
303885
188989
808697
366982
709637
548934
548934
775998
790116
724221
138991
966548
606528
899528
754152
277684
237733
73919
911325
660218
47254
567747
11561
118849
218662
225451
433155
374983
894391
683100
301942
188650
545410
361100
528893
624617
113386
829140
152975
248223
489768
581666
672224
932665
852712
243699
609756
571698
40209
656259
928926
115931
453397
708196
333768
156532
75739
656253
114352
432146
955435
306512
543297
649026
13264
913478
979462
674730
273145
146247
588914
574477
930204
237983
575164
301844
114440
308240
555275
720620
238814
536000
589111
426536
369372
492689
349803
926085
133568
673967
492764
932881
567337
38987
894351
634101
566423
561188
563527
5944
666712
882069
489297
677875
889000
972340
926255
271145
750005
42309
34108
366333
331414
813485
743195
829157
432409
541964
911996
197888
102697
45121
447772
324684
395096
348315
897042
861414
538792
872098
457743
454299
97823
642281
107490
626961
24155
235735
407452
706511
770265
3201
241681
155459
474504
252995
999983
488986
752802
550591
296289
370595
459908
654507
340079
389509
774352
135775
838969
733010
312037
920237
584364
675250
368068
306702
167608
727925
700624
395458
767109
235873
739115
507729
134954
495659
82344
667096
63538
946956
961067
862125
637118
271313
752760
53924
459154
917715
212323
822137
787451
383994
104789
89907
582735
990367
402578
755435
247510
711243
901195
334976
995740
848310
508927
926868
142870
565004
704376
550635
714077
849303
450583
832893
301309
629645
598690
24120
932934
132580
424301
355144
680475
263601
219847
179913
749857
115969
324506
586699
912986
909635
550591
814951
903801
734150
992253
957086
896041
256297
865413
252838
877547
43702
638772
212535
382454
896809
142693
770209
992379
899557
335133
770870
809213
152838
294330
638398
459018
317905
406375
141565
10182
944287
218350
963686
5683
729559
176480
401891
34236
683512
495114
334766
205267
667499
243335
370528
974671
610849
158547
50928
855293
399717
647758
950151
157395
558494
588597
545224
609681
651440
579040
734342
611656
709131
927718
882411
340252
119852
224159
991902
402672
833281
502242
213849
313335
51475
80870
854077
365372
624962
234591
968753
308608
923899
635942
243651
620391
189579
247190
937091
79063
234237
818389
841286
78076
1213
197325
652088
656254
342802
892911
387446
245428
115779
494025
350150
823074
683125
416252
750469
920204
923305
979734
287060
362366
830080
639398
142564
97309
296785
973921
331921
443487
3752
185529
153234
294751
674622
222474
355903
699122
110366
782212
269195
329704
329149
382216
979508
662804
245982
643957
565807
996678
449353
581213
222913
47717
532967
741821
954917
285651
966363
171370
203043
796800
431505
409304
999172
420782
470422
210077
932382
485396
651705
486162
407195
42053
310333
218032
479591
380421
99169
849076
818591
433577
509051
355395
647948
405693
778033
461006
358503
446380
400241
291624
768385
56392
882660
143882
840096
510963
220661
555492
258682
507204
614914
834714
241592
40155
393736
886254
382073
345280
322724
371288
333393
694525
188430
