916077
107514
440144
132394
282782
520706
927413
560403
933953
611346
167686
303284
803424
866964
516252
416852
524594
105046
145910
267771
70530
931970
919764
934697
815543
69604
453692
19362
753171
621727
350364
419583
937190
436528
447823
430429
266256
334790
801748
455324
725909
855142
835843
357270
341573
189919
963651
17666
234575
206803
53421
876354
718721
24521
810276
677781
891093
70363
726448
756967
282438
203195
491692
562925
966535
105840
625335
602734
797211
597157
141629
15304
144584
566748
921139
608618
603622
471897
610902
193646
240972
363367
920016
586562
931108
361712
714396
60986
642284
434695
445245
335215
357742
427532
668851
543994
191043
157195
665832
217369
403716
378186
209015
280288
298176
249744
281996
255806
270953
108753
410836
746791
657160
347158
11084
892474
652771
373051
387732
812576
280388
633428
853415
209303
974244
280993
304240
270804
711874
358647
405800
377819
895156
72936
528478
818102
813426
861978
125092
499185
478818
593275
481024
847876
597214
291019
726028
406193
318456
967550
543416
951500
378446
134856
555273
168999
838095
646204
132927
16219
28875
360244
490741
470769
441122
655478
440174
353387
833028
469547
9150
351249
611377
878952
749564
696007
143796
665180
25823
331930
332641
433525
640103
484575
750590
661295
256587
577135
866730
12982
124114
858927
356244
822504
909348
988730
781588
383478
533289
525011
484590
685467
334516
789301
352510
404604
873584
938189
6835
35709
447279
311166
784960
855177
824836
620568
768262
919763
732560
342162
448591
527481
794191
882588
279935
986510
925837
729964
123257
22798
470143
752055
462894
836515
928718
254335
754397
626135
914831
312805
246691
824228
171962
43513
375451
202034
717483
26946
650823
532294
300570
347861
55183
188136
349955
777577
857383
806026
290125
458827
955466
837302
749405
477749
363849
110582
52236
114747
675760
817904
148421
676126
364658
794965
815683
842222
304424
403039
907607
832585
50112
301727
175738
46443
32027
426148
563483
316108
473345
809365
990513
883276
506843
243571
607793
392105
696487
997361
73112
388102
370352
754392
154275
487883
980639
8079
477955
464298
549770
773260
640642
64403
223136
711398
990989
490657
764991
226775
405204
396768
230062
196765
381716
633023
969240
440391
779225
632037
952869
36516
221949
186842
201498
189247
236459
66819
791400
972636
333378
586658
481426
482739
993555
762942
629179
457934
981563
232293
555787
342217
132082
853261
742339
28010
772307
177331
558747
934829
739710
927808
416990
436685
664450
615510
517445
529217
994203
18323
656910
463606
828723
739958
998888
957007
333156
425671
676127
916238
64176
338898
689664
896553
893614
393742
106590
365060
792012
2908
536495
553623
14038
851948
379510
271768
775609
166595
263262
777176
67771
873691
292095
757172
348397
396072
690239
791887
795542
406691
213690
622526
70827
292323
953361
827054
365631
896279
666234
158808
124757
854906
177297
252236
954611
218532
120872
753639
255751
427404
711546
227835
746555
145478
948629
644200
237395
811192
559642
327428
507374
29920
311031
592695
219177
756413
835248
224541
356713
303100
289888
299591
248852
779108
857767
263025
99065
680093
128147
200144
819209
948597
189009
168842
521287
867123
292688
468021
613410
753331
708243
35174
215647
726793
576765
366440
769411
607580
649492
996622
992757
321270
72869
143322
515917
656664
232868
750847
855238
827795
71559
52506
574662
439684
273196
698704
631418
487800
75917
474745
769936
488076
667389
967805
12191
477333
900210
746979
890488
694082
665182
106644
304130
78891
159365
979254
670822
887519
996913
780314
893331
578392
986225
904932
973987
718878
218419
37370
894382
39991
395534
385707
470878
540072
923341
888230
493463
809042
882035
193247
989108
155124
411650
607676
154288
870960
323807
784136
818243
561576
19818
202115
865756
234265
588927
18879
355033
311679
253567
621344
284140
667943
398607
468455
414362
209578
426129
878790
8098
490909
306755
3710
994111
371299
370555
261798
48205
928670
853978
973302
670965
55437
232247
931542
974468
104955
600484
95877
564702
968880
166246
393416
237437
428074
449976
439878
247728
503454
29131
484747
511401
269903
668649
821265
901199
269618
689357
334496
389105
189032
244593
998050
82122
220525
822421
11548
639814
56334
26043
415361
779457
269159
927406
252762
902312
586479
106244
334298
16810
743740
455707
533624
774477
830924
588372
512019
422269
487656
564282
461228
900078
99940
144319
755300
753119
331597
752629
198834
869908
618145
241030
817554
634704
949584
667438
289498
790976
782699
532264
573808
801939
622947
75880
738697
899619
635862
38060
243938
138274
656415
887662
505966
198025
377020
79471
647529
564206
862792
277593
686873
269150
153382
913428
635219
74738
639381
667820
643091
529785
2574
975649
957775
633494
547460
856920
90125
754647
601346
204530
434062
136372
954130
863927
277834
282368
300853
652522
204395
526165
505162
386329
262918
131137
805450
76022
129422
2887
447037
243060
445306
270240
497274
432880
91328
359232
60024
453244
330553
996923
8623
970976
401840
215700
274076
793237
109063
482741
545780
364388
204127
645968
888427
171704
94984
229444
447278
159836
266407
761865
645297
871242
31526
556883
264279
226069
991756
670139
124682
289933
324423
84143
256270
342137
470959
677741
266761
106163
900218
711533
615712
938517
149504
859088
762623
152421
345077
234727
855801
270595
661114
273654
371003
503147
673584
619546
427013
546392
797388
368803
137490
165922
788297
554411
500712
944644
152544
191594
246103
267180
206416
529970
252590
228383
906093
528446
563823
637083
358896
922445
23560
972652
56659
52825
475579
579391
636176
668507
811038
332281
741940
448178
100513
157103
277275
477695
833444
851513
772296
738115
652648
512898
160798
849465
203456
768220
663562
760215
176238
457343
506311
530238
2104
287953
654023
888359
787929
554659
668271
361978
639080
123576
686756
973113
359430
106204
974401
557979
99497
742360
369524
898844
368905
229344
713128
967496
668090
962677
309671
139857
691005
567020
121399
150504
874847
767730
425990
3493
79687
604741
585866
169988
477802
71355
586262
502003
445149
805375
985840
59352
680762
101471
555408
724314
478977
677434
769054
547331
26045
6720
546863
53823
685181
381884
956357
529236
293593
99094
413926
290429
447659
598352
124512
745919
477743
212364
120702
366343
814248
468947
31915
498213
778766
355322
480561
822926
891897
90386
401729
526801
492873
662199
451539
405582
98105
286041
102041
280249
788895
61157
343192
89432
546823
719420
348284
171286
22448
927449
323776
66059
433247
521705
458732
29897
14955
74272
879007
924098
337760
996609
709166
27597
475820
759776
934229
538527
698607
490119
877834
462500
62288
403452
840907
611460
900995
18388
23457
223934
106638
307668
730405
769780
427137
834930
362198
547750
413242
899029
181506
337762
229003
743931
290201
161238
783548
351169
414730
303162
511127
85708
836058
558851
68318
403701
376227
315687
26799
701943
254391
632047
934461
858296
938369
927657
939877
985859
431064
58413
118167
679980
867023
147650
895552
877536
904250
110621
248022
687398
925678
580971
853
386888
553215
886958
515382
34107
646996
919660
767701
542788
94423
317246
287634
585547
295237
103191
441874
949997
221939
889757
178715
166321
466789
31137
261329
487055
357761
862559
284575
373348
202955
183180
676237
992739
238562
205635
198635
691043
321995
94823
135441
874842
491362
161423
18200
326042
708702
86332
986911
650693
783388
467191
139369
720128
845812
721588
391811
35067
581147
980134
475987
72798
729879
767267
583539
155870
408480
459008
733745
129140
70736
506496
679204
380760
988064
290320
232247
775715
956147
693514
722647
601205
113889
154225
493090
755111
541097
700390
992739
985393
180925
990699
539049
191480
844665
524089
314849
10041
112686
771344
839420
852550
490068
525779
904438
790366
665332
80502
125876
168303
130083
406756
404270
67890
357361
92489
580280
391010
127871
398259
2183
481959
708487
706830
576715
359531
44583
99792
337247
346259
432994
398543
188636
893277
669957
92259
66511
166901
950996
86588
934937
247116
950398
269984
321164
981299
457678
756083
84000
766655
532253
221413
965991
417105
621385
794533
275544
245283
570183
675686
33286
853828
782053
474761
76626
320706
882760
379198
652200
534523
453926
119766
330477
495858
312878
733686
179842
338430
811325
930138
94008
754891
577437
23660
881393
70216
396568
369701
363105
990341
964684
966713
857854
158477
796191
273884
242234
551717
657848
211659
30539
8297
12675
275251
718333
813519
627668
661568
487288
839624
347946
49826
962704
506330
582193
480360
611808
606517
59653
539204
886345
969104
566399
201766
301100
861226
342827
785485
836935
812309
626971
101119
366785
278620
984107
579493
303199
513738
857222
913879
690477
889745
504496
721418
906232
59044
868073
153995
235679
756634
460514
419080
725214
882734
908543
370133
3372
650802
646756
49995
508093
344008
963932
21130
177011
164824
36239
548712
858010
685070
758603
442235
957450
621881
794076
270754
419467
213057
289658
647488
964149
512485
971934
409990
527552
152515
137559
108572
926920
24583
501687
990574
220371
89990
273003
840381
503267
8780
3827
152863
554351
789747
545459
125372
271967
672702
545090
772188
593981
961325
647491
599643
445327
388764
711090
494613
357742
701191
925042
904811
361766
455014
804462
119562
448830
593643
417460
29990
794526
773616
897209
903833
218097
650411
53663
708787
219556
876833
286773
332114
69601
476387
670709
948383
975713
830127
84978
958067
454555
726471
649570
870478
710493
356072
496321
914678
847148
505275
107277
590609
913813
942268
349099
16071
989050
75622
274709
176667
36352
204463
544220
732997
961670
365775
169700
414582
176426
16600
940607
890423
207528
110923
65882
547095
842081
955600
524587
735516
209535
8314
359514
943159
440416
610747
769952
259518
809317
820642
424262
702775
474265
897996
232458
960758
61035
405323
395444
136310
346595
933476
292432
440204
398022
826863
683644
904406
800578
265181
506885
537482
517058
123728
184909
470967
583465
622477
449307
758484
711912
908177
357133
924478
609997
102224
458468
801816
361345
412439
795152
665875
951993
533289
84514
836764
199127
782658
634475
745070
191827
957067
830463
951493
381097
461933
348532
62409
448865
241756
523153
336618
427570
189192
434012
710627
379972
378059
586345
101977
95467
617270
539240
719534
584247
262228
905571
548094
462780
464325
665875
364373
367840
840972
665781
710012
196856
482064
552270
968869
256304
75162
784271
249182
178548
34707
85220
712420
670986
585086
646017
62049
592916
273876
257764
341977
143514
741478
716753
754344
847084
583288
86565
95502
50619
509631
575171
702756
693041
546501
205128
618304
51076
327425
35497
486714
196357
434871
388252
50426
754395
975197
276338
443473
390623
993345
105239
953545
330332
119955
749624
216648
950736
611328
551015
555411
31428
205284
810600
964970
387246
330550
845764
49753
578013
297568
224747
408821
260928
914290
136992
684578
773757
13751
119460
543330
846349
180679
508369
770743
649931
792083
143495
690769
382724
45056
434239
573765
668153
681670
827130
261356
18144
613848
172802
268568
669127
23382
299707
812050
356379
315131
816177
634092
918215
353401
972619
422542
222874
752725
991207
497856
829939
576548
431828
726599
464587
316596
248151
259340
812948
421936
763797
677268
355156
217929
507014
701235
904709
111179
579464
639501
426535
268645
798091
26451
420949
205477
6856
600195
187683
292092
456547
700452
907393
599903
323220
15382
93323
397700
821147
8294
455906
137902
992160
37586
577650
246764
57305
769776
975871
467183
928012
812417
631218
269296
512656
585398
393984
187299
762094
365403
774899
595247
327335
920500
157957
11659
393660
65464
732673
190989
799366
785728
92464
509936
586590
257624
62335
318742
136407
433664
112523
880725
546680
801170
975370
713119
531466
187700
425385
482563
872451
123051
987876
560775
333066
868659
375370
822956
810980
845812
291056
139854
590814
250641
545752
957408
633958
3197
371682
532838
351423
60167
519824
647905
828689
987475
48205
514659
994
764336
723557
641555
719183
391992
27702
872036
224636
586935
908983
426232
827389
692994
45206
632882
575121
689959
512864
989234
356691
752416
953799
949361
599320
673586
524372
674035
120290
132957
809337
673968
837344
350036
564534
380774
867998
899781
482700
559889
247338
267091
749664
331415
942488
163585
25133
528492
417715
518657
144892
932210
368151
144317
125680
246988
692271
855761
132540
66999
266788
335317
692525
867501
207445
820810
910637
321131
467572
158794
555968
856828
412486
847016
928035
963150
880041
631418
147157
650676
1904
287854
96615
911944
976758
698737
891356
101587
857314
489312
289096
163450
64932
246261
653789
245595
720734
752206
791606
113691
669217
945149
899800
400521
914759
621935
733843
576054
178827
366605
303060
649386
781223
440231
357330
436332
582659
918515
604566
912173
561578
348889
836540
474849
898820
468310
229148
613689
668685
453512
249940
782342
309823
390301
870113
545548
114713
686145
42698
560246
887002
632362
949404
373673
298949
262876
696352
900425
43446
583141
242482
306367
35666
345553
907607
782108
809812
404293
756041
517583
93270
329907
186218
639506
614980
609785
180171
144418
870598
139970
922966
176123
605768
523138
938071
241942
414252
734197
264900
179392
165457
890069
774392
935457
992485
225391
250113
897652
330628
985770
684586
851820
208221
674584
960178
273142
578762
983405
997805
736554
193801
463718
969509
689166
434430
560617
454383
868774
55563
510306
579767
526050
838427
726771
506509
813588
292019
264626
295228
838098
811161
234060
134760
657678
559852
32732
134111
307846
943854
443657
771922
104206
135056
529893
984805
264217
600517
852970
694053
787417
700238
234992
318417
64446
683106
133279
170675
247136
69308
820372
645317
981963
682672
644636
594218
129802
192393
219138
183339
942460
466062
218210
669429
547685
68194
459052
675146
103840
527381
475595
540448
866549
588615
81686
967204
877579
888624
496936
823942
130592
408752
925785
767412
877858
186229
962086
243166
902808
34276
562277
683086
163011
43095
850205
543127
669349
600166
265817
211919
65566
195941
792535
793941
517070
782164
241776
365388
195926
21647
46104
202831
463967
330933
215801
893891
889405
747583
607456
314050
744168
846240
803975
522828
893194
503215
524286
331996
446623
240465
365060
807531
906465
965408
590963
451905
272674
92719
751347
716050
155002
742686
84473
226327
513084
754413
197940
546328
408927
921780
448388
64164
770464
647796
576592
974430
317745
165554
761669
848272
563705
145704
417414
563979
623674
105943
651725
53928
159911
701973
624212
569436
404253
915240
51905
468676
61463
770751
17980
196212
685329
528320
381115
389786
657290
677865
309593
972351
92643
701848
143963
702757
697028
296581
128832
616737
274246
837019
432915
591367
401497
853930
103074
298820
217342
85245
939437
362949
129391
747428
410887
531806
720195
864995
92956
726466
836913
208556
179842
779255
940289
891026
828436
88646
56161
948795
695882
133248
4613
955877
485928
164169
70205
250696
462306
129346
76518
210277
602086
424491
156985
534874
813116
153554
955415
235286
992495
339975
432097
91974
777558
344214
183496
449946
496599
513514
937682
947940
224397
840169
359478
626051
711536
822344
443873
258427
82892
478474
57906
576469
801066
225396
918695
24067
664139
609146
756103
848629
115334
247862
556817
673302
746407
61449
68194
580450
254742
983187
805552
47786
624505
729593
614434
888610
649089
267007
280072
745097
358335
148277
557113
352314
309659
104733
130490
855253
705946
88598
995504
535951
283112
542607
93031
70603
987972
601348
777281
931885
318781
876093
345613
596995
740643
539915
190646
519068
437098
921927
676234
110494
383583
902551
656882
108694
496243
284469
629247
347670
799607
781979
475511
329188
418453
308711
533542
500099
550963
363122
734205
751096
234150
720950
280979
581540
695424
190615
569537
400522
910553
281618
809757
125405
593039
723089
339317
603155
104315
213158
121709
688785
905837
380507
456680
462434
830699
583406
494838
780877
133320
451706
762868
285700
62067
645866
215565
517437
848553
743316
860787
334538
58471
637767
648940
998569
165639
643158
420865
112239
703630
811543
743134
668712
344925
527792
745447
352455
90833
532022
861589
522014
726448
155395
935656
301964
590229
792934
713598
621881
792840
707498
370411
362356
152884
665632
589016
266624
143889
654565
530781
664142
551645
549606
312664
131383
173818
837573
122044
190005
602378
134191
489565
266768
715477
85535
732557
427722
969745
285378
875234
882600
317566
912308
575091
758620
424019
219054
365197
389111
620119
275886
414873
521217
546176
13337
389429
687496
281051
411338
774046
438088
838346
974476
377997
633732
277480
101550
612752
779653
769039
19907
504400
56334
875971
660022
799607
271051
942602
52016
193535
70956
428234
890730
691874
134569
168445
826196
680729
633886
322898
467523
433543
251709
391047
653321
263171
694352
636795
909852
471181
590747
45740
712704
355537
761749
930214
540259
244871
408543
27094
547913
341181
695424
635296
899751
347664
367610
904268
581576
262361
67813
418376
40951
84239
5955
960808
158750
810847
316972
861340
833027
910330
535474
859701
431370
233377
40933
369984
686756
345001
715064
241964
692544
913335
946227
278995
673022
888495
755787
946035
570234
686873
992942
998050
81356
794174
282866
72649
626778
696408
390789
899185
625931
416053
898043
78705
688402
85157
538232
643271
380976
320253
34923
447660
400168
659183
332529
532944
773807
467405
620789
858047
871978
31032
300183
495731
370168
984473
898859
815440
839303
92138
150556
148459
72925
957594
699980
510494
933945
367380
686096
421189
803161
332656
781752
830052
241827
848161
772902
244504
435791
849367
98454
766009
699632
849392
298024
784320
681816
80292
359562
616005
89807
340939
339082
23859
849595
991164
833145
568604
804329
151075
584767
662185
217707
602516
811930
897289
90350
777221
904298
810594
511725
79054
552448
944875
24039
661922
877743
936844
860045
630493
721676
965495
943064
504082
843054
182653
840195
695026
859779
248228
778514
197714
184747
493177
719763
399789
884063
947072
965194
225000
877227
808602
681670
533947
208832
543203
895025
213424
967705
547765
484239
720774
265902
342556
46856
448231
889983
550854
438926
595243
372321
779937
951612
946963
535742
428495
942621
432478
912998
207087
359759
643879
203366
462897
678240
211727
923369
33533
588932
506044
10314
145724
456616
337856
43583
475026
178698
933133
284602
241484
561456
890457
547716
27719
593137
668351
568171
95606
171204
898357
866444
660803
531110
780693
341652
146991
591655
887642
690546
675589
742207
975569
640917
785093
543511
233825
905798
460273
156103
567478
865191
957200
617513
97329
132274
526519
748105
648164
742395
151937
191322
297000
280317
77159
55695
612126
703279
626397
493351
410120
54118
203098
46343
521102
707969
774462
75973
323529
401387
815302
395526
336398
566070
363968
616104
299340
423056
175671
927870
40448
75373
819224
560246
904223
475189
268359
12828
796303
540039
341284
912249
21738
386182
763475
978979
86973
726092
723332
805273
490507
939867
781225
119729
190675
369217
508047
9942
172169
207774
495916
643644
86526
292808
30876
308419
954590
119327
825854
871398
95409
480483
876187
839829
68572
326490
683278
118677
907360
692340
194247
431091
531856
942863
90103
257802
321853
544115
410660
674760
725429
27284
176101
23933
307974
284897
417778
372204
855898
871445
203629
186738
737345
945854
795616
713128
753193
330337
724797
34945
552032
530234
68433
146453
453020
226699
461964
113312
740761
397573
605751
565886
990274
216598
41889
144130
829446
996548
338231
319802
899129
450001
983815
65596
185903
726060
606900
667631
268018
869850
297284
16566
770811
352946
852291
208134
969091
442149
71403
213416
584075
680998
763846
327411
492911
401947
407658
763760
64012
625709
337762
544591
472869
743424
129411
846483
90549
70585
980338
706434
363233
812451
524673
735179
797366
269036
845326
41132
650590
62980
722259
222137
919136
429954
300007
864769
475634
794694
587408
187827
787913
22531
224233
440532
99209
551943
585231
361884
957565
352277
863250
763661
849757
894024
484346
881952
534851
801927
807614
649706
4210
272060
461021
348174
190220
166718
665737
685096
78622
217360
101497
623207
843131
499702
262476
695387
46333
999450
21779
544727
411854
468724
682951
241464
387099
938243
232121
740909
545187
689500
71283
264281
738820
350989
950379
817454
362186
322719
633545
432579
767985
187014
449648
545456
135844
525887
447477
503385
39169
888175
586562
281382
596470
963582
316088
702385
338394
631069
364543
948684
595403
754619
989594
274879
695790
2297
407895
285896
475745
316169
38174
614417
607580
526282
757601
46498
582883
535013
788403
677623
13115
402673
39592
106968
914697
905457
266022
727409
486053
101882
618247
304244
465133
434121
262103
558499
822133
623294
345084
232952
46961
792196
421282
699782
845110
391372
381515
199039
127687
731670
416256
723046
958448
780528
271687
104425
177693
467848
113762
363296
284895
477126
76518
560739
140073
256790
990492
356663
639936
234598
94175
875883
765240
570960
206625
3437
745004
440133
160152
572685
206054
440743
185558
249065
169277
751536
822367
95928
140315
916949
821760
649195
520012
753626
158948
255471
835650
696978
96911
578528
76071
978613
208235
40194
641565
672695
638249
883390
296140
869348
777427
482158
182734
164567
560334
479997
324667
705292
87023
992774
423849
129775
570176
774782
101019
978937
213930
341007
534826
892637
954721
918726
4942
262885
349626
96731
281961
137677
92873
6735
559043
505889
889595
394400
679406
489768
81626
257076
388925
694216
167233
44462
255362
400945
703725
639226
635270
954687
406532
749130
437881
223723
258648
52428
285070
430087
254285
936405
271149
563377
82406
39175
698994
716472
750750
905722
980688
21738
529501
181734
577001
248825
848658
188733
574653
565467
577973
660863
107442
593658
261182
259020
72827
819066
699813
303824
375799
667010
626999
237372
517378
386615
52787
522029
465619
827169
571082
71943
505376
997154
691149
233897
449479
626081
166719
799818
340751
71450
365751
729538
699765
598674
63953
835661
34450
137162
775695
269815
571775
763748
798134
796534
144671
111567
651096
729206
440814
836162
117012
352236
757695
474778
566054
268604
850759
177763
528827
158904
662128
148915
122847
336021
192504
344879
574098
72150
595885
668975
732611
995175
901462
48980
15117
5626
633069
524130
515195
293492
462850
364660
279282
530213
247922
927677
459870
177534
195750
77286
381414
442177
378945
208222
113923
942530
848996
628095
911341
155494
90104
567303
235822
480112
728792
280820
137292
424909
172015
9097
421376
226603
796275
85302
635653
767598
143196
902978
400522
148577
75290
6041
712417
711102
276407
393323
823942
9655
712629
351559
313839
630415
15792
114883
580922
698312
160514
714629
861129
84810
380879
997027
355942
100068
84151
630596
904086
679023
42023
142509
255581
243952
595743
180877
349900
52589
534390
582067
396127
455760
14673
756188
555074
847176
751753
441892
371130
903284
818130
794953
86843
439261
60795
343502
757143
671792
14599
390030
939617
548046
758528
363897
383847
594627
731780
132306
790981
509497
400040
826134
908663
393289
706726
98272
827002
926806
194546
777212
544711
246866
718230
236811
403419
994146
257760
766616
58896
618339
101916
22620
519097
109818
12735
236191
902654
562550
600357
994078
683784
149768
807591
196175
38763
584799
111453
493033
924929
930784
76744
532912
436913
225396
820818
430037
454543
95940
2930
505564
586989
298179
437335
728277
733946
492213
225522
305241
435965
755525
812139
350584
901210
175740
330185
788849
470400
335589
629002
609782
61113
523594
672354
55592
941245
236927
543034
426250
169901
973320
193917
809481
780509
246720
895824
904750
96773
745378
845635
340123
893571
29897
644182
71140
401679
438164
353115
607676
453831
692008
702326
484346
674617
470481
397423
843591
127008
677882
831309
60767
737831
963757
224793
354098
666906
3976
913486
470770
130342
838862
901208
807680
687646
42965
474502
404988
872303
919021
653344
125256
937149
104523
223507
804279
720128
522791
303564
670320
802469
296066
374322
304761
210545
440934
950432
422411
212002
40320
574362
92536
580740
844263
982132
723168
423917
841987
74446
61574
672137
582821
516029
260431
210699
29833
12390
156266
98076
229548
740618
997832
750265
107582
460518
188609
641061
625732
519378
898416
204934
839129
825111
252894
499107
257343
586242
232716
695580
999182
302161
826079
208118
27797
71345
913084
921273
715473
294271
770722
981812
308259
65525
370847
183083
635050
560072
877957
925395
882427
33653
1311
728341
102255
125185
148075
121508
852562
65963
923254
146468
656759
387952
377000
341649
577871
399531
736903
962862
190717
97408
980217
736303
685679
431202
978987
761450
237504
825709
904733
138150
815602
247283
141941
842141
449810
510895
344479
370314
14285
776810
608388
440107
140289
716275
779574
363198
568300
926177
417414
253043
2862
932822
376095
156487
671064
494032
504889
186010
844592
188677
848345
781971
973393
614651
564551
834369
208026
97449
595101
10015
216878
669615
418692
460653
821430
749485
268409
664848
695867
13291
164754
953232
970756
332341
230511
891366
244659
400140
647982
653372
74537
675209
536095
308259
390497
39056
666432
856651
419367
866946
592088
166457
573252
555985
101741
688322
140020
267440
544655
888582
174412
451781
258279
500911
584104
418590
113647
163393
690241
878368
6350
626430
750723
23001
59690
706541
474841
768829
155062
713033
798379
817398
391072
185306
97207
742686
308774
237350
810284
581659
762161
568206
648524
10829
512132
995651
300562
224587
16302
408382
319152
519427
17453
960352
612372
883076
792059
893065
16372
839096
472611
247855
172831
324878
501120
386991
981997
774827
898845
460596
967550
919135
50457
341454
468908
773772
388465
939688
647665
981549
413747
522946
894297
132620
710250
191200
762009
646328
98537
515584
684640
108653
346533
206587
77422
118564
642305
498499
290370
614868
677788
253827
256410
191692
153063
716457
129443
196946
797443
665405
156122
592000
421899
870307
322194
275696
228749
664206
117601
337031
587386
666593
121632
454148
860254
417737
746976
826850
835518
576244
954310
608425
839322
626110
755092
923903
169244
88742
848345
954793
784049
25269
74202
467220
755028
58937
842306
391943
872562
355128
131662
191478
454349
111654
341336
76635
628680
983187
242671
644146
610690
653890
4451
162540
834726
238802
631351
263570
910976
109057
276034
524917
930126
382499
250972
167124
162712
450538
841184
448709
764986
743226
855637
568201
758709
573739
314083
925320
106989
897603
482507
452521
56855
442678
225978
675444
236730
458471
912378
652853
688635
1524
265743
283398
792790
578105
260346
433903
844565
620340
365210
488688
96188
467935
425372
729850
495757
730647
56116
656332
374440
996839
119940
40607
179824
495812
517193
383103
286250
14046
944252
932799
770583
236737
158179
415350
726293
322288
679435
990108
646850
800813
876833
218725
280171
622981
939864
448460
729234
93415
174406
371157
403419
884667
344426
657064
27889
915421
982688
659999
132556
263849
108300
260415
640296
347645
443662
612244
126235
937707
570378
226134
656518
590939
984307
464652
601527
33822
752192
600748
111484
162799
264095
702234
658948
429031
536331
364780
954786
700799
109596
335779
638310
932210
572055
720780
440831
340091
804764
705401
787558
432030
268052
465734
359759
37867
448369
991376
705383
777461
18353
694365
76806
627182
364713
566340
19729
764998
65093
21251
170068
908733
876696
49742
895721
606896
465213
624976
999476
2592
171286
686537
181505
20161
18662
82066
326609
321684
588772
589899
542415
774214
42982
255687
699730
29105
570896
879620
115670
297574
972845
310423
245680
704773
181679
726182
320294
69929
234992
655515
197702
356555
50592
472226
248523
148760
763879
969754
10198
134735
921225
987112
491310
932684
499532
736879
607713
49634
738543
563765
409394
560157
435532
182105
838045
209836
698759
310321
998684
6713
777042
877853
617626
464707
564718
929452
857556
428880
923227
705717
949908
757573
165221
265992
558721
252609
174132
701862
586924
144869
736198
631813
503215
360969
770866
428880
487015
438950
845540
306273
908865
589368
861011
954702
867669
975164
858606
59322
588895
577135
53581
833605
461991
759201
878994
184413
744093
916077
661564
952021
224437
180355
86120
640471
614527
993809
524362
186902
496409
362493
688115
586520
650976
516956
169518
420816
742491
768111
851455
87502
248768
977
403626
267953
974887
295076
81508
884510
134574
298220
203969
272315
753919
319652
134885
71468
767424
833107
7146
949715
579767
269816
163645
65691
880483
865680
157069
452365
430999
93392
149544
140446
260852
962908
248591
668980
769492
429236
763019
100080
290804
642104
459923
219577
676245
730010
791475
337843
58914
383751
708415
633206
874164
99109
863457
314553
658306
14130
255265
878884
686315
248733
577859
171355
253283
882062
467191
699001
71090
343099
181999
723946
349868
643467
466875
74599
353401
653288
834869
281450
594272
989599
752938
113023
599320
603203
22403
446055
824197
709716
116378
260973
26913
28184
757238
32527
203503
947620
549017
798754
834793
734728
88283
632824
768821
142333
678489
14769
625515
538460
904020
205938
478045
520960
572082
572850
379768
70729
905915
336116
66698
587367
52273
304741
810345
791870
634488
522852
698025
991121
71607
442829
996843
645244
833107
989296
31832
499121
36321
129989
585941
682090
239049
143600
559114
774429
219736
822369
64986
679579
250074
889
27107
495562
626081
336918
829823
168237
83423
821240
918726
314139
358075
623674
847599
545858
351505
170880
316440
700027
437768
684188
675105
696699
28692
535504
957428
60400
952926
585266
963835
409170
783342
712743
995186
810126
418876
728437
720360
909071
297419
48264
906142
800843
533424
998329
189160
253109
740201
251130
597176
711763
981615
300734
886235
745678
930783
257166
334091
704056
352020
856970
29568
442763
51785
458420
93110
742939
55723
838642
418425
163186
868585
926460
954064
671763
224058
939410
970394
563983
495676
479254
868213
23657
368450
865680
832619
890096
546173
563589
317764
838488
20701
680033
938941
429812
829708
77942
841473
123570
21926
971217
271450
658925
925836
580271
298772
220707
860326
208627
971311
596301
288638
475093
79223
82722
33023
713474
342510
685009
890116
555079
247799
439891
88009
973376
80979
675585
266048
626994
904780
440734
209144
197101
537890
398691
364016
591421
32992
34516
485867
36464
861168
217567
496860
732547
395704
864717
960437
887534
272171
418091
703006
813059
384100
682855
653672
132287
14512
381303
321448
498758
112275
896145
592411
132648
82338
328481
80469
123429
286971
576318
849900
683278
460715
260141
646698
687297
494569
294890
514522
508698
786733
542295
70544
933803
615025
398691
800681
205524
802638
510477
489522
238429
107707
997166
54015
150433
359629
503609
454278
442617
5861
227961
384580
124381
675342
276566
519341
991741
363393
382986
234941
948268
883185
195438
784689
195165
540036
198380
37103
374631
379731
786111
831941
761210
398457
878925
719703
806442
898344
736703
799315
82652
258218
429111
892790
47031
432510
874596
527997
959241
272470
431028
183535
151296
720883
522151
166090
909916
992321
368384
935277
962899
218766
371351
898780
420911
206864
150977
164696
379561
917493
404339
492015
291510
929210
149383
985657
12299
571177
376718
369309
385726
30646
118512
152628
811834
787660
85809
711594
659192
346732
782149
504653
416170
216583
99829
152253
696903
824486
93938
909539
339167
661512
693062
212874
256362
567396
515340
768944
467220
774827
389338
888925
488469
240396
182065
409143
75375
608367
429514
215367
598032
191256
67906
372708
399972
907254
697755
265022
205894
965327
428799
710935
427368
992682
220450
874707
905179
13355
121514
604040
66533
837544
744982
516652
101813
928513
95969
790127
925553
896970
557664
24817
554058
158304
365172
40059
469392
712121
985333
288136
229336
134935
279083
125835
954758
896398
420732
351052
346582
736863
238497
119044
966418
805268
898381
872533
67445
748668
10870
267238
234242
477523
44063
762110
596624
311879
893998
42575
368589
475509
492411
734776
939695
161695
115536
245920
208940
469361
452416
233897
748781
57421
187975
61760
387732
382274
618266
587612
2462
361712
125490
310387
228907
484568
422335
618893
137058
264587
115522
840492
82035
288128
871882
658963
68018
573813
938538
875639
906890
302641
333747
758615
232977
961229
279616
974559
459308
328735
529009
473470
260481
759796
769546
271612
480666
524914
964392
858443
16278
733239
976647
884194
452728
56061
762087
155555
117975
291316
224570
779808
849713
838516
645227
367097
683158
936080
218304
511049
780439
970405
48719
212174
15752
317115
446679
710134
173217
826079
34034
396773
333771
55875
277033
467377
129600
705452
645401
400073
262315
26092
818705
604270
977954
41791
609503
110339
181417
821761
581316
353156
499321
943172
712142
607827
680207
450398
766172
63665
804072
327411
123758
749422
85356
402979
760794
534970
14141
508057
390941
411881
359949
919517
160286
586090
757720
379382
107535
551625
814423
744298
33946
716625
682688
755759
462064
597923
96371
427088
428462
69699
929915
718978
439432
581581
123036
750723
468194
566873
757830
994931
200458
992974
544918
607956
399458
167462
351315
282670
482100
64115
925095
919823
292583
532838
44030
239194
560025
83174
922993
419284
84169
444580
20383
941696
795374
598838
401183
571372
664286
57679
217839
656629
343393
526553
554540
18150
58149
334411
129020
494776
172571
722434
650457
664566
726638
789705
832402
736172
294101
452331
852216
283898
102648
25738
15200
89690
271247
933211
297097
204927
834532
603047
907185
857340
1309
757800
643864
525564
693061
235980
300570
175738
622457
607919
304185
54636
123811
399012
545780
659271
741337
946471
112409
282506
879930
251382
233518
348791
632266
452952
262221
421740
27592
647961
843971
59763
496342
441402
706975
314477
64968
195084
162974
880094
253069
567600
809703
31670
346148
653088
289641
20595
707609
963349
620132
168379
763671
235128
957468
653995
667835
524509
692100
281660
273337
957725
408707
305248
337978
444388
786539
949523
837877
657613
663404
239762
17409
376223
673486
410506
383383
584164
469578
171868
406620
523722
348495
714108
729450
746655
487951
477397
576667
711548
724335
199058
347430
549538
884711
669252
380708
59275
800662
294515
236818
473908
750629
281213
663458
440639
469836
609579
41073
968
547493
989529
478705
4703
296140
814504
346683
355852
748268
792975
836079
201318
159543
205736
883212
736957
832424
346266
799812
527407
203349
125774
557437
414837
257376
359258
313128
9056
58703
9675
548727
661486
396778
233313
449597
962114
313736
406994
297309
202333
813616
353431
936614
474532
825123
415302
962952
49534
42502
584327
135273
111087
349031
901440
617555
688458
646020
305167
492881
990889
654609
832679
120760
545187
679449
361831
861231
205483
728655
372183
126605
413879
504653
398308
639399
251066
214310
768056
256204
830155
758574
271601
543393
551241
975254
901478
707091
818539
43286
777356
812849
531330
703739
268177
45529
574457
728742
880084
948630
740530
884605
578569
842367
486338
828689
459221
641943
833019
828490
701374
611012
780385
101295
335454
346892
328577
99127
564066
764441
940052
437555
993487
84360
995771
745549
429937
666664
309767
337214
848859
859002
864046
254072
950244
564840
637525
618121
798908
788938
336096
972573
992473
36354
542355
784810
221315
52512
600577
779313
26268
997519
600249
95679
384068
196067
953293
724425
403889
345885
200292
785089
560507
177383
291979
332808
176133
854156
591004
683602
137421
644952
458767
754419
380074
323221
597976
703006
117239
818699
829149
319887
777111
755064
517544
406330
983568
139559
783957
643541
996484
849683
359860
438553
966344
376000
204147
419462
330928
757508
729980
312620
232107
176983
123647
675961
90737
757006
857937
509336
984494
124666
623788
775254
968893
596383
747781
677816
909536
867627
682917
518460
181097
869869
607573
858020
486206
631830
98441
711646
849846
817074
181631
681171
588058
941815
92494
219068
94977
284717
278923
176613
481485
298848
126427
636062
944573
697819
412635
100524
265752
349223
18307
188554
9975
265122
866121
617148
642479
978396
606074
182634
585287
513046
861351
531103
776992
2969
749876
421082
595398
266256
595970
520961
417748
469782
498717
4722
476895
655931
726707
712025
884838
400148
281485
851899
391238
587022
99253
330878
72765
194301
673857
65103
641502
954340
110932
729449
307970
684704
454060
144491
447445
749857
62748
732424
459505
85654
853500
955235
578292
974332
281067
493347
586186
843804
601833
822185
782290
443535
217461
683648
260766
327687
136396
418384
739648
736083
518813
844373
319938
20889
565023
455399
279370
449275
740355
681950
955707
180731
461991
257046
879695
566480
461204
470547
634991
853706
884667
505889
357813
874620
789749
750353
115183
769402
807319
28767
768791
73952
287065
380364
645671
535872
768750
746815
600720
837414
30876
809615
533239
129762
776784
325431
815053
265410
570456
622490
496369
404211
864745
115498
632037
35518
270953
688910
646097
441170
344616
999352
807727
885966
60027
722620
59753
40289
640599
826245
884211
784400
927974
648228
925760
920815
451660
202913
88598
487193
129584
489951
933712
561918
574103
949120
575144
995714
880658
360676
56715
419579
180653
908666
748307
7069
561788
507996
399565
655696
380189
596983
291510
663207
252721
340917
582122
464630
475455
212148
157949
851802
437760
676559
418374
482756
354447
377393
211176
668947
160261
722272
371080
599467
84585
960630
751854
917224
535428
771254
55943
547007
201521
503731
59475
837490
150097
50003
583288
407699
980372
650671
542521
459145
111164
798968
559639
584544
318687
242760
222670
973321
887055
678625
775051
116506
799617
569129
456950
677699
725829
479667
357123
167041
379921
593454
758871
983294
113994
357153
48926
242767
114298
546459
623788
178751
869340
282217
308473
108297
524877
605617
133955
136300
444310
525831
730481
113049
770370
964107
152896
89581
713671
716069
106978
701928
630016
139291
159313
878840
816751
625092
881290
119793
815012
647821
848253
699052
96201
69667
213519
819809
737120
213775
14734
181586
107525
625733
872548
289081
792975
566638
388041
870653
21241
94408
965092
456216
658801
66520
311600
848336
339564
755913
330252
564301
367221
99225
642479
869886
539476
560343
352552
721223
383809
276970
643888
127144
197957
759106
457563
423142
314348
111075
363829
687042
39570
262106
106405
647430
781983
698686
494682
802604
576326
301715
346751
15852
864860
675140
449495
365338
668649
412633
72835
471637
230186
124688
223755
532082
901734
545318
263677
315075
301051
663723
436252
622858
986898
750415
841585
916194
19878
940230
527963
183570
809819
183887
561758
127559
686293
700831
113482
553727
38479
449761
755423
522733
233817
877723
222156
511432
627846
207591
636656
580112
106930
176236
983956
326342
31577
368140
344235
584974
222137
266912
512205
646606
275825
377455
551524
418584
280523
943816
197444
270683
247054
839056
249131
750761
450268
39861
264175
111039
839196
931592
591131
409002
132185
913998
796178
120727
737834
830349
5391
241555
50816
267135
557414
143613
532134
834778
80227
112201
842335
63439
930064
138994
622657
712546
639605
525470
337126
542088
24192
847405
370394
816203
532980
204310
204714
226575
569449
917367
755230
225456
728425
995134
615572
125289
186601
254906
796111
700803
306073
49857
63265
401636
324271
380604
331171
909808
160089
134804
580832
573786
856371
185922
281253
749998
334267
785781
16146
199687
938901
705207
820562
487124
640627
911769
832836
490083
269190
328731
715143
708468
3605
979321
35596
85661
30504
322018
171423
15355
853500
516013
696788
360380
759695
527008
321131
24600
783700
503811
181482
386888
211988
127238
535427
502940
19748
602796
478659
911669
659484
363159
45381
375185
644097
920042
221510
23553
13384
589444
697889
280171
519432
454993
605097
780446
164137
226677
905105
261047
271619
997086
965517
309975
920196
334534
227534
132551
356895
667468
490314
763199
367822
768020
724026
964017
601841
190736
609680
183296
176957
577015
773314
365003
828767
306592
97044
912920
784681
623781
53780
919091
107562
968951
542912
227699
996260
895379
335589
211381
503025
703630
491364
970887
99235
383602
924803
866022
793366
920908
148120
527406
574452
948826
672727
442991
916194
364016
836827
319562
73982
952209
851944
962229
604727
524005
156827
738474
425185
659331
289256
309127
651993
82433
329926
806920
51833
782242
950311
617308
717462
398509
241436
605028
411820
323948
964427
67178
908478
187351
770464
860893
578471
503204
177604
794768
16189
883170
380364
203668
903713
78649
173712
119928
130249
784264
379197
635500
51802
498213
774684
636170
849574
714879
365631
412074
776127
781555
9193
276005
894458
590842
759181
843752
517632
443473
284530
551504
509335
924910
261153
764941
449485
968517
743942
394773
983881
438129
39734
742500
644964
694964
916871
965387
949667
334559
25483
65103
752617
787161
273703
271878
327687
103477
775657
78933
869762
431536
188838
845287
396667
23364
970986
380547
261713
110192
832871
482250
970943
901916
576634
89955
174182
923505
755423
163689
577935
743369
299094
416680
63432
110074
166740
460147
796905
467569
167969
617851
22367
753585
648324
831219
354570
571948
716013
768588
311220
964228
210462
122745
517666
471262
435873
834178
414661
178746
476895
574492
718852
113580
870468
304416
996407
575232
45130
329763
951892
573874
605177
3642
320085
139273
753675
106440
843197
294874
657650
185531
802941
377217
966177
215081
163310
541520
118587
809846
850306
146071
752402
563157
182717
476470
592067
674980
665597
755847
651303
363601
575717
739648
872824
29295
821508
608735
838316
156233
307716
511651
859010
94151
194718
310039
727035
735242
906653
602878
860486
402300
184478
648676
278105
937721
615979
340139
838796
573018
813323
642744
406800
830580
679683
118885
341003
833261
295237
147748
23740
826780
207813
722134
668820
789313
726026
854030
693301
912781
638209
805588
405885
947101
15310
971904
62095
927107
72835
44680
141726
301009
907192
257041
856769
626413
520012
168418
971776
624911
318076
193277
570697
35953
151628
477670
856409
581852
856672
413189
590953
926491
584527
2388
374827
435427
52230
334719
943399
979527
832838
546599
579699
804157
675777
130676
42646
447485
446679
534357
217824
45983
658805
400735
871216
520569
40716
249373
577232
256540
416407
596947
793640
557130
51337
29637
410120
724805
895357
712531
13249
519882
873304
847264
215537
734912
541464
227883
657566
222951
769134
634965
12498
342765
873981
921084
208360
268947
399286
233897
79095
436380
28675
996857
505347
655310
562257
354585
378686
336982
151861
439659
273881
788909
745335
997543
607896
163666
609026
55941
338947
879339
234083
696900
300061
853013
483860
818647
55487
545775
936274
343982
553677
403211
26913
653321
703374
691544
250712
649969
733349
95494
193549
81778
229825
996230
602655
313936
524877
252888
370461
997172
240142
812244
589405
489183
425035
217760
127652
930071
486586
210074
241374
925927
4462
647160
996627
922904
589868
535469
562022
399705
45129
985050
941308
457584
771649
817671
820283
864017
115831
760782
981997
328848
432601
83239
55880
503607
154916
789491
795283
965651
4017
463996
375812
267424
999186
98254
69980
10937
612132
4423
357792
294635
53780
898859
685452
738777
828689
694356
748072
826564
76257
109505
32103
214034
367359
306045
727450
615717
647520
572660
350799
51015
346827
102127
865643
270766
503757
25827
890967
815586
493515
376441
420932
70603
683722
596552
695405
959788
440495
173494
261131
797383
4090
997580
208585
901880
217164
487182
501521
671085
750416
479313
248596
674360
936729
85894
937857
645829
636013
29085
77476
107541
930598
518629
593779
81697
200435
404572
707156
924215
431866
781481
465705
632091
858936
111760
282393
443723
625232
657428
534078
738451
149908
76954
722645
746490
845540
26788
891155
920216
465916
481024
718474
28644
83769
403986
3982
255464
818281
967774
792129
467776
384581
742302
388974
510492
275251
806976
980039
130474
1682
43475
424155
43513
98527
989296
670115
866328
294994
906824
628814
184887
91022
526309
61921
777365
577587
605745
628095
221385
80928
548796
630008
816598
876914
595687
563353
663376
55983
225392
252928
312941
323900
756022
579494
580684
574208
688248
695083
673653
982985
992475
410998
725684
376468
214615
904077
387786
303162
573685
637783
996971
430611
357538
957428
322648
255613
225126
81395
729865
41354
308442
185642
251501
18338
583844
330835
287145
73457
866427
395134
748826
97422
410243
740968
705180
538215
993885
857113
382087
914697
895345
854186
785098
691005
556556
588693
85303
823896
528358
765114
243474
367389
269160
700765
690655
758122
195701
897401
961321
58922
276494
821369
880915
31809
768648
592266
465707
455324
423212
247649
636946
800456
575236
752383
756962
230759
124000
64517
258959
998867
258621
222065
514142
511745
129600
915010
788499
819776
964508
9725
427908
247611
81653
941432
612945
208797
852036
885862
4529
100359
980214
140293
385115
538444
170184
142038
849367
245149
201628
140831
356820
528243
765977
969148
32005
510622
761820
507722
761402
638575
464813
349796
483342
540379
789082
937413
145413
931135
158361
586914
790805
626453
659368
543820
976057
604239
71621
825123
529489
441864
107558
409310
421942
768026
578479
595205
640849
192582
611204
644358
185315
124587
345537
588771
44186
625745
96879
943679
618426
699326
144750
637937
191796
596964
37905
913004
497684
533782
791163
435704
874280
782149
206621
478786
338876
382943
49067
94555
132238
936620
375587
963930
338866
939108
544618
528822
314454
639271
148639
712415
380850
929067
574099
798096
769972
613537
457898
888500
280070
657051
677326
764470
109981
258100
601966
219304
850260
219180
575506
866613
692058
379257
62385
661855
515851
258848
333488
409498
161364
594762
589682
983172
215070
233060
33744
450843
598072
920742
681610
757279
712792
262584
198637
329779
671613
923437
374004
384756
6735
442085
264645
380530
472100
35833
793167
235199
832389
960454
834171
270869
592811
467642
74957
67204
531430
620894
51054
484979
382893
864717
594455
290902
717688
947468
656446
596196
409289
130808
355090
662972
871102
846129
970748
916062
544041
822846
566679
395435
567673
222907
497571
686711
274512
513888
201874
220671
706732
751761
817217
45586
911889
21192
358330
61771
214343
873086
696090
900389
807113
831847
31937
869809
833269
734864
937109
191286
368005
179372
318741
390350
575212
704656
569129
53140
733487
71667
974911
223830
917271
475903
680592
565219
588315
97693
931915
900469
142709
470865
317171
368754
944919
372579
126248
598842
18250
272873
716511
153330
256417
154995
114573
595581
763701
265857
639730
504996
829540
78188
587872
177382
921225
704702
419012
34997
359751
891093
58896
823352
863460
598071
913809
417487
468394
338561
46821
280820
179095
642863
815670
655080
678815
606420
155943
366132
705477
195086
108364
837687
645244
574667
812793
34849
539243
631085
426285
494551
192431
362117
684983
485249
665021
584125
87094
32810
781608
485944
879586
653587
204841
557902
763313
120347
216977
344819
768113
440785
852607
236571
198068
536487
883170
220179
839848
20919
841168
594979
659516
330878
97743
807614
776889
983083
329494
830211
78996
46821
676148
737406
906506
942725
144754
13384
465472
480365
803098
332038
937157
819678
507892
338509
938754
328966
327711
98946
972978
434401
96555
722645
58320
689337
12390
414640
633039
424091
384387
110176
782102
383218
489613
213350
507691
993215
267377
983009
747826
280570
556258
912021
638919
830186
784505
883009
346634
492406
269294
637937
802118
957105
997802
719729
828972
37266
273196
629181
336116
705545
100513
247791
656317
582494
35689
253900
59964
848173
456372
400999
188903
910025
654520
255918
368410
618196
527837
397675
954315
521810
599396
137927
432566
437775
68050
340117
261876
870981
907058
943679
998202
387040
60907
137244
705720
401606
546393
532253
283742
764991
835390
454429
14291
497274
799489
508016
930383
18559
317516
164235
534064
303147
195059
105453
578569
597761
862008
951159
957995
698976
121353
46873
335883
202981
458970
468929
76673
889554
707353
376741
62984
787581
712713
852944
844298
451699
855273
942037
161108
563076
638202
446021
384347
108632
445430
846351
821356
123603
9652
803323
656537
468887
683484
81052
332547
810996
283289
697276
931841
597510
340605
581690
230256
206783
755121
924733
756430
688880
532482
15355
262693
676470
395799
991475
614859
957625
208904
657713
420033
920544
792994
299886
670822
675646
201874
175384
31486
741353
904112
337015
63886
765606
305159
184348
410765
362401
350358
200940
277583
291659
190011
261505
393683
787141
396879
721632
213193
728907
725419
591655
637719
632049
540926
581779
727454
234447
607658
364622
298848
731492
391427
923333
275881
682579
77146
635735
792129
789030
501442
546575
832067
479147
176599
808405
670108
998023
778664
710248
314704
139199
829410
477350
528335
430310
876983
911670
427500
958261
963176
267582
75869
302757
348882
533075
25617
714318
312874
960581
176842
400767
579727
871638
646210
19223
642076
351995
95878
609479
564979
395987
904322
719767
863208
615022
788410
246156
671631
108101
289969
449597
454486
882684
718223
731009
165546
661506
122995
386839
332096
975815
762053
936419
926326
694972
585749
431428
187723
960053
350802
62492
742711
774046
206462
288124
657111
9242
344677
808927
826266
775016
689647
724895
800843
396732
963638
708228
46138
624883
307558
818532
582210
482177
971737
387138
638629
751039
767135
549386
429671
790347
500390
845180
503265
342228
424152
806865
774439
146861
136992
679842
175044
886229
708603
504932
703096
209050
886702
973302
813650
232414
424376
987366
310969
979590
636587
843804
11852
134747
709277
746260
53726
852478
575423
998326
236654
156837
769287
377175
185963
404168
832012
957935
920908
465727
109095
411584
451773
826213
701523
463504
529113
617152
924605
664772
344482
446095
613802
682817
686666
8685
464462
621485
177098
536408
948153
639838
397218
190675
606074
538564
25625
827272
967931
97505
884793
855087
676389
448087
297896
138902
716916
452814
558358
845227
916785
194517
572378
45652
634574
859429
347285
500504
674805
383148
673434
572407
252150
551818
273954
520640
295524
468827
410653
942586
285156
770395
726318
540059
158075
818518
342718
309135
598918
605338
502573
491605
887951
646033
709941
280893
700394
164564
785532
29873
924863
624238
243784
127090
723926
253884
167629
904034
696421
875548
218223
570649
936788
192241
598589
325806
286079
550882
685186
248443
390477
540510
707535
991420
974131
171378
953721
868075
370373
217194
455192
127824
981293
866813
953211
17100
423714
272648
689357
195018
956406
816669
335908
713270
72025
116787
422560
480755
589770
399208
322953
633979
942578
828721
963167
905320
466984
451229
828905
828626
95617
596605
740201
869670
460713
567037
3517
512690
62113
630938
253418
58612
221968
297251
383975
214610
830809
418490
193958
696708
47709
416818
990670
416702
101961
240072
980156
646575
902392
929452
29670
278411
235869
654332
631425
592322
37636
569424
463155
227304
679542
302711
532134
244473
443481
870648
957589
382806
940300
760282
521511
507596
195583
735136
596626
311646
921745
971832
992877
801938
253569
138501
994220
308578
515750
968524
416702
403417
157949
26494
318580
442150
989194
862476
964905
636799
812261
49828
868245
263127
623333
150103
628259
121835
129976
519427
264281
33653
543666
936785
849513
106680
787869
918345
561843
528059
593999
564627
976507
554663
782934
891732
91607
725303
859340
246866
796236
610723
649685
764485
938046
583406
702043
597049
584688
355528
264303
929688
712190
598286
87023
736045
222455
690173
357008
193358
153417
317942
529411
993485
872537
960932
984894
235299
342014
40065
673731
543896
443336
671450
939664
867167
426420
603495
682850
2787
726949
283389
736458
78662
851161
183634
398770
641715
942900
122973
712356
389819
559610
114483
943698
433336
932756
73412
83460
253776
421578
594826
284496
893133
496316
696263
15339
254576
721673
618780
701832
148741
49291
992566
861926
910392
132364
382252
749998
95345
4280
682214
663376
855718
218520
927739
412875
780064
3904
876646
599696
504724
934719
673460
33140
462236
954582
990370
729717
894961
814322
117600
467968
635142
565345
278251
887693
783789
265196
48480
555185
218748
409289
24039
451647
987094
436283
796933
615658
525932
125768
484714
483732
75730
170202
895637
730420
109063
186265
372485
411865
260029
608200
411417
34181
508301
304411
285907
684916
783600
512594
811573
267829
530582
331486
407512
982501
681630
801317
393865
385435
939033
721374
175642
858426
150520
809233
483420
853474
716903
926611
238108
78186
359806
520041
666593
746855
312847
37266
550377
773353
957262
255427
114667
102490
229795
405574
445778
481034
77002
217105
410252
324713
519877
790884
47574
863243
613703
13794
996239
428402
224565
974453
848200
859960
337214
777696
313175
572764
458116
418664
361426
668536
571940
711703
305923
643669
586065
320912
540347
657703
372591
133873
289002
175434
881191
770489
278026
94646
9862
145285
636789
321992
28267
843724
408212
63618
613689
37811
397143
202264
359430
554110
863982
269899
39440
977119
178750
762374
629054
315215
645625
625208
896765
958758
612784
197889
526093
72918
560334
522636
564406
715350
931430
546303
581796
832777
509892
115432
526526
954250
109897
645555
422649
215537
99456
413597
331541
285156
240026
644671
364819
918272
996240
399121
693061
907279
974196
759853
210682
907447
605851
589926
572240
256390
205517
288940
60357
739336
503098
755174
116324
288937
176009
300736
118512
561918
706702
966628
611021
89612
88619
107363
68810
333773
783999
187900
43412
747820
572477
408058
819815
289856
887109
370980
466689
676148
661572
73550
114956
523780
39882
390759
59704
985529
961280
677166
456142
818871
676430
424176
182935
472679
718772
115823
250709
61793
626027
699540
322148
806675
148232
846511
422290
896638
119787
828362
390573
377457
604394
695354
162073
332635
425638
880358
234233
189341
248498
998867
660142
521916
214907
791300
524570
628364
491005
972374
354090
388903
764317
168570
752032
955119
25688
779220
135183
534391
447926
373967
593525
680939
411342
677819
511805
416543
246753
264105
544075
178898
900927
567478
636832
470327
169476
811193
34945
822123
233864
544041
611021
795965
410382
665198
985543
892782
589835
957719
545755
386839
630828
432591
714682
155959
875859
757057
621329
92080
692610
865055
782333
838696
674760
158517
478596
330877
242670
999162
15414
843564
449485
553664
241308
454555
291821
524859
791876
559453
932469
24707
324507
362157
929216
71438
805350
731718
370964
20705
309326
849838
595058
3644
85952
246493
616948
452752
469641
15459
642721
612972
303193
394085
140675
623830
296061
810389
782725
575916
561123
642873
660938
270932
716031
129362
361203
52428
235476
974244
694365
28087
382252
268429
890578
456638
619124
279935
339926
582342
414960
444458
960702
893699
413188
959362
671316
935603
162479
371756
891420
993091
588216
72644
911478
365882
457615
809303
671706
886603
148600
884191
361361
524815
473118
511151
186425
205330
827696
392737
742101
466103
71257
801540
540404
372357
876957
303745
919444
253308
676938
750219
790759
478705
841357
890504
653923
92718
646061
54596
220162
37317
398353
113715
814450
256063
598038
92488
368054
