672152
524806
159629
982970
356744
642357
401300
487237
831773
346399
159713
228751
106787
400359
777231
286301
775050
748049
116917
572352
996753
154873
919376
394869
601062
92665
315200
190775
770669
845183
688674
489345
965420
495802
761625
96798
701463
116411
557430
224522
203080
257776
204764
10061
825187
175920
243687
610161
167330
86607
188343
920673
552149
551030
953870
332315
135992
479612
393609
7762
623761
416912
653230
644157
629411
258429
97906
385821
741887
19702
342930
445577
758845
452185
901609
365656
234171
984876
611990
648332
7268
911527
639574
204658
477285
528722
574798
144428
84664
114362
911814
54291
580964
632689
683103
156549
116040
708434
176779
376704
274255
561707
790597
197659
59072
585428
997303
965639
207652
641330
500589
757909
254149
366132
905589
117050
113898
700781
634712
559878
51990
521973
779723
955843
388592
416872
571769
361612
517314
75810
256596
543280
387256
688675
999741
905356
815932
380437
229706
866491
355588
297144
506100
952370
455351
512045
219489
941426
104403
220216
268122
950596
429808
874845
131930
618322
774674
72977
514920
962448
883657
18261
707613
278976
478915
152036
510137
676878
303179
974949
613184
843437
606673
348485
537705
569498
703650
867175
401513
414344
418423
982287
159177
153022
350630
912672
450573
814591
118590
335735
44589
127447
488220
204030
43196
254682
98364
21923
677496
75528
71968
496972
153725
516995
485454
847703
819488
738501
865608
800120
274238
977118
20991
291365
377971
155778
960019
799786
23876
534807
551665
833277
357529
512512
708829
130179
264547
727229
789922
514329
422762
380667
11988
793671
924088
557583
358081
339645
518022
375686
592980
529570
249857
909387
648041
591560
927957
651401
169231
769972
459895
492703
286275
410169
882703
738002
316522
319762
637970
702889
317555
932243
524274
375341
32800
372231
59986
21184
594537
970734
480912
207509
16074
606631
421177
684076
374460
754801
433453
68911
575563
773363
673591
775828
576653
568930
634891
748941
959840
188473
188502
133774
207892
363928
934459
587519
515155
611439
654298
979931
453892
915313
845416
835746
388220
78145
373170
117197
597988
993068
161855
417415
361172
223263
343619
678384
777208
720592
835604
397717
888359
557249
52774
847070
271699
803761
988031
53442
701537
307249
723560
408917
548427
562332
101835
823741
20044
824991
558423
417809
459187
962689
739569
61755
578960
921613
752203
34729
44712
793908
396824
907979
889363
645405
769463
415313
993702
614963
338193
462532
85171
105840
873121
330119
319434
255619
806094
733384
110007
710955
811762
786684
622135
29965
950133
64541
466340
656753
381585
317446
306298
158821
111002
826562
660651
461472
337300
310027
918786
799918
874279
994070
389919
627048
555678
703565
23209
971922
129498
716205
976642
331680
277978
112888
447146
745484
17964
61063
962188
117764
708980
914061
534206
768902
963973
85071
206326
377781
750315
313435
603960
827221
631806
683497
860716
138555
41743
761568
188868
875237
881822
581342
287081
53729
140263
332341
705639
44781
271827
190523
993145
485674
456137
149889
926713
382511
763103
709130
345697
976131
981166
195297
311764
150816
910868
512135
986313
517714
99165
685730
325159
937910
330981
425020
895593
652765
929577
611352
773085
477438
872092
287443
778061
255609
774516
517184
534713
199247
451130
144441
218891
626134
238157
994676
369085
350456
9467
457985
86911
25254
35204
269309
410270
152410
594253
732484
573736
778048
565396
693552
606008
716321
487411
259946
344850
652670
864390
3349
2957
76583
332315
294805
64793
752581
543014
233954
406150
363462
756158
245764
993705
603384
649130
44574
981188
843264
724945
301257
167989
940073
460659
583021
61840
249963
145399
229608
702385
96211
953963
657572
792524
691255
107949
18255
107482
948160
255621
596986
863693
938088
305725
938233
594156
12426
431560
301407
679804
376887
802517
276795
610465
124987
564806
565033
276181
216322
668194
995043
406278
332683
812910
887448
485767
475266
657620
363082
745554
519756
245188
206563
647345
490527
992588
738023
536740
265506
772421
833388
130615
227881
677138
707657
62240
198146
949936
54245
85155
819459
115927
375418
122115
281824
796529
153494
217840
5528
167249
847693
780512
793324
485052
753490
127400
443199
96602
605420
922009
152682
330583
510515
676083
953068
766263
374151
273887
830729
865551
443984
518711
969857
333120
318492
604917
626170
729831
330797
525876
406092
740868
436356
371516
568104
367414
493427
452310
203778
985233
688566
583782
637420
666409
501155
569668
73758
672914
394544
188308
757839
462276
42149
777191
479090
47507
839830
763156
570280
285727
423668
824020
777018
608206
309152
66553
772790
324491
563784
880040
534644
274093
949179
560104
29978
289129
314208
300653
387502
420353
751753
218828
275098
786267
662915
268806
444350
514320
100310
844644
835780
645565
28962
436176
774032
403532
104099
463615
232315
435927
575669
476258
78909
876619
718688
838974
780922
743070
240174
605358
120510
39689
221598
894492
375596
795911
738655
466464
631161
860035
657730
658978
685829
533059
556434
589927
50509
926004
82912
978761
588879
592771
107534
884398
931072
42621
907232
592108
973444
304160
290135
840342
698536
821261
813851
941340
481805
476394
650329
970094
570161
348555
829386
701352
640463
73335
344907
621865
871979
784154
902582
803653
521698
499017
290286
926683
390746
754073
719097
731888
374969
274808
241462
859429
937225
397363
87118
664249
579628
507897
906429
444973
209005
836442
75613
710809
145100
230502
796680
953831
437153
655349
893141
542892
219121
551923
869558
300690
593445
856851
340711
118486
973206
119319
217603
904930
617246
592819
59230
903207
602101
917482
203007
660570
437745
200520
211227
156366
410636
977108
938336
772226
457732
584649
247819
711329
839984
340659
120160
553692
78770
595032
205144
936243
801839
856102
26117
12863
259975
356310
558085
802305
830058
553234
72297
193694
475156
503382
662186
372779
390487
639769
706357
496045
617091
265797
248759
745911
990661
888386
383997
561793
259486
20525
542317
976319
326361
454175
615869
876082
237206
502334
392477
506670
544777
767575
607159
973750
528328
287530
290889
987128
374789
175156
446087
113986
723849
318712
528555
258304
607264
102309
515148
671459
161433
732060
259756
723537
381116
555220
409294
178512
454312
116052
524588
297793
286758
155094
638453
72276
933956
428775
796680
516073
140397
645902
112196
309180
634359
74049
141512
542432
830429
989946
365044
717425
702062
920155
595608
992809
46050
789651
849444
158375
311426
368216
508790
810813
82658
432844
563979
30728
758138
413102
577506
199371
28
838821
110696
363951
536756
968958
343637
454136
944246
620003
351523
258242
164921
278201
706251
107816
828914
639293
271213
415698
435155
520176
407985
134369
638081
308161
209956
845276
829547
91858
137441
386265
96287
80699
125452
750835
169630
957724
786357
10002
951883
20065
312705
55421
868994
692394
58562
641765
679234
600367
428492
148335
569533
172051
48391
678239
601573
29213
119605
274845
84143
170812
943242
384698
454998
208450
596696
191418
142699
675180
832274
835274
832896
330492
420509
794799
796163
967792
912989
437087
423355
877728
169066
231104
612549
930028
238710
709485
796940
769154
45831
117840
670623
265888
679312
773711
807955
282701
654188
208454
699784
844454
418526
992809
719457
74462
218654
464074
145163
880334
598455
248808
350043
791508
542197
293279
154032
970165
123427
567899
146320
717669
53404
258113
229008
769873
444289
914095
473776
66853
806449
495630
90396
574850
955294
663867
806222
365542
160873
245374
158648
848120
885549
860924
121994
28866
634542
702532
891251
474296
988899
127288
601422
389603
690645
33856
361242
366650
399927
243738
931419
533770
711629
21080
902062
342500
901854
34673
855981
908298
146043
206713
961893
417371
480696
723904
725484
465223
571559
569510
375970
455950
621497
150612
450984
536988
694839
156306
500069
940845
98824
334083
778407
320207
280192
11538
154757
410579
974361
681827
274413
952156
257021
361941
352630
133879
445454
257733
246618
375591
351189
378937
25030
772703
487072
294608
339456
368090
535973
595085
940073
663339
391652
161690
622448
389652
596769
196256
847864
328296
332812
387151
390804
798723
780009
382764
331860
527509
402500
37771
839827
543293
186655
998114
12790
571057
995836
69937
913804
657009
350946
48146
797503
46625
532079
226664
519119
312968
399600
10879
736947
78562
457943
128014
112871
536431
545123
172594
134433
268576
144034
600021
930193
406241
185036
176584
175717
510619
111634
46681
830525
16435
244287
435884
871884
199449
627638
884771
869899
426862
842749
574067
523126
351595
798488
945811
779937
802462
328642
642469
55707
654961
855710
281874
624647
690344
259663
321740
442307
178047
196256
590125
148485
162457
807198
995292
94738
993356
149925
284501
895067
651408
203675
228770
614298
231158
869068
417259
522826
83461
92466
789993
111325
793727
450993
340562
876221
651051
801686
848090
796991
476771
629441
13299
350988
470429
971615
850006
748404
215062
720631
587011
228840
134525
495261
55294
922724
786504
259484
408775
177325
763677
809179
665171
186478
442937
881961
62205
856666
529299
414390
125664
518474
627776
417628
708165
675912
382380
654327
791775
889374
32710
99988
650224
621750
831770
730965
229964
490097
827041
49711
692538
186570
932850
6311
901092
58429
929194
658160
633290
387615
666559
853115
470251
882717
610641
423557
658270
57942
4417
541188
515152
711809
998183
835588
302003
865013
722197
809032
671908
752773
274776
955382
326622
53747
159236
626747
331611
762356
33211
380145
279681
939139
498622
474560
287028
27828
639254
545322
995416
212721
16785
161157
829671
880647
612096
102690
405071
397551
573848
504336
5627
378673
352627
341681
668217
912295
327425
889561
151927
563579
478772
513653
38685
380107
867220
160583
208365
906468
607910
633331
873873
917677
691933
866353
663457
760607
105691
174768
235185
599185
543753
37852
114528
271052
447498
412828
531115
893781
597460
472061
251332
774442
912052
925936
50692
229082
80367
111403
105441
995782
954912
261417
545237
795296
137999
602911
611443
210366
407121
324321
897870
206189
146069
667310
317892
247384
822689
716281
915588
448322
190775
806802
510940
993349
649035
463631
467270
57312
194425
89956
667727
14211
897674
533359
754456
283319
34458
139936
474921
620296
794958
352056
300843
73589
364425
577288
576274
159494
525982
637221
110589
868040
328076
179320
498229
800105
353820
565153
529633
855938
325054
437826
340977
932175
793391
216436
128458
900491
788019
41433
908337
851135
611871
835068
588582
767720
114697
358526
924048
776518
24146
970395
609040
314114
773278
336079
100311
628626
128276
744750
118519
729564
342611
393341
190750
332497
942002
526861
476146
807252
840662
855843
961333
326571
734267
31163
764747
731578
416686
614783
739795
227611
943332
810790
477248
283985
617150
134813
174524
131401
761454
522763
692737
238795
668617
711705
413780
242295
798771
94634
756544
807329
29696
828343
510928
717481
609964
421748
743476
223676
195028
722571
16514
537512
475896
877226
923958
863893
231331
412948
350877
273811
409080
924935
476617
346424
994676
512533
53479
158002
307962
403045
756459
244232
563441
140263
708545
91142
832444
864492
602769
833459
974074
353082
860445
175295
265283
64611
476491
920655
426721
75426
894399
270827
240205
367853
790103
56685
470819
365996
133543
616136
551512
795158
735802
486524
470291
149888
705314
425478
219173
298165
583223
329542
638318
186799
506654
57407
357707
754033
878994
589894
871509
696436
686270
633727
377115
910830
430937
705898
991546
857450
9786
118861
541189
265588
631628
688652
438660
694115
571286
101321
614190
665579
329082
640487
410404
915839
26218
878076
797127
339757
245808
567701
806309
532063
583959
35920
156427
763599
285119
870436
44672
911266
406382
624552
753651
730928
751091
220948
533383
169545
108951
17807
972771
301182
576982
751363
595957
293706
273755
321166
881799
641012
65565
206726
650978
298476
71440
399381
980303
936620
742234
333869
209740
64859
936342
996869
502251
493039
436870
515158
385
926393
86905
50852
449762
406206
859034
499500
70212
414351
45396
931832
560816
788591
748763
534269
263328
481004
824888
603037
950109
381398
978074
794340
974649
583946
108266
892654
851158
399239
185871
394776
933640
422771
767362
915776
335325
726604
145931
759385
527540
315515
914490
210960
540561
605137
741310
950471
210664
364267
29446
976758
740303
736181
539429
897857
15838
683936
732448
621327
734396
159884
700336
193166
414082
98297
450683
629969
278925
192448
556362
717129
528671
62307
733526
221848
218189
154348
470292
459895
507600
524060
171567
753571
823080
236752
483377
436651
948665
480178
68377
367540
835483
732996
180545
784828
232696
206708
315526
192940
266487
727419
835588
732622
211074
494444
232403
526491
254635
558935
642896
974620
882260
245963
100765
608966
269114
810977
984873
152351
196315
81123
687393
696316
56768
779569
681173
41411
746959
140852
327570
299240
874393
613684
413324
163182
721315
874086
502431
89164
4263
298423
188063
466328
729333
560717
382911
422787
767043
841150
873983
188823
812551
532085
984149
614468
655896
797940
906088
734594
102478
153983
920819
559894
988013
594312
792800
449196
220328
467518
512901
17771
357970
716860
938718
11972
213975
537990
265403
389272
307249
320287
747895
778543
973929
651351
491502
912345
987962
916579
523648
655192
200069
280520
748945
457886
288239
679187
67647
982308
123043
420003
882174
800868
272186
546519
399833
632399
176640
757425
29212
249219
530445
921328
412946
340976
310505
731266
646869
926429
63955
709228
430769
759462
991314
631676
838473
343498
318337
210261
831735
772863
756546
327614
633858
136405
185767
843220
344727
109460
611584
669110
825164
897621
240689
173196
575648
974838
863922
655574
734462
73949
94635
788270
278733
128717
91282
922575
289991
265372
833026
522442
18339
982559
776762
245278
472734
949519
987416
499447
885394
935034
402942
502554
343240
224764
846504
686051
155014
576536
311499
975704
322243
948427
334666
695406
803790
932636
845882
888364
99098
778453
820048
668766
557266
538376
912516
569897
632133
852020
906657
717412
896587
632572
298341
801237
12190
457755
644852
576771
971659
646612
933565
575005
885880
197280
188138
173375
742496
802499
972138
957659
344710
129008
225748
122346
464360
229448
954983
464106
130
150332
859927
765602
255555
294377
705873
537744
777690
141151
303509
188152
605473
311481
552491
675158
624405
228585
879337
426708
832291
368903
997600
857411
255356
535010
677417
484992
253746
531388
698058
93771
67120
783204
583902
372115
582082
147468
637358
109033
584537
674978
1458
707227
299721
839632
374996
492406
469365
600395
876055
332351
718061
960931
760456
150875
771948
690460
314430
971490
850448
378687
564155
636718
378920
328028
389024
151238
130262
876656
53073
176593
477543
684027
784994
19798
756219
5797
770292
50862
616995
807546
46581
156157
976424
323146
866755
479905
878839
950997
438989
99939
424294
768619
567729
610954
293960
242954
9653
653113
841714
933103
161470
294699
638189
706005
787870
635200
962710
780363
121988
952822
863555
809412
786434
276
272353
115732
449006
330519
767842
922489
963438
476113
609077
348195
448325
695642
266807
180598
536713
611598
263802
16021
211308
708109
634268
560539
97068
837608
576301
670004
626313
874446
710720
43660
634614
922716
137470
356128
832959
785635
863976
324365
883190
920810
552060
571513
668804
241874
244474
83197
488462
339639
1927
815530
254259
554275
945897
731145
64549
363120
259232
826715
447891
184398
192137
343864
346238
634268
557063
734250
710097
927748
966707
870618
807353
197090
958253
505742
642142
845309
995703
96262
814271
425068
146047
341956
785322
889299
636897
986732
744395
89903
719078
555183
500871
100068
464984
833693
11884
374764
488713
443675
52133
536995
341233
624305
592442
289684
363283
370654
810923
410735
567012
85710
585428
402536
212904
338787
437729
345701
656063
90475
329007
461950
229998
358184
624684
599798
590137
653280
810358
275555
723143
969278
655192
532967
972052
602998
340232
750045
534713
71110
148512
81558
326273
808295
22384
259756
161561
95577
467798
916794
164163
336115
903457
186961
279399
771524
406469
745481
535426
501765
69331
878399
791354
875088
288723
870773
160191
474871
76592
760052
55218
250803
510059
86631
234973
613915
421506
136209
448247
154448
108606
603152
729353
346426
21381
988198
190085
993709
946569
960695
39942
396539
665604
806434
99024
539010
903049
43551
299541
875806
912151
198157
761475
847864
569522
383948
728148
344014
283021
947723
382511
337198
876047
487710
687930
182085
646043
168610
361688
189923
288045
416738
859765
999377
887526
17921
989341
606521
159671
562441
395202
208916
740044
338965
751966
938784
527945
227541
766327
473207
213338
312705
41677
277737
264716
612613
771895
193082
744034
861950
969744
334993
970552
677001
115980
726732
951857
80207
461567
187835
954142
129383
632225
447236
914041
575584
25430
415599
363478
316576
988939
408862
918496
957195
564043
609189
303514
71818
491457
800996
308586
621660
310042
396107
577072
552910
927431
40176
236842
359083
609513
785795
324936
515783
133228
383368
10556
200786
29685
905384
513545
221375
278245
305465
788125
195579
472664
511613
246797
764738
35001
995082
51173
297582
621967
507453
200549
352336
793273
91744
135247
458157
186743
980942
11168
793967
619459
258533
520278
996349
115076
147103
524528
409352
336638
716809
548108
573233
274367
683357
468654
137041
1814
148907
969488
895201
701346
649402
342784
179354
75782
655114
826376
418133
619258
254267
5697
891226
884364
785886
450332
635492
707565
247924
270
243414
495224
591160
733544
593283
515368
176628
636743
984085
237762
594390
849182
503294
155849
991777
210761
715009
415893
301003
27277
863681
651597
797560
553486
74776
179320
92345
327375
359322
760008
507125
882565
438165
141444
676400
72493
845618
950570
242490
392303
875045
128955
875089
539995
239027
7955
375902
510428
552077
540939
570536
190616
900097
140735
201748
630295
963005
717818
17840
5874
789817
189697
120852
275890
123020
842332
892454
936954
335287
651441
223556
228770
606853
6077
352188
807468
568731
867519
735018
620033
248655
570477
819459
300613
322136
552849
14723
356310
933810
608895
140935
5727
179291
501306
999468
881439
44176
538893
437139
944625
48270
985944
929515
300763
362096
296315
722455
502571
727654
942556
712993
836813
819645
35901
689786
950265
803439
751382
698591
271451
330809
678420
152318
234202
594564
911778
403522
348416
638124
344550
637115
118207
94836
611337
311543
608425
175054
758386
867585
643822
506983
551138
256588
458569
599326
967447
816252
999172
389348
868439
136868
696402
457752
57442
688652
212391
498053
79850
770394
476072
476935
558683
816389
705570
473284
718381
816300
64193
462009
56232
839495
884691
956466
344396
846507
984573
917085
166535
130578
211641
622473
913052
848768
719652
472760
578843
14339
495051
336993
773517
348389
985501
16091
395874
838350
440763
913088
523924
880933
853789
180244
203017
675867
520528
461478
776810
267150
960883
620450
809588
986416
594209
146823
565025
780736
177510
658141
543322
271262
142898
437087
339281
419282
729393
830131
864492
235137
628495
405067
842851
369026
904772
681997
17996
380964
290759
659595
77817
951481
316291
453353
17037
48194
528854
158211
784675
288443
678243
861724
564795
380234
220097
222877
854449
766828
837514
544817
291026
363213
781391
750101
556726
88236
778119
606814
493356
536565
713081
929714
111161
723922
47158
30427
282792
507575
789059
839851
416620
681516
28572
629809
425003
917095
778059
187287
441508
483771
81613
54821
507155
16816
244937
487867
873214
608636
470787
16280
965760
160619
624998
774311
959372
166398
658654
529084
331451
308972
207268
53100
220084
828550
887722
426087
602189
391328
968143
138454
818246
410200
385392
258054
517721
292125
329655
554873
190761
382388
583206
592143
306974
129419
113477
546354
543377
437309
366852
450636
471008
603333
250768
788569
728502
342147
637119
101273
524836
911310
20349
213635
836020
660987
253459
297542
340727
397094
189399
795547
846594
404908
245575
568291
690433
733659
437342
779310
739547
724506
742490
413702
590861
925651
57312
718573
1187
833550
961328
607215
974135
880616
424713
196015
406756
113109
616627
630265
4394
899689
57219
949928
421594
227218
954198
825261
515294
797101
735052
621892
93473
846855
759955
395544
912795
945359
883859
100886
914843
624278
280039
665136
931289
728870
526853
439080
159190
392396
133295
427033
199371
134676
815232
592143
820462
358887
303688
144035
237400
828860
39375
458116
308419
51560
340163
860404
864557
963206
184677
554198
714654
159633
911778
464904
99607
657821
917178
346078
457496
63778
967510
238253
709485
450993
417349
897364
466950
86466
269171
3989
981780
574464
967788
757672
676131
793001
378514
610172
86697
163628
642958
726889
686672
516252
639804
223485
222198
792764
926856
622003
22737
767063
528872
821642
542986
504094
458895
915423
464676
394980
528462
416422
380294
533452
388452
888224
429121
214494
674931
704094
262984
724062
714260
528569
995550
434369
129329
588161
279766
90152
393651
996171
177150
309344
801844
414344
540477
565347
667146
378564
293613
135152
577652
517971
534481
388610
289963
301091
408443
517760
852324
974447
716272
438405
514372
114516
773636
258867
740485
417406
328946
466894
358294
83651
392673
26128
203922
701686
250800
174831
732644
931726
623037
598358
568217
266659
797850
399396
866547
961365
947784
717808
405959
141081
302950
492011
114627
6556
662449
935310
95442
267878
528612
175449
179757
749427
582639
893754
585815
412338
445825
735772
809526
34458
572687
538755
392025
271956
692666
385258
807955
939363
818375
298560
316297
144635
947853
845153
823661
56913
418542
764858
309735
978674
830821
421285
135162
685646
414504
319749
71402
951193
508193
502790
4259
808540
261621
144816
733630
72171
47508
905356
158221
879316
152495
286016
3026
668182
177011
397232
590480
386477
653529
699631
505622
458332
416545
634284
94912
327265
732269
189458
618133
149483
27445
975308
795894
395853
705694
494996
305326
659795
460551
687908
236495
580827
997564
75499
192304
930802
5715
574712
910230
240475
300637
28061
320391
342012
395859
281213
472094
602148
78318
865253
940384
632442
378165
168867
879316
298508
505336
969229
528354
212423
754344
717109
550113
362447
795423
456294
535879
734489
872717
867287
526513
324432
506382
447547
709177
599479
35586
25841
92510
88704
111074
574346
252052
258007
796865
80393
23126
679372
463596
597357
997911
50637
698633
797831
808863
773675
198277
735214
430530
133968
748409
367739
439005
710292
109595
877617
434459
488394
603801
656279
768148
963847
763687
276562
992102
474347
352092
457855
500199
947533
470429
117704
532781
478246
601142
83197
501754
759086
425296
334472
606017
120589
504637
495926
719274
604811
97530
875769
904730
765604
272004
817499
162195
247587
259774
216331
442884
726131
757217
745963
5179
126902
945826
626415
267149
355108
890009
646166
331742
563245
37839
386032
293439
542099
660642
917893
964637
902085
492903
663622
548846
346314
199544
56524
518875
809607
613916
503776
256720
822032
613903
597233
810612
635200
730278
843903
152594
738889
988664
824136
842079
649867
606958
186740
148242
884408
700608
985551
194575
794017
959510
572442
810412
153717
459948
200548
372631
820894
320155
519682
563651
647471
977118
754338
916646
756997
237349
435615
309336
353620
770746
856506
310596
451594
660136
268443
979460
21040
174959
330755
763425
998197
256339
986141
764671
963242
33303
451223
225892
169028
294178
635846
246229
640308
659336
285162
962893
576769
979602
975798
848177
72295
196730
983819
691161
23629
919707
841291
963810
742964
481104
932660
195747
889778
407915
951584
855938
307021
318120
231316
67882
754204
15459
960824
64786
916320
461677
996074
591637
801042
776066
742572
915617
924201
574087
780309
285643
432939
87961
687172
381025
878251
310497
300378
65601
229209
528818
49396
176048
517713
399185
678186
785964
828669
963770
576145
602178
435410
757297
246925
811461
148691
397163
16982
116243
499114
115991
220548
394092
891805
277847
710484
136478
570117
762094
407383
935711
893635
854928
529633
883233
362060
461192
471049
60419
88549
532833
809422
23427
411790
229356
41875
903757
8419
48365
935776
267183
9798
127646
898998
989166
444709
903595
23707
530637
928400
354159
770939
355934
521064
856266
410797
519194
922964
767522
895044
755991
631748
757368
761022
683468
353493
665944
799224
150780
554567
749948
937915
384138
968640
581726
73300
595707
973680
252994
449099
488096
6198
125307
849783
668461
919105
256972
100122
121214
250368
835466
270234
934926
170524
167340
789328
201641
95003
258447
443047
870916
174189
844827
426942
792674
575
444639
748763
340004
340711
209000
34933
399883
868399
963425
771212
530566
603389
952152
839175
373870
682701
72295
142962
401302
995830
16349
985078
608740
638607
61780
849571
854659
379166
980985
824143
651507
911212
250696
812898
461546
785596
403990
517552
24064
679642
935317
643108
45159
755315
613229
579746
169831
913030
496568
156869
113400
24394
63267
470275
27826
218259
200089
51500
537622
435545
814790
137569
974994
857411
22414
206187
866526
928093
178586
401091
352658
718564
477836
470267
13541
340960
271827
75130
453115
660466
204729
745796
405046
525389
477165
8017
460879
147128
714607
95382
145880
535309
831677
853312
758645
421679
427956
181528
96523
894964
841058
327090
733010
822544
298560
599858
374036
660290
550553
110354
353014
980693
164870
8667
740131
408055
320701
832907
728226
625458
332749
941068
263882
268821
430262
888327
67178
579313
24421
677912
864368
733148
31054
33144
366910
506103
358314
422114
211254
563893
248257
183369
709539
342467
778932
257416
798804
133201
934777
784657
236606
177817
635461
298246
101802
947898
237260
456669
616844
382284
885174
43264
649379
687251
185175
91158
673057
763992
462532
577314
656694
908252
428333
594985
41657
72877
334992
763727
907443
194574
810566
665738
332397
250291
135081
605953
642499
691537
967191
87094
186547
334378
8646
123005
251491
396404
994513
301387
732392
383467
52241
747554
712458
850093
749371
544202
341741
314431
443024
237354
739843
622854
741222
709857
962942
79868
956430
57696
197711
361137
600539
619830
995006
920737
305001
448621
852653
263778
450324
25423
792196
457996
20712
550771
287314
473400
93971
305866
929060
679987
481410
699954
500322
684010
222713
772213
900097
334749
453429
836998
794307
638189
900408
406382
575817
61019
878267
257560
437881
414215
886060
654706
421891
995350
554607
95141
824903
797881
476847
929194
430998
662988
829413
982820
681011
914832
220603
502175
786876
613697
67814
176039
58275
336511
159167
767180
735695
718523
512978
878159
445115
577635
879907
198074
230097
437655
465159
941365
717334
349855
537885
883886
301112
255485
383786
636253
636983
889731
805712
49446
135095
649988
992438
485136
701312
880348
731227
251338
834987
880787
416622
252503
847540
949709
272947
288953
77352
637234
301596
622139
861113
881359
950260
158007
631523
111320
54255
315334
390468
753418
861528
110895
631504
148895
392887
70793
390193
921178
915274
228298
659608
399915
121272
311382
910178
155378
303263
208803
699074
778394
742033
297173
921826
518615
693008
242332
364834
732269
773781
935912
344326
473888
393445
889017
864033
900767
185287
503652
523207
391188
871090
130331
66297
763992
218690
676171
385030
520040
996914
23169
951586
151666
587885
190514
592405
436170
452289
744814
770014
593015
660603
68857
399883
556241
319654
873963
763669
944685
612172
215875
354535
570261
773561
894080
151718
364025
131702
41162
882013
559320
380081
745201
13105
690669
558501
501738
878703
104975
914096
804242
388226
609080
337756
857479
638116
386137
867441
151140
426333
181354
864080
24421
479897
427280
100301
300758
83261
482860
189287
872697
309025
69853
863658
335643
143574
154166
465867
662575
565275
418526
376816
486422
894026
35192
771217
76221
571604
373887
947045
499456
543334
728226
364283
351463
514510
824527
298185
151809
536391
305949
734762
572294
51977
320962
463709
669369
811326
961014
752592
578128
33516
902557
140910
425289
121924
728616
797846
471207
749198
500364
720184
184143
825041
495015
991038
541823
818461
891021
996917
845885
111349
620988
549453
653997
130666
284552
750584
45459
570586
252366
597805
201920
55903
220847
948286
71157
721943
976893
795228
257416
362453
531901
270461
118975
683609
931034
62853
587779
335997
861452
244862
785596
210853
492977
377155
340086
531596
911205
866296
517225
74422
489197
794008
201389
687524
575193
439221
409710
47855
520916
935057
438410
998247
779923
685103
822945
516865
297075
711350
567180
252503
538870
41925
606583
445572
721610
191841
164281
903393
329049
313952
261568
14067
661085
556365
152406
187291
124443
448269
924804
744060
946404
980805
989398
590137
878353
494712
79917
767638
154744
301054
228769
732242
937531
610308
107891
255878
791354
585357
152682
994076
959364
440115
440683
168111
710751
686541
662423
381578
757852
331752
456554
314467
133047
222783
672683
657598
25804
481051
57028
572510
330469
225816
843254
541816
815969
793397
467867
47382
267414
88928
399914
971945
82050
284359
47525
647793
879462
142428
968562
271727
38480
910683
906940
12010
778700
127830
508771
700515
689940
294320
796948
952082
290790
381944
856519
157882
445745
460963
494502
593151
984880
680115
995348
394706
402771
783113
200891
722037
433649
937848
561913
559562
396542
21131
336761
620525
690433
844300
146595
583541
803612
112954
3961
672203
725172
213494
288772
801743
84562
578600
508560
295803
488477
236909
311310
183432
540825
57577
719063
784264
375063
584127
463393
714057
227288
514756
193127
810266
48088
180802
673647
981475
147871
116764
791040
820598
952291
513609
958562
432091
742580
638330
158948
785501
153609
292745
747989
452937
721180
154681
149302
145766
852069
315413
955195
254250
23156
299541
669863
887489
385733
918239
758148
855137
40112
305150
360542
763906
971583
423427
820539
209324
444594
314430
769980
101315
826590
556659
424445
322650
255195
12637
993308
81419
589683
319866
485444
19291
69314
167221
109745
873121
959385
131905
876865
988888
558788
63165
398763
669151
790972
220347
198829
460894
464789
875561
638038
642179
845326
101878
40139
316751
245385
629971
30731
730491
465159
561718
998440
543772
548765
256433
626319
852651
900399
810475
869817
488262
934694
758380
844566
490199
467270
659687
250966
366281
592257
367999
415551
931029
733462
974072
60724
506561
126508
594928
789850
417985
511354
380271
800203
356981
544262
966956
700245
126945
594150
829520
862396
226769
851097
201973
521553
623261
129140
54675
323250
887593
201523
529756
47947
711705
415058
387556
787732
750392
407831
563077
98123
480933
627654
107855
202605
69778
756960
466599
229210
553363
1988
252900
309437
942791
752804
441123
385673
204658
488144
69753
872802
900227
14649
479567
39342
88145
896381
74438
436192
900983
408956
820502
830821
873298
838743
447366
993641
952136
193158
41316
885460
959514
108845
850204
361875
642850
455348
513151
146643
701850
468468
259417
457814
365063
779024
371554
839984
848356
979848
308553
686651
319433
194759
429227
173585
418265
542567
420069
255399
988276
289307
213219
682655
103122
828550
893461
244434
327432
501734
609556
62197
713748
479440
791971
63944
851687
148726
666652
749874
692570
761051
410414
27711
53104
844129
684229
777682
520562
111953
854601
112248
658306
665990
696070
156963
767531
779833
311774
777472
54710
961260
247901
233436
777191
552788
7374
690075
969389
671028
853556
467238
565569
918918
899825
849456
494138
456597
117251
992332
423475
480017
367919
781135
303094
136683
627473
521765
220408
929239
334006
379677
776532
225965
402696
630056
699806
466841
762223
603142
113885
635414
522539
346146
916450
601422
302196
10315
623720
820007
362252
643139
665558
814573
369623
937099
52298
441774
227061
130153
61524
233144
195098
152001
630201
381081
805464
147556
502092
229896
458741
507766
996916
246668
886203
207994
919682
590033
620351
588325
708169
497757
585623
384893
231286
65900
106881
600781
810254
818916
503980
105441
772969
316343
765314
477960
448308
105316
209444
527754
401236
388897
683948
61108
474946
284101
927379
364084
202513
48540
594390
284604
269326
570478
677387
46896
311109
963048
104577
91392
18255
218712
175178
21939
904444
783311
321407
204729
128327
418043
682023
605638
692570
367261
8966
65900
967611
496441
815909
359815
938187
575219
61562
309777
190117
822060
872306
487653
808549
73646
539641
77029
262955
513407
498017
857670
798534
530999
902194
775719
853286
195810
54079
387510
590634
90884
99143
9112
274235
32421
276062
632572
797027
267121
598584
406400
546810
113157
9476
964040
492642
166406
39994
79652
96632
757318
498784
307333
701351
276243
530281
874233
206785
29324
384238
450459
810902
820395
13918
229278
859945
239504
209858
745688
579795
84024
326039
137960
178907
54770
792032
689562
871436
148775
561601
353215
633875
185
513939
255103
92588
206181
121760
718530
990771
943900
699724
792517
127697
395202
240425
437988
627228
355679
756566
72297
486982
248705
489171
418043
899928
631477
344831
782942
572823
509392
707374
345762
353619
825263
121450
551244
492091
990072
698299
262569
222233
963144
334495
434609
625431
839041
727624
134101
918216
654296
537119
26147
423620
966242
9417
615650
114272
595291
585807
654994
692682
378607
43595
989149
67713
971984
402251
972428
520639
365997
769963
399701
158697
511308
869166
560960
292885
903044
205457
618227
768772
422245
211871
581736
614264
521016
420481
283124
963007
192224
352401
437999
829713
656219
924287
588366
261870
542120
560074
365658
780303
986349
957198
146743
140578
952230
343431
5130
266453
220169
875656
66117
716321
926226
521764
480985
353058
164409
7012
632411
830864
979871
107763
458737
263866
992729
471604
502955
456684
315971
839891
191107
962706
523410
550440
469569
221993
330040
810714
963004
76109
28820
336911
349350
879231
946009
543086
8406
371433
545895
801280
147492
527016
35630
409506
14245
59897
204817
508192
760103
855480
849903
527428
364870
587777
121423
998767
525933
960800
990919
773576
171161
783370
465232
642603
428712
870071
872043
231042
16136
15374
305194
144011
380080
204396
775752
18291
225642
50230
2144
211998
200273
402196
654023
68623
430490
448564
30696
572213
991731
904930
30577
955314
640617
216667
931289
567321
757672
787367
229541
166143
309326
868006
68058
707830
496830
837113
178221
334587
300627
186068
503949
978864
283843
804547
57385
765352
275799
565736
337262
321409
318208
242841
981730
591510
541298
410635
209792
179225
920711
419564
321378
160619
772263
661202
398477
550716
597475
436246
87239
924684
32540
161871
355280
666599
78103
716017
420948
543
796957
293530
263105
95865
526412
847902
161264
167637
228163
647641
11421
506103
915248
721291
939650
458137
397107
404034
540879
8278
94688
442645
879666
981487
795010
914811
757231
547619
212847
280568
827558
891192
905557
896758
773951
706377
284241
511770
624233
953330
98036
332272
728829
531768
466468
657730
653201
755378
241238
978485
739232
908950
328317
539595
171262
329859
785168
341019
210859
493425
297542
527667
366747
106417
86186
232117
557256
54468
746877
778923
586841
971995
494731
476951
330354
883758
321
303530
653301
234396
907049
271994
120096
335734
258473
791899
318216
393498
130993
782331
109786
501695
339957
857241
380886
8323
107949
89542
306577
585906
11426
471992
634182
487448
112135
37212
763820
491761
261269
462960
227776
871409
751404
58848
387411
409942
149561
545683
955660
593252
350826
593539
954979
399534
468717
102305
597669
806125
347311
841548
711988
358700
559613
590857
339748
872717
184795
877498
374452
886425
308490
469666
11697
834057
55068
121924
117088
793972
701267
295538
722916
545488
76797
681461
816165
185298
138279
390513
719326
221710
845020
901849
190313
848815
112448
532993
841588
164238
888973
283115
95564
424753
264035
483202
358537
549984
854458
758852
626124
395726
954811
295284
683559
739298
149382
344850
552089
74093
629844
366933
432303
902522
886210
316666
456445
21898
769993
291791
864003
947123
198965
923051
413818
549686
821528
439974
499631
192731
706109
736344
831068
545789
142368
793905
738499
60724
87736
312091
755621
268032
785670
142263
463427
865928
56149
513732
964657
380937
216153
402136
241948
838057
150071
937850
898080
171224
802100
898250
617957
581726
456522
912054
202353
222448
601084
381025
220403
919966
915774
231072
495078
68193
336993
361542
621898
594173
4765
561224
544094
923995
454830
992037
135355
390796
287833
670472
902981
739381
763599
584562
864143
798853
39295
45516
226721
819907
61117
52300
730510
99249
928680
925773
822114
345655
468025
826064
126887
480837
761957
973320
66139
117971
112078
57089
497679
11917
281439
407069
84182
30866
242170
162279
637049
677267
843542
111659
535263
689727
969195
30229
207475
98935
41199
708713
918433
118930
179296
846821
219166
796386
708174
616515
760383
401589
457031
330200
281810
437826
706796
34958
584489
26098
257416
27146
839638
442228
600678
738265
58992
507444
974054
789885
662992
457866
77442
86003
883450
901938
352154
655430
883894
263539
940375
699829
642449
265767
605536
128807
512714
256372
227061
485902
387335
768148
79280
603782
663869
769524
82762
961440
222783
669528
797821
609976
658266
46824
411383
288167
47411
853286
642103
509855
174428
139663
434672
73213
553070
105091
350764
411828
220024
865241
861377
303346
644801
352244
811863
257981
240120
207624
27324
224682
501936
368016
775592
848798
341513
613198
51977
133932
863914
115840
437842
677719
251463
534232
873157
792898
79131
374036
321827
178291
569125
337103
355858
220628
47855
648689
163287
598942
808400
409197
716339
790740
145269
320287
471548
158948
966373
630649
808134
755443
145723
518163
648308
870322
966207
447537
541273
299243
225956
858118
427806
839041
938276
645113
767997
392867
67880
677325
393379
333644
159258
440458
609640
560303
497738
197647
704028
591165
455894
130784
143522
343359
416016
63004
224631
620573
477687
766114
737007
617692
235758
329527
321608
919815
139639
237004
85863
578097
447206
346323
820412
357146
905034
924322
527945
300765
719659
151440
638001
601340
221480
630544
147091
916762
734028
394298
863641
411270
682870
485836
936612
657828
209383
869295
892053
747170
26463
336916
42017
641339
532071
207935
735274
20499
797906
171791
971522
833518
512045
375726
433218
372974
632914
873431
849858
872058
834592
943420
791670
31451
559562
1513
883837
915927
338613
428617
271008
761191
449643
474725
694376
714932
378820
322643
783899
43251
605797
36701
227653
673385
775531
433352
664007
358974
169439
325535
970040
881299
740881
146212
957049
859429
867214
792144
712846
369643
842260
279693
753575
858112
873367
37046
400533
136352
139663
73962
560996
271952
114292
497413
902473
538255
947132
965660
391182
517971
555933
183552
544668
9016
902105
298513
414351
678258
466434
241973
398497
142657
70588
185661
260571
604458
978983
552912
100329
599185
577447
219674
717656
874086
473039
49381
531027
238348
820519
176779
609866
134143
899800
328614
175574
285882
688018
760182
383453
965630
548319
602780
267089
752205
704153
161890
568019
196273
344727
348563
568014
223567
632511
130277
936102
976527
847011
941307
992686
796309
654323
376821
279097
920643
870732
840499
45513
827914
232497
747460
625593
279525
514692
127365
499953
547909
566626
622092
496590
55077
818450
320952
995483
646788
424561
376370
971103
221561
889377
542294
938924
191565
466469
184544
613574
795195
740868
620043
709276
703100
45071
258560
682710
755084
307049
822699
797831
187568
660365
340659
820774
735586
493747
819056
666669
308553
866597
538160
228003
149109
511587
724940
441339
46963
144108
297103
879026
127996
185906
879946
331662
453138
917945
621115
168142
722549
345048
499087
837607
35267
825845
262611
873271
664163
934416
123636
652811
705645
128341
928258
482150
601228
785437
853530
843532
27173
559452
524356
516022
802072
327266
459236
758506
740863
301499
552569
316291
300042
418265
719249
859286
791061
439434
138704
477772
371309
557620
991549
100885
700249
464535
855585
143439
471669
477334
104809
968361
222404
679283
942725
298411
56072
973033
96096
136250
765297
410860
530423
143902
418181
531791
592064
396355
892783
979149
306753
649717
786104
603517
213766
879925
706579
696101
839018
953577
930628
767457
162707
345566
309443
835140
460771
681012
747316
962570
654961
337030
953809
69133
73510
387615
407883
360358
84911
181897
393205
689398
470738
618570
665391
561678
202021
607996
989732
406382
641914
908677
155708
35726
760631
693689
460703
125437
163769
566965
582763
700509
482797
61386
838401
865729
860768
414586
858112
965069
787367
107303
176851
691212
412241
172051
644185
772035
667016
203333
104293
918239
173814
399065
699733
100482
860919
310273
572489
27833
826930
458737
688731
365122
400301
548863
784572
149029
174207
56072
758996
818893
54320
605326
212762
876677
681012
128549
743415
798593
715903
451973
191842
67054
281182
413324
7180
498453
722334
969905
46643
374220
73002
641372
274341
450771
982166
397838
317732
724386
189155
798919
590303
384225
306135
183634
73252
549219
996464
118628
612651
242858
868040
512619
44499
904547
257597
22691
718055
721312
452274
900781
795388
258104
90825
460111
306974
48876
637572
227682
629938
320678
527573
472398
25741
978546
920496
66482
592475
410056
203798
208295
422900
856145
897106
541766
709167
423821
662111
420461
524929
173862
662888
383088
613687
345436
819311
98460
16091
129569
230925
62903
358714
801839
86871
970692
109541
705628
458387
325618
250846
789651
510614
313007
150086
473978
733977
215656
915532
768625
798548
757194
75021
433604
73240
963446
413867
195243
659678
771285
906531
930952
188301
50041
562245
255605
33553
934461
93489
973500
803377
442419
258475
78778
600803
879323
565396
28390
39365
471492
671269
255500
207853
872161
691756
669440
313756
905940
841272
994676
419421
704940
770607
326782
10914
167604
663262
922249
603066
233744
238283
642002
125111
596926
759986
227961
685742
539709
172333
681707
769519
680978
5638
779271
858591
657964
251527
736344
638523
336444
633632
464201
92689
510730
255792
717562
202163
296295
653403
330080
130295
501397
513629
738513
78531
472961
492289
165693
633037
987351
888327
609192
967948
778762
484590
577521
663869
963018
485985
261437
704584
628851
251927
532406
443643
833233
16403
971294
967558
385733
82630
247795
828586
787660
201249
684072
591471
53843
27533
103846
525841
177170
703458
765065
584713
197447
899118
659757
968787
614776
973805
536638
43289
401246
50399
739378
847252
535841
765266
117376
788316
135568
939410
486770
76332
348737
160758
303222
837885
771370
909553
985978
247385
916377
968789
445986
559160
67992
416016
708540
347081
529427
668957
978359
175885
656333
21816
153510
759310
860011
240499
45396
765796
387752
545478
417256
572213
116238
350085
310702
700041
459080
751565
730804
683468
898130
777808
834835
33845
64329
369674
265711
252527
140891
686924
74947
904906
453759
956967
364916
764876
295629
180267
870775
878719
406841
976872
273962
286117
310144
666765
327304
47210
403588
225255
345039
390970
751641
383088
102464
976193
432059
220403
101697
788798
965672
928888
763099
750089
16575
156674
321181
803958
668173
71535
227221
300067
834063
423796
706283
868107
430371
951251
149070
453086
222974
225013
597414
108249
556734
851525
471243
749086
542518
233602
962572
461386
950948
279263
249053
46079
655631
870439
374220
140836
675776
957266
255902
427172
287842
412563
127610
647401
620758
514865
572298
887780
137947
879354
910191
591475
24093
718218
779691
404952
1386
953148
157276
614190
947724
826575
965308
227448
290268
791452
399716
645364
800599
355547
147333
483083
209235
741824
4915
970598
248756
209131
259929
60955
461205
965084
342751
426808
371837
568714
16286
353306
479811
829869
488271
312632
874069
503510
350826
873991
641957
31819
577683
615722
728814
167160
594968
92811
718847
206625
453766
308419
174793
987341
534973
56636
888200
586615
434727
856489
360496
608954
334732
931386
872533
158733
5707
790923
942123
305150
929174
43873
877423
528524
305542
860669
49403
926785
396581
430408
53035
388370
284394
579551
537222
884175
973568
913347
61562
844718
397993
196013
887016
614355
894228
475425
19818
691958
491659
846491
884976
258090
718970
845230
363015
512395
249052
408775
485667
713081
227180
548250
128548
281780
890747
616583
515039
846833
967815
538228
996176
238490
946060
15102
554512
840320
861113
751874
799011
110131
493819
879600
764876
66477
563404
980095
862482
442250
118521
764453
434008
260724
304264
25312
80239
720374
358690
553202
58301
642103
44805
134159
129033
211527
468168
340953
425631
243741
985266
280183
689571
721868
121516
34735
273386
105636
330054
22531
659688
444788
564822
264643
536004
259258
741164
818379
922668
656515
964966
707064
783886
536811
768249
679804
955031
430265
175200
651790
456003
882877
346007
269675
656934
649409
229704
40466
167742
185718
531596
14245
27365
579384
536734
392246
553101
140764
440729
50938
88711
523076
473606
297062
962841
960460
651014
593948
160415
195787
987507
371201
351613
967107
995652
798517
178794
950074
11972
792214
517294
651186
714319
952013
571105
264894
407433
368150
342681
320815
915774
624083
801037
39597
707231
136391
661575
219512
805375
609040
964983
488175
388702
507848
124441
493346
564716
694779
223556
91063
39364
979368
379917
74591
141300
808251
475482
454854
928497
643259
626186
942774
860328
769965
883796
793862
228505
387905
460703
569218
624658
944069
210761
561065
138404
189587
785590
123546
884005
648787
962570
165892
636358
702784
750868
669678
596433
816828
340987
28150
365957
916769
6650
479493
702009
596735
904406
503052
712
977688
133462
681291
116776
442526
658888
76243
618570
705589
37721
513381
224621
443984
233853
891023
695642
553142
342814
451536
167532
663483
630537
910814
703515
186231
293177
271580
324010
358164
985347
404329
151336
835886
365240
695189
596115
461107
191746
393878
137673
465647
928893
265849
62496
956254
482506
976642
210643
626019
842283
903257
987331
803196
739364
990000
75814
249425
402585
844086
685611
691682
929749
955677
539837
181211
737130
867175
670760
66193
166504
787388
159609
980985
496253
968372
136669
607215
542570
730088
650059
108058
67569
665821
363265
22809
558868
869376
795401
180245
652501
279957
239517
585277
984573
190821
897290
673460
673978
350277
525250
969897
746861
400962
272757
560471
121994
465988
973201
751297
3217
192280
341758
376514
986166
734334
15693
992052
175238
474422
965570
494162
910696
474254
311823
146982
33035
532934
18782
391383
890159
983884
614969
129846
768915
665811
982087
802537
865472
670413
990076
908337
595736
832842
562161
525705
964922
128067
506308
470203
624425
407828
309866
202326
94734
697552
777279
84979
560585
378413
948060
80204
227109
247609
651871
319526
306000
117139
915697
377336
440796
373033
810309
854677
358700
967075
912970
758141
270046
41721
706827
929889
613915
668308
691548
759026
842242
651300
832291
659757
609788
432372
446316
803883
68440
928843
872043
553253
835723
671677
152288
638906
323868
629198
416682
603435
411574
749115
48549
69678
118601
918647
464422
834571
274752
972967
684515
370754
769408
767325
206211
638232
570230
627796
480837
527184
681042
200429
762111
276410
200157
530381
707945
328354
36088
163004
424381
255078
479223
794180
932406
925299
228990
373925
886210
948472
332234
824796
393272
832298
239447
77554
646574
755659
134208
588694
164547
817835
910390
652667
366506
596222
188290
734163
30130
208119
569510
139291
362164
677491
247136
184029
328892
100335
254231
576439
110278
509726
960742
452360
334077
100830
753411
545992
374017
526173
661526
792369
596222
200387
855539
290702
219372
959554
601721
993440
666906
887914
227602
414069
401576
505118
935166
578581
655926
543135
103965
668338
992756
348949
668019
220722
137466
394522
485344
951033
500677
349107
591042
725380
628833
337970
359178
197203
803252
412978
535746
889528
636564
600287
42372
725136
84810
999610
974741
337128
868794
275155
677941
793330
215860
515131
417734
810547
564752
278105
496797
843034
939882
389203
670136
92089
946946
125803
708599
275283
490697
191993
715316
852676
312189
252653
464252
506013
82292
104255
997212
564363
350153
683499
384848
789995
401235
509391
947433
257341
20022
386725
720364
945844
784828
41875
346289
773574
925247
249382
382785
569192
707859
780940
253889
187431
980451
688449
179107
823043
766595
623235
871955
532466
456484
399778
107102
591976
2154
212904
293931
163085
818687
943790
837961
552125
33284
49381
368860
507016
481277
188368
152031
648127
396662
835937
573917
372112
463943
24007
367805
217402
594148
162812
98695
818733
229443
159689
207538
320170
799934
350256
568724
968949
610238
770945
578162
135196
393468
894385
910331
64493
758780
810851
793714
744120
627462
217852
266121
354814
452934
473544
654928
824874
821802
943337
554323
873570
965925
981945
419701
539411
677676
992976
230917
914364
849012
151333
453766
665391
817686
442451
346621
655153
717808
902001
946603
797436
602559
90396
259746
653906
636928
170524
495788
864976
749456
137923
907616
984032
127273
332231
527573
653458
691130
839457
448065
599858
123457
148754
689268
728956
421763
613531
980182
122315
967619
444829
335119
984146
858859
783731
745230
637415
29066
327540
251985
380079
106625
291627
851839
967685
567286
233820
84096
38622
490173
155307
448502
631486
55815
927034
224408
19667
820185
272233
460325
969280
35946
699406
916434
503330
945898
843637
359976
324023
784102
52346
746380
4250
984995
60806
499385
762186
292500
236909
23154
96915
710440
95442
234704
29941
358187
526993
552190
464211
731688
706323
912994
926474
543022
351491
734373
474495
969805
66520
695586
96150
498440
429925
729312
59897
75165
630459
145684
267976
982707
552171
230426
42790
342640
814797
816478
863330
286032
717946
498765
485155
940302
217671
556118
135162
770991
202
546970
666839
12455
634000
628309
852369
677367
254765
562988
517159
601142
821142
236149
645325
333067
153214
29150
469801
201810
256005
754090
835010
496722
611958
550175
496585
129443
998333
964933
61999
801416
222975
934676
243905
629312
609155
295773
118228
277807
121596
550175
819602
353046
517729
171089
999048
313782
356035
606896
547966
146421
326276
687390
538680
500612
985641
182474
325923
973347
489578
335909
173741
743961
501650
569733
77940
782689
27594
232363
125558
449507
363015
725622
167736
533770
590958
818730
241691
724976
490349
497673
261072
773234
320678
541373
174189
822941
371015
119462
363333
449695
719840
466293
21090
366506
600477
223103
56500
915739
176744
308500
295705
107465
366810
841606
602736
489418
430688
603307
265236
739867
300501
886181
344356
911083
882447
398385
979360
13617
903690
442993
28860
904499
199711
421857
366951
562575
602327
486932
811458
474316
169302
484325
708497
676528
107690
97544
112483
921754
492180
970964
1827
496997
55032
970226
591461
321368
665651
287638
773122
981768
158748
660290
863135
16263
685450
725123
941401
183397
743782
87921
277429
950561
990309
772904
890301
65433
499055
837693
169251
327125
608197
436994
437475
366613
732454
696420
507652
369748
126031
219740
526631
395857
557620
61886
582934
981760
403938
57463
314438
772550
18954
805815
633685
898009
415297
198849
467994
99999
128276
684234
560817
365986
193706
995479
666317
968835
485196
885558
369141
219562
277509
275229
246624
397660
963187
171379
767553
543695
151489
624745
397959
592647
477635
501265
576909
363024
448349
569533
325529
361511
175586
338356
420461
329438
648389
958558
251973
887810
560701
19530
837801
339555
952472
538077
246108
806723
381972
683329
697033
839072
516209
785145
202649
469828
40253
688416
40789
389389
741642
637277
403617
715878
682549
52028
228769
426986
941603
870237
884073
596183
609761
103459
692315
312673
524922
270965
985907
38512
467759
402829
652100
381739
592264
774515
92202
661413
451000
412640
384756
890477
376462
34308
70572
899435
150954
633289
771248
190722
310959
150855
850884
927767
872328
16575
956767
549746
648997
74870
272475
836316
907402
805984
625625
498747
946954
205862
448038
777263
434686
930844
776771
406415
216479
217736
425425
309268
155740
693799
980078
733882
21450
818328
45199
454084
252473
831383
284642
306097
765390
329888
717056
71504
775576
20390
696829
344854
303688
707539
301431
812931
404008
336720
744570
924329
44808
73749
646581
710366
130468
370590
532161
645527
772067
915234
716619
430997
836646
87373
395875
181067
273860
824776
183705
498105
134048
370777
955173
85053
945076
247114
96988
299313
203310
432867
170426
461707
169502
842216
337192
409798
102390
592606
562463
628013
918140
906581
560407
829821
570101
271311
475212
625903
222333
256049
101811
356818
539817
846855
921923
614109
989033
188276
378177
213620
968907
625369
642109
668308
792804
504324
243870
105202
253044
791310
49677
171459
728628
11968
825810
706067
574781
650581
73727
784845
65263
581545
235022
687289
386945
654654
502757
61999
138134
411267
810734
312373
454956
349862
638360
591078
788125
692745
97109
719236
412811
352886
988308
314370
497738
285721
342837
228585
258252
488975
168096
345762
729204
585824
339834
439178
151774
570798
160982
178523
551638
236815
950560
39944
851512
480524
306910
381360
704094
766127
357439
361703
421345
685778
656554
751881
520760
42808
296030
359816
880087
906502
341956
161582
792045
400707
542903
684857
20550
348492
502443
936221
488105
830309
427694
207243
725937
438075
182420
309424
440581
101338
545949
54301
516196
669129
313996
275434
648578
400222
412564
579243
4464
132040
747573
325353
360672
583249
546184
405636
464600
13970
870997
834006
366803
159378
918839
495989
566418
83855
129542
332271
525538
171980
205022
449751
37173
104089
167733
287818
797013
901517
943941
353597
175351
516380
409387
412468
290901
46020
189489
997400
398444
888386
727901
649421
498757
139687
980110
749098
188031
581815
787950
605888
573632
977284
582075
390487
232256
644509
994665
966856
765758
161647
119748
94623
399478
895853
51425
126737
791488
357336
615822
524968
365997
775035
383262
784113
185338
663134
771217
933450
479632
80594
30516
273272
209521
413574
490396
479550
747090
519235
865608
909257
541355
402791
762051
449021
755605
55493
9587
698892
157500
467125
201195
525262
985408
269418
597282
427176
143713
399707
136133
893189
622126
374910
806063
790125
18093
903775
361143
40861
904498
526796
159501
439803
220905
714694
11410
278580
275912
837294
997419
890871
670668
727525
293923
537227
59335
193438
898764
305741
961797
714536
615747
555950
744100
267908
673558
59237
141833
171089
357570
647513
161007
513736
98751
692835
478628
185208
945374
367079
243250
317996
66228
370332
783764
996271
634111
782358
745686
556728
657570
766221
339432
407424
620950
600242
979558
449429
544789
360006
689181
598661
799667
711779
745766
471041
681876
241972
451552
600208
245939
404481
105568
933905
641762
572784
576268
5672
805919
441406
212770
271172
531582
784014
41831
182187
275649
319299
490656
693645
538831
762761
865610
805417
20682
240160
197391
698299
138983
53200
589287
6298
115244
933782
908694
687884
885419
995484
443198
562224
510861
177277
968101
907032
473036
951372
218822
364674
459584
506513
695324
485362
320600
41274
231249
54890
227163
87845
373953
744581
632515
273197
952361
595575
370394
937552
816454
770870
155018
669606
544202
175983
787688
664941
184921
762179
2399
87859
271055
335252
918767
167704
737609
206272
164136
10285
93265
551594
774017
727295
487432
299345
367805
10324
284974
402562
300028
411418
837484
51775
823054
78054
156295
516858
102879
524108
842860
833566
456956
362013
808797
667578
160051
67895
566930
515111
318485
366313
971182
579921
276794
937254
839020
327038
124009
378089
40558
751308
732220
637895
497925
516811
352298
481658
262072
626747
929003
501390
605269
552627
161910
578530
562253
644848
235560
35863
715716
968495
734963
572484
920271
195110
118111
15409
962744
276229
811383
869718
69568
385673
461378
761257
834673
770462
172580
810399
436170
572873
976232
246966
105617
559918
917628
188310
730466
883582
951502
968297
64864
640108
646354
784388
197402
300356
839891
474772
999356
206820
716784
354191
248514
836985
832775
539720
251051
817420
59479
663339
352795
380669
889280
931355
262571
654293
305112
588527
617206
246557
846700
702645
428663
687218
885315
511399
406060
776864
534504
62608
699634
634614
899722
785145
467552
46821
394649
230087
739034
804850
793862
391521
902334
213709
107690
189534
66849
706599
167221
393682
231900
438559
621894
150288
117702
505001
519356
372734
210643
674356
736532
751062
978983
218852
463942
178790
44367
288790
664711
598787
434525
981780
851110
939949
613531
660453
658991
877761
871519
417824
695934
274813
943964
485941
861981
29046
560435
61150
903274
877590
854438
75347
707479
539775
708191
815515
686620
516032
932636
543484
984198
488782
694229
437267
806718
965349
466402
701720
966262
896248
743058
821819
669516
680489
269335
236123
666258
633125
329330
474279
873785
522756
559495
432297
122346
692308
119008
958086
307013
120802
864887
737147
404750
362175
770603
95551
770796
75904
112248
651011
107861
821296
758148
136383
990042
92588
576818
899879
380207
502866
432094
258089
46509
930153
251982
251964
621579
964253
448101
221544
865016
217251
157531
938677
330492
35901
996738
712628
58454
664778
468055
662118
862651
67467
171616
36612
312983
696780
661651
6202
37460
614214
281219
218021
782458
982402
68894
955369
565034
661037
805599
764985
304522
813346
736740
81954
353245
891749
710470
149889
726023
107962
380418
500241
501716
215226
529378
359619
42337
309916
840559
247630
328241
466153
203333
999725
326617
634245
737159
45705
999107
942059
241482
242552
328934
194730
722342
758903
331282
457666
581400
211019
614697
480400
276004
65197
670159
910154
266102
769524
83685
223368
528592
922835
956536
511309
711327
558440
810095
125338
708829
66811
610257
515162
839535
17469
371878
599500
256518
853799
652784
985137
654397
851495
45269
428126
185241
887173
520893
53420
798468
23823
630530
172985
554165
272701
205003
426043
281820
55903
910374
900491
355006
43579
917758
278047
334060
811174
794331
378942
303127
367669
991291
109045
389068
959186
112194
290389
723376
776272
757217
586938
933721
554316
220150
830019
856026
535047
717041
839502
100398
935881
83281
927065
15308
395009
574033
312091
254121
652771
777926
54090
970363
355696
62833
563465
681173
266788
396895
524248
465502
835645
899348
892783
353278
128718
103792
653420
924935
22131
279619
398592
608350
130858
951900
787443
365075
215008
154024
873265
698419
879483
177978
70054
301717
546254
476572
742153
809877
110742
