155072
564566
669160
75331
243388
995441
118816
262523
974565
336780
435124
50144
773809
432650
633477
962458
302390
858077
173431
213475
354033
545097
420287
734022
805119
7209
229867
497773
950383
976119
308268
416309
780229
619651
374847
674925
524652
773900
269057
103819
344955
711859
44236
724524
962003
725993
41695
699498
286538
309017
19422
879769
492075
313310
870011
57535
912675
244140
823465
488989
330871
881671
153675
953428
150055
416291
451887
350140
915481
325019
257712
756890
945539
457644
148241
689060
417399
767
19611
335054
515750
923918
72475
654877
241525
671655
832928
823530
481439
453472
427318
504378
115356
722126
322428
764274
994422
26552
647721
206393
796966
505485
335552
821325
363942
614134
912746
958050
838337
588550
878810
975674
423433
169170
640745
320264
245704
634838
94816
636505
646259
972631
206968
563292
663071
188825
907626
728006
671254
592119
404958
633015
522014
674883
892860
721043
791651
334122
403621
545535
554141
778649
498191
405929
143806
583048
796141
619943
361727
61754
347472
939559
752537
905469
907585
760507
923517
689152
884921
71897
186081
676143
653305
904378
659307
208315
118117
298840
867857
636814
930455
649858
691807
43033
164622
729386
486592
545703
821084
960546
20031
212193
512243
214309
823731
635902
869182
970177
684649
186264
596114
618544
934002
933217
388348
630644
228818
114722
23276
217963
113435
918532
901004
954988
807750
830732
800301
853820
480685
430712
713108
278598
440512
266565
594685
676638
806600
640050
323518
177914
210355
178971
262972
919927
790172
911908
29931
396243
499671
941940
842645
307025
957895
499461
879161
543193
128501
977214
275528
407278
699541
631879
384736
277397
852188
489901
630020
908303
16288
117347
312942
874115
675442
211256
828948
415805
267560
62987
756245
867462
525389
867020
942714
181240
431114
181593
804149
587928
372053
637193
626660
310023
75240
741455
532339
830054
494946
340830
895656
12748
80368
533991
638533
616337
738557
700282
897462
845973
50019
427845
536815
179418
697184
601444
158083
130827
607741
970177
794914
455658
580446
185289
890861
486927
400511
987543
731770
445364
373869
489528
261834
993283
99809
138431
955812
858931
606788
843006
126117
422141
821506
875982
289030
542817
97048
191755
17721
257177
528506
856453
518282
245932
16151
773732
705535
299861
781083
605213
835928
203110
504257
921581
513165
572075
15292
977127
865811
456812
79192
587915
406500
409157
571827
599064
179635
38645
366788
768868
809102
214691
361855
906029
459311
341464
534431
239233
150587
233485
38264
404003
521257
28089
94993
389240
789739
529057
227653
611183
979706
661565
593062
619081
749309
942218
780445
533693
631917
302148
695558
247124
5806
181882
213710
372218
238807
876852
325656
914102
477182
356688
510956
597999
491311
976715
996236
794370
747515
518125
718482
626940
329447
429697
691896
108445
40380
906773
307667
815020
717340
165811
879865
777082
723566
575349
223624
254546
102862
161085
48566
745814
241949
390787
148278
273276
114902
74316
545544
304646
92131
151797
676357
159340
771598
681535
442156
230700
120537
734314
190909
164594
836168
411418
853741
130615
463147
950741
173348
186590
248093
890735
828341
842614
952870
654699
854941
506129
233876
149502
689132
484190
812496
427744
481207
251552
735413
662544
194056
550779
20234
435753
18381
101914
478113
89541
436383
100425
866279
721966
552120
526746
315865
171482
619102
745110
355529
795570
484619
62234
909430
733835
578442
754292
997850
628117
205867
119537
533171
434148
922556
681348
188105
434262
484177
962457
251122
166390
879497
76933
647287
587412
441404
189352
477691
642515
67767
21023
145793
530025
756675
978994
754934
679728
200078
764263
836980
704799
675992
462276
232271
592563
207081
234457
736379
784920
749265
451000
619865
370860
158920
697977
866609
577709
83269
165355
577271
528505
985682
723862
37996
31239
502867
524642
705633
834353
79206
726659
139956
739209
692240
769476
512324
873424
129484
614893
970652
446046
946273
205253
632667
513605
963840
164375
544548
575994
784178
567666
878
719713
663936
416071
96213
562506
304471
117668
164099
519239
700917
760905
403082
884966
474160
858397
931898
742025
214583
514612
92093
872725
479656
643935
969084
320692
212804
827167
129900
24014
63290
968531
107007
171096
717860
242252
653912
51433
796070
504619
884581
7102
581436
252330
581993
844835
351579
193496
951961
542175
719226
644785
163868
705172
829012
719146
887099
884867
771738
443911
837775
401392
163955
723800
461577
455580
205347
793708
987040
767147
509571
435115
136813
597763
301605
50852
410394
147390
675670
435070
962354
841798
804896
918353
977313
243361
728660
7568
189439
141277
272720
201625
903912
248698
558493
631062
566003
443467
618888
31140
469580
528041
138133
846005
276868
876325
335189
148331
492106
954332
934259
560826
597820
990316
338346
293750
21172
62065
662862
493229
375719
469492
141505
142571
545337
288884
21468
70651
859358
872300
589878
129660
717592
784550
628269
743479
809723
571780
476921
62744
968006
837231
399969
862472
606314
208385
151019
875046
167039
581625
935711
909716
93121
946384
490808
816589
426243
997277
146071
764263
167207
4547
699937
194588
473355
713004
7979
568736
933558
307686
887235
435045
38422
351468
658757
34880
329289
484719
236128
133363
651520
11436
326081
886246
530112
69262
771765
752188
498325
100881
337308
348765
841383
85744
226281
88264
314631
863558
411612
16318
708893
738414
290172
740459
250773
374937
862478
915997
689623
528682
282396
997648
745183
152349
740069
892506
710588
834021
581694
94918
758743
282996
793575
703103
23767
504998
367756
609080
418707
760694
188673
468846
532774
201450
908409
500888
688995
529044
483504
363820
174552
200210
526313
974882
995905
946026
649597
994099
752626
776310
293992
678151
675012
641944
912274
447504
753817
210827
248682
582713
750850
688555
967909
546525
935283
727
163823
778842
481339
610212
282575
979092
776079
12661
758560
171283
285892
904740
639197
780166
956509
450586
273424
713292
541793
742039
184745
955155
118207
728536
663846
773386
409105
222143
893147
985084
559977
746731
60709
199491
341923
607776
292907
217417
630821
36735
744712
347796
503150
724180
466040
250782
658119
252023
378980
544009
133140
912213
756588
805687
454266
295641
583835
885579
488069
311079
894537
385531
342694
127031
635902
217654
62118
998375
140745
303810
352687
462434
477920
596292
407966
158687
526335
338321
240886
747080
150203
359352
149226
242647
712184
404707
401545
962686
224863
15940
824797
506367
233309
381411
217047
413776
643515
377262
501777
591791
647410
718700
544078
498503
487906
17764
640267
529105
509595
704014
462056
939343
825694
930890
929668
540323
906872
565549
391844
829828
236253
801822
533014
597044
865599
755624
627092
761668
652515
235808
898437
518837
559704
417745
364239
474656
573493
580188
513337
510129
802785
210593
242578
194527
263989
541231
228174
633927
528287
226623
91026
587479
408188
32920
298521
846219
82377
684739
790015
755690
722028
331829
82217
759944
533954
572375
700069
932111
256544
651128
525429
520639
57193
685252
80821
27369
833191
724169
979249
307826
702348
342895
483732
909941
116909
414102
945617
802916
408105
717271
290916
31748
782798
421049
820553
55898
642143
831293
735053
914777
390527
716426
208209
905755
616620
744320
126595
345134
899965
241402
815020
873719
965874
648298
546074
288305
218610
989214
200412
543928
827889
546829
458175
465814
191778
400277
612571
943707
803842
96882
25995
466613
736237
866201
573384
408270
672989
314497
889002
323478
387583
275687
81336
718177
710787
233294
780615
245527
394044
696402
516969
632584
53094
902659
411497
22885
734214
159798
115262
212287
606852
992855
61606
972634
909850
883711
959755
263360
941257
266685
840001
509928
231581
342636
881686
889261
15938
293908
562056
720871
249015
886065
181463
373749
16580
831767
971866
439874
151562
217878
616179
899811
278305
419534
553009
351677
114155
545587
342308
219614
344221
213470
309561
153626
855783
182308
990297
798758
888941
338879
684715
517299
768203
375517
165772
158462
894613
538788
454495
131927
173523
67958
961734
843191
229759
682963
530441
232158
706714
675438
714879
748611
645174
428196
283749
494898
935136
624993
910331
93711
783652
230079
980361
797766
221154
977704
43578
225151
358580
979899
295137
10503
570785
655389
191854
693559
192790
682919
742200
602764
802289
565472
902209
295798
65103
352870
742574
3437
998173
366527
141919
709828
926535
549412
504278
835193
885995
916183
31790
382160
412144
393822
499272
260282
296509
638399
63884
56785
38324
506691
418541
15673
235640
304616
762290
177296
32470
32770
137331
56044
121395
330352
977934
661742
785653
841677
802525
328609
67359
123994
76169
40534
306379
691434
140148
392060
447144
643765
900950
620507
455922
943561
916258
905643
396142
312126
434380
653344
232536
781696
376331
21861
898159
843949
884223
106961
478182
364196
243788
379157
932927
550261
285412
309382
193611
221483
978075
158875
488988
458617
481137
705594
299780
574497
859058
469793
353037
473144
297756
342450
96800
114931
141736
264553
791461
976752
682395
976479
150681
853262
844296
351160
987365
525654
568046
173020
266960
604799
707306
421252
599590
590154
763493
285385
428822
143893
776772
844949
259551
879311
336413
586366
642848
370528
220622
978463
794566
122337
721120
290841
725375
744569
502781
684950
443065
94870
464028
673663
108610
613876
454981
68465
286700
158035
980850
700034
22387
752004
323038
994228
662980
960080
242902
891739
316925
243317
18968
935274
708890
996657
150639
666017
783983
519624
838752
560133
420196
820295
239573
897212
993656
392468
312745
625687
379002
291198
591506
220218
511430
65843
27584
511191
250578
378556
976389
976373
599071
82813
516856
778825
996573
536821
463730
462747
144476
478280
515324
505731
429227
730713
763827
432460
933873
406067
161457
303073
878945
308381
877971
549931
17610
610424
108867
151890
458552
519767
148647
921491
559563
807770
270727
286898
164613
412101
386229
721727
175553
969635
671082
265010
886277
2230
937294
497583
43143
176200
787497
952980
6696
611979
948633
292524
22282
797779
786804
295525
472609
251740
793575
553819
594836
530257
816292
486149
53789
261992
755527
313358
736308
265699
68163
24092
301873
821728
10973
817924
941797
88110
155713
652606
19422
193609
610632
537796
593712
366693
884214
301364
836239
713198
204781
817038
777572
749577
496167
608394
768674
428515
521861
6813
710946
721833
13925
249120
132560
783746
531889
236194
27068
317962
496419
5225
770831
32650
734023
236503
598770
685912
656510
206890
177157
236131
953950
9893
59514
28134
777262
58683
310217
233681
873656
404878
536296
633659
667763
930436
258030
219913
194702
219305
274929
905822
442602
684971
19265
558610
721658
295700
407389
76885
140045
96187
199169
725187
115750
633684
854099
187998
418949
152767
580496
832158
869219
134269
755812
368819
277723
350537
334374
748792
513688
340761
26194
128256
379720
499525
133423
377976
699423
482250
46399
155910
769436
812250
58035
621560
827607
918007
362423
991384
561357
975500
33402
283503
327544
175120
885753
966278
436807
474731
344322
618852
64531
842475
798438
766269
202490
590546
201311
889827
18488
532212
306581
418270
379619
462778
928797
686256
726080
783597
295224
474506
400916
857721
498967
919376
878876
579204
164838
201694
977205
260583
17594
356094
57355
806205
523307
876399
95333
836155
882481
684375
964771
55604
471509
846059
290439
961455
212963
544630
445162
447609
237944
175351
477599
416898
718499
205438
287116
926176
891790
931877
47380
402711
367283
349957
726632
461331
808631
316489
26219
80186
878962
292946
850764
871580
816507
115999
720226
444630
385740
34530
71255
161339
473761
415917
655542
6774
788016
701264
291191
184047
291109
125809
780296
343745
485099
171129
649548
181976
841953
876726
522734
945123
232160
737874
832127
61572
487621
578407
520244
638820
499477
798832
888028
74208
454384
384367
859736
495441
728314
644745
669303
57137
819592
969912
941034
422487
433124
343248
602650
782152
60833
944525
888837
761085
368511
93837
667805
128213
957463
312442
467164
119325
294270
354393
746334
152700
712426
758644
737843
143544
602826
957466
169842
612343
774133
338535
253852
82504
722158
288472
962828
331902
184320
703626
103520
628714
910048
700080
951306
315150
548703
470267
156106
902300
58524
132490
873684
711032
168529
742913
618676
192404
29389
576781
719222
777280
894821
847089
787309
671256
471464
88130
391684
664929
709619
355912
489624
447947
343557
722820
984048
413821
945548
73871
748210
382086
195335
182104
314409
317876
412946
354924
829112
971982
698972
564080
270452
251247
529648
433999
539619
34806
28645
420483
230661
157251
208376
598106
762784
116001
576735
246847
343365
630508
487746
171771
58634
183369
345311
631917
395546
562755
708500
852801
704031
748709
421227
513337
745724
667063
67204
593331
746007
327424
124085
977679
233477
14584
697991
147454
220867
63123
287935
803340
285631
356179
309149
830876
348144
506851
173181
439378
106222
559540
130741
232545
31633
940863
775353
790638
189719
676583
786917
535393
19010
919066
873410
981247
671806
131914
986677
366829
668286
705562
681004
592847
899804
518830
343627
719021
628510
381632
717020
515431
178496
433263
735369
489472
338358
869113
464448
578818
974541
409045
165107
859000
256710
410089
13384
687154
694081
596684
425117
797977
940978
822873
654432
77598
847764
630376
568634
539943
904125
405457
119916
659854
511315
323409
332272
349499
236533
345467
113889
587800
550860
783306
818645
939441
805276
346645
762793
990040
153394
743211
307519
395646
561526
209330
310157
282648
754608
90503
966375
490232
998015
454981
434543
892114
748438
879865
118207
541148
613372
701484
28124
970557
114166
264936
450586
538889
763311
750083
329222
765488
821013
38594
856936
717693
804719
28818
808258
430755
153372
666398
621858
787575
135928
479814
610012
265630
863558
156298
346878
95984
921646
318937
983155
358358
689345
599913
771175
25443
474422
96527
284908
720137
245221
577896
131804
389204
238802
846534
616237
648821
848426
790614
967479
508267
664110
152418
582959
321868
431943
702124
448329
537834
702595
778459
724935
563121
966227
895047
814353
454853
87906
468519
83203
4281
187666
95481
350227
430166
873684
417016
768465
945466
183699
236127
908177
709900
885422
765466
119983
951520
409200
906621
961883
681101
369896
921874
259214
921653
38614
810660
426699
312893
762105
775753
783275
507421
951828
108861
870077
792334
56290
313864
240880
829761
838938
293236
372280
122729
225407
346737
956230
126496
50144
741655
706744
925903
656262
480453
813084
616744
277415
808690
840469
711978
763603
666738
399508
279665
241677
202077
206824
67517
897538
19087
833541
423067
771145
428693
838976
871239
759094
566484
690426
178125
490189
905714
120433
712255
246858
495030
319317
631623
963175
638576
8417
504257
973586
459425
846685
166316
880070
216971
437463
434408
725420
554414
951454
198962
437023
36580
584317
903966
324620
716953
430016
198268
467786
848084
592729
77952
301797
973582
149964
759322
293688
231339
78825
312610
992997
154835
103867
755817
207069
582268
553507
887422
7648
497251
396113
920316
428542
347096
204318
42592
531252
792334
118146
489877
494836
844955
325522
541593
740472
274663
179087
57065
500740
736586
514502
226812
833331
73737
202423
632062
765721
503800
681322
965286
722323
667722
353166
807289
342625
303818
348343
557271
783345
328242
515245
689974
445308
784233
579421
874564
537481
203457
106037
560928
591657
684487
745417
243905
101946
870994
163196
568600
967918
130588
884110
491668
56532
106357
178931
396113
276185
231122
183654
706145
627134
598465
943396
887817
769933
702127
188353
346300
260729
511499
652846
743706
462822
685778
442559
649879
738505
404125
729977
531307
171460
692218
855606
305196
656255
224240
58688
276643
301775
592718
835019
951587
157302
848381
590222
272844
582175
69653
625667
482263
495522
709177
817139
124560
42074
957420
963828
324799
147282
42748
728864
241020
538674
818892
215043
499134
447334
800625
379565
213087
225984
643918
505212
982025
738022
868212
327004
547864
790850
508147
509067
854607
760839
621367
582698
211368
902210
15574
26548
618589
601470
277410
60015
373216
923983
897878
180865
504603
293693
36988
415968
357406
832425
413662
916735
450970
733545
224876
708698
632968
572113
159107
538685
778041
536472
413554
39770
970653
928326
724628
743809
249548
536477
394276
190725
966045
689132
681278
679030
369241
907875
613638
489795
660368
142026
743377
985587
811778
863994
298235
469751
115858
489137
697278
480258
349728
820239
50671
262853
30612
418719
649512
653217
201289
97514
507098
419484
310891
356397
285490
188406
616119
714251
401361
404
424313
86676
313244
341348
273432
368857
923215
347042
533556
107406
751777
845760
106076
251744
303369
353925
636423
500729
979494
342737
951143
328609
29479
628532
458494
633713
700234
768624
506551
690618
498569
206641
757997
997044
400062
825777
987108
285800
144427
744758
525031
924551
161329
81870
940998
488880
460608
974544
773238
681793
707130
66331
980127
831381
771950
733044
545908
602238
399243
451013
90532
623515
308471
440998
96697
978468
372192
958007
105121
331337
136692
644301
277335
354997
592585
892864
925630
102985
300165
269379
251707
467940
255839
438316
320650
505089
532388
416614
569662
77553
12974
121836
860898
257062
68433
438413
204919
72940
618653
821475
709630
8452
510186
973286
778791
976296
439940
64570
528304
212878
65830
764657
126020
35639
401228
737547
50397
968
366423
143781
451935
412341
445230
70915
102253
728153
558001
953408
492224
562183
151167
267013
370175
797230
406103
396327
864561
928703
545587
69653
234155
971008
895365
997344
726632
791781
966078
663391
309640
995660
772013
462495
416647
434680
59110
868638
939329
174398
455841
619647
831321
792670
759322
762193
712404
393775
12622
390744
457779
294899
790857
394467
231807
269899
387633
486947
960636
323016
113367
327544
154772
274347
625476
643212
354866
55850
433706
443451
193496
199427
848876
751038
661160
28116
531615
757427
849696
40157
334049
993409
283586
712971
437263
455165
770529
848259
372559
497982
741863
811775
882654
357061
845064
421609
24599
967911
767164
310445
136309
370623
519414
294900
713151
115433
840972
347042
237864
160251
840317
408424
339967
91798
502173
317117
312029
870527
9863
243108
320394
986585
344775
270323
175315
161392
547310
677591
345500
642742
71773
750232
312033
637662
846336
549554
893907
541365
198656
85846
521691
829750
446627
971517
870497
381902
639867
248488
199113
872227
511164
650181
873163
623037
585214
845760
734096
841390
400407
775360
240922
502046
379043
496238
329450
317747
969556
15267
610529
763704
766867
203765
284753
24416
484125
434262
926176
850586
641381
492312
865695
104208
63566
704116
964870
583620
868087
894326
993783
122742
230776
604671
204956
574945
907856
445879
241962
390893
495751
243111
993165
943445
284791
923666
918677
405339
433874
154898
377827
421701
870076
467041
815036
373728
895035
93458
846506
886969
676283
555591
17056
730238
640928
365382
690341
188301
864890
105886
117668
403954
242122
275422
126447
915250
946530
727821
679897
385340
225909
611737
184126
588550
25837
88694
371231
43109
874424
154668
199001
867020
549020
332428
910878
919702
786804
981514
54863
888855
363298
128467
585944
769110
147030
185835
898612
380674
112763
822011
122039
988404
57390
12792
925563
69768
901000
329904
237930
696874
450473
492244
656280
571256
201759
226240
554271
943339
399243
683480
519670
694746
737533
754088
397806
474564
461114
736352
69037
685091
681239
353913
292151
652405
765112
137959
577393
885008
504654
274475
660172
718445
686805
647721
473243
955747
759654
752078
214559
205392
399287
475656
491751
949802
332625
720883
53073
219272
445621
796158
343386
175406
880823
914259
154422
32854
370388
145389
487780
182564
215032
75254
371100
936083
19887
553862
574461
354430
601520
808509
654260
794308
477189
675228
390500
158280
312691
549198
919000
749171
464071
706505
233973
884358
654761
44572
847523
208760
833964
563682
86809
524687
74019
459846
211490
233673
523245
