901691
788135
984535
860606
938784
245898
807730
918526
414036
653876
556798
484260
9939
356866
808400
337848
431538
488790
902851
623102
686157
320882
164417
659180
580002
22438
399585
148868
126329
842251
235130
293064
232601
330944
991325
851555
356490
629647
779861
462508
71899
557795
937558
546688
582990
904123
147019
335631
400139
814880
580404
96480
347057
338460
211022
892381
790612
682978
419241
721210
486608
769915
876835
543408
74637
67630
997299
202648
465699
537107
85739
254457
365753
822477
936561
99685
980967
576826
317217
105984
165082
647378
810446
870542
825852
467961
373269
839836
938496
571543
877410
186731
187880
785349
349865
470068
977573
594554
902933
727742
446750
35473
825793
344665
249514
11488
761887
811620
334062
631621
950672
461532
100023
64899
53039
825517
183699
125656
332120
705710
677178
200028
494597
547493
659738
778900
365816
145308
122805
586897
20933
537162
297701
271347
323673
492803
570079
576812
339633
536900
335898
703248
255438
241407
130863
129169
725195
998605
46501
333764
100011
781116
649186
357327
673895
639594
727261
255223
773661
314392
240626
614921
792551
992987
96349
475613
81781
319363
589837
192370
394596
200877
824018
881565
723854
74457
890543
260697
882093
958993
630100
104701
26290
582700
178272
535926
105779
893047
745152
366652
867017
489570
998199
98805
57089
882433
946628
307711
23729
710674
737474
324015
145824
949766
809299
893460
119287
657082
812211
884813
597478
341275
640118
700825
500124
879066
394707
719057
539466
820858
979370
196100
9746
145773
420998
969737
855165
327179
917795
19465
671615
303259
883621
273838
469260
65671
806957
812546
475753
6372
278715
65082
972803
102335
987470
422966
113946
830033
344866
833591
602921
60689
895662
479525
33495
11648
364091
663838
568141
382955
875717
563223
203648
284278
458682
850005
107494
193124
422768
232414
882880
858255
879217
780809
480634
205254
577672
613828
968380
823687
94487
472664
74097
982354
243249
365335
659431
256410
334582
993321
797238
155080
158039
474107
754396
562336
865833
549079
627920
597942
52442
274605
332985
915213
249104
753456
593904
422560
957296
706764
146079
888228
411580
37160
67119
275405
512653
255795
522815
506238
412865
421696
230175
598014
971463
655930
97117
666069
171775
556755
463442
531014
111931
134463
454262
926548
606098
121674
97371
584289
90268
799590
653876
190803
77200
958378
321139
290151
23048
295064
238528
619064
269100
372136
481630
917315
294200
737433
244869
467630
962895
179552
752232
966804
653361
936475
757508
56749
110202
968231
269510
640272
949294
194388
260398
880911
512884
264890
291874
411219
15059
951924
750929
223928
616489
303260
885767
226344
258899
761119
641334
351766
382401
656709
486060
375472
766889
9775
815969
712030
333481
435102
142757
542937
57451
407314
408344
35343
291958
761271
141995
593283
94470
531394
449523
372133
213951
544958
152824
451769
534143
172299
875348
683803
61613
168359
191414
52910
885871
93512
373327
235092
366171
347044
681335
184696
246351
256425
170419
696367
820740
943819
980167
619226
823218
107061
984373
850602
710699
680540
222139
365407
327459
134543
690348
755112
182833
270331
503074
551895
48411
783240
760066
764304
251121
592470
352978
725647
129093
911427
705080
290850
307235
598748
415019
506290
688042
276639
597159
772868
208879
950236
242243
422638
401360
354741
299513
615202
418370
199068
140977
371094
444305
241049
382840
935787
299588
33947
374025
165669
358034
797371
733331
630627
762999
167588
494851
35910
692320
751691
622226
823889
608950
851506
942740
161946
443214
990974
43741
380150
172201
151440
477072
388054
353916
233902
931395
971169
668503
739608
519851
964448
205175
727824
915271
490832
599653
962962
564344
881940
614731
594281
944962
677801
471508
602260
642828
34056
509626
90912
167603
382131
222495
560408
7780
492021
373092
386428
330154
408170
50520
42748
23589
143703
270883
317962
296388
77958
521098
748198
236459
3552
65099
996402
387864
600066
809648
264880
579894
847825
425505
969323
60605
570048
35859
84809
971278
799690
274243
55999
267884
112564
539973
566076
475863
314278
443172
392733
423493
317902
504855
724369
27909
448917
992995
583887
828498
156188
729427
978973
247562
498099
473729
727051
547739
836533
51213
780482
954317
152525
314784
357300
501281
973747
266631
469345
785898
254740
858604
428864
165375
358484
812015
894653
491288
483549
691644
417056
830138
26545
368814
986473
722284
50108
278824
521423
190693
68900
780246
57189
733755
664236
500049
637876
174801
287363
823696
661501
43357
246985
981914
668064
536153
386962
253167
744037
981734
150698
219547
729335
556903
781315
838631
988757
620377
620887
545849
38946
140634
192604
723728
508843
478027
238819
937138
463608
944476
295236
516349
998269
382012
389187
736229
82644
223571
243238
394472
303050
993815
85474
357305
531885
442462
571260
312319
324745
858390
769151
866150
725774
172978
26463
295457
948658
936165
510722
912563
244000
216305
664013
48380
368342
681566
831305
307775
876327
391762
237004
954010
564356
936330
912766
763114
22188
929167
304021
979639
527998
71201
473419
330972
519085
133543
392036
383304
106077
632058
521681
108767
484822
531118
152729
695733
802268
370095
735083
519401
437265
888279
170684
948700
24580
46976
101735
444364
18841
520001
504164
703149
83555
243079
263498
486173
130760
746514
797558
290680
46683
732357
868918
637118
931658
581642
213374
431594
491162
858948
140419
102105
576501
82387
684855
2606
823665
426238
832468
424431
125043
366246
339353
453898
275535
872223
676479
719244
489709
222916
263892
119246
234150
359460
538714
625558
432515
682240
89105
942371
32355
134858
951575
580726
306806
597141
39834
641571
53992
286495
314523
629065
793104
65323
193748
8351
370658
785583
190169
959135
933320
992677
801470
973820
499399
945652
459244
140890
209074
887311
413141
339830
559991
397248
743464
764840
406627
980030
150679
920041
247099
372316
415331
1915
415968
856316
867028
814426
544012
582032
708325
737440
276294
542919
71727
578779
666121
331332
999599
32483
181313
366851
958341
160979
737090
443391
758054
952081
567554
747777
803683
824233
172582
208668
76687
709017
285259
311341
564360
718535
335917
155220
73274
716306
419736
718552
842831
571543
758965
424253
642768
631340
47648
238570
663584
862764
492795
354756
8152
711662
513341
747977
426787
768147
669040
606475
113490
150838
406118
425961
334401
432404
388406
539709
67219
261712
188425
306489
846108
21110
78420
123925
574032
101962
221988
206552
913495
566232
640467
505398
62166
929863
109540
965315
243279
991699
215078
955851
727576
38160
121635
511417
421722
614746
962696
557037
618713
620030
443406
414555
101161
519153
109106
417095
564302
408115
244864
492612
64681
347180
97952
71470
956117
811722
654853
466508
542003
722431
724994
660418
108908
558854
821554
213184
396183
791275
416309
761774
25323
435482
326288
217460
827240
120035
436923
386990
658971
857850
351552
24473
861797
56865
596305
700504
698787
414559
233955
523564
575220
832619
291715
378595
566883
72510
557396
621609
212143
363590
466292
535926
82494
317438
643395
49089
420863
350602
612261
583547
844913
358400
38400
646819
59872
43487
951240
106090
531650
34079
51496
864205
802275
108366
909221
910842
402143
217595
327627
154626
915557
35303
84017
317993
850428
65517
413721
111106
136699
346704
687226
258685
452373
682017
450387
284482
313157
870769
444823
262836
181553
286960
296459
432584
659809
822026
53648
525483
228483
713322
822156
883156
464542
902970
745794
125813
236298
940595
434191
157260
165957
673485
166245
668694
623183
277057
261242
406968
64911
387334
24283
897655
19825
58744
940573
727101
376775
286571
244647
592920
710335
134647
535626
162719
840851
613849
989169
878560
485517
577935
605000
912046
167348
976647
328004
242864
516294
569957
859135
578404
465047
459056
685174
361835
929629
658937
548932
803303
162998
115716
405915
294026
484031
444788
853812
244668
880549
250406
779858
194348
348011
308655
952175
117007
109521
57985
234028
545261
56238
767715
896985
673057
354987
333031
453437
226726
877272
905078
334844
853894
34716
703350
983908
58412
279693
545101
539532
163050
926937
926419
509430
242518
398163
612522
691644
118966
959509
862998
968658
45862
788350
280564
400284
738726
513429
866889
872398
64334
294793
732066
486707
269477
173102
766712
65232
480005
801891
511145
601986
91984
812584
695876
406132
300578
272653
363150
756816
197316
87511
886124
49984
335741
349595
740265
7560
606122
641148
242830
680218
834542
377885
353720
993868
977835
902533
525719
706337
482186
859597
189708
761235
800237
373146
837970
682559
274671
439481
289265
608826
169325
357112
194470
326122
252676
423979
178026
617403
417862
441515
754719
541470
697106
723041
786328
201805
419825
229038
724505
780557
550510
220936
366310
137692
93081
262590
222426
880856
198042
485863
118691
527444
856720
786692
87308
752657
48894
895654
958747
60452
409381
641882
102265
259590
259816
599249
231102
903098
596144
747833
291761
524418
953526
182194
956599
378164
247309
803244
814367
101433
205674
484011
154565
131414
697303
329800
310458
505829
541478
424747
337223
866538
882863
469791
595281
965513
226263
460955
842285
110855
849254
816487
337049
827305
483165
477419
119748
542333
919979
265817
139210
350475
183183
155750
775773
416887
590803
228835
20964
930907
435851
111232
590486
484313
258727
819027
357939
53885
544978
29301
246332
270996
160236
333244
495360
33261
349624
380841
590871
18182
77567
733946
797170
309080
575425
216036
385460
990019
56142
609589
622723
817402
505658
37210
496080
895023
328037
870303
361740
158192
331455
226834
462944
4655
928672
50119
375963
530882
211095
142888
766447
989240
743777
221448
890546
441673
442614
153180
75712
3086
413129
504635
630868
545335
806921
181553
569745
5492
609075
305367
47784
238662
30463
123636
576501
732619
529497
111650
357364
747297
520176
525785
662177
562385
409883
962008
92515
23058
748342
154039
977415
550890
451146
802830
226344
688004
71957
855698
509254
500205
604372
395794
39332
119485
781584
929980
923075
241501
602959
741898
283868
742713
477939
598747
914982
494262
396366
146367
436360
380271
232189
638926
955459
479001
389994
510929
129414
13110
682716
783657
66004
575098
431317
825743
591961
907480
831891
695081
904849
195981
988099
409231
59930
223814
73276
534426
778202
632009
228230
557048
391615
110522
516227
482260
305584
883597
491654
368929
494309
551505
902098
280080
353651
559386
3516
746645
39590
432443
976416
627
700954
957910
422090
351020
765596
769876
506884
528784
584055
823685
811105
278675
415059
973037
452326
310310
934741
756504
285295
26148
290118
948527
582389
44533
388690
203068
275719
466634
168004
25107
290884
152167
393355
243175
634505
133586
332663
182771
846230
232768
317080
679130
20933
759796
926436
711535
505375
301853
781788
984714
520627
581564
420175
936560
695851
363917
815700
687892
105490
770820
734771
776629
127991
601219
273002
87437
872385
581043
296050
310569
913955
674303
481141
286770
331418
24346
508065
525064
276741
433557
509350
936221
530554
47932
692787
278079
573918
394906
147311
921559
766469
460612
685365
99696
547992
884035
835853
65099
647435
129607
178961
531377
888574
794399
366345
473984
415266
143901
489604
853622
946552
412396
529218
914124
272708
123022
636386
356418
680676
889087
312820
957959
130188
870809
