137731
414950
82218
822598
881839
296220
289962
522923
5740
420909
100306
533396
681279
42246
818257
489151
474120
188919
616733
676965
494055
805710
394794
998113
511537
638665
136247
818711
621498
271409
999140
505081
865966
167754
826961
601149
448469
645937
408288
302904
553357
487888
843453
778991
583763
422315
504563
162097
109689
318213
12564
765462
617986
834063
967569
164410
467242
535647
802010
824594
793817
525658
763976
784575
583270
245292
307482
229411
448672
164497
337201
368811
87221
462169
911723
919555
36964
406495
266041
487009
146346
943632
106422
238214
213654
469355
889137
34945
889779
304524
582049
676664
31733
835862
846327
614268
491578
182515
910228
776549
119114
81241
201469
378290
955247
210051
632190
453536
935792
730426
535381
90
967703
98689
39374
172158
259692
315053
136153
75494
137452
30163
70623
687077
57666
775276
63409
871869
970304
996820
866460
673972
231712
995360
96977
985689
951684
894459
593628
968426
198169
523151
383385
916292
741294
706269
700386
795775
454040
463841
585535
924463
800192
666672
803563
342271
265092
189087
521466
10959
886235
447937
968063
386476
863447
603282
904976
88868
415252
338119
729924
216150
373415
544154
117320
922507
847496
243478
660375
313102
933969
412943
605946
25729
608600
210305
142098
298486
35679
828090
795775
308818
716444
827835
596933
664122
373214
546644
846023
538
864283
966219
477035
828855
260791
831852
244327
604643
848107
952626
365804
663389
785136
747609
703441
83853
666235
521486
210662
324847
610430
451300
926257
681824
952321
486577
184164
91412
69672
885279
417431
513418
668486
604005
955052
563489
389774
202704
102141
688474
613154
259553
157935
761578
687103
926977
165199
70078
822074
483244
551210
144642
666832
81916
735006
704208
679478
847969
284990
774767
203302
983113
957663
46542
269372
111727
824203
511120
281305
826623
549222
624048
608151
913461
785411
562274
279463
925478
316812
623927
361940
453713
251426
551201
212378
259276
372799
688155
835087
644856
534867
42555
915700
455288
547880
812967
276308
386341
604934
107034
883319
960656
616289
152277
769164
995336
328017
397087
325790
820591
282071
332469
24319
825638
832926
999699
76213
320694
480290
67576
547125
704693
585853
12121
28686
828164
872390
346607
83779
601003
478637
216749
573079
330255
32903
717173
233274
57414
610471
648519
881284
991048
337782
996211
796821
976734
196932
885191
597289
561648
975168
355944
315890
862974
676823
578336
559922
734640
115479
650602
500376
221357
631055
451666
406811
831365
887731
821867
821939
168461
617091
291550
440909
767009
594001
954920
810762
394658
859976
129450
311015
195972
36725
508503
968887
789455
686876
364567
25562
477826
46212
458152
384871
160229
139898
978901
47302
606990
156460
553870
46572
299888
65197
232637
451856
767081
442741
932563
145692
152507
131786
619897
288837
170827
603933
748115
320301
696498
762296
964001
873230
550155
882700
634273
195719
870995
358184
225807
375791
50267
996625
811448
155814
682918
761833
121872
936848
481083
738619
580046
891607
569740
525895
578855
796567
844034
43001
178857
543348
474894
903662
511705
168230
404127
939216
129489
693952
684963
886598
289602
386157
230753
808753
223041
661739
806752
25418
539078
120571
517276
990569
641194
17174
346769
374835
743646
936775
472650
234482
22350
878503
813886
396282
307744
383343
472737
679027
653302
770357
502961
845383
366924
201421
878648
905317
285173
401851
653269
525761
8632
509761
561542
922987
931992
790076
324937
441918
327583
615963
410451
985472
235693
901582
285292
922214
937181
195877
423512
547240
673028
579330
814285
509821
836523
41058
398331
643301
708912
444145
209058
89058
526235
927462
76900
991651
905464
406085
867944
436758
470357
164633
542521
917770
538185
405620
20981
617420
93521
291536
455777
818137
793767
149790
778267
837571
702658
26883
132021
327540
969286
442137
336816
666919
519469
831500
107507
439886
241711
425176
33933
692847
250580
404789
637054
69998
662015
223393
899785
400441
807090
728043
755920
843868
221420
932545
485303
268759
377699
337580
399210
955073
522213
201995
266445
492520
164860
193161
242068
404106
398431
102045
612190
279349
623790
750360
444729
476483
923188
109896
858829
540801
485058
338094
123904
40311
71371
783574
207617
761602
499216
888220
232899
272145
575141
622736
350305
977895
50273
44693
683271
585046
651565
83252
942128
753041
786639
578761
963308
142627
273707
633306
267990
273578
990936
646113
404600
230732
54698
695866
115963
914895
142810
814500
560766
450167
594537
585731
276127
630910
465385
956345
812594
551666
779919
394057
337201
681964
473842
298243
255750
732320
251999
462128
779423
425491
486702
91618
217730
9056
354852
30144
930592
637552
105169
955186
283815
153009
462866
258135
554823
309258
919455
786045
582011
885800
281188
271210
333747
470295
596068
311060
868093
939626
541830
633617
743080
294488
438872
979422
186135
283741
217407
619385
89274
31567
674136
512249
662075
191683
844026
586062
816565
142842
704053
402641
196932
580124
400616
784589
767278
553759
3839
626954
454476
283833
182992
98460
634700
95334
816238
209614
371406
66753
254001
546925
388274
115641
81497
900812
710109
201578
214878
580384
631079
533367
472586
582795
394847
723630
182634
193676
277829
819815
106314
352202
429754
68164
181621
61
787619
700882
775122
460237
659855
859398
841729
370317
52827
70538
5900
426065
592372
901004
951216
374073
773165
824052
188690
122671
25514
130417
172023
571888
195365
145515
457503
727229
110093
918248
958511
53288
21846
69362
629951
824003
922507
658199
119416
257367
498835
845178
332548
237715
568061
5754
513686
611360
463898
162535
459986
970621
193155
821569
940790
351717
535242
190363
44383
61920
90334
408670
35309
195926
504370
653900
492235
970999
332175
869004
103678
953051
163659
221183
233482
456325
588852
824857
519997
438566
505144
228473
822630
422738
938705
511327
512385
774968
91256
212131
603756
750745
831041
826423
898183
296213
945132
252682
638205
691645
972325
435618
698011
119422
60762
584350
397443
845475
66754
312426
775512
489830
688531
245829
696104
624123
966945
113444
800590
112269
609209
285401
430820
507231
846095
863277
425388
818245
601553
30794
960423
826114
118730
667937
41555
962748
699903
307690
639897
12509
782484
343331
544431
376785
354483
173024
849256
409305
628269
176838
721698
975405
923106
380934
401859
978568
610889
263822
688785
16243
856762
482129
719556
531014
910443
202514
912606
886730
84869
87223
32984
439129
32609
366634
507231
218196
743328
340724
288159
48171
678816
404532
739881
687325
695381
986184
222022
513387
231981
648291
131593
234514
900812
589931
937181
190234
323249
991773
605842
746545
97746
954666
838616
213726
14416
956512
359146
21559
455838
105435
559187
602873
428340
970566
856653
206981
562275
925546
806439
96649
693727
172558
822011
142812
579318
79729
196235
172923
677089
315157
1141
922052
84803
884183
482930
735325
68580
793526
296489
792224
676280
657141
145386
969501
895537
636817
52496
160323
795024
442106
423617
873871
983761
832406
280413
206617
916257
145687
573756
573538
503944
774837
511348
24540
17445
186454
5153
678938
699041
536407
735636
861372
694841
464291
238917
652604
772471
196165
808521
718551
860115
283053
678046
305175
202514
272502
211476
892056
736311
800584
757475
136108
368911
801409
641517
844712
846553
568651
914183
146589
14671
376408
549484
148363
547982
682199
894741
883279
979469
738914
21090
180165
425784
175858
763978
533635
904236
954232
762368
805995
861511
75405
730079
674306
596340
12161
35791
967857
815129
141615
206535
489196
17728
295027
908819
808481
602624
619675
501365
969520
298678
470915
771594
913647
423719
997753
91289
735532
783768
290655
506874
54289
93503
890274
822628
350386
482362
416838
457560
808608
932579
535312
18418
327575
653891
932235
734735
659128
83482
563122
863094
405146
577726
822985
412989
614967
901760
517131
17318
130933
456872
7645
776712
937986
406021
587940
82347
330042
847457
98266
790760
734861
903811
188788
74220
988055
86756
133990
81035
485086
324849
205516
785015
149639
72868
625816
761139
99032
78953
686382
510400
979680
372055
838324
416882
580046
378953
661424
523456
292154
632154
601793
765153
62243
830311
523548
214945
550749
994392
173449
248835
11254
408854
154810
977459
299392
147609
302489
980858
618579
83779
720913
20823
240539
644305
363540
708071
308641
812939
49569
370133
366412
800188
248559
413435
423765
168169
888181
229581
735571
96950
644393
923847
408841
682309
609732
254876
178495
930403
396324
989677
512470
619773
873521
338469
73249
810532
909399
39171
932979
362414
303475
186150
903228
603574
186283
962244
518102
539078
851003
812112
769202
496196
778182
990113
803008
991235
916175
352017
164048
363691
338845
559835
630664
584665
693604
630648
693855
645928
683814
855887
821233
397724
907373
31474
351630
103509
745938
235210
340220
903532
221870
788973
111727
853823
351454
282157
585596
140670
463174
987238
606819
2404
366272
816447
390647
900727
725122
914715
531821
62058
579581
307184
525209
271430
860669
858091
859273
830980
290873
312171
538031
132179
248145
376740
211110
259170
830477
377173
74817
620646
432003
84238
810032
116695
163837
32903
473954
619959
829569
130594
103180
883076
806972
690184
430259
726968
493156
975540
336369
275124
133248
662113
457591
192647
953544
742925
868542
720164
528134
900411
615557
491759
873148
871687
99593
21207
679598
923453
364737
960593
732173
275253
779127
901309
273181
77157
475295
773648
724107
30921
663930
680008
151642
32505
645592
647811
547681
23291
28494
716288
779261
725452
95837
576181
504021
422044
532965
424499
635775
283573
641441
917739
905979
513558
726410
18811
29017
352256
545347
384178
23394
316300
247730
386553
254029
636030
424349
466116
409385
169463
337862
534477
533319
744855
513056
745792
596113
486595
530594
876297
855678
978475
645395
559322
153055
311327
463272
282721
963701
534478
780072
164110
850247
643140
298057
527731
273535
338428
253346
125232
559290
432478
623583
735676
33513
895128
338271
479993
281399
64186
592011
906475
370712
470313
174491
244114
832727
259781
185352
498568
689890
141559
16147
697176
286942
262018
963954
360409
640061
393108
459368
310194
505032
302569
681075
159814
929497
762143
206510
539898
24923
454012
483948
28441
69956
403475
163129
504106
361672
911758
603191
879096
556077
947149
616289
942063
640190
5
592425
967456
390326
655406
267348
363357
445122
427924
384018
415134
225879
776194
715984
455113
295637
333172
458555
580788
816901
730858
876536
967142
582521
684214
781706
18617
667728
834937
923726
555381
523890
111369
283047
860729
504370
278720
483185
9956
346787
933716
270624
296514
194979
644141
309363
626956
437904
623122
613102
246943
672890
150517
414827
349770
927665
355313
624928
593672
51401
387737
350679
115762
972977
690620
802794
925684
169251
554115
45722
206216
743795
904759
476835
67661
661108
968340
254457
654170
398479
32315
205372
803803
545466
57346
408820
720453
538114
77391
458574
914140
537599
842222
179920
145898
183792
162782
314674
314470
586897
927153
431758
193477
830477
959143
890767
350110
466121
712470
677487
504773
956589
149249
45653
188273
379944
173653
685964
29965
968303
176909
588988
554084
355218
165524
934432
620171
326316
572349
382825
172419
953251
669312
886392
930592
384154
339611
128828
235674
48761
960584
107780
522167
517823
290427
772046
428811
173166
84529
555370
143148
128224
819235
351153
185443
357173
280288
170044
627242
185046
94253
571296
900319
749316
426954
16448
945191
348991
316938
25342
744890
529276
129785
823718
734573
928335
669399
821040
747490
13550
635514
175015
558928
774504
67202
300870
791576
372678
282774
976016
729913
355965
147343
991130
650859
758345
12803
944869
709200
579213
156862
820779
370178
857818
55493
648392
860132
923188
316836
367084
819341
247909
235696
765938
350826
260711
41974
160026
948052
81422
147669
900814
201122
618120
138167
346253
163993
906765
96724
923006
162687
54450
281362
129983
54962
481126
871166
740787
29118
835567
636263
271201
693974
115899
640832
633178
324404
776890
396272
879026
366871
374074
809554
756344
153187
893915
143713
46606
305425
950232
480156
261305
439598
437304
249599
317704
770265
142662
626705
466053
959698
132655
336421
263867
640711
641455
89476
869845
557262
774660
597873
391361
334764
220328
268988
600236
848667
132253
449959
865743
577259
993524
565632
198271
309185
474760
428641
596994
783650
2562
921698
95312
97515
88116
955487
67029
979365
286792
205544
327415
210801
230237
865881
517480
560803
996796
739349
815178
19072
562430
970941
146828
408984
100149
473464
730122
4412
872146
498067
716803
164880
30522
918029
981935
888628
135462
850216
429894
294204
279991
659665
866423
64241
568729
989567
500704
394616
855961
554157
958986
398366
721044
98794
296811
251400
897424
478667
700664
930705
476084
780139
982666
693822
189386
968330
935415
179009
812911
394921
86799
908413
691066
512743
792071
847138
219680
544087
153084
537565
582289
982078
847540
628861
823005
777954
123538
182228
648196
820908
340405
369972
655204
992298
998875
192693
393101
942474
207673
567953
625661
664141
985728
647454
149715
73169
204449
861299
202833
592536
365625
381738
832287
741668
391664
20847
371673
816569
959491
787356
6028
458335
931264
847396
480448
590499
822665
929622
202489
595132
184630
450409
222463
754932
297949
583918
928984
462468
997881
535483
865069
433740
812279
602748
90675
834356
290964
905786
637028
806860
631085
977629
42528
975968
892202
252021
794432
835146
61763
108566
571826
579154
968405
505598
27931
175486
294428
917396
686352
407220
324308
358534
23748
866230
937517
914335
268144
782333
29170
742832
223312
633402
172048
75052
837991
483068
570406
323415
548062
822615
482250
963698
644047
791465
19923
606038
350807
85427
109355
630063
354011
302921
422301
778977
942419
178499
5090
421203
84073
986539
244707
716806
245083
765973
776798
948813
802927
102899
237805
20615
118459
706457
212510
727372
547240
34059
77302
94604
525951
8323
176903
265291
53240
686997
901825
285695
846931
847771
118865
810401
869252
201071
559070
806795
492127
91070
554468
455168
39064
757425
330202
869241
1554
256193
576102
336905
61220
782869
835847
465808
320605
206462
28825
502595
581287
152065
154136
365725
568199
644196
307681
616326
705817
91001
829661
378064
680083
202620
894477
731612
571083
381712
449577
692136
478514
648145
161351
65224
671410
978822
879866
917833
768304
77332
759476
548865
711331
270873
816997
101444
169365
204044
129758
324689
997818
389832
277184
58920
142000
194928
783188
19756
976462
95685
852523
646263
881375
64836
428064
27514
622995
421787
369169
485636
256010
394402
159909
98464
770566
170957
83150
286564
795729
966337
390304
926818
510881
204170
273752
473194
407066
533087
475274
262080
796536
757564
515322
361026
816212
216629
359510
906459
728747
743419
352013
553104
186948
193800
61450
900090
98800
879652
991440
936074
294665
793227
595289
236496
10009
449239
298413
60622
559584
352013
486351
598544
883629
431144
922256
552740
619151
475764
654489
979254
124152
274359
413569
434960
799604
777698
310804
474811
94089
708460
119969
273054
706257
599634
405825
530139
463889
222668
918404
13776
95190
240664
91888
625845
331987
193710
522308
455449
898672
663755
348265
765440
64392
309192
651065
751427
880549
33930
321799
302400
871953
762993
289990
665297
986586
636547
632802
227107
342254
619829
753551
107128
534256
747550
476008
20058
720258
420185
690336
441843
348936
244239
309266
482366
679112
675895
843152
474861
113036
28641
426190
421279
333357
295874
608527
777669
844226
477175
100106
840435
426974
944795
290369
434779
547620
216967
267406
139710
816901
550243
193807
629814
59961
263877
839745
215727
34049
864294
266827
585067
378932
163867
966342
76635
770385
844508
428884
494515
389187
756514
849303
627800
687170
442458
1139
157542
799892
263687
396744
182613
329684
884606
583143
158098
112544
608891
494685
528163
756177
383188
728391
267559
609904
49452
104065
323089
640988
141402
575067
995101
681503
277850
915578
286723
761313
438185
518877
213998
500331
210718
860344
611622
653209
794508
365033
869769
97598
853767
870394
62565
616460
853569
263805
239231
294938
588776
842072
761419
950983
726622
914334
167125
918513
491246
785102
105006
471849
982205
332709
195213
241444
586704
383730
668833
44000
703532
174375
134503
771519
699059
952176
724049
105969
862526
305807
503516
66502
709293
551699
887379
731273
73331
995365
456898
736329
880860
268197
579213
123292
737613
777584
132328
438653
869933
717344
527664
1731
150725
16522
383436
384740
658347
135806
521959
298073
208702
879863
94009
612108
991273
732782
266899
336446
3727
420965
653219
253510
44088
441492
798591
114738
261195
991022
821875
472742
511223
443950
739777
8288
341207
972325
474371
343704
200359
350733
827221
974920
645263
989279
924010
652699
313330
532433
996920
372378
503513
370968
307019
144908
396505
706475
393921
286451
67137
213607
468207
923032
938252
135069
346992
210651
940009
926288
747197
149878
933404
472477
281899
767075
688273
142425
667831
969282
566595
362321
506791
135777
729795
908558
594086
983672
679779
355523
698392
102324
940819
400109
752217
609732
15204
633127
364737
269749
998485
631538
973616
875436
80226
859298
350690
222480
129443
45419
920424
676380
742242
638791
822733
691245
927769
21621
375965
536979
562687
270637
354021
4700
293317
514644
296897
481192
788003
120012
660465
416478
374527
495862
158859
11816
274402
779264
758293
141721
611329
811502
977456
21964
617280
353262
370006
989782
326864
804081
291987
239879
805698
584713
519908
453183
837682
740993
64151
867309
103099
245867
578853
265585
567234
660889
154310
8506
410267
985824
537838
956452
2232
258595
413951
922944
487291
664560
85633
80706
882434
53486
815097
230368
981304
704842
391026
271997
935665
717121
794632
568811
491749
183935
753269
420337
649059
602183
936637
844267
537082
526435
682309
668973
529558
798993
878063
359135
853759
204715
298137
516555
900543
34587
742401
645148
11062
687937
280421
691244
285016
359160
625196
33640
555067
7974
220353
798102
449540
756332
713505
66804
364424
985483
896071
322208
632852
126155
578969
125219
33217
24032
916126
726088
714231
14948
37197
441328
491328
166972
958025
502817
965083
457515
274137
37710
872037
618026
335318
886962
444526
334589
74366
409196
629562
321398
735011
879652
786147
633276
75057
526579
791357
476571
787792
759286
954848
320318
634161
395275
208132
753940
243099
568770
846831
631672
598352
750107
774721
953262
724565
151080
594803
598879
586110
577731
132127
691387
346352
645108
73666
711203
809601
491968
804949
315647
936354
658949
832782
761502
776767
708540
813977
594432
138698
551315
518598
116074
581465
281956
110042
562421
851194
122625
880861
987032
201724
566442
641883
271562
139100
561353
625402
144518
242294
933979
813751
566258
52091
542920
498910
91905
615567
675103
139840
474169
487780
487112
304504
15096
47423
539678
360451
217785
566614
436519
260305
208540
129924
259857
269467
21576
675717
110491
192812
790022
519889
852903
362123
948695
146437
903926
52242
822526
635014
522996
408873
220003
975504
376911
214642
563948
139147
78731
658933
361947
666640
234421
160975
3036
426887
851727
800133
154563
125094
206792
543147
708391
88913
476142
64059
135777
826232
673037
427761
485371
283800
352494
573549
341326
647437
67789
757376
251231
23386
718235
301160
658789
795227
339328
675824
676785
559761
724205
885044
60070
805652
498565
128787
573933
289243
491111
528912
449321
351153
607939
109674
194507
415519
136138
616378
581438
812837
372666
730187
682191
10378
23454
120141
901625
584437
324761
749420
310713
135893
406246
267427
351506
570785
617472
953362
827398
475702
363903
223556
418758
458765
182077
754311
922636
917356
394023
237092
568588
980338
831140
517042
263364
190828
274396
572696
312494
209401
325434
911413
620518
941857
647227
856109
545490
643485
362948
34110
612281
531585
170693
14382
236323
954496
655042
378278
825594
27969
299483
952951
785466
226198
87376
618674
584026
810859
867769
299549
479963
47671
995305
113409
63704
300371
639825
793784
438752
467738
749320
154732
476417
591493
662659
368536
866008
989710
245420
521667
132545
109920
289619
821994
128198
618966
584152
275633
312184
556572
861469
391654
163727
650859
671388
228338
283526
369244
629482
275484
635290
443616
680182
869878
194238
133881
256116
350231
616577
633028
372980
570940
286260
267976
321972
413498
221028
956166
606785
579027
239802
905657
692165
92183
348573
554353
99630
566444
490158
355551
840746
458597
854225
87821
964371
280676
75057
595922
676541
69976
922673
886524
179052
380169
225116
560874
691175
814961
679598
908129
172959
368098
325066
160088
166995
950144
222132
726152
377674
923028
589481
594756
694750
854101
440218
591303
625535
306251
724599
966034
271442
455244
778532
408340
635902
563666
342290
425737
168238
628287
822563
187140
729100
339723
567596
153978
298842
988726
367635
678302
296869
334637
991787
829637
354514
173257
702185
447839
213830
929510
267410
160812
403822
91256
822108
198065
799530
715887
863499
862441
163699
723327
942526
277445
526166
689062
628785
702819
85165
721103
255637
172664
213424
183928
569015
966885
109936
780679
437754
786306
105598
561437
186133
190314
656706
995179
206851
665328
352647
203091
32919
974615
93168
326862
352246
548731
350
565965
523580
996526
118362
769960
60830
988508
697833
209093
968935
452966
585189
312424
117795
296321
438733
471672
183164
910957
897207
776139
916913
780977
213621
307901
366525
702826
878648
284657
262017
202434
321355
39106
992772
441253
144816
354781
64110
283392
639389
894154
159463
961817
324183
584765
22620
902216
417327
255084
731189
139982
120100
906031
253134
6090
910386
75328
183636
600512
652089
384183
252092
375740
844284
336801
43721
484622
543927
465788
997256
961287
211117
928101
198978
749672
746948
521260
167050
619243
31472
798921
219198
813251
720596
408721
249289
200236
210705
402689
450261
190264
23684
384681
600632
542786
584280
500555
520709
6459
746993
443611
19984
963202
993921
843012
758266
441286
323313
142273
696784
373160
625091
350255
771287
761095
50444
519928
282611
335359
884933
148084
975034
616845
97462
1891
194671
693401
642933
360555
36667
35454
131361
784690
717588
852906
363691
707938
830749
878539
695344
224117
130661
156199
979007
301689
375745
346607
358883
928823
293688
408343
15104
491898
712972
604874
434483
580372
70326
700033
787728
217898
908983
205654
631775
710130
75839
705136
333179
65740
772885
881293
712284
953586
45419
559328
258162
294122
558741
328332
377469
916244
991035
497962
319098
212179
75464
958658
146287
331512
585612
16017
917214
434787
694260
156405
510919
205947
655163
181551
878038
218224
403419
813763
930627
751235
118286
815768
445630
947660
416516
401065
774308
92073
13593
260731
12577
432724
11064
278252
473816
461285
47013
397477
388425
308220
501345
494799
338754
648067
333750
431148
934997
578871
863350
9157
295149
363816
966023
421236
839841
562408
231519
117333
951847
479122
592686
423165
941963
730271
193769
468348
920162
238944
190914
498525
807971
902491
911657
251894
786436
911336
807056
107524
639721
419256
760578
971202
962356
475157
156213
276436
576
490952
45819
757564
740662
881145
357877
343203
66884
618315
387836
607385
667234
165392
975428
821067
424818
49564
899713
517319
701727
23621
429980
152189
216394
715070
927842
810696
195699
803056
181883
810175
98827
245315
410451
105229
219595
277496
624807
271079
769953
905128
505630
961458
208352
904377
549521
472575
807887
50
809851
317423
418533
799006
416271
988398
716402
928731
735357
303224
684249
121126
35882
725778
748802
452928
967275
749687
681042
144043
328269
575572
583270
691944
118422
989803
540076
947460
341622
451953
611749
402661
418010
470842
962034
862431
836359
5723
227944
548474
974468
6372
375985
716379
148773
668027
393328
507780
228200
585913
151696
573520
149834
261827
705324
515192
93424
457586
598352
198468
807553
302811
140631
373870
828815
768161
307867
441495
203428
910679
28236
828905
675017
335383
994935
800418
668848
747326
71266
427809
434204
449712
631616
273433
552571
739068
544584
529210
531674
522944
250819
232140
643865
743697
186418
795108
668652
194431
513927
177573
930431
42265
349628
996597
263319
808939
381039
665946
677537
830329
677393
862572
588442
13110
914608
810177
775734
74075
220700
201486
744374
377510
22111
940651
922702
905921
265004
518388
850082
550935
72465
452176
679321
313552
304912
776798
183096
592383
955594
53079
374506
875611
513836
439886
766468
929997
574946
994592
512127
808561
274624
306934
872777
306829
230410
771505
774463
43377
419354
792410
311407
328203
974265
547890
58824
360334
215833
431537
270377
195065
214204
448081
272538
304632
6547
847367
858058
279182
523903
775257
623568
664103
573381
606063
606006
374586
929529
269134
190942
248842
60129
78036
516755
49469
98007
668203
443700
839434
652474
892134
215396
903928
560448
485224
892572
318965
729436
330186
872594
760152
661880
580535
179051
372036
55971
887597
492657
529053
728247
178009
863024
912584
634186
599287
581226
286845
323503
231468
774678
814560
695779
893114
854013
673934
896759
923197
959709
780490
561405
944456
883020
728376
128141
281121
809600
614166
924687
396040
212211
904109
989206
801977
651978
319937
548372
60576
418289
450144
197024
872543
568895
574160
85374
405682
916524
75632
533819
512148
422176
594097
468257
322277
751922
514131
819932
491727
493356
142210
146788
859765
79710
169821
115185
431197
712734
252638
536651
925283
354331
159005
851891
460429
1499
805777
512148
373612
879944
672437
445863
720725
370079
956964
181506
334517
127326
187058
882456
64545
982944
593383
164531
862378
601115
389961
296417
364567
235222
229524
507368
796885
232042
109560
346488
188256
416931
365011
636736
970208
22311
497597
406770
948880
34715
276916
421085
17389
542396
819318
613676
470231
448963
30041
453332
293760
930732
271843
977268
577813
123072
592958
186339
866246
232404
924167
599543
523393
884329
901177
433479
120341
481759
956333
710936
219101
242392
402577
399578
11668
435460
81373
278066
179583
747720
2159
965338
121831
378333
656334
188748
125232
6757
799428
578111
141615
744084
385134
970326
122559
767601
745200
158093
276127
471664
598119
829518
495982
717404
393917
125598
183149
993633
692161
948171
591313
472712
38889
349227
68511
927394
303300
541415
746141
98111
123179
68050
564376
719978
86799
884041
654720
962520
475400
884198
18854
315518
132031
838928
557440
63863
616215
723508
552844
901108
878559
927461
121959
847938
792359
359246
992783
666463
409321
79768
540554
198269
810423
942215
831251
196853
183555
34715
156801
481075
290941
663830
557781
146761
421173
746621
576013
457629
274838
424142
361210
133494
381847
895605
89804
114810
578522
622747
181650
793117
654230
954111
163643
488994
753369
442738
523148
601655
361647
644047
6987
235574
327112
751123
32802
843565
116597
38598
543082
189124
921995
730971
410185
523843
185577
440718
355398
557206
720584
512067
939336
606302
828620
402539
635839
261502
120793
568837
366540
127090
210832
622905
537597
710564
73113
730043
860931
680013
758540
12448
490875
100852
642042
58395
40510
81626
449184
831376
439012
82799
462421
706450
920051
559195
409234
924855
279615
113151
318282
619299
467663
92595
766138
386483
111840
891597
859727
714137
428343
258608
247106
834195
481941
36129
339974
249234
415951
173364
777895
761741
880205
491906
413940
406149
390692
169135
198889
56256
222226
223551
709541
308387
578460
13396
974223
829164
321318
492235
777932
49175
813200
587578
933523
266225
383182
10378
713513
324910
784902
263763
720380
368768
469581
617710
617013
349033
607757
155956
423211
845432
786599
120141
416948
516502
524232
219582
709129
927312
799600
967386
464173
666509
787478
669631
173894
147710
652098
198891
935083
83194
878144
242232
599911
899049
124717
973890
485833
220416
772010
181550
300023
644900
963178
875039
942861
130147
165357
774227
764842
263989
855555
748579
835524
744632
470732
986377
859935
304530
144018
67071
562334
442795
752071
982373
71037
750968
702473
732913
854545
805064
807194
900777
366412
530632
663405
66816
781550
979669
963526
105985
796006
144354
51111
139246
307024
883860
54536
491197
989371
938409
159669
203656
288336
543232
503730
59200
233388
662153
882700
155594
613377
745773
891144
180212
323480
950983
558830
136104
776011
297969
946327
497024
383542
292885
718812
881518
306854
35817
956828
638804
333112
572809
250277
626803
479372
730350
561532
894150
854130
513353
497395
637891
312779
310169
462345
606038
908653
485433
270873
734367
419406
425409
676322
380397
54379
97116
729211
571933
755172
641433
157149
303548
99316
762455
205389
458216
498995
818402
109972
233367
492662
455829
259873
964443
69778
272557
831702
815464
617079
548570
276324
42008
141429
813629
487907
229994
374275
973690
430272
112802
703562
894161
483794
498835
834044
569787
473397
436943
711025
402959
711351
569908
368334
481401
153225
435559
117320
299838
347704
203669
71110
541288
599402
171333
451952
453769
733383
745911
760486
387116
630341
394794
258657
82648
221208
129521
675727
576942
191680
296579
872063
147747
203313
168520
460837
431069
914016
815234
227123
205749
157640
811431
991138
169908
588350
611538
667280
715070
983385
61445
209855
625182
400365
897319
975114
724475
390833
664712
479197
578782
707503
297198
107961
480383
799209
770565
241953
591949
328203
554045
178104
836887
246983
434922
601908
983072
645895
495147
352017
686806
183339
786897
566922
97327
313599
656166
220658
96566
453165
927992
517852
818276
992585
759289
622474
983536
52254
904389
49970
262710
597019
260931
189448
461649
964876
88760
315315
459404
172307
855658
16924
908983
571603
79850
111701
540288
85420
153762
990694
707045
542964
505186
310264
262718
788864
442634
246796
20424
280021
479666
976531
481059
465290
206853
213374
928655
484832
458105
717466
8447
912878
636559
682285
770539
183893
253179
789605
675530
227647
722487
328026
841770
654599
505032
323275
428992
503325
596072
771503
876818
641382
817984
115214
552214
32963
585543
69075
728777
170323
629690
909049
736951
799786
153170
667692
646011
749651
226657
800611
116022
973253
896152
552763
278604
145974
359135
562579
163603
694604
720607
328698
740552
582839
323751
92294
749402
664000
436763
206752
144072
716068
350946
847863
974152
545466
590394
138727
761158
70670
13174
259076
22020
27327
509435
667268
575293
874448
110879
659587
894993
123301
357861
719837
82494
976531
89663
118429
358997
91289
996385
668648
28981
779475
881488
162830
882398
661743
270982
696245
182195
892626
989132
542698
271580
676325
573756
160901
942286
22521
454606
591197
178076
832993
678361
686040
184001
205716
443911
985459
570344
656715
44937
449786
767152
777363
241997
606455
681531
636310
850962
294537
866804
952917
146279
357588
241848
601853
269537
966878
882635
924434
453885
939221
252894
534357
517990
740441
161142
839578
139358
947754
741962
833698
451130
765810
220480
794870
523748
56110
687655
115179
401823
229949
822337
419467
263260
51674
36717
936008
857575
136095
354588
307836
128058
425155
220137
357834
424937
521684
536535
644778
297237
172004
177993
798138
591422
980510
300893
592898
114477
153617
266837
396272
187783
102312
490838
343019
316709
862131
569679
657014
438734
492947
397383
936255
940889
30246
700164
474756
237838
270986
907380
880191
9273
854955
998066
700219
265343
618075
820326
356602
178523
574804
306846
417214
399945
134118
145331
344826
10822
726044
38664
509298
9409
266733
648849
517047
464348
959626
154646
441992
299979
758750
65152
15886
98266
692136
8769
29677
328543
663205
147070
611642
768465
989992
23188
723150
394844
439780
835162
371580
791465
324347
884798
522308
544847
461378
311015
869981
574722
510643
668612
542719
118544
104835
315151
744080
464302
444265
761502
699616
701256
270768
304791
175636
115796
81511
62495
541747
332463
298912
227282
377943
90754
749580
644571
158531
712262
72358
91899
286199
887651
702693
237645
44192
230179
852045
389143
917654
232713
134455
522282
202080
463802
112514
87764
297843
119165
188155
329924
633459
888910
414371
351866
539072
594833
137226
494762
991047
676389
33014
189369
270746
306343
19771
320179
967624
948211
577853
133179
274254
965650
54662
431964
15660
31871
806391
383644
180593
661687
455921
29118
789305
719315
242179
85132
424626
222338
566960
208249
161541
720414
219450
326067
95908
801131
15726
996580
639571
915732
871437
609292
749085
86904
363534
992989
719076
800163
51240
832640
43396
371346
921494
822033
145590
129304
414998
300893
439585
680015
30050
808165
907629
365664
400472
937392
150561
259353
912479
865251
432312
92041
440004
529057
841520
980840
824082
356535
617021
151738
760436
567367
996361
512648
383580
895645
382452
497377
378913
868668
742460
847370
996314
302757
908903
885304
263603
718729
351021
977178
293337
592092
727976
50500
900055
467378
159037
168942
83074
798446
531608
836408
610555
776515
373318
576730
490357
2784
488943
889014
217002
543008
598206
481525
135116
898397
199600
41499
573815
782838
660895
219233
887564
379877
851192
756926
932618
515896
82548
930266
954011
336756
971311
192293
87850
832932
990241
20454
560729
160912
733335
771059
820506
604600
639618
550026
234473
169699
646151
613148
90794
464802
571692
821466
843543
280546
851143
896878
727964
161058
364681
644145
12081
42461
350181
266706
756235
870046
707284
285660
621802
163643
426759
745369
960797
612877
408506
655627
46780
33137
81758
395802
964062
40295
365816
812952
786982
48850
913338
931216
242016
662547
998841
440463
499553
450753
272763
664991
992473
775951
423621
506284
107456
405005
825108
600362
675519
372694
508753
665222
875882
140522
569232
315864
378136
922430
431036
185863
85940
35378
489154
730837
166963
564467
128624
624348
737420
583581
793
937473
965642
367197
768938
778601
333531
184755
405754
656601
634169
892134
747678
410095
689778
461675
99430
23392
538054
484429
523107
21062
699681
277976
949697
382552
468450
710397
588677
379254
301048
94052
786631
498981
997120
957125
699913
938325
890062
72652
328392
38008
249410
223596
729788
991991
661148
648615
220062
385086
190364
679025
649617
926884
640422
664486
682309
692545
650206
178046
322396
531148
642755
221752
528522
781010
871281
551820
283077
586110
435454
658388
728943
336344
991463
162993
871864
887143
215633
185671
694604
448841
5888
785522
313018
947573
35337
320468
290809
248963
117322
278066
793737
814669
14986
466967
895806
750238
413032
168
159828
84193
297238
493287
642256
48950
675075
184164
886683
452827
898265
182152
743115
776405
521687
218451
4172
706387
839223
214425
983203
941305
214777
554629
259810
382083
239242
595060
836273
900630
785168
205970
57646
397232
24366
909458
52639
267351
150277
249110
342539
232128
357163
578122
22204
425876
721335
684630
876140
622291
601899
231177
739900
244230
548103
301390
685981
21135
171545
379095
770671
220351
842515
804820
359097
126447
867321
813141
931271
790168
84522
972731
399507
496480
116858
649035
21377
114547
545276
50469
923234
305822
706130
17507
168088
581659
662145
423756
633676
529510
460870
578725
130295
284215
500462
947788
784072
187305
193704
540339
734848
973639
704769
353410
179181
591071
878031
85987
567988
197055
424442
611564
351991
953432
604894
95801
806316
525042
295079
786428
332469
355581
250965
969940
103258
984051
46353
183806
186210
913753
240596
783798
3575
507459
910957
514368
115392
946215
735843
999163
657458
848667
581695
870531
504573
62665
214549
935765
761444
759548
36667
220155
313254
347327
168919
862496
495144
811922
970515
161816
68236
929674
961702
345440
200950
543791
241289
616792
378790
634744
895038
155579
444054
773763
208876
863725
935311
498791
140612
847796
927421
287576
884160
262486
890456
661937
897234
485208
590101
266512
156057
468208
14873
622088
758116
49890
188893
972139
339985
205485
572437
643423
605964
538386
743699
214969
837002
666106
315778
862891
462289
698529
464187
227412
224636
440377
85665
227529
738588
793519
801522
559195
310161
821234
619360
208345
534684
203158
213360
601063
84205
910050
155434
406594
374439
935674
655186
411750
194186
350905
641968
758059
398259
821631
195731
68574
925426
173640
405578
744290
171764
687402
9761
361375
895165
752268
583511
380534
718725
631519
513113
362100
894864
764823
997169
750479
748862
9773
672356
39007
400672
811118
793852
696021
713153
64395
84525
196803
857160
998778
437708
599540
338555
817432
320030
615148
750500
17769
942157
890790
889019
62849
955295
200991
384277
992422
207417
648573
648030
396308
597095
972691
352502
776616
871544
63389
102488
671428
696588
976710
46439
405226
338346
424679
223830
927482
633616
23940
39034
103239
100846
130081
941377
476288
318978
750660
940202
881513
92838
552795
387141
275259
278622
130199
799293
601063
374977
383565
242034
405937
481011
778752
883590
379246
508600
61770
510062
667587
205341
546930
800525
736199
622578
651506
384018
600996
112297
930560
783797
814851
68962
969564
443573
20367
807093
838207
953801
92775
813670
900131
306942
208276
981971
103300
984453
254327
597019
126527
265663
178615
858572
963094
239801
733871
10567
178641
54482
758210
539991
877746
670711
212625
809324
238414
840128
75465
617066
168291
56482
494909
607324
974196
497389
65641
909251
551207
340040
238427
435386
77153
189030
567789
13923
831899
258947
399789
507083
466922
690279
692982
932793
820857
202732
835503
593118
825326
13358
829604
391434
885295
728056
956483
805176
681670
243025
943145
564625
267670
316812
303808
629649
356305
438710
933791
496292
479094
462767
423465
502094
677339
325911
589434
200779
751597
555213
841106
457036
708213
451006
283566
103848
734143
95145
459657
10991
952083
476171
464676
131894
847071
741741
513043
19172
387513
390496
401398
895165
587129
770482
448972
202846
816863
984548
102223
702346
136153
322514
128437
711425
195372
285993
40135
560471
61846
100486
55802
423956
911343
92764
509490
718387
173568
477984
216700
132009
323652
978521
915968
584922
82422
8590
605613
920522
541884
85530
381334
112829
297135
822526
564351
327113
187926
762745
77009
695338
182205
461332
151774
570411
989518
63597
495481
320833
669430
553884
14493
997510
399421
805000
182369
393881
791362
201320
316870
888821
484704
734234
643700
462709
850194
790602
354475
992321
547221
274396
136406
45114
676940
733088
725777
383739
982002
967275
6993
196087
397416
160296
60632
96017
135438
757468
189232
24662
229401
644027
284248
604532
731647
303481
432903
456177
208700
597600
209998
353026
401147
683429
798446
930349
894114
120690
470495
347210
605156
633172
88203
833385
315864
329755
500613
117542
22171
489728
154057
381738
382422
878626
689089
369912
233507
815839
405825
245044
136966
956696
5961
473445
781875
239722
309266
841813
876277
867037
838029
412735
44888
251832
138990
839466
67574
586337
226491
419251
818464
895913
389585
968209
238390
612367
245217
822472
974224
361841
944099
14875
704364
789960
895643
312818
506572
671264
643760
273534
222999
231514
982648
921642
759995
853647
670986
292810
820809
589693
262501
1508
690461
907776
813430
87056
676200
320458
721831
461351
259187
496855
375685
474254
346769
687755
731693
547058
112583
764760
575185
593954
393402
622214
666757
456504
665335
821907
189687
459853
752619
449856
74537
291692
811599
641968
269314
121176
531214
7282
558891
666052
823422
927409
655127
222451
878985
429804
572765
188909
422943
90479
929435
54195
648330
514131
708456
258647
76998
546305
594554
288025
137230
634384
135898
615382
486942
349251
795519
816033
612303
218442
627630
687613
498846
555827
916510
344048
133275
880945
354083
454644
238046
786074
323536
988566
426456
177490
864537
537932
594740
219310
284434
509239
527411
149546
278066
789628
210170
199108
826407
20272
666048
327669
601688
8716
336201
878305
598683
763716
154542
843788
760902
547907
409555
946270
106428
866710
926881
72659
139799
716317
534897
182890
440293
104327
290525
405022
503886
527225
450452
822073
729823
942487
119008
547480
542727
204949
215803
464750
573968
723028
129484
197671
7733
209778
19157
624806
566937
502809
508507
863368
777230
904332
276407
207591
724390
2805
925786
237432
107780
17322
572833
69362
553167
278681
57765
734599
490833
148181
935366
803892
860803
970549
531198
372803
435754
540076
183636
653033
537242
35533
336072
568976
638372
757692
596214
46255
255217
843064
310691
530139
567953
64871
28817
498019
200704
266729
668993
971566
634883
255696
879319
122415
251347
347839
509859
170745
808841
81504
894791
760486
120571
281834
430072
550450
602092
41082
435353
699062
588406
681930
900907
27880
68815
62524
738322
240839
227798
814215
506465
862683
892762
384219
395571
504624
751554
742095
276197
955664
690159
868416
80674
306569
732845
60030
883779
534588
40918
355270
825595
234189
671669
838954
967823
288416
320454
318086
298653
160764
358477
368288
537533
167931
996533
546075
447464
756375
13936
931152
637946
467942
739115
613587
514302
610279
447582
495675
303107
861751
187315
863546
73545
964725
231212
846155
237927
221912
767755
389322
595926
150659
824994
949827
773876
701365
460713
937614
410010
530986
247734
555957
908113
672907
219655
271238
557090
46219
530720
211727
928655
468609
902109
217747
626090
827178
332138
519952
788699
588149
754803
433872
989458
332348
791234
660152
41970
869688
371526
144339
453846
478551
65498
638679
827959
14094
468662
552253
435160
668462
988900
495541
643614
781244
563934
584205
45940
624935
429451
139993
280668
728464
874585
371935
429555
589250
757329
804452
502700
960471
951177
667607
205156
611699
713341
434711
478265
913349
115409
788786
106007
368899
634033
542410
3195
112157
700570
689364
886392
543673
573307
556467
398706
284434
775232
885099
892664
894724
2281
937171
17667
622859
68172
773114
755250
418953
486475
636127
839576
720178
386800
602422
15345
75735
942640
583986
498715
766500
17654
604140
230560
436078
456641
698932
866048
618083
540557
586337
606918
564427
573906
805561
410164
916211
642616
426911
296976
334764
656752
609826
868592
338140
566966
865863
874683
288596
500639
552278
778855
664716
956404
895017
382703
171898
490844
670675
581243
371406
557075
930839
918443
175854
94083
804327
973240
490680
197953
999029
209747
645084
361156
563641
717391
352659
667693
563915
676009
472586
246985
195162
962263
798780
72891
618562
142383
795156
601125
409570
193725
982503
486874
852847
569316
365807
877552
652431
301618
666980
797067
181872
929584
378104
329904
749300
519567
518881
837521
311611
115485
683026
548114
697787
911961
861263
99306
216756
392665
408518
698826
496762
897446
944103
688685
372198
2476
118539
497374
5976
896711
178922
51309
927912
406620
908477
188724
468118
303446
663703
436618
819494
978689
422694
264189
369967
326785
267966
445405
857339
114411
424823
883303
301926
733042
9027
536308
495251
972613
100301
912811
626213
112241
837228
771768
6533
671910
606173
46420
451578
45042
415103
917544
764976
133214
266275
406895
967703
369687
373288
733990
471704
802540
683298
10001
812257
132186
336
2159
202374
143070
739376
279049
680837
809838
633544
361011
270119
842705
940385
605121
259843
772465
2329
768229
225055
203345
982817
419256
754359
490062
490041
770042
960861
651726
325399
418232
932179
272469
782877
134457
885587
176791
872475
427416
811614
456169
762825
279940
708953
126068
587670
887291
912821
542902
361556
589248
735290
354603
191626
611487
230069
147165
469616
356727
14117
229685
404586
258162
333684
219634
587293
651630
650671
759915
452899
543532
430778
969832
786195
783010
506746
840540
809731
12968
717133
65642
304103
934465
544957
635539
894054
977338
889042
702606
463889
344958
354774
566770
282044
957945
268450
715512
189964
793126
429024
377188
498045
450121
6113
87156
747437
186211
774937
166391
965292
891140
789615
144685
23242
847045
848616
20804
763317
659119
328023
4113
766381
509121
786131
719746
320821
96257
12814
856556
79414
868475
611840
701412
119714
402510
335772
64875
462601
470263
589248
452035
347425
331456
385310
274534
818464
91736
661605
640105
381747
754652
581028
575098
654131
2298
834545
527281
273324
761343
935413
339325
50831
807887
55315
741690
78595
531653
354083
907473
681553
922931
221130
914102
290646
638641
452663
231075
408567
251726
396202
678636
996527
620276
966342
820053
864876
520687
802296
280557
786138
553766
801842
932431
782081
680851
558849
118179
941165
128264
96351
634045
765067
585066
201699
854840
317376
536061
382997
209433
531228
809725
298811
444349
510118
148820
212366
458765
256193
735705
114431
179334
839439
856893
591673
600970
689135
870466
809516
901195
624569
465543
418541
98111
630618
831041
86107
514014
295068
816117
764375
169093
598588
195366
37833
129785
435391
665301
255191
877533
694328
731590
264449
67706
781025
566012
219390
651473
102698
995035
723218
259551
389799
384801
509461
582004
353923
788081
408663
764288
563666
548483
736042
803698
366440
244286
662446
6086
133873
748093
6589
349852
353361
321262
737890
646875
508998
784089
711492
195708
118478
831039
812755
261978
622827
907037
664487
79450
153084
74350
208182
742983
294711
148011
711747
467824
184655
763334
49344
629389
261252
960857
973733
533319
961188
917988
407461
670110
249585
150435
845389
837795
538599
308765
517112
594432
523277
671839
547220
578262
564109
69401
503810
126326
728749
597634
69419
640595
366645
209338
407983
407067
967857
435124
498424
627332
854925
230789
772149
386750
756325
157610
890062
441172
319190
527590
612562
228778
433650
791776
806789
444686
821673
998556
829764
101430
737049
78438
170080
435438
629597
506468
639155
536125
770907
52757
385979
762585
28677
974920
217461
751383
135108
20827
331609
352287
709753
575443
96291
544069
670618
760345
502801
634166
423052
47839
686477
282665
333146
880585
644960
307165
562603
425410
228456
995496
666672
995069
680979
925199
403126
531122
327007
473209
381201
758037
86646
345749
391361
25707
198535
573330
931021
922214
990292
260997
432567
290174
479667
554655
823718
454601
548732
14479
602749
905224
304704
738262
726453
238757
234558
128224
227476
42856
475095
49439
439843
853815
500388
227546
281897
437077
594756
520457
180264
530466
406495
239743
731485
691870
698826
319344
507317
62442
661108
630445
186440
240894
384801
490499
144673
360451
320742
137867
877538
490183
923383
937164
888686
784194
398216
551378
850519
576321
734697
468495
695672
296916
363691
465226
483822
158902
128073
129110
174110
482802
890157
952772
934480
568833
154500
962665
365176
215289
74693
982202
476973
212463
540241
233836
405208
429540
659183
869724
740634
122343
104626
649032
164873
392011
925318
277493
622914
905657
666968
390998
647680
938584
606620
890774
619554
819699
647659
5503
978087
598156
361068
443452
652928
154768
559931
591638
604361
723926
560846
113514
513484
859915
635674
550381
911088
931239
555913
598081
841893
862263
728116
17844
562595
286048
897640
312591
178922
419056
253350
705848
919359
582282
476483
37440
366190
284107
664204
91957
749264
49720
88669
203446
676664
652536
968967
831663
591308
870239
436801
862765
630200
121469
280606
426112
514383
983278
929127
637811
168934
552
663420
860539
736883
300454
532600
175948
248490
201072
844294
540128
827254
10610
203896
266150
644235
558256
104410
618414
659713
548372
235574
312354
409512
384883
445273
532978
973710
446894
879913
896512
390377
635806
397141
654500
62632
931725
631065
737953
268168
651746
429189
771384
946973
787547
249632
273312
256996
337941
437235
876800
439051
197577
843444
720258
841364
503126
176700
527554
31830
742050
152507
237499
747505
111641
490982
436456
713951
520877
20454
127244
50369
213726
528792
209486
828673
666580
81278
943685
189964
726858
219253
575434
192739
176719
920280
42288
636985
672108
958677
435236
165457
28611
392253
671635
539898
609706
30489
791344
55818
386157
124084
640874
394048
862381
534998
609760
314648
924343
257106
406894
774843
117357
943576
97701
572087
170441
210510
344449
6407
733548
491967
339105
142425
234973
741853
62222
968398
727051
865820
322223
307136
39307
297024
717071
996703
113785
132676
533623
350756
763102
662075
344548
968878
717053
534352
604786
416311
495450
897900
968530
389866
144013
399613
487852
478064
544601
328974
390561
601990
200548
909973
212555
635560
166863
709799
677241
145411
477323
457824
583172
814349
188028
965360
914496
227819
223584
826637
735945
639060
290407
942073
624829
638983
811698
487069
530961
407280
276247
444900
970754
989857
34031
422091
112124
600527
998875
694441
136132
207243
65343
263325
97602
786260
492225
232314
806995
84048
339771
587850
808582
952737
852615
190648
770676
421105
876382
415252
172553
933682
421105
121500
295808
764702
473487
415730
838305
590821
953741
923083
301611
632110
399687
908616
341391
114889
236933
523215
553884
390932
479187
619450
312426
403700
856556
193375
947340
608454
758489
790104
901370
370959
793107
681513
839363
506617
173174
407571
451863
229461
905138
725703
691823
604891
858057
32051
697988
258523
338962
172532
621503
81516
591827
765036
560121
713121
831503
887742
444448
818143
341605
116717
206240
314636
661450
946118
499640
624432
386836
6148
642328
652879
791259
670208
769564
234441
994285
236124
996123
699615
219390
544222
729125
760832
162374
79746
851003
277391
893748
736329
682935
885099
164187
515000
231322
974739
794156
861699
667861
245301
125769
696963
10787
551662
613600
303696
757106
658853
151294
444585
320556
129838
570910
794303
85427
998254
420915
857221
269931
110386
596946
926182
190353
355122
21680
943962
995220
791188
37386
607528
815596
916579
945298
406875
421479
973973
457841
881548
595371
569484
302301
605537
959679
7064
658885
616488
47114
904568
345935
909163
48386
673573
899494
63054
573830
53551
43200
956576
529363
680456
92170
374905
335773
920280
3943
284705
391201
481597
198854
225615
480290
868929
987477
548990
186010
864945
939495
246760
599044
121460
542804
503316
629040
831210
73953
900289
273458
671555
674858
431863
774133
793158
467470
334501
988641
626038
696211
535094
517128
756931
291258
236227
538823
335687
446659
500512
797990
526845
337961
936672
439276
866230
818032
915836
593469
924554
247383
474299
265805
616033
611545
628671
109116
388921
788861
527131
103473
998967
108929
322078
15805
587196
152985
154599
634399
100554
156695
187816
108666
139780
497574
318978
465374
46322
277541
799044
960477
149023
441935
703961
51586
978747
569491
974090
187098
673697
950303
523115
556098
77689
18236
244881
557677
532149
162627
791598
603290
163373
967814
832387
259101
20611
759276
673004
188964
859066
498551
522243
26398
69377
966767
931078
707239
912251
20261
675914
171089
262878
934384
814961
320499
494799
914094
234260
121705
307687
440293
366224
456804
804640
541183
285136
352990
844524
643599
652831
458890
501690
842400
64970
235224
488090
86873
17619
904494
683838
102856
57758
775752
175835
470810
697837
92183
275315
386180
146988
811172
860234
226940
43332
436659
712824
477220
665410
442108
63409
193698
179709
313147
611494
112052
837474
910163
176077
650537
27806
527645
989907
37868
364955
908682
763300
583879
266812
683996
656700
409241
172294
92371
913204
233561
826027
360038
249400
250844
452833
841351
678282
767893
846944
217507
405349
257505
799173
178211
959349
280297
379643
374349
253295
636927
75615
397419
116299
865863
943562
997011
630198
684924
573412
59188
877609
658991
233523
884048
741171
227819
761919
663575
714622
126044
807093
153375
252646
956730
769326
225310
507083
387265
188677
416549
802019
356212
930937
590406
393171
666700
445971
279190
136538
80764
809842
963526
111943
385817
458004
65467
701160
519069
120081
535593
701160
235798
459935
50584
667278
506757
165542
682309
406684
228423
969396
233919
50667
431884
815173
981420
563083
639332
831943
525248
99608
432145
992494
175263
12846
63829
204309
804787
177582
708587
119097
571933
468923
660968
689032
904442
424261
981276
286663
817957
90762
683305
702938
435600
279157
482623
936366
787637
676715
356692
955525
425575
221637
941641
70148
158032
924822
479929
559904
85493
640922
6724
408670
662966
457874
931747
417267
408440
483262
164155
315276
870995
534321
442543
998839
335134
852797
871957
7958
180826
845633
692845
821937
452332
135095
423085
496640
887532
860030
670558
183096
256525
431479
605903
233468
367364
957040
644317
673835
794054
984733
176120
592817
24284
518417
706387
908348
719352
841466
400808
856981
384740
888747
379297
344415
212953
797950
39967
430598
727061
803698
884909
973833
893122
205315
738070
766877
404592
59331
111143
174281
561698
613157
968383
847722
838046
768212
371241
774638
411486
416560
170716
138136
777560
75335
250573
938969
873613
535546
86245
80606
232286
67136
7901
218655
38134
442035
399543
805237
775075
911406
10852
650504
310943
267855
646807
238698
157323
176836
399578
728943
343298
817893
81497
612291
730379
416195
431323
401003
14147
358504
682841
451953
212075
667525
528966
222793
988128
761025
648725
422666
502620
405349
694596
218209
525028
188985
7969
120478
18136
285896
277313
661726
563583
37843
975364
640452
471267
595480
389602
659072
487716
10902
475572
239223
490030
404437
631643
449384
473354
21965
725600
201921
530293
761485
585323
47752
618693
102092
214493
402268
807479
851374
450603
984456
333475
690185
190083
721450
463605
441824
68668
154085
626066
604247
531828
715118
94140
733383
337232
898786
88464
503944
981554
163818
302793
125151
176613
733009
506604
998592
930130
802346
894848
342860
490725
10203
154125
204592
806317
680161
126316
398261
287976
771158
841639
830329
769592
484857
388391
683183
376435
381901
173669
254852
883554
707795
70857
534264
142716
652375
466967
312065
926913
287122
612290
602234
768173
218783
210107
822146
536651
396071
836386
550791
135137
999508
563083
18777
587618
484837
937473
221183
222058
846831
592418
58694
597547
816538
423472
855152
968426
225925
919453
350
261435
138921
332128
245895
497471
634466
153962
105982
876425
712326
813169
656657
268517
795288
606133
607410
184136
543797
844384
788403
213698
190402
445077
98823
629238
212287
384470
933136
285140
180859
367868
838691
198457
555006
930780
982311
292203
66443
625374
377966
861202
509519
3537
691998
830320
674164
881729
673839
900134
860371
595629
204493
615937
21859
302628
789547
74788
433162
914360
496543
362228
371935
938941
355334
855539
14449
131904
624386
229854
928493
862963
575980
168492
56788
496168
619953
705102
667008
65987
991151
804904
360337
939115
512812
620370
491061
566614
633154
531726
782302
835214
596575
401592
88703
119041
293921
529068
737810
362260
833479
639642
180200
396040
586414
188372
380811
33052
886743
156469
378668
772903
346996
120805
905775
772496
842057
874041
576050
622757
735304
946844
695245
455812
137327
817137
880549
165110
627733
343324
988270
428006
545092
761117
328072
276908
285481
170891
580863
848338
549867
297233
594698
781017
893618
72743
997492
668632
707895
784693
660968
725714
131302
361606
146062
752326
821649
535880
505568
840900
222094
255616
555831
611877
307404
69854
533387
999652
729861
661398
467101
782652
42443
414428
858228
912592
402539
457956
382055
771382
450060
519578
776128
789656
281983
23816
893729
130599
162134
478809
548896
559130
962300
689600
327700
597489
215692
160608
778855
744161
885886
577203
950650
333822
171993
948108
177761
848636
785328
478027
972533
805710
93952
649171
244154
783188
94235
313050
260378
672707
663821
703808
60819
467872
906398
32803
102584
195213
90288
993248
193266
730858
646269
706892
618348
947617
950681
14484
832960
643168
244397
465104
796747
18571
788591
764560
721985
946150
93845
323377
150846
207285
396003
575882
553453
799604
730990
934084
365373
318741
110956
590860
142838
819546
307002
608087
699216
871425
926608
561639
620156
502306
255209
917365
459665
849293
701485
759701
50371
839882
51484
855624
984390
511639
664376
882421
632154
229258
30336
118062
498671
856322
836523
395197
115533
115693
307131
536281
170462
61066
896713
198240
176836
791243
175692
912583
450512
582694
701027
384169
29700
21042
756329
544999
835335
635359
609906
624292
758491
958874
615725
46648
800109
49023
228709
526045
609616
199139
685414
661836
598206
508399
249850
692504
876382
913092
702606
359587
628662
382552
781823
631463
207964
929575
119452
965111
491372
221523
396773
487663
487960
308435
247054
993632
586704
358680
566419
113622
786306
847744
379944
92991
844068
152164
217048
809119
751801
877140
175408
970719
428956
555552
703001
782817
598085
705883
232316
199599
812735
834070
925528
587133
754395
114108
62031
803148
361900
459512
841204
6193
116912
659695
71987
938112
894767
172081
484133
844908
522269
724644
985566
734427
593076
392504
978824
928255
757886
688805
740850
584572
154576
765827
492235
482585
914041
467364
876383
951333
265080
311056
793801
506707
636542
138082
547462
894199
895578
517132
978517
346603
910732
465211
500938
854840
704342
801977
644362
16911
943926
834463
279600
161167
725887
535441
717948
252289
205385
345135
213874
205818
39920
380584
930100
929375
710630
247873
331647
902108
891789
361425
657279
350900
47883
939703
492569
773897
847851
338832
106535
384386
890021
52635
484727
757564
477901
288181
722460
299877
884645
76641
868740
114448
178989
74210
805698
958589
279287
714440
428828
219390
970527
583759
467820
330705
929044
894653
750648
184526
707922
381881
381364
309673
853977
33743
77876
474217
542895
639516
243349
144968
648586
978105
920072
424064
266275
26574
527459
468939
473473
77418
485303
735952
788668
810467
34164
668642
591582
357717
631872
634432
314470
834852
418781
435857
107694
995318
857368
602380
66741
765404
691306
29037
663944
607102
544648
318253
983494
45699
532427
108501
455380
791874
108895
628270
120887
695922
73002
757009
752197
857468
775078
896349
120092
893757
977100
6544
473750
380273
112761
422838
819816
908614
899703
627787
374044
285682
177427
380969
24906
984294
544826
282150
906799
775048
570362
452308
327105
538924
825913
425388
391945
551547
109872
229087
150322
199421
107084
949592
102630
501871
984870
140269
711902
651533
905103
674387
478716
810175
170044
890539
128264
420918
996168
330835
401757
986888
42112
945753
587267
495266
168875
81698
479093
265585
510363
289700
258260
96100
772390
607209
77624
520249
677983
370312
282558
702605
883744
195051
430699
472653
181448
355286
112382
889037
248352
463448
921591
695246
552571
702592
217513
996559
563863
361741
787847
90875
412377
826390
867293
689008
896371
257991
336624
985048
61224
23341
171317
225258
627500
368503
744056
32332
115827
789988
792048
230179
197619
297716
902806
169423
701466
898525
604066
814844
698468
96598
98966
505835
161826
564021
577453
898490
933822
952602
405220
236552
920397
195342
277291
930487
839795
287556
724763
768859
102382
215388
181682
19654
461949
954934
637379
405513
674526
582658
447784
503417
867549
440838
954520
201724
719847
821499
161211
236116
509553
78676
185460
67221
12644
61428
90126
117795
943770
381133
580056
106605
943081
605842
531991
72625
516081
670875
886684
228827
158522
52349
197087
553706
193104
368110
658925
159718
998985
498141
984371
370
130724
426978
206907
602190
210382
520115
388703
154932
63792
372220
565795
573500
273924
6437
809154
597202
749750
488440
8311
396830
708879
295635
630406
249180
553570
738634
110228
903056
432609
547148
4675
494799
487359
115490
622300
932283
359277
690283
594604
872449
514473
61413
286949
278344
913309
427606
890378
47240
113741
922547
184475
857985
120364
215368
378913
28282
478158
943446
970752
443969
101583
886525
721178
781253
703959
597515
493370
657424
173928
670182
544909
672347
459285
502075
503999
197773
52546
302624
966976
433337
424856
241555
242878
103253
907387
523305
606063
806366
839219
642417
480748
490531
583785
149730
354281
438909
92388
309039
414687
672890
203804
792683
522133
425985
526335
73705
560022
6260
494756
978234
945838
973319
264217
492406
486133
493650
373285
728556
715000
592948
949619
617345
969684
433191
183021
946663
761234
879572
869624
918888
256833
291331
592457
198604
343932
510208
761279
560017
592299
776888
407744
312662
19630
891710
48093
668177
85882
77237
629880
508320
121772
814712
337201
278642
477161
258996
226198
229399
602667
904859
866763
920950
929607
496146
143528
492778
447324
231981
606874
626610
855697
455161
353352
540680
193883
790311
686382
856535
548865
183506
770625
289029
234302
761151
86445
690865
454518
530662
264585
523746
66217
669029
182834
497982
269363
958800
351073
402459
631065
772090
962223
616155
272328
524262
357916
735566
718651
361690
790567
102276
759929
61049
149966
682457
24031
217382
625472
732264
727023
817056
103675
935905
707295
877344
45698
567691
384998
697126
746459
30066
977604
639888
409188
600147
580811
652242
702340
540877
243857
838196
219344
36314
604514
339380
959086
37345
139624
933780
853160
192186
180738
987748
450221
244811
115442
534698
623342
626660
554805
428330
776259
514864
930949
928450
961103
269979
811569
971714
616383
624935
796884
548212
810965
893178
43114
353033
728431
569115
791997
168019
237722
804225
728969
178573
480398
839579
173958
753620
757771
241448
857554
167777
873140
938053
912796
760548
952405
406498
918919
35308
605156
219708
570844
522450
643552
131545
609663
249771
97368
970549
617550
296950
817807
818428
573307
967370
971144
246010
182189
900983
479521
753403
360358
823925
810041
532941
747437
706250
5370
590238
43051
316169
819829
733520
388352
152198
818602
390833
806372
827878
630664
314575
342746
782452
98018
111839
766736
387503
333978
911496
641577
941139
700103
125889
413940
493266
373837
453480
27239
93117
317258
246459
467707
9027
318689
994922
101037
385378
231060
342909
586432
860094
484713
660211
799384
106007
79110
222559
626896
806598
464291
170431
730379
770100
919354
15327
341504
806987
815184
920424
75428
696297
551315
145237
519438
634853
758886
476690
302598
288117
231594
984545
674523
704887
150440
854925
737512
869659
107964
609561
614441
65000
212378
419066
909357
473948
965132
938187
711904
183289
700723
916619
333653
683327
793636
970679
195169
739585
5485
652739
440617
705342
271230
406510
402442
152714
390649
123578
364743
818979
905250
324486
301545
593868
164102
555109
930269
825967
179885
83779
385907
46384
479666
941001
39089
611860
47155
761188
746784
78358
340190
932857
631053
887440
12787
370926
558816
252410
827878
250790
968878
830594
362562
615108
435043
987057
381767
942359
732206
794335
654488
680402
514376
270281
139669
719739
752161
686055
677871
170490
242580
200991
960744
434240
126398
472280
236341
580975
95216
300483
419040
206802
422336
398095
674830
701192
320183
200466
144092
578855
349791
445863
664906
21049
783212
527139
22322
147710
116818
236820
391278
815234
86257
653352
92081
54481
702473
600467
990928
459718
303147
870524
133795
22287
683072
196016
205662
39374
174899
864976
215720
504747
741398
432838
460021
275207
703195
891597
814230
501100
285380
484110
185101
848607
853430
511190
424364
309216
346907
405705
971136
474014
175200
264754
469550
454054
448244
682896
869688
124034
525758
866958
579117
37729
279520
535625
853654
246114
970680
183352
341514
203937
511039
307809
917575
208641
43506
520729
313696
279378
84836
521358
486725
419436
489641
295103
697127
131790
560864
113433
14575
865826
243225
173801
385876
56988
958445
493652
453856
226292
462929
463634
776426
554307
834478
10264
587293
338469
238361
718943
397264
297572
245911
422369
484837
740639
773824
20804
849079
766413
620599
614564
18923
868381
357883
317535
87761
860079
181844
580458
58380
40047
64455
977100
643032
389548
175254
502418
389122
331107
102310
160886
908759
265075
413641
735174
408085
896676
800087
82524
866659
932262
873030
121996
290170
842708
39906
548362
936571
925324
243025
230106
68506
515293
500295
847558
461043
857164
272219
514911
273989
698138
712984
413615
336117
131623
742890
276095
802657
881782
267117
663540
432507
138488
28206
394905
988823
190426
89739
548153
360320
944672
140504
442424
49007
995983
182378
927973
54328
471021
672389
161327
329960
492589
506437
338557
823316
545797
218047
255908
968938
292563
8868
485204
640835
810282
271710
151696
951407
488792
383385
126623
882512
978479
858981
790948
574253
332653
109721
521594
793218
992537
312886
57944
643625
97616
356915
391945
938384
109083
854077
83119
775493
505364
439955
40852
386210
619675
814963
347057
408506
560354
339598
993928
347971
597100
609181
896657
375213
4701
933590
667825
784102
20449
434167
729786
434636
682699
14948
674004
730058
342136
613943
172181
854846
778463
543642
973953
238754
850813
508234
479689
77565
500947
540030
533995
173595
505285
32509
813290
449578
190683
242956
493583
368811
85320
494145
182296
293395
274358
194334
538594
22941
537439
121244
929575
904408
96465
973971
657354
22884
820014
3783
454285
856757
941225
815622
286165
165411
999114
917968
293610
988445
31862
321512
899415
127893
902276
390411
768308
941116
701192
599912
163205
294440
11299
520289
169010
901654
874919
783094
424673
598787
74624
987835
753093
995801
642616
397442
5422
466693
370883
539978
80574
139925
864700
281557
204837
972037
682906
547462
486422
754124
425990
94463
225079
786117
341347
302504
882605
902293
132186
468123
253977
970021
69405
875526
417228
983325
573408
778531
616155
122664
684360
762889
158377
141538
436208
371389
784771
872289
157018
174058
568692
752949
520582
703684
225155
283141
568563
723443
825701
963377
108501
690704
543693
339647
752113
420081
310562
362020
710532
942298
658199
356977
696655
188226
988190
787221
681147
715580
123136
925644
875287
469627
55886
439453
645
521684
774574
190894
474463
590620
627627
75250
312299
780350
641177
31847
23048
225083
312493
38203
82718
762047
645247
425710
810264
738611
133395
709597
876527
497724
137712
169421
471366
486334
710137
741534
839542
442963
388121
735304
302770
754048
962029
658586
791204
649685
920684
556909
544276
204681
365746
183281
626857
979806
227476
856733
116447
618488
579027
830846
961999
669448
69855
274838
619604
916654
353802
309286
501681
572359
901540
942633
645865
983246
827985
144364
204103
554396
31819
439086
713719
624426
483488
842888
105902
902707
88742
436867
880823
768704
789185
804889
776034
291111
285225
758945
898272
526973
884893
264213
121865
337727
146306
333179
279969
526732
666434
181845
43267
781952
488092
139173
452833
987924
565632
858806
880271
298023
888414
147387
969766
520464
323441
789337
616636
326859
505613
679201
4704
824548
265896
801160
884083
112356
47785
675528
640034
652610
860042
939559
974615
687885
311551
533965
269737
254939
325790
409292
269344
217149
312845
338371
462328
885798
361875
800242
609542
750115
314680
176057
26546
141388
783467
365911
350230
215118
255787
726519
841071
146082
352891
809357
399875
309599
798138
879836
310365
222826
436822
216928
610075
246317
427489
141033
284564
771050
930652
30886
20627
593080
857555
903096
842343
4479
634217
529227
996906
165275
444941
873318
4568
461117
492583
147453
434663
54450
235587
793271
817859
776025
420435
567314
516615
88197
246861
377622
885854
301167
223097
681962
229754
999948
552356
684491
263370
356993
453956
23524
775891
970132
203738
38388
397458
955980
902575
134156
414225
336412
117599
341064
847018
933861
323227
340590
530087
745882
524999
824388
723658
909535
623927
639566
716629
931249
777671
833788
451495
771504
330691
946849
997172
986118
536505
76023
761907
433218
152078
319059
791343
687213
600671
637102
6824
79993
822657
270539
406241
885004
286716
588994
84971
892730
558212
294083
481870
208841
53742
110143
149580
408208
742729
855525
62968
300842
320623
623592
508234
835316
528333
595837
133628
567596
914885
496851
245399
794603
270837
532926
321972
822188
645665
937723
189422
631773
873983
443788
251282
256138
723757
249261
999241
591732
995484
832407
259101
812653
730958
323213
733368
56387
4535
853580
274690
423721
311065
211063
69892
446010
499092
474670
634853
182147
202117
5861
587670
204621
101972
660617
470090
427050
700884
545452
656141
640107
237049
513072
836053
645035
364982
820872
883290
110379
453942
800047
800614
663656
128288
182890
113522
282604
837749
511398
169551
620410
654933
562339
573968
274812
567192
739980
903919
154876
678529
531287
118528
340880
481168
85540
721648
2841
222557
576313
659906
233534
317150
233382
335464
297392
655729
6084
782702
273157
108400
658836
424483
568685
862048
900779
341339
557686
970981
895024
411642
798149
882658
754701
334753
928532
913834
473816
270986
315580
955899
762966
996878
871933
131521
388102
62665
338144
375989
534858
60676
483493
191078
929099
623918
850829
685562
177454
894604
84290
853993
723851
72516
639983
152592
904689
914825
252334
275056
573385
24196
36561
247903
23063
20040
330066
295083
283726
402825
736107
810041
106002
369909
186133
340103
794160
415199
172610
678744
345422
222541
225826
968254
577211
730547
13359
657587
33928
253647
497435
66863
14117
539793
894289
661158
342453
478169
134332
460788
402424
593844
165387
39049
479120
689640
74404
483531
728673
849218
634992
817771
259193
973149
216394
595952
921335
586283
349200
230078
528569
222766
929099
63597
745020
513484
379695
886693
76029
922848
777610
157333
270623
552444
493079
314294
846996
730581
524470
54368
172296
221771
48226
978502
496379
636191
99500
327138
586165
918248
671849
836584
289542
90243
905713
74075
13659
77391
853993
898188
851682
378726
805479
334348
686388
814244
590433
598085
495762
341756
65368
701470
806380
210383
332228
333544
775035
642369
107507
289744
13794
348877
359435
176135
994045
242439
224998
765563
739351
107136
660597
281232
562814
822247
449153
971034
225732
998369
158273
163906
400140
701954
447364
708794
718716
15101
300943
418738
51578
549232
74020
280350
340529
500462
222540
269986
12975
435278
989147
693509
114320
792098
945590
484638
561317
187918
496573
458610
292185
506229
459253
701230
468766
932912
565442
438367
920690
33836
419460
4992
845129
833342
330398
481757
411850
529292
490041
32491
973741
948813
122525
184916
835187
605851
150436
84238
55063
437867
967487
229878
645084
683081
538759
739467
99427
164182
229427
703959
774241
337945
866896
403771
988270
345852
410255
122525
838074
420458
356797
781326
157312
740353
549052
838953
244600
832432
505360
196443
731834
516510
672976
927584
256612
150899
553747
386583
840686
569127
198719
685635
495790
962898
105320
904046
248568
581485
211411
561982
628345
706996
556163
157683
241304
903650
403588
71915
204221
351005
951480
468638
205964
458432
672771
567558
323951
479479
165457
68075
501250
13434
402426
456871
352554
927569
725216
511076
828976
905464
632723
603264
457305
501114
673444
478809
40309
489151
578214
904255
699602
555007
515322
836355
577571
175480
974997
870643
950096
47200
911534
911826
508019
459847
508711
173259
157595
457251
45478
296579
707580
31828
254532
966049
471365
855357
784684
852057
709765
161310
910400
12078
338190
631329
201925
425410
675881
605427
539693
422095
537740
863375
374416
535502
864112
468623
992968
3654
244944
598588
500704
994743
443602
543305
718644
325227
882891
335267
132751
509986
328212
544087
510611
593289
31659
651879
976984
261711
591674
990039
973165
238956
347409
694630
110195
308166
989108
411776
9846
734234
877248
968140
924339
893445
306329
44720
33289
973947
681002
324882
412462
885561
581955
917113
869061
638973
751696
657014
258175
143388
13254
543053
473842
851165
409644
861511
148619
51614
694234
11257
38033
422787
943255
822586
166459
468562
400663
323399
30199
687077
863693
108825
426377
48297
927440
660065
652263
898128
772450
324246
697647
492447
588895
525609
350255
440697
361196
193036
275173
139176
547620
313465
506539
630947
488824
531605
747609
286934
643632
405987
855916
719594
565567
37493
268389
108877
771625
449925
292820
941002
911693
458059
222429
694150
553757
914733
209893
997309
767577
820338
215833
13058
163915
790972
662018
689993
485961
9903
430259
207591
893566
541037
900919
112045
803186
367868
909252
146788
620067
548942
829616
388540
283116
865628
230220
326007
172322
618639
351811
692231
634944
95688
542241
512032
225079
416821
898626
821575
273269
115405
931547
194602
590238
812911
966410
78727
670680
177761
762126
70356
521115
352421
979837
630770
99881
353646
779992
665335
444548
941116
724741
504191
968081
36218
632047
42198
516052
859422
721048
149999
743862
355051
415520
660891
645915
630297
269925
398410
775754
585719
561067
648328
74938
47664
384991
758687
377322
378459
617187
24923
177799
761897
578269
620479
288388
771515
319894
571712
838703
718957
964428
887592
280722
667955
999440
632412
117638
975785
352785
95157
53975
286564
563027
18667
770321
435265
265922
634937
660972
603171
359289
256871
880889
535647
227968
826548
216625
253317
84156
211931
278252
694367
93210
499018
896531
14290
337788
929735
110118
956299
146200
731024
927067
23482
453771
365032
646237
791214
457681
576297
254014
739203
725778
179328
385378
973379
328693
950941
319029
859273
252661
955575
872679
602344
721943
78142
648874
574395
570246
349975
256321
362501
689998
939133
216952
972956
186033
700964
145920
307037
632480
320821
129382
441917
26720
379139
939908
409316
466882
118059
578601
775628
384394
257160
3998
47516
271707
199419
268454
51433
723835
203651
257717
974395
534556
791971
139935
601890
65740
487205
609710
684486
670100
58347
869180
32581
870724
260562
865914
948204
27183
450079
692879
122362
450503
563528
431921
676312
290524
635862
832281
692156
707144
160621
242680
253384
560789
388425
841569
864225
603534
40650
503724
675373
821821
761652
460845
758674
972538
285035
888832
410609
188834
53053
455107
286234
715731
980013
407634
152171
477225
352125
872236
463508
116501
694637
739692
502004
538185
987490
888361
689015
793265
315732
722260
98145
88791
89957
476479
923582
812662
929798
865614
444007
181479
813839
502595
438187
163425
233482
892754
941101
68031
957041
942250
928356
27931
48564
994356
521418
541824
711279
546227
626404
312710
726975
894903
665443
279021
93168
798694
561189
835653
504796
246971
814086
228525
790434
148952
934796
57428
390968
381675
104375
158377
654067
959483
939375
901793
105905
990541
177397
987339
793015
211974
998891
693897
366077
136622
375772
376945
179230
157672
392682
180202
761761
142170
430004
974856
422825
19402
676642
854788
191964
807993
425804
865173
949950
954076
904454
518057
724049
195387
575048
428330
935929
34903
714231
857907
322155
243179
679771
523210
800956
659362
378708
332624
204715
371145
459771
73767
614456
522964
403796
763306
583522
734328
368759
198262
697709
520955
677251
978213
747911
545612
521765
720573
178930
904569
469234
409271
210394
153852
934003
137865
847572
499249
511138
742095
201525
243712
367569
541467
112639
449540
54968
52428
74659
168459
189933
45405
79766
621576
941799
173798
776553
505237
635483
21705
51995
368585
668964
991381
686477
108786
41723
578512
144116
163646
678755
808053
986794
36927
875464
892771
898771
602705
780895
696978
744006
689728
789825
585879
841508
393290
215673
108850
883456
974905
576191
777706
674901
804037
926412
463272
16999
487225
419009
914185
435640
825658
604643
5898
259699
900644
227123
58078
212538
909777
62307
795960
236609
477220
623179
618325
496735
611922
48701
764241
666919
239391
290091
790684
54372
75700
625047
619228
626235
25136
506539
400101
301691
996247
501618
227529
290839
111912
81615
31580
395046
705200
706843
254514
917904
198601
302826
912292
906178
463220
8364
848394
965441
578732
483607
847373
838495
341970
687610
580255
986583
188840
661416
397335
817137
116063
368626
636167
499013
496609
198051
292152
930464
375512
765838
127225
471981
683660
113996
758610
460738
762106
433579
325003
886607
170829
380169
370688
930659
786302
234662
9472
336952
202203
478939
387952
657133
766520
218196
526793
228268
904643
920295
302790
470040
761897
667694
926257
866008
548401
765471
557897
91668
130484
965719
5431
592690
266814
548464
815022
453718
73843
452385
508404
840753
637953
585861
604934
136049
649908
22915
794615
697981
958094
414158
918661
825745
367847
795954
215802
635855
353416
900503
723407
730655
596242
268845
781860
79284
761579
742242
474217
8970
993621
888821
709191
564305
399920
411743
9855
68478
240006
516592
8962
738122
104869
105369
734357
969691
397541
511149
501250
470773
15302
617254
960827
990733
633362
440133
589390
539286
155315
742917
210490
461006
269467
135311
800242
682881
266243
556374
258432
944415
643570
73038
413379
153805
974396
196391
60819
212200
503999
991213
587589
939216
339091
810885
56801
277184
235100
167392
279477
484761
25958
584111
92419
713649
248820
146654
671574
205733
317397
632825
167993
174649
338223
805030
651227
871870
470543
96786
856765
370022
789045
93521
972624
13593
234827
209768
579421
773109
885817
840508
915327
547587
701628
476475
59055
777745
557120
487905
726985
375472
881105
524504
338373
921467
746240
402959
315630
653372
371715
839497
303744
130025
507298
196467
361450
768282
650461
50614
467533
845337
88193
311526
287462
570970
951071
684906
477802
939850
377659
554421
11028
457412
864187
328946
257745
846584
347882
152552
831634
459859
199813
628488
969099
92125
727880
273507
112393
541063
800824
253294
418256
364131
619485
377637
114133
421642
400365
96060
89749
364213
99224
138854
966527
181353
264553
808076
129935
98613
436748
338746
228433
69780
210358
406797
512220
781134
200415
263325
611576
376062
603923
428828
817229
898869
305136
650199
760832
678659
514743
177785
22645
232954
659546
421747
537565
521943
140818
602448
247153
537975
350835
177353
81435
656431
740178
160831
331420
59961
481377
706430
983527
569526
866699
317361
402494
222283
792630
95831
457447
141290
664263
398574
394111
50444
171531
671483
700883
514097
158313
382238
137953
903211
792375
979136
950940
780773
403386
679886
769466
161226
512811
644640
140618
920522
779118
39593
189965
937117
490669
591291
680526
559425
54248
129366
776120
561508
316236
328799
44888
252289
331372
832789
848148
29516
896532
438227
654946
185746
220938
213214
756450
141087
501593
334212
553057
788859
341485
624123
145249
855679
421236
150081
485304
8608
736114
911705
814717
16746
947596
442703
131521
435169
326641
569004
756400
241545
833677
135565
699000
354734
601742
353720
729939
364391
738930
607962
938435
166777
246508
759254
567321
137842
125473
996221
531135
921907
429354
645271
590878
81134
9466
525162
836164
260081
807783
648794
766286
185252
406385
320059
828932
289424
161461
285257
855595
520912
221978
33410
935231
646317
438397
239725
470033
745895
301312
797795
43720
549003
4605
284458
640613
715413
208576
143863
431472
94151
964545
784771
790684
451706
220954
351809
170735
418549
217597
402645
6965
693014
742590
458035
24540
954753
714773
449185
181448
683849
141634
810017
987215
378225
45063
410210
615416
332781
509025
122409
963104
497111
152706
993932
824557
100527
468245
24112
477392
56016
792460
891958
774767
687153
517699
735572
796752
718440
729224
938704
814939
360896
761334
296857
943103
941211
897505
707435
693251
79588
65255
876633
709095
671847
865883
550513
35655
333491
877092
585300
177966
485355
505360
812658
501090
589921
316544
4020
171741
727964
813480
376836
768268
245971
810399
961580
467384
856925
314698
476789
849286
184348
627834
208080
874245
970811
984904
745939
915617
656442
198754
599369
795154
591715
339611
169263
517567
134017
600500
606165
354431
481168
565825
973745
856296
882097
105084
580742
779566
289185
73838
619393
636799
296145
770827
577403
883279
474456
487833
5169
570979
986319
993536
729587
508472
845788
4984
782660
618698
525845
200376
361591
358089
24968
329142
340146
814313
568987
426801
275943
130948
109160
548819
288646
121200
963688
331560
505509
876818
244286
776645
541183
399212
225472
388925
824448
244474
595161
441328
660540
44753
260305
535227
188641
920129
207754
956689
401331
896281
604848
86258
168948
237060
690596
9732
473305
823803
245974
542160
535021
18574
184856
858276
661880
317804
645068
114466
27930
194661
656715
514698
957712
276425
954186
784671
107128
999948
917678
506937
517463
334320
333539
926050
855642
770843
62907
5898
124807
941197
885798
68417
668196
59470
571177
550130
604874
632664
971041
724293
907428
844622
647189
554507
674830
717485
109317
490132
835344
276340
753363
639303
706154
533001
758407
292287
988360
842975
485497
918182
570702
95837
176171
441154
405797
710046
554181
123799
288159
169551
782153
859293
698712
611238
133245
97804
536505
418137
179826
823192
262756
79805
715004
332764
253681
82822
79850
907673
999643
589892
780324
1840
394022
450770
341853
56002
513880
503794
152353
74442
313991
640162
172297
224651
296957
901762
972000
664509
480777
42012
642542
330211
244603
71841
293591
9779
669128
67526
252031
157555
454285
241659
728451
887882
771468
666337
351887
748868
362912
442530
517948
713513
746405
410350
388883
942992
202639
394523
229127
469707
5751
674230
207432
887837
164264
366869
978443
920028
945430
313018
220029
694915
330155
988697
808104
764158
248816
83688
686042
856716
111474
554446
613508
839909
440880
249576
401067
56373
27138
864876
572354
320936
522770
377069
15808
161937
390260
890080
388176
998362
832698
673698
173669
262331
148769
474803
530950
916697
299673
67489
695611
539138
805762
979657
306372
163425
480322
124024
412491
131475
919973
400630
286158
717009
332906
564798
809357
445291
79228
147255
700398
188371
71545
112829
50267
117545
300535
826929
402745
298486
300943
290226
70896
813153
867515
486854
596992
542949
780305
681620
5308
488440
9527
593289
865567
452853
766481
336677
759027
375646
246085
251988
79781
986264
603209
896008
172420
379208
72114
287999
626665
376699
740662
271526
798053
27407
708373
422434
966233
93405
770577
195861
947788
530359
383644
43560
661130
955693
888069
591690
911995
641971
112947
232267
512521
521438
958863
368503
449390
728600
45159
68564
141115
542032
750668
220873
254174
11729
874779
374454
99614
621391
991991
969619
996580
147015
223785
751996
702236
465748
154732
96008
537838
789146
901633
520540
474558
356043
577360
223409
599177
37722
255624
394663
744140
927846
544204
371616
828151
581127
346055
983362
31702
987132
230029
630759
131827
619753
116968
6115
183091
7249
915871
757219
475270
677273
848205
131593
955051
788127
654926
389427
299027
139757
515380
449992
769032
167389
144340
530473
653919
725530
145678
107745
838630
284524
695722
526555
563493
781726
972027
966102
774664
189092
930284
605643
148862
89510
991130
475163
974195
946978
540781
53304
29680
589620
802998
284748
293261
137711
495831
695734
140522
467470
517945
391621
92422
38033
582412
431662
769450
2639
363287
25001
801069
375685
467083
736818
73622
862857
33702
954693
92226
315937
715004
348268
135909
188886
679223
577652
485280
620360
596958
820358
868334
163996
447629
307014
760800
810304
984772
78116
348881
894605
773064
401816
521380
72030
11055
