843400
387698
639637
357719
246338
889447
893735
571580
276103
388114
5358
362411
87889
414238
189937
583413
517510
651834
838154
686992
699659
287987
375086
900457
911215
314452
902091
750193
357616
460629
914461
838596
218693
372791
613332
740523
385795
944438
340488
513014
859245
515567
800426
608213
452089
605584
660077
813572
95700
459898
723490
688837
171633
901698
101762
317371
797872
326843
764106
626500
876619
115131
571572
618726
758326
661451
211460
206865
355785
505211
559816
964166
185066
293611
210137
494259
368623
975498
206841
867711
704993
974335
78403
398836
318277
257330
587595
937790
743142
443732
102824
343554
870738
424018
956021
349242
95545
713162
964364
868162
111988
773141
139634
760068
575629
669663
88472
547642
698223
817498
873314
577129
430078
450589
345533
489707
886915
932853
430059
235725
763642
342172
356746
13260
930116
460763
382257
985057
305259
906
668167
390184
676205
685179
454152
116988
732344
217788
317404
991629
985269
739400
702475
93893
846515
278158
811940
386910
489720
384165
142073
98493
405762
487606
284131
68419
897569
970987
893008
910248
241404
81733
940005
955010
874107
688871
3082
539887
73696
784757
252371
486794
650137
144968
429150
999251
446222
572476
811798
532480
930627
829579
924055
245976
92114
210058
269324
445309
601377
65629
862734
669957
782089
544469
367856
390919
20028
84458
613467
124861
348221
379834
437296
370603
57206
813819
669669
472767
452062
512157
806063
990535
872442
8241
184404
101152
470796
100128
626027
875143
319547
408295
405380
556269
294051
668247
123073
497547
326191
446125
773397
309699
319000
288625
179297
469839
18307
102888
564604
77594
788091
481391
424877
732224
714954
340842
312547
390994
68935
89186
422015
847565
33924
790963
156626
341289
946216
654527
237911
638857
69283
537381
555336
214359
995182
819395
932697
423159
973384
260721
125792
576727
494291
885753
323151
954771
655021
594132
972583
637483
922258
297237
210974
769470
858676
282854
289481
369491
872610
319003
302190
846437
677118
381892
354633
399607
170522
763218
349664
86298
454275
955681
687137
833617
240675
347346
655775
679609
899571
474297
253554
830696
282659
30145
570503
834525
201679
788013
755914
446047
395266
577317
203940
951429
144973
29326
31678
319549
416787
999529
151130
184301
948055
684798
864289
380395
663682
476627
768299
914467
837335
417950
338805
829147
61062
964137
22556
306941
838823
655056
688963
283414
919401
906232
972070
753264
458871
654694
830763
789290
656508
87948
576886
747806
570254
384097
452752
203481
851331
119402
691038
136359
203574
235112
773665
179330
2309
569044
796195
645308
863814
867390
551902
917977
466310
616180
215669
411325
382929
84874
244817
989118
183787
659014
460739
142612
958349
410872
680060
290494
797734
834132
735483
883064
28744
271264
343111
451415
260886
338218
255415
344852
922470
608882
88
693229
556035
428238
653151
136140
524052
773123
881853
169146
628921
642730
697528
48309
306664
579377
237278
441272
130978
454737
284112
639038
27937
249357
555627
947219
927724
633253
750882
614137
83252
636884
655732
900917
159595
44603
111865
89108
832306
884378
74222
144191
147694
419523
515154
259120
359164
888551
32590
420893
316931
649194
704317
319265
332954
998303
743442
280414
710739
561784
73758
588988
353959
546967
570912
217161
747937
515912
25968
95108
54169
317821
813219
488644
15104
740107
540008
162621
397419
707800
875397
514610
33069
206176
212705
516156
82994
475890
567912
625193
127175
262809
610257
304111
174434
315668
19882
325300
327305
488109
384320
343181
930617
538344
465933
368908
736160
652458
599247
785324
780760
7622
233016
240496
916134
54984
220748
280789
236651
141110
841027
714803
457177
435097
294833
607575
695971
937242
795034
366331
617496
752340
742012
842097
845893
494406
159701
862834
894395
966535
826732
774038
978037
747196
650883
714584
893443
373979
94832
403610
596432
658382
210076
814052
963709
104266
469601
515698
834532
703606
519394
384367
854391
898776
997825
26061
591153
641968
627473
437381
690385
127880
516063
394817
616407
703346
869547
771793
731036
320191
564251
111063
275419
912551
790631
614374
510389
23413
636483
732847
96706
40172
512772
670395
597744
631184
491301
890236
88588
905616
408209
205054
192540
301610
486119
216703
244292
140666
894460
587346
373877
91641
49872
626809
787055
671624
733410
149789
270757
77673
928849
322748
783699
357010
13676
726997
722253
666550
702637
308156
379079
721049
925967
428797
537549
617084
839203
905260
392892
869634
599013
567634
655844
429751
755540
134335
858034
469519
186046
222379
560898
671357
953087
594132
488238
115647
880312
440667
36011
921718
5112
437060
741995
604679
977748
283722
115411
975461
311599
811428
89162
364360
791224
335388
251531
480385
973744
212160
597519
99548
79816
610779
178547
243216
277272
979824
299199
878389
156524
505306
71894
120786
535029
828188
482791
42712
173038
702153
316153
939589
12332
351830
677803
920961
985046
532288
985340
712539
471905
403409
755323
29538
908991
976596
484251
3970
533377
413894
737229
47263
972958
72026
994447
553161
303480
538598
569969
70511
788984
917565
19399
184787
548841
157364
907659
353783
280810
492804
964589
865353
412385
373487
171633
521996
314394
565662
189650
189102
575166
43723
412512
673255
693453
803225
299034
4455
151561
111643
210294
148525
313848
570659
613187
639702
379404
575331
754041
700564
879001
955222
117017
992444
808100
70928
448713
295184
473331
251467
295942
326809
816820
85306
84898
282195
546634
546361
953263
991151
228420
617262
5213
400338
630297
50261
779860
482795
348278
662314
156607
903955
51996
678666
585523
558456
682342
334649
377817
425779
404027
632837
202100
3760
712641
534723
821087
420944
414344
70121
945268
234744
816385
809862
80063
449856
624842
352329
31600
630896
996006
449167
913084
299199
249770
463442
730885
998937
962685
421635
395617
756757
305554
867356
41887
564971
767472
947954
139369
186735
544667
67909
490436
802376
428975
105359
100343
52759
495677
916313
79289
14597
406422
50970
572973
30866
52574
624163
810940
71583
274517
963839
547234
545791
718210
335157
689443
605584
673305
628550
102774
700983
610136
339109
525824
661319
766654
377043
127610
346522
994559
191583
852210
848217
371247
709685
754403
619770
690572
839749
518738
690337
791347
750277
401078
234003
962769
588805
863946
586634
214542
947759
713037
10481
431963
198777
753304
886119
356149
995520
480852
701887
153203
186043
859595
182786
850611
753184
487157
848792
531765
212205
796131
363620
845176
98946
253775
268900
572379
607059
858543
669169
806482
7554
244298
687343
572376
672920
963447
197561
845861
865578
947590
804783
273701
860611
69530
80216
340563
326766
709568
565751
125682
70949
149433
435371
945528
799374
485019
750017
222104
13265
515127
185005
741848
355273
842117
474480
824583
675620
320787
490473
507500
84965
883583
528963
392148
949548
985495
758807
256767
17592
859803
120398
241948
27639
920595
11696
422343
487787
623387
368750
131241
526514
547153
47625
249870
399921
538955
577622
298403
881503
241190
401259
947857
195100
251392
157134
64432
644252
386591
790812
840923
101342
625604
499658
691373
858520
529967
250076
576825
996067
200014
644232
201331
188850
386100
453267
82104
290062
11464
482421
739805
386063
430670
300854
33082
807728
556134
351171
629357
456598
609566
569015
889830
91697
43557
792779
324348
699389
14863
50764
919398
556125
575555
191689
360697
658251
148472
352470
152973
300769
84640
570928
822701
843954
495747
588299
623963
797530
518358
729380
674899
98894
738557
86839
299545
950216
252460
539338
475640
617241
583634
553152
480522
779985
881978
229297
5110
839582
262563
316478
410622
220463
894063
665827
523107
709021
641227
31455
30557
326141
291303
654223
437873
443618
493379
69851
589685
658968
696314
695030
966691
532084
952065
227453
546222
477334
839174
242771
425495
819518
869302
267172
765054
431322
394601
459878
834898
143952
466858
225522
779808
736624
396694
849570
267746
797746
404381
422113
31640
380130
155104
178757
834315
487554
956849
221910
701748
998765
90741
756532
652129
843878
533141
276672
670045
492044
47139
666588
824241
918932
66839
914033
721370
481250
965006
351395
717572
866720
157997
818266
487935
567709
958995
33028
273618
234081
348198
733140
104385
533572
734695
561479
554925
727567
444526
19209
400531
99242
356446
679516
955309
308551
970962
162461
892578
196803
495710
785774
532471
96022
354968
4195
504066
629684
928231
154377
807706
137316
866817
892048
396835
393574
155505
87079
809281
740360
543917
464158
885057
631376
966807
641334
526053
30988
359622
756615
326380
183753
400338
263523
344892
496578
65224
257249
626617
615075
903150
579726
859868
7490
909607
711262
936633
699398
756969
297978
727689
624651
715945
472473
958568
569055
908916
376080
541009
289734
836542
699421
888617
71337
474432
21637
483256
58104
137952
348632
591274
655451
220092
802643
428918
964183
641381
140574
494799
641119
14248
980573
987325
157155
318857
452898
667390
454901
969920
905503
452846
694668
723154
97502
905522
636126
925700
586477
560576
34418
141824
11362
419824
628552
486111
616320
86743
584515
532181
907357
46164
325136
356064
978258
216794
26839
778094
998218
455230
665835
711509
12414
325727
474791
891572
168250
989892
302317
738165
774253
441740
345483
994559
808903
921070
173987
833900
575357
39088
797601
215941
922915
129528
490395
440870
261292
575540
85698
911036
212700
264374
863173
188512
738661
87577
147729
224779
723889
363198
747394
323523
939316
189870
66664
704933
561098
785448
18806
69620
637050
837245
278510
238976
194502
7430
196238
430976
248620
84237
456238
174420
885198
599477
54526
450928
572949
734900
260631
188087
182342
246431
867837
288645
754988
303972
30074
361921
748987
992133
866060
473653
996851
618907
335773
134035
240213
783535
791359
128703
91188
764413
296666
803157
675497
47066
720608
232801
772763
449421
960322
846082
420260
103428
308738
46639
133896
688041
41754
265950
848885
196328
993033
706910
862116
984180
637161
345545
973977
497117
631794
369510
755370
890597
820440
426776
408620
409092
421663
397712
133770
547476
281539
533268
936599
485241
553995
992873
65371
768940
240710
135431
909520
20353
934151
258503
873358
146591
105891
529803
8988
951110
890036
833292
10288
396061
242286
960937
172512
959471
960222
773141
360201
71911
258975
582
11073
79720
341462
174941
668528
897224
668394
823412
610467
708106
46037
855003
155865
132026
627068
940393
276480
62351
574551
325887
511489
636717
163719
739983
397356
274629
230041
515037
246700
714546
678363
273600
65738
334234
378735
270197
608310
761773
428395
489299
238313
727248
696287
792844
860968
470340
950840
201620
777810
343002
209994
903061
899391
914268
340485
968722
663267
457791
569504
277529
795066
90594
850611
37974
905381
708543
101308
66870
289471
184786
9089
327006
397243
556219
770719
547325
468128
694048
518879
431197
876679
398062
501405
773068
788281
59478
808399
606209
117976
466793
710020
979980
233081
458461
58805
510529
564632
828179
490435
525197
477950
620232
661000
328374
558803
244997
962050
75886
766142
202843
165086
860699
550742
613709
347805
455315
888627
107349
676782
452089
815596
359646
682983
10989
961633
581288
33245
619859
276164
329241
217228
931931
658646
785505
148779
237058
22047
37869
995897
60133
611421
569263
191837
986872
955512
922257
316524
617463
134740
387148
851114
889594
239369
864202
977465
832450
360613
223072
722869
572999
100802
262091
804076
780079
190436
80560
259425
621862
869866
104572
334014
602760
708543
716804
422849
988060
812272
790664
837556
339203
480355
938095
858641
806650
73077
317686
847221
745128
761931
773665
149320
342351
209693
587605
53351
2208
747408
72105
513581
315083
882854
817598
349003
612618
663987
170313
815385
800942
115331
198859
340016
753258
427529
868187
865225
838167
251235
412171
565367
996451
170276
170917
629466
696060
729133
794125
322053
741221
959434
694088
773469
9012
409063
747768
214563
156395
266902
684956
210712
491205
609838
195463
518827
576532
697065
214781
132371
596670
66038
249351
108944
144339
852773
31541
621514
355438
546278
280048
35509
373154
145648
315620
857420
295234
586367
280521
1487
666942
896082
306817
544242
268448
19131
759401
868187
763175
898470
691660
634176
368858
424042
481334
216737
682601
420055
736346
653261
592449
111521
907526
177956
914148
825284
101386
18327
440412
734790
760096
356615
497583
967659
821409
456920
463524
101791
763394
802144
801507
393
416439
447312
111584
728968
800142
497582
621090
579590
214162
599335
561339
936784
53646
892114
690500
209951
297431
456971
122252
992217
350829
33121
925402
808671
298468
942006
493513
596216
518039
214726
583608
793249
650742
506649
855327
644816
741336
419619
466138
274027
40601
865855
337387
505130
70346
450096
947770
690205
60227
258813
753544
104196
937518
767336
650020
82350
40197
246777
152802
762470
601933
494346
778061
992306
299688
80148
316978
825444
181052
31924
624062
940793
123652
266638
95239
837088
856625
641378
324004
126508
698969
687300
130562
846437
267541
84507
444282
164473
659337
351878
335848
852726
54329
855529
175595
75978
447370
471499
3394
838291
774176
798861
285011
106744
203554
126652
724896
109358
723280
251165
361427
190097
398332
653384
351115
199736
281071
811070
302300
903880
6671
884755
134908
825459
769317
759968
146701
379214
179116
623515
773021
6147
180334
591868
465153
136370
537833
146210
675383
694076
943019
332356
37512
812063
904930
482551
447425
557164
417559
873829
649955
191837
499481
370244
872187
573796
797855
465799
273375
890919
777098
763916
747511
341817
912814
4077
744517
300862
417104
536188
813396
758400
169252
895791
371734
960786
63516
725416
586777
406875
294098
920432
996401
760247
32869
306457
729893
284081
317402
183361
720196
920315
962461
341682
830507
250726
11436
573948
535059
583608
402189
584344
839893
498452
687839
596204
446215
967592
286144
851989
149433
521692
317156
546888
303693
202764
859792
448215
415380
541665
242425
993969
853593
850298
403297
787480
419062
308502
119716
992589
355273
182016
541649
951124
792680
22076
816972
631238
731877
279995
879087
451003
542538
193349
79022
47466
608476
993033
26739
12116
609191
735531
338131
51319
747513
866967
367591
389578
858479
380550
330551
590771
576257
679019
508075
426237
356426
909339
766369
872961
722796
110753
955124
626903
126633
623227
784971
48691
596229
158416
851432
312171
963659
530797
796892
392594
521169
901673
97300
777453
213654
257276
358269
601355
426702
523494
303879
708679
21246
747188
938140
823049
122237
729116
982517
996607
112091
432006
714138
326019
166013
335500
327613
177157
495261
980580
368534
509889
10727
978435
723463
412103
434943
74010
83069
473588
748948
562155
274639
19825
795556
610841
101276
564293
919403
115041
696033
41754
876905
479691
481743
170207
784782
462810
126060
351951
312841
465597
377689
495035
806517
100929
638605
714400
570641
632876
317756
999378
313855
703208
780969
129025
290834
824369
558125
932450
864973
738121
385539
622428
359193
821508
578773
462150
881455
932410
795043
149146
6606
336088
751276
207234
150443
691059
70951
716608
717176
998283
838142
38745
417267
372710
111353
186628
751223
124555
293504
517606
69493
644947
602882
736307
363375
221650
770949
930719
358961
262637
741481
108648
31356
803530
59019
899222
859273
331617
785294
492599
779425
157060
955010
929881
216969
952065
158090
759051
576114
902941
345410
96513
473432
521487
123592
450773
489341
866554
971782
487538
116180
215368
134936
13712
335567
540031
387330
875502
632653
486938
136753
110215
352852
964474
714281
26137
548132
498195
737887
619272
571060
765932
792070
615021
35635
929555
655901
502017
317940
185789
472482
668956
196115
441056
229828
126206
243160
503057
905716
886838
383641
488030
94378
778395
463632
717718
775608
402599
999467
351775
181400
309748
585165
558099
15101
49857
208139
981251
392219
46352
153759
230329
47474
236722
408926
872316
202225
608558
597912
18057
530697
210375
216644
4401
294797
394547
616909
158773
1859
256307
988370
129689
554064
774126
802303
789670
92795
273302
994180
843158
125590
521900
186882
48540
648098
405285
327589
705983
334651
377271
290909
283810
968421
313905
729895
735358
283385
130712
34826
363604
46728
114982
40684
172655
43719
558599
831404
144850
941609
783197
58380
851164
862192
94416
761166
389114
72358
372094
971718
277382
229345
893814
70829
426435
403180
988482
603335
663967
281181
323796
535671
673795
273337
261653
989181
110753
367859
452638
955181
287931
381857
277652
187076
906995
902863
431027
977180
153059
736845
343064
726820
779089
237246
132592
572054
278241
780079
667894
105417
813304
979798
902468
431695
637032
371683
605158
373178
261686
11374
302657
267707
194828
822426
360683
376568
541270
326827
247267
518406
665912
45922
577660
869068
766000
714735
643864
609191
742125
240871
343246
458820
747673
876606
533930
206600
500155
868129
884420
964133
138663
246633
540243
632142
970513
688723
591077
531149
917755
851138
274637
831631
256701
479912
541317
39054
705139
296129
734983
701122
60330
53699
656759
207366
884140
138008
707233
833299
979080
90001
368623
978548
659690
81864
812311
537972
612825
89100
129360
764543
924153
900610
986072
504066
548618
747038
168487
531296
363711
508597
406284
602515
55395
592345
22101
458563
374190
535174
53325
26800
179385
414178
235834
644097
412510
366339
56545
49665
458254
823951
768512
493237
521545
15242
458708
68694
870652
356132
709349
457102
126110
469098
819814
932047
838946
543683
47656
446897
808170
913117
746157
678595
891180
944257
173807
950141
85299
872989
874096
651227
594906
497202
699189
732066
872744
598706
230557
576129
288454
667146
191593
496555
103378
135555
272668
391456
605081
393060
862017
635977
753021
86992
714038
563649
630909
961519
125829
993324
3767
249270
523776
685131
266156
352679
193507
165389
746517
168504
25958
715381
691223
525462
804164
684104
333185
800396
680059
456388
786497
558060
741769
81241
331387
618353
599236
21124
858995
954554
956721
792814
400369
125301
252282
76901
726451
166986
729820
823793
372526
210337
228106
18535
604215
436691
48877
685840
78804
723775
325044
301540
202301
231156
105377
894432
90693
525769
7843
223650
540191
422957
737257
840472
837497
580669
256122
515759
678222
476755
602575
662326
793722
393523
5636
176578
340188
258858
736488
677364
916589
622485
8320
432878
747261
324244
299407
397213
279948
658147
576381
249313
122669
65439
435604
824059
831587
932286
936698
665486
443746
527078
536117
932829
854484
121688
23206
279391
944289
735759
131435
209283
343125
997901
809305
54887
813965
509242
64819
63987
510140
209259
55005
879776
754079
970987
305452
932406
321594
627268
737565
822269
200565
803074
900231
737837
400156
844603
386547
315577
757192
212074
228900
581614
247578
495157
224735
761900
105702
154803
70757
332149
938298
111027
470309
471117
585358
700990
444149
967640
200094
684205
296690
754816
197912
160027
282425
93071
311579
127423
139538
98090
782448
315303
130679
908887
306779
28258
230934
920607
993513
397949
523375
147655
908851
120993
234904
439110
108054
234915
2008
934807
569582
397922
902985
417267
865434
863854
361920
361141
711425
622146
946744
294652
776475
977530
12274
708934
712609
476478
17391
922120
115734
168649
393365
893710
714515
944538
727290
420650
812789
922968
795034
370862
64224
473737
890216
625917
407782
16663
367577
959754
710707
934237
364087
188667
24643
454481
608476
176552
793531
657294
145087
163393
92062
338930
160953
559697
292419
845287
547450
665153
928025
634150
713926
829049
930174
120737
224304
711056
51514
885555
226903
683333
608533
339705
6517
783528
294649
835965
304544
484307
200139
787604
971862
459921
924147
307302
602141
99255
944296
43269
497998
502803
610448
877007
358019
90917
467156
334897
151264
289384
947851
838870
531296
109338
537270
7732
443074
923461
836510
706909
545401
227573
57333
172249
609138
576305
722532
450093
317523
464255
630882
772250
425450
94145
19301
70508
895750
610544
947362
211997
797661
696116
767084
388059
890791
744397
1678
309420
680908
621332
174603
779373
325418
517843
366424
24640
195255
43300
30408
448402
248448
648585
589646
489526
858221
743518
12116
950797
780010
170640
479148
574259
396332
983065
285691
840749
883003
488924
263297
503312
411917
165903
492244
200376
683652
485939
165408
214521
271591
162312
839250
893828
282161
189849
387020
682067
10727
590850
363082
887412
232491
591824
623018
138832
877979
48005
426776
877493
848722
220127
858265
81225
703004
684425
804375
533968
833767
833755
706392
653090
690588
571793
732898
194151
78924
187778
82556
176288
357012
48567
794261
869526
541922
408539
597307
313877
742892
101096
456340
140055
403287
556941
466174
308502
398130
773515
214781
75181
443972
515967
482008
827454
662532
491987
947354
594728
460713
281804
228491
705863
672116
829049
963985
625557
875024
857649
111515
773763
895753
874560
782768
361483
87532
288213
450655
598519
301624
814582
20922
957469
332885
832035
628364
800641
433645
413199
684845
460225
298366
821304
960201
446649
383403
151005
962584
458048
499969
45240
860955
413815
626458
601761
847027
467667
178938
998021
457548
213952
402948
587542
20916
93595
448360
284490
258215
939364
514233
568790
801345
627391
876264
577531
305917
203183
469169
258335
714271
489123
523818
579688
414433
891310
12737
718625
907046
970349
786031
139036
156019
359757
635135
534017
316663
275609
284621
599724
64569
190446
806463
13389
130554
237919
661990
29589
553314
57459
546215
860023
119496
183645
984355
538719
827937
943456
756834
853454
259286
177520
157083
590095
644445
394038
167837
800762
365904
973006
78384
178986
794881
331574
974184
98416
195939
249005
363248
263679
170970
440253
242428
403777
260393
196677
307059
961642
807994
908869
424071
792463
173377
643525
230743
734553
348536
358987
906547
488924
339944
866011
12208
24337
712568
128108
378730
958271
213576
546888
509889
528980
743112
169522
80489
466860
535201
15532
552897
595749
992469
705569
933303
713638
200251
768504
713299
490151
146701
9493
201126
599644
866999
356314
421260
464206
99070
929639
223561
324921
706978
331206
965466
777635
19236
964025
173794
152378
221699
825419
785992
928362
163852
863611
384273
249267
546006
924413
75698
420428
884902
753336
672837
169305
521742
793477
705060
817285
246086
280590
784205
276242
857761
557340
253376
444608
446424
598729
61651
253602
541553
227017
342534
906435
434739
168818
418780
912585
816294
230371
542823
282767
991062
376464
209439
262313
310905
628376
830561
506888
84713
905650
490904
620934
316289
700860
857215
648727
417134
18255
693039
88344
211513
72220
156032
847038
129153
702195
104308
553402
63112
87577
255371
533130
866462
372901
615319
95687
590571
255438
347614
317940
213335
468379
74432
932985
573016
879755
991799
327191
419875
288848
413350
35069
720441
917409
285068
334424
412781
963821
82675
122400
481360
885247
865469
312932
339229
457133
878569
868393
239246
784031
467417
626266
357363
740753
89356
997546
539040
842279
194656
118973
813443
340751
873584
200860
970775
314013
321262
669603
213923
915163
743056
741940
660138
624846
731950
892959
916218
872394
898623
857328
557113
992679
130313
86137
345467
528377
278150
154551
127478
360162
294375
170749
201027
277698
483801
106789
901208
419078
285403
525284
533557
653663
978115
64188
535773
713743
404925
905289
158642
397465
249778
686909
353234
700445
992942
881093
560863
566638
447924
423294
824352
131687
694064
872963
208512
710703
879085
807324
872768
406650
916858
7380
847934
809498
410965
890715
891020
101909
248220
359901
681613
53326
432052
699700
675866
91817
804555
861464
383450
620231
702661
234335
325733
828234
171029
274272
972162
435391
31625
838859
902297
629179
815407
129106
224813
179748
444919
223604
334808
274408
290556
118106
786358
489101
439467
958671
183484
79117
544381
878318
378537
431892
571589
586996
620157
307492
534231
642061
682780
664778
429160
675362
642296
183535
340810
211121
305211
741900
516752
427792
553210
366800
108640
560645
698486
350475
598307
200916
836903
213261
829216
356106
978657
744327
856003
652325
673987
558262
329019
798109
64587
552637
560906
652860
272813
718471
940636
834745
316527
880345
249715
32268
46404
903719
559128
951598
335760
794095
696468
441599
925113
210777
406270
346095
427114
117969
722920
86001
404400
102516
123891
826273
974025
599792
107725
292888
126965
429209
564836
893250
929375
506908
266765
532155
858181
606731
788917
297279
155131
45406
94933
96714
939642
893645
882090
634145
539763
115882
933143
131712
77384
92321
114243
592702
909799
475882
384972
257220
513008
543831
951532
879219
388206
647482
299693
964264
356873
27491
545663
770143
425555
846635
445699
332985
227646
756227
444083
84965
437149
494398
887571
779435
956111
971150
200014
436714
153016
739929
678455
737513
692637
501922
747417
657097
6548
168932
142190
170732
747244
253319
94037
873740
362827
965614
389410
582408
159114
664075
625107
190757
682330
762744
895187
317096
87163
952190
376219
830062
607435
27935
261175
849754
936034
311716
500028
670949
970561
181516
746681
7369
537062
10196
523821
71580
590860
418115
893712
361355
715120
839865
406742
580910
940332
676280
551063
869315
488551
283543
315383
861150
117969
457517
18831
385117
579718
127483
717685
833284
663999
808374
167673
382704
851789
653774
109536
321918
901790
882197
110526
347298
98521
755062
262087
432765
447831
880378
249753
58804
867866
286611
466827
438030
579376
795895
421767
43501
938778
156985
28975
335653
840677
260558
497601
779320
337268
127143
628418
495667
608729
188043
854065
525306
453381
578353
12339
337328
893003
819861
543170
489813
576494
397187
475148
737576
167075
3626
643289
612326
813515
764732
657960
91413
270420
210903
535469
381873
619929
675114
493785
916338
33026
329557
320716
724173
358247
582029
278579
649501
271311
103012
908464
887401
863558
276500
242152
781113
417221
489904
624440
359442
505867
992549
292100
479861
454847
656324
145717
491473
332934
11432
766208
973440
497188
244038
520119
768504
239687
53839
626486
152491
707560
900368
483716
732807
157828
647697
144775
942545
578578
906992
70644
572483
938622
734589
442933
850284
587322
798490
282148
255242
104854
854710
96420
222472
518774
324157
899819
475054
812449
735483
852880
553357
421302
757186
94499
982558
925654
60981
80034
708241
740963
90917
141893
833609
669777
373970
436433
966352
451302
498864
237911
594063
633433
636023
207688
560524
800609
524082
130508
725171
227512
395992
636278
852915
435268
192265
608158
910524
874487
111366
228100
414832
29299
182179
66627
366920
872422
520894
229300
361579
418259
491202
792410
837754
138711
925002
319033
702348
555931
177355
922335
633687
323778
567516
439225
710688
346606
652337
800332
371210
228638
46709
730171
285010
853248
700963
934347
503782
916192
701645
452910
878711
17635
374908
676631
653115
98415
499262
738729
780033
251467
253430
756246
101924
892584
667868
178083
721860
418883
484465
661619
405624
684048
202647
44321
43729
143979
439998
930590
466242
901156
882626
412236
539843
782640
874938
220318
725579
175290
144980
338897
967461
153380
812461
708732
155131
540114
171845
633641
37369
114027
560258
434664
888450
560280
375591
264783
788908
781092
101170
809222
258628
886385
730832
476657
325234
900153
411674
731273
149146
513597
456904
481505
87743
53770
61855
806397
794753
775001
509889
42043
77338
652310
923069
300878
160828
32399
34344
699299
973750
418202
560224
194821
686445
820307
482734
12515
118144
636190
204368
42400
565751
380544
392091
629864
508715
511686
867371
256093
29809
531938
184378
903076
907256
385851
897273
643722
37044
158056
256009
851713
735312
93193
324763
759404
557377
262525
831857
177430
517244
324195
510673
346599
146671
439968
444694
71599
102263
160266
630
87225
307607
638319
898486
908506
21616
437149
711311
526970
383155
30718
223605
804282
542241
197597
89711
748844
317118
889246
742824
530086
500253
428003
57623
941779
996018
985678
1487
822992
858572
276955
691088
6688
234081
826244
17256
162685
933792
410991
713979
884387
564217
15459
59243
742068
74222
128441
487607
875279
478102
206677
945480
804788
425197
563991
466866
133681
937783
219222
543483
585758
28777
27851
330704
15658
302153
279887
442662
836353
586093
60990
846955
637329
964716
376814
735035
645786
437919
267507
245089
132568
48993
84458
716599
117373
811453
654719
445430
968338
28842
582248
522781
792444
280831
465688
925093
355888
113274
317899
77000
885539
906542
910875
821493
297718
429737
785202
478256
887532
308364
343066
843709
179062
742769
191485
661373
863900
312779
530582
357558
356636
824788
77509
659490
905102
477712
963524
455835
524210
680962
947488
79791
575827
276060
145842
509782
81938
608505
134183
954003
880157
147077
839087
291318
732752
739184
65132
775724
959854
420389
969079
123104
510895
761135
988847
326479
20496
581351
644728
266387
653680
188313
85306
741501
323457
315954
742009
522955
876353
81861
21729
956316
290098
788558
535709
670600
183439
806565
101406
699483
400795
876267
892211
700007
534832
252594
512352
811598
328949
89100
501379
52108
463523
153495
156298
465597
684670
863088
464637
395298
123866
955994
164
734979
241170
603653
358448
268960
578232
994774
911497
323523
826445
253416
348140
796922
708920
176226
920570
860068
832998
200339
928041
88579
893712
381969
762307
836903
164019
23260
358666
361008
57459
19488
245358
789122
363695
549479
981245
766115
383307
618450
394723
103345
851009
714967
509991
396972
989025
438803
795488
257336
617867
353255
375076
510932
622358
721556
449833
580815
87619
875242
885468
425306
301083
800213
434747
203854
63112
698388
76798
95806
442378
908572
415586
8563
773859
490489
372136
282659
47273
841879
770304
855805
484809
31895
852360
693726
601521
268191
354754
59520
492513
756798
208182
552904
815009
223603
907554
281034
414810
259772
647789
691012
359899
811893
887802
944996
264375
741299
269331
398306
552921
978253
249793
614550
31594
315812
174534
231936
424870
839672
151817
432897
540940
528774
835334
377176
961642
999307
544888
829449
325965
604609
576747
240650
629525
212935
296992
485042
415342
515285
419474
886698
488486
141159
125040
950988
89504
857906
328816
734541
326792
70453
271553
680595
978436
858381
929619
522515
722970
540248
845623
581061
592132
356366
2410
735487
14221
850608
130966
761222
940636
329420
500902
392651
725438
570897
429324
305500
670084
691862
197411
478096
419786
911207
270654
274051
73104
131719
425478
75495
980601
337549
927402
908839
203959
133639
593955
316404
110728
869222
265461
161184
425837
814471
335882
339862
713562
714247
725650
6383
994942
817397
49528
750362
506098
858363
274988
452367
825419
239894
338735
853660
20138
785061
746258
422809
842743
149785
756969
773968
741997
24867
223267
250691
593322
454261
398571
194529
766659
496420
820247
819859
828505
234351
543717
835594
8248
56703
304017
680009
820444
63965
986060
74302
229790
103617
668969
502251
966541
129360
639652
453934
769009
458946
515994
436786
27994
848740
42760
707833
79569
179709
941975
132492
750004
660300
552456
101383
852289
829964
295654
855888
845683
684257
659490
365616
220803
889651
100021
42709
71991
42431
256465
848635
691149
168162
184215
600145
969635
342591
902109
218147
664910
339734
805895
573877
30770
613862
737651
245815
546453
515994
209999
667111
414986
973993
206551
591464
613552
687298
293143
824170
553953
642783
71255
178879
79883
79566
794257
585352
240414
286687
436107
936466
138626
692098
890743
563684
775626
722285
783457
323785
790031
282774
319602
178759
205040
324458
775363
142073
641216
55894
995621
767753
943875
489866
606109
932955
241780
121664
219188
712969
426265
925377
710295
19209
469199
771352
699880
721348
402389
282532
770275
257096
64161
87435
212080
675438
340134
808499
359852
631862
452159
529604
46245
472401
556041
14789
798625
690666
292135
884624
338899
286460
719863
609961
971804
20580
715043
21778
877614
913785
517413
45362
504523
625821
878855
530687
564394
140730
398153
757090
104098
499372
301928
921172
296033
644148
394491
546245
783835
979872
522823
680962
431484
59761
227472
780847
231572
810869
607639
339116
272648
319546
243095
349600
397413
624230
392256
626439
578886
326597
308109
841790
994082
750367
878865
926007
95225
417447
971793
387853
89254
952268
612226
32492
418519
417460
606178
950110
175360
929548
917515
772847
275947
95188
654483
432023
442300
508727
425600
689666
372791
706665
434336
734148
284162
221593
374170
563597
496750
19496
65542
748518
679697
246269
940306
88317
114743
714846
867977
714255
235028
810024
198441
418897
626746
87500
326815
938164
582423
634379
720233
679454
37066
630882
619842
972421
506041
245315
201549
495540
190460
524128
750233
752760
119019
672272
297040
479734
311834
63175
723591
25132
686246
178004
910962
828655
154676
154378
845941
375746
930726
332946
603167
898627
489179
8041
210869
275193
681252
891284
414229
902230
945849
253014
575679
536049
110833
514634
797314
504412
220463
489299
478758
556041
447796
415707
101822
81905
378631
690523
149308
414791
196964
145911
377451
253451
559244
308638
689964
371492
394593
970783
738514
667963
775635
95152
804501
674115
959258
174313
987333
109550
174079
609369
686035
247560
441079
804943
702495
730948
181930
221320
614050
975114
71193
181427
863591
47773
708793
73803
678766
884560
914837
154202
806776
685485
70377
814016
162069
6927
319556
526420
682266
558493
839306
215461
775094
401011
478583
490855
233004
365493
18133
210815
222024
673913
115089
353085
904750
596067
404390
152692
174916
35454
262894
565558
126480
216982
602905
197075
44236
508381
337889
512655
445044
246024
443148
949897
465785
830964
582303
182342
497307
800192
970933
32602
314479
561297
90970
902521
937452
542049
377522
436938
200309
12702
89652
355511
738186
236513
826445
119565
51677
671385
112643
141569
180089
577246
15418
890398
201696
211543
991873
255937
739509
44956
308109
703296
946685
566603
560245
430862
925596
167823
772375
913665
768372
314087
101030
686361
907434
674729
958361
822519
679198
233823
504656
919819
218962
201027
379871
664882
411300
460984
809385
440530
314467
92423
115075
192365
751384
761207
54833
331920
829787
52523
734640
913842
169214
282731
226533
543425
451292
736948
958969
765987
124801
538246
621826
384484
247576
648044
833916
56512
18084
684546
270412
814310
315009
167136
245368
211003
523511
580627
614828
733446
739955
437246
617084
715920
459403
500516
749583
945389
890870
168259
753336
249019
735236
392092
265003
19124
937095
217854
170236
41690
534354
627789
8647
843185
665543
229909
673647
778095
893001
416280
526953
225216
170324
635653
66355
22238
408029
76408
526036
27705
217883
807122
384232
228323
1812
154803
45434
54125
612025
492661
157079
295430
775459
726539
722161
817588
976915
805344
952311
997507
270562
960970
741081
449950
976576
461890
404721
11013
623224
572583
510628
607986
355542
146317
368084
121547
520726
255117
349067
182600
168984
730722
122762
897915
562044
854143
387474
188007
129733
613902
545273
451323
474611
548998
285042
392080
423733
216758
831934
146145
412729
572254
233916
784308
479693
768780
512327
380029
611753
745962
339110
923412
814722
796222
199883
898909
299652
446791
634150
661476
278918
801604
529028
695486
978325
318499
34989
777515
391233
941959
175341
390810
8959
397316
767356
282863
254328
440827
689092
559014
20421
638683
703506
958960
358173
854349
339082
885335
682991
419927
775001
788390
67057
618782
719794
664483
576414
206982
576912
242828
940655
332981
915286
823362
648942
168218
224672
191926
280900
761203
168406
448646
780568
200615
420014
176943
818888
650698
999243
925749
508456
973070
408609
839631
910432
659018
297825
132026
537595
377712
961388
884396
200330
350956
126494
80048
682832
26535
142936
472333
444668
198165
590164
689088
99737
225522
708799
247872
129479
764661
657173
316783
372241
194922
601148
731504
373800
799954
200055
322380
454507
546842
687592
139182
290530
967655
966781
462292
989302
595816
42977
683302
998318
769473
688331
786556
703250
688910
322476
1931
716546
999974
995454
214084
555299
138241
543416
259498
138562
727581
722762
293917
382929
49823
333801
126309
103114
456598
820696
575672
941908
766126
378315
437397
888508
117129
124999
74767
699732
382654
418608
196896
887429
531711
348580
227101
992724
315358
946540
930918
95657
916262
665651
347127
981390
804533
579589
754729
655213
367278
19581
639864
661482
785386
444083
258155
294333
145596
637719
763802
578193
360697
743055
849668
571640
381679
839463
599321
494868
515386
481245
133364
235553
316663
881926
767835
863011
866488
883011
189479
949630
448286
612837
821910
467595
534124
745943
315358
291343
656618
896392
961409
230772
676114
881568
248705
889863
257289
899233
794418
97077
330412
902749
595969
848821
104077
601371
16137
266730
876318
846741
750856
87285
101804
647904
337643
900731
633852
1780
193377
629648
194551
536492
145123
318266
606014
833311
54613
521963
156607
816256
229111
639464
897547
574587
817718
329557
537914
260983
199553
51882
54476
821117
88602
985683
610920
37481
455335
100977
55264
723484
699744
879501
127910
748795
385179
250788
356530
401102
569793
46034
973208
129559
919511
187974
782628
222514
809665
649572
484201
101156
199048
166714
714959
474771
952442
219153
447266
501833
122065
999211
876023
774701
40915
518911
154139
494878
197606
424194
644354
939135
594132
563800
738373
115967
551852
894458
470133
906955
928110
786547
410586
300259
256340
15993
602927
108603
898628
234548
536077
809609
665798
687416
930235
34514
241918
95690
338687
864206
142263
823091
614274
419389
49293
556069
860884
414768
835739
275343
331619
181563
819878
344935
196677
253416
908038
781945
722532
451885
71484
596834
382506
246463
575778
981638
549073
442164
737614
853978
53294
221823
971531
977759
493728
457295
543275
833448
115859
665568
542639
259845
807307
805312
849345
866727
688485
256959
35692
543073
186311
101267
183192
234915
628280
42033
440130
157401
628160
924413
643591
542635
568044
859606
769045
574327
764413
854928
336737
36851
322242
99537
595166
227557
694701
609253
999029
496684
690721
381764
969674
961302
175684
256900
435851
99252
986488
195611
207753
79063
383056
646273
955353
764089
827890
230767
156662
663242
490311
145500
776588
688871
280675
474512
47224
134832
647561
610623
357882
866976
528387
896636
388555
144242
557560
978037
100205
404589
23827
753340
472669
695296
40553
484384
897055
343223
468734
772408
62680
662865
198945
681891
366957
908701
457159
807943
976083
948806
553291
934413
68081
214578
294060
632342
212205
708799
986619
434894
384257
666173
79943
593710
334497
214454
493914
767752
132851
273509
772430
170119
334871
903200
700010
589592
411738
744198
734983
334772
715588
452438
741997
763713
729628
868810
758807
607627
552700
670111
650635
151126
77502
104780
518055
493582
44827
73798
173652
655787
851536
111709
128756
813784
536396
14542
121027
553103
530497
923949
838301
285040
793134
75181
891638
192477
644302
396165
652240
506994
711304
389898
12737
353131
902468
240145
503782
345694
868578
111724
379507
545052
397049
146224
394190
907074
420635
654332
31906
793325
552619
338533
768366
435112
667987
372029
343545
879415
230328
396869
742890
287823
696521
401788
154549
19364
901861
762437
47855
733736
382949
755672
792452
902837
580557
457237
506731
340154
358022
267970
813505
509367
839482
955806
145206
924925
958482
859196
298259
113303
778705
443947
350918
48165
117784
423677
750536
690703
126493
404657
748727
171136
734912
670476
155322
87208
205612
265254
881515
451463
50205
349888
166261
942632
348026
163393
861027
636209
144575
422594
443829
990889
901511
83969
522291
367840
408316
422016
68836
464553
849667
767536
368515
456337
423580
498537
848186
285443
902644
855117
646189
681732
121271
614778
92586
698274
492529
32186
705591
573891
375595
206466
183639
508322
491789
942452
813851
462562
168343
169699
237175
822083
136150
432933
410555
83961
758884
462471
928841
375111
491025
154637
216522
537521
273611
808789
776964
25183
681941
982849
169212
666594
732958
116493
463793
806091
360558
892535
206988
59520
476416
772977
739204
956252
702909
564604
242068
491244
685063
452737
719567
691189
657151
495710
981418
643571
981868
448145
415548
826640
480580
91285
39202
530495
446791
490151
744319
813329
972114
645405
42176
198930
797218
463873
448109
430797
244839
374309
178322
658251
73075
747107
178588
638437
541762
828007
979690
4819
843128
343567
471564
483201
779834
680268
870664
830636
392805
435293
80864
171098
810191
536188
962651
404145
103853
973088
547028
485543
473798
664855
306808
648920
308153
908548
973744
475827
348803
962671
49734
762953
937920
421478
231413
240240
477382
452357
433940
415559
329141
185755
315019
107833
164406
186359
907029
826852
417126
839776
846863
149995
387437
485019
692361
219227
3198
359726
967001
864698
450406
449973
152688
793401
1566
181653
787038
761901
760625
450773
589254
797650
84258
364548
830155
239728
90026
727137
556108
331434
444291
764767
927586
513787
298587
462599
756917
664882
848735
244923
317677
271863
559445
161671
137583
126772
778966
838498
379876
118137
944128
995532
893080
22279
548388
851480
444423
192420
318818
239831
828707
684205
357960
647374
15791
825010
264292
599393
750926
65781
919609
905538
757090
89938
269148
707067
597209
565125
320863
361939
360589
568778
154072
943738
787964
536434
199590
675323
608230
365736
206973
413756
729058
173448
378144
56097
678208
290050
339153
174646
610752
383289
55264
286956
957402
254715
867821
698376
17493
517873
468838
300798
642427
887293
579048
759650
600816
398347
291440
618521
759797
160592
152630
602268
680836
668759
820175
314388
329421
75801
35429
638656
314479
180518
344948
993908
980178
225009
247979
386840
599245
704597
69378
628876
69285
295436
290834
320877
199321
767216
804501
39018
400006
443963
906003
121148
450378
84675
404300
187222
126273
96482
715026
324108
628118
284322
536925
110458
367922
457485
987493
772230
905884
224493
712093
785000
729560
506953
548312
518705
377011
112665
674046
365505
705342
51881
574487
301840
180919
25180
598812
91678
352406
38058
412762
686896
140789
404380
848944
417090
706390
646951
452224
211436
492502
662394
580627
321123
593978
626070
263845
189884
499283
536077
847786
254719
477886
799475
458476
357744
727637
56535
883547
609584
846348
657115
414488
646104
754491
404488
705795
626766
469486
789775
301008
796582
478994
562424
980985
695481
216955
99296
383098
717958
538688
737891
74289
632417
718532
971773
617742
566607
327719
577735
385088
929618
848782
753240
49305
783313
70520
869948
181344
719245
713919
139634
183310
981819
224962
36143
621336
143326
919597
875721
166850
848893
665504
528743
801857
498065
391330
778648
322801
669154
271881
203288
293207
732214
219172
95645
794270
791626
402706
261015
472823
694230
962682
99493
53633
232705
545336
750536
390088
956514
883562
879030
681957
966915
39880
43205
554278
194247
787813
959564
543124
684717
228136
892863
946184
189730
966106
822701
309826
112642
264897
138029
898283
798712
800214
169669
130160
852915
242160
461813
286729
855522
497419
740985
672921
991326
489813
590511
643321
180282
921420
154251
539415
96620
82652
603307
702343
57680
714564
522290
859700
156879
828799
491430
617189
50425
669605
236786
172187
862209
271799
691371
741668
284752
961455
112696
162980
371492
535554
970881
404478
200654
638551
757
377366
24375
210857
586301
416251
568641
872466
780906
196494
221831
130679
19254
699430
994015
771366
249048
749702
471224
408365
183148
513396
174438
30767
665798
846389
718494
195328
603277
970709
438631
49261
426942
850821
585225
41941
404362
845389
2237
884861
420286
849031
959604
604470
364768
135550
95421
950352
221215
625051
456249
966238
980561
761313
663054
370318
122673
545022
258184
712966
880839
720292
973067
373552
63075
959496
75660
17914
890210
37395
835416
712328
659638
764109
739978
562922
193435
542278
75276
708372
417492
671123
414239
729320
848936
938856
829991
803389
447370
270717
900516
529238
983089
952541
804689
766054
14567
123898
79799
879996
128756
145694
422674
674160
114457
75148
262304
937051
457209
632745
218587
803466
238063
656311
577017
933215
616492
998862
983444
11539
423231
176304
159888
891811
866313
404478
10895
477240
717710
417359
255611
573656
288070
502488
964198
78853
254800
948493
824888
893416
893003
369890
607273
752569
462370
277736
251692
68018
39966
442065
853798
913998
740443
978059
903963
729848
877327
386841
625389
314858
406687
298962
443959
135665
560508
870436
577924
149894
183335
445370
855769
56431
434362
495242
998105
765563
944449
413546
51210
326191
374230
896183
65434
184406
95684
701061
498257
488510
781511
816820
423918
460692
686156
985173
417492
771607
180888
119565
896513
246441
372819
591977
166957
392997
919083
343055
141205
119907
868229
281689
946998
941468
890861
987618
812830
814675
694240
797437
364061
183194
243036
855999
530064
460976
290556
721108
461468
964158
941607
206198
137110
236921
140800
215147
347762
179441
602354
854559
981363
770343
422674
575236
677980
427504
316839
219621
22739
658183
988907
330455
689490
963360
243133
9323
929933
498159
51082
350002
72431
584330
233529
977108
689867
484512
515999
800058
704841
561516
181053
8577
545623
283892
471796
195223
414160
426362
472288
937648
459056
318875
861520
466593
867805
384733
339962
908931
38801
11310
580993
415848
502362
722492
841373
647363
614427
212763
6927
489403
517423
741971
677013
561708
406295
25354
639574
628211
393336
283299
301982
974041
208606
457845
562647
476969
30207
295682
101355
66331
208512
462368
654549
668130
644148
484236
450724
925301
612412
922798
870542
112612
16876
147978
120330
130286
203620
306050
119565
401955
262172
665109
897952
960368
181843
984070
77214
490636
577227
193520
504095
867846
129585
114967
561418
301210
237198
500058
246713
2915
174962
748529
752022
393494
452228
840877
42440
528935
427647
799686
234665
670375
460357
312797
515127
622624
707
40026
577119
818297
329339
956808
792613
412510
266460
455501
876609
163764
825702
804726
123342
223938
837976
287926
724084
587679
502161
658518
460264
647562
149562
498591
869439
30810
282983
347889
99618
472919
50267
229897
940403
653151
404990
423900
769858
816253
822019
109584
854425
385391
879333
361269
486096
687082
546466
419051
161488
859260
577815
345545
922621
401719
863141
646405
234560
532381
381366
352963
287525
700261
776082
112787
864289
20842
351487
40320
241618
159962
666465
840836
506213
183699
471845
959652
746590
979595
791313
642945
208450
635632
402779
58219
538777
719057
434792
964812
584151
548232
779986
738490
173043
686530
993931
127831
435032
186397
516118
568251
853859
449269
35891
931217
911792
768488
160980
651700
20193
832428
329844
216450
810692
589640
937075
883007
969401
12508
995786
440584
723401
741859
422213
393079
718798
410046
160595
628700
680060
843948
891856
250495
942519
869952
344657
801963
702637
795655
297647
642111
550753
263762
344343
526596
952653
439435
913687
589564
964261
52725
184600
131208
250795
694695
514847
403509
216386
155117
871681
840817
410127
537198
476633
31385
939718
830836
761954
261013
922647
687071
407696
472401
648661
408531
954731
890871
145397
303621
757891
306000
466008
33069
930003
962928
731935
934254
420008
276340
213138
763470
731935
512517
430956
143072
405887
712563
888814
913511
514641
157479
778828
572698
846134
380621
180019
752538
731500
710310
18631
282714
232573
152055
579942
99185
422694
763499
898468
101108
306813
633657
568758
483313
181023
534993
767152
99258
895062
792473
415126
163184
52132
610001
933028
904562
181604
104305
317404
671345
405915
945431
884608
750435
848374
673217
689314
443295
942326
165089
709021
329997
11866
62615
391583
254861
650685
231592
223417
34016
94024
635653
599558
285737
515512
258988
621140
50702
75726
464882
756948
40624
991020
526650
610223
503482
309881
656243
54422
923352
871433
4830
657885
676666
121418
413920
361748
90849
649033
481861
315515
344455
243834
967445
711254
244093
882593
62253
189223
760968
742084
136354
978183
620139
205552
476633
705904
460623
982646
41035
227466
843954
652361
904858
250872
927980
938982
414588
867888
226368
943919
459294
875870
781195
372911
822293
80277
321406
802257
249544
758285
963030
318816
717812
588316
470394
36197
147339
539581
198233
186268
150410
889607
946838
742330
230728
696228
374620
813996
924912
56035
478053
70245
724794
173156
310544
26925
516555
613417
351295
135569
705476
807367
452003
846437
887933
615482
858517
901617
29700
970291
876151
553496
125680
161514
818576
570900
268656
191266
656888
812781
808405
242526
343058
769006
287776
305332
268478
611695
245425
401155
583225
46934
375465
27723
75743
959617
933021
473278
192569
556821
466430
457179
754238
324813
284619
492880
158716
391294
244348
899903
916116
401318
923032
871706
462640
489302
653550
462902
287326
593112
267624
419833
456033
217365
242074
557143
462440
197898
181534
25086
811854
397014
296073
416235
473544
750792
253298
135669
962873
988001
841437
879704
136191
481322
922697
664154
878563
53631
382419
432491
376264
730149
24640
194030
241000
226285
51121
24534
139551
730991
632536
888642
401627
244292
393200
14143
943722
343246
238987
231413
235052
346190
587758
640087
687954
9378
624827
315563
181777
745512
862517
289993
420428
698635
125374
950413
832772
102197
343111
837722
26894
378898
839696
73271
697597
6160
904548
946845
443474
982020
690861
827904
39447
268776
984938
381699
712875
840927
222329
707849
242796
617519
803787
313453
189094
211455
162461
218262
705831
612289
779873
419292
734701
941801
417245
172722
438832
954267
358750
881721
591925
647750
811396
714193
512346
503360
33882
971875
638309
374757
98140
295723
335500
984367
610269
443970
767639
488403
995446
432023
536899
138452
254620
190113
190818
924279
569264
230891
751276
370234
128116
765883
94385
326843
472756
577881
810692
695893
453037
379879
121541
253385
217938
857639
120605
433095
572805
836279
584450
88160
812291
166768
690246
574867
783627
924939
650866
599301
136332
295773
362712
276340
858320
582778
555071
847952
477617
137170
854773
333284
876069
583729
178105
513540
613994
499573
983752
900780
794756
570995
410649
102785
337474
410410
549822
452614
576962
31455
291597
368895
538398
799187
577566
658931
260493
368908
266180
100480
628487
143386
726920
271789
58049
141034
609854
233307
858136
326758
597209
727612
458109
814302
844291
294513
672953
254675
466174
996764
844237
553508
836056
735025
831339
388857
430320
735003
527736
875627
187826
76842
677829
863081
838800
398571
259443
438605
79681
712045
239141
288286
129419
326514
151825
718343
602567
903147
642296
653696
104266
610920
390593
888166
857297
559560
956021
754882
188732
712282
37848
699694
856736
253352
667645
379685
386666
897848
947954
154777
191369
687366
611098
476302
506917
689746
922411
399356
320625
270022
761313
910346
450400
496134
820735
991192
763251
940851
554259
901572
874054
379747
419310
133687
92921
632030
192423
506387
30842
829175
465079
324425
428247
475791
301483
671635
765836
806880
549340
217959
181803
296512
704119
404391
278150
133923
409221
767410
411812
630580
644069
994189
424536
766722
390601
360011
377033
111342
556971
795398
384671
885443
824608
562331
610336
794623
162667
693217
68304
157714
205368
964639
260739
945251
380231
516952
66288
981838
873849
573608
477777
574200
944326
961119
460292
921054
521707
640382
776879
795693
453231
717400
628673
869002
192445
839804
31343
140408
24956
253452
743971
375658
144120
984881
91431
621030
347614
329526
624443
582167
907115
362196
295690
8160
910803
192545
693991
60170
215723
757327
99052
489406
869886
211624
871123
195558
519639
766300
341219
372392
128398
403271
200132
352750
112893
235667
943181
353945
253016
962391
755107
846661
775298
472482
84857
36467
417170
772945
941926
457645
673388
624213
411948
735063
528280
160011
696082
488790
277028
434133
380528
949335
817053
366920
106362
63516
727559
925596
371392
985626
777817
987063
44910
928209
163014
364901
46242
752978
862297
914847
536011
13374
336594
662156
681834
769514
837999
798488
781978
861253
6416
391449
498087
393902
452454
859482
841301
695987
175532
778113
525485
656249
120840
830109
380916
792635
54031
662343
53967
356525
645830
984094
254307
316839
557401
394046
167861
898437
705082
442686
137878
561571
944153
914863
642945
513874
275604
944346
7755
548363
789178
622135
647789
146286
879996
66154
456998
396766
844552
107064
285701
612184
94438
366897
788547
772606
311942
990434
115935
205285
323788
604443
472416
150809
644178
46208
36583
985526
900091
814899
97905
931919
813165
816607
620536
160858
238817
695030
406198
190678
137492
665159
434943
846721
205919
715893
225714
790246
60668
974890
983444
372464
917409
163538
594353
766792
153724
454588
594289
371792
715028
254090
388711
547530
895009
594360
35244
316570
506811
258989
651245
563703
711471
596576
169923
578710
530030
638426
187705
739319
870063
965258
552613
761816
357783
637437
357049
109344
67479
782530
438064
998862
373218
546486
11436
115133
25338
297718
775620
331751
795564
175927
411921
918592
46661
595470
695862
652178
383767
554535
27916
972105
154971
977652
111646
918302
136036
257421
635982
292995
418307
593656
519886
684131
943268
540459
794814
58066
622246
629034
64643
980346
620405
316967
146606
277039
738557
723063
639296
411519
152750
481203
604667
705830
774368
976354
846731
855924
358064
155373
357046
886381
521727
470023
443947
601571
625990
133892
588094
613020
229156
179544
624692
192628
338790
465468
768036
266943
491244
339469
984367
419577
771967
70591
398277
94745
359829
304603
709720
864869
158051
618194
418262
151703
62132
734236
410629
3394
208147
910032
356426
968164
405490
758704
364376
761208
808236
761900
222808
264954
115397
272797
503442
286471
363954
890146
507955
542253
241372
695432
476441
45570
859138
717829
854242
998677
659457
392382
384750
721381
447139
784915
902154
967410
206793
503368
717568
463524
877260
88427
484764
417628
790817
557256
435893
897883
843601
631681
766315
543831
641610
242025
606965
931973
617009
886853
836807
815596
263973
756419
628688
365381
986303
853454
571425
466731
117344
529549
101067
727321
704954
601077
678411
884721
587116
776480
142352
659136
815408
822789
973080
375405
125190
545673
219420
967710
16140
568752
567632
116290
187402
70882
218586
854314
688773
919290
603295
824163
267145
321673
317634
903548
432643
161877
715309
834089
56893
258582
584141
741619
815244
798129
361349
212962
703518
331871
229623
188106
513980
331761
719968
103617
922794
10296
952719
994795
565428
33841
398635
561504
636861
74767
296529
703097
938528
80961
206301
407058
668541
848460
187204
542351
627204
86958
868934
840521
623836
904054
614360
692043
560955
558481
842833
924544
461643
782402
875465
131349
129665
379118
486895
539055
284919
392414
563259
21103
126275
496699
690483
118655
965274
863213
570200
715134
227644
669154
927878
720974
570863
474991
345173
180338
586014
640681
480824
910485
669858
712444
609735
241529
478133
140018
833993
776267
813171
52006
105186
505008
748617
356656
530726
403500
56168
511710
491385
830312
37066
208941
49438
756777
570072
40881
359314
674246
977163
395652
822450
258026
627534
569642
744017
407831
606384
695296
716762
927565
630482
83296
11906
670347
899507
371052
293601
783579
306550
172036
302364
234095
708510
386858
182306
24713
790601
505030
709445
874119
921003
260280
791179
345348
455900
679653
394683
237209
557637
580751
447875
541459
219631
760742
512260
710920
199033
44949
255926
871619
540614
362715
991979
672735
870311
732101
89201
760460
794352
57241
196684
390818
799831
899186
469793
725733
103686
258765
24288
488735
155658
671165
987402
847278
459620
640205
196820
898197
509338
664912
807262
850702
774198
137440
151364
611907
493880
377960
754468
493799
326492
468671
77170
624888
388130
658379
590352
693597
727376
11809
163917
797186
415486
224941
850896
332483
816701
378465
641836
311937
122288
57240
583031
201023
584606
452732
590820
839749
565119
612154
787515
397072
614959
492906
532271
749478
404057
464741
6575
271656
886811
311032
516485
62997
188732
334174
530492
39909
557903
492126
693290
220182
156925
606551
930430
199065
716141
563622
136352
609169
188663
86102
299621
321722
844793
109225
390628
597016
949983
142473
120234
374499
672614
302383
26632
736680
161349
767589
525988
234012
650014
758898
475673
979161
721392
234102
257182
83663
243107
300784
684048
18919
337649
173794
657173
794002
685733
156018
243292
613270
227052
120447
744047
445499
846003
844564
981289
888929
782131
17684
184904
994296
269156
479862
178052
137800
763593
456885
680873
940785
373804
52980
189276
89177
366773
456628
942397
451011
881130
349072
722484
741287
918513
692012
968495
474129
157681
906511
461577
591832
791905
526780
736169
35030
557251
65162
792298
658530
329129
170190
3
816767
113777
730763
590133
558298
732742
878884
598706
865702
390604
287931
322147
463728
180067
258628
506324
526956
585079
9203
25430
585992
238975
567033
862285
937380
268357
105298
20584
577946
151557
111849
631011
78672
416475
715705
977225
284628
531755
734208
900398
102758
992440
234137
133230
556912
140462
202986
183838
286763
623836
997144
845386
762711
367531
55484
235068
858095
486446
228697
530951
690958
349915
136094
515949
761223
666716
168205
431937
651481
699087
512883
403029
8383
407754
999360
430942
463326
424969
228026
232561
576381
718625
683959
947306
321002
911643
959961
764602
584774
872780
307565
732653
211482
282731
381730
179266
71942
525375
882009
751697
465132
725380
882922
864280
487919
992371
222717
965990
950984
411178
234105
402858
514797
792318
103396
195730
143853
714430
751870
11356
704052
603004
559719
812877
379222
834249
143381
512748
386603
574116
421905
78723
634068
809665
710517
26892
273399
17318
641630
995725
720647
389619
604679
551599
819847
226922
451395
575236
638949
129632
452760
160283
655847
812873
82152
99820
470885
30412
879776
813821
654919
57626
5470
665349
343404
841117
512323
525919
334482
506482
36581
482146
814285
960937
496348
394816
24384
14909
74581
687077
903494
219165
568317
501706
772595
129074
721109
672636
363317
402158
824672
233020
854901
432387
868896
219227
987528
709879
214104
8959
851727
278289
55716
40102
596708
110829
369318
512698
111776
319546
477645
915503
541052
84173
614156
706585
507042
477924
889023
845478
682290
504607
154935
776665
28907
157433
474691
554524
65704
767563
647641
919530
312776
467821
474604
128590
542129
725607
113254
342354
292524
660222
309686
400338
529144
797529
846025
196108
76485
930540
418824
884216
491256
618186
611187
610701
981996
373086
492270
928231
259679
833612
8129
952839
968892
107252
195717
144601
566064
863788
678152
982619
978227
289308
38072
132792
948870
766732
438563
66549
99786
836230
624497
984344
243007
394839
12986
817935
599844
158316
397958
278510
384620
399347
815642
326914
100077
754026
220833
294064
965041
953355
979079
129492
78991
892824
77928
570596
736354
856552
507245
572805
464906
800173
539586
80089
338244
372874
577604
2503
86575
170215
578353
277575
636890
287155
283731
985836
223484
674059
966323
653594
185893
27723
892129
33057
474900
366635
169816
713272
812878
381917
744040
616902
823572
988604
993456
490661
502161
281067
11088
218619
165550
9811
708651
988603
930232
327191
499342
74329
284271
218175
372530
364888
811375
276627
265254
544120
443763
202570
274251
363006
253046
61042
887906
453467
601571
218435
168499
347821
670103
869139
272376
462419
186707
383121
689980
928718
829729
509367
907024
565883
681033
950180
728620
665563
849324
37220
283528
215908
323151
558738
954582
601248
787073
339523
765696
964774
920997
67710
475825
617354
624286
646914
944347
361921
31085
435863
304787
298403
822359
898946
913374
593054
299437
908296
224320
452646
263712
485937
192365
97495
437030
51785
812311
840672
204749
187695
507149
289476
583030
735179
508839
63045
230705
109894
963520
774781
792570
194173
521405
652977
982865
148348
19043
749614
603631
350957
766181
983304
79979
637115
114634
801169
349000
192087
131942
499944
416385
504978
982881
926153
914667
708023
589909
628097
288813
851517
713167
674675
169177
422930
707757
667410
592789
253760
625089
174842
158084
4975
218586
529343
511660
913473
324006
234248
52542
309183
879328
91489
459315
826247
74953
214187
779994
972701
215475
375461
769778
22037
176790
487685
642613
834187
556952
286611
242696
903487
167962
612710
457089
471020
338172
220808
879888
235917
952839
253706
844105
551106
286014
58289
302208
867464
29906
502789
965335
280414
221830
547367
170215
249578
142999
46742
139121
737925
861499
872321
41492
62367
652809
497701
831161
661333
303759
754832
792372
572501
122458
557388
213283
990464
282330
689244
502885
862573
179577
101837
575287
816023
198037
692921
372651
101086
865436
535513
425876
565052
392512
797489
932848
150925
101360
966005
479001
64796
579840
415882
942063
863469
353947
952
251968
731130
154390
189739
227887
18057
933216
762226
185947
88881
768118
381908
761222
360044
627607
303583
303531
753014
42559
150732
437900
591646
468078
314709
93410
80175
920092
588204
792542
434847
25186
483639
358841
458004
260647
919385
658152
974997
494907
496630
275469
308369
42265
164910
41702
6482
850395
147867
571220
972333
179116
306273
792447
383768
769074
925714
883912
836554
593558
99049
325120
519004
727846
622317
738133
991371
665543
395781
477604
871513
951797
793104
440827
515341
800740
483953
349788
437545
633837
489642
809082
224652
369534
478364
134185
66831
416169
319985
952768
984031
88152
460621
595969
167128
735324
85866
679557
317711
386968
928358
491358
327337
574916
352993
108175
743150
816701
429119
847767
284827
782037
147872
561724
671064
717685
496642
693436
150610
747774
911054
84533
155056
680711
253429
754802
825234
354798
560536
5155
499778
640611
217833
59500
513633
128922
341156
638974
653240
662421
559342
179358
274832
511289
980788
994296
231028
873726
810852
109444
714994
226528
905259
836876
613445
306226
430944
155476
714029
781036
446353
314970
663448
471452
966956
800426
129611
916173
454831
152285
930439
41492
700287
619903
928552
456033
870925
209265
67436
398762
212288
174430
209965
805744
547942
661667
652361
679968
466035
862960
692423
447103
560036
822282
776124
4794
52995
8010
980538
614245
87233
151674
967732
490295
796092
507823
486478
65406
206003
729297
199463
352402
60510
692307
824367
664038
824163
821827
577353
280831
672439
349528
590536
494422
571899
66475
429781
414251
667714
548242
399201
847199
81354
961060
384497
462101
160011
590065
532369
996958
341414
236771
571666
558044
976987
179544
871379
165610
232678
583316
803936
458918
797977
320475
691236
634549
486648
562442
880880
995049
786948
749180
24805
989007
902563
653350
645907
706265
252866
100903
992860
505810
694042
787038
290274
419671
920303
455169
864307
780255
409063
384118
222973
117328
697390
9649
860589
28735
637854
22220
679927
25589
458899
407222
635063
856867
6014
17102
443831
963737
437052
789090
973683
601202
901105
88003
920505
749437
278196
493694
680136
420348
555035
229546
527614
243340
227868
38775
818176
803406
233492
460243
3617
872653
123293
323818
684845
292792
939344
514582
570409
112145
455162
598824
119125
230356
791837
175881
322555
848915
716781
665719
780776
26343
607151
323640
366517
108673
895097
430768
992708
124909
915434
229115
892050
162427
8947
160222
831241
585964
226992
996906
397887
566054
127175
593533
267940
663067
53044
866629
276686
125895
86380
879285
53483
105997
816760
202686
523874
529549
533143
309451
226195
728056
609961
75526
269386
317756
25270
304615
128841
746804
317623
163659
961852
224927
432897
319253
458125
336187
967232
784712
393694
215839
538003
917119
38211
117273
276278
328201
951057
934178
856442
668569
240723
27948
120036
279846
423578
778361
950869
782225
154463
44880
494861
382752
697340
675805
893533
18806
724936
460083
144980
470753
857639
467749
639706
270077
318727
434127
634561
730222
180465
945185
119658
236342
275123
291607
720464
998094
951911
606114
807348
147135
367109
171888
127910
864126
669757
516153
851041
19401
921435
229284
945313
16060
608230
543239
564788
831362
848676
517627
368147
736757
168854
662113
704569
245355
375031
802685
907332
130387
420008
78328
408021
758736
658050
481701
462656
434750
409469
757186
277342
680630
117174
591792
886106
148369
355954
231651
691378
499620
373172
903158
74439
305656
748795
929667
973946
373800
538280
836357
220954
671724
451950
614474
553194
983588
83541
868384
785447
641296
796465
210069
175477
219219
129678
346079
618836
535870
287901
798337
139171
265409
112161
307621
577563
196675
342117
173659
435157
24579
71439
905406
661461
410938
21183
348625
115638
844206
679233
675294
816553
282979
160407
171633
339476
181528
664370
465531
441405
8883
570179
970400
136163
661310
79435
327983
727572
536083
386694
431901
212969
654937
769373
234234
853520
800426
528281
35370
85610
152940
476005
666692
971534
640652
723349
513649
275567
524414
216090
935952
543873
91282
879903
377212
474744
667645
74329
470589
723909
614611
695344
915839
563117
908669
664531
31385
292419
141925
216650
455875
448660
8962
471438
577171
126309
701108
679198
829990
807959
288045
457975
887262
188300
597122
719567
66154
398876
388947
886400
553907
641243
467042
730678
899416
433939
837984
130821
688655
250435
146317
757828
798508
43056
704543
966225
370514
174305
381640
615400
318913
934211
623518
769271
779187
636883
865506
667057
57554
517981
905890
384097
583510
63222
510539
11193
560132
535224
24450
641073
437947
500291
126158
31647
520934
453275
455730
983500
225260
251386
811156
946688
559213
249785
133189
234248
579237
225967
