263186
673591
627845
958557
936764
946321
382784
220305
319101
329649
867839
121639
831043
575344
210958
554998
518017
418941
220886
166734
280570
171153
470699
291486
738127
620667
976891
409349
216756
928954
685140
954698
768599
747369
90383
6091
913740
703887
910846
908895
334483
82354
994696
834298
302656
343117
344692
53760
5884
576997
234976
932997
609206
501280
323233
621840
66114
803066
329650
365255
146992
310575
565478
13596
380249
884932
965030
779806
82230
135398
428772
554898
105969
631630
322521
527066
324388
807408
22463
636867
89447
509143
867922
638787
639824
496191
158372
842973
27204
934446
922338
284907
706653
47575
162249
657291
271931
5548
557317
914406
947114
163763
756812
614352
22252
691682
776925
664229
438395
74147
310754
130780
222470
187756
703426
109415
624037
56356
671350
847840
691504
511361
355400
956424
36767
533688
602723
174989
359565
549827
419735
718461
48525
829488
877666
424014
472349
693037
629402
78812
29450
644042
325840
316031
426204
445080
993172
751423
426587
854274
764283
213888
526775
316524
606735
776139
329091
545654
195252
351829
328145
118660
637906
682101
836240
809718
126719
712168
519463
837195
327109
241030
266275
944262
431106
37735
415794
103994
979763
455994
453855
987170
149022
766337
762940
317769
259181
167879
238294
229081
518922
47180
534964
278414
20445
426006
142818
860451
642885
638494
659854
903638
289364
944967
467609
333480
659190
468194
552361
870506
278510
242795
906736
316917
701646
622492
953087
432703
172354
406563
252030
164636
429984
105304
994217
234832
672017
687525
893321
492546
81982
552153
142200
620648
739425
971658
720158
552268
305987
533939
319621
901728
82052
553291
763248
678330
904179
998570
135387
867755
376979
430352
862340
84936
793141
13466
655940
886548
395938
557987
34618
578701
796977
19744
292136
252574
238668
129703
66964
555450
424963
854788
25401
333471
14792
763527
181956
50638
89877
161981
793405
995741
606591
672087
909584
436100
484167
608241
995472
117366
904152
302633
694645
559816
255251
758700
268133
259033
244123
266830
201697
998253
731971
474151
652711
233276
790753
293852
23799
239118
341561
719762
32534
508339
948732
719072
392041
883402
981493
999498
202953
853391
441696
970031
673225
407962
532363
59935
122408
758462
775392
296047
357374
484929
394476
332457
815103
899486
133831
462784
153489
649385
464217
714498
420429
565110
358047
289525
325441
96737
615554
519436
22225
494298
265598
222742
744266
930438
233819
427567
887358
53676
288476
787028
906967
72566
172822
137531
106181
259289
151731
149018
142902
570778
411554
516283
706339
34671
795588
548348
389622
977043
331011
82098
395090
168563
921059
443782
604318
583114
277309
938641
464125
344921
815637
916984
636655
610448
56282
538028
771783
268222
423925
420518
968606
354462
422097
281029
557093
185782
224843
290641
187732
657953
758152
136257
704796
509287
410937
56701
424434
970121
436324
161083
66942
659913
921645
874208
994955
938148
770446
919439
320783
710476
158747
140902
897847
664229
164659
947716
405203
908239
950303
268161
615897
658369
221123
812406
943772
449765
55836
125485
448499
460270
791683
923562
661313
267700
994353
411943
421534
867734
9638
514119
215712
413279
275566
874539
34913
595641
256002
919327
810468
959529
471030
716748
594637
179304
931230
428023
72084
246534
483754
312923
480301
678069
550767
366110
66390
806275
946975
147124
381217
644644
782832
395166
244311
548688
663659
292700
970003
721241
709056
437462
257486
248616
562070
405203
433741
606482
519751
144036
441829
971014
674989
737996
70372
1663
794905
979909
630179
959561
855874
717356
195094
917911
816529
909430
656898
371801
384935
682917
681328
987169
427002
271368
894551
146936
715989
763985
222761
677977
823510
215275
282272
337693
761480
833336
749492
774003
58875
458865
926803
47051
582229
262452
603078
302395
648690
65039
284857
684136
920896
733674
388166
135708
386537
127113
21044
529039
334472
581763
113952
488327
826589
931984
942883
412234
65737
652631
153185
53426
799040
828849
835230
934187
157169
18629
463528
992704
871054
15718
559351
50231
834731
693656
477562
327986
784696
486475
808491
993069
831717
550746
56141
108200
388938
438887
483459
818850
843678
676456
348303
94091
352000
738621
200888
408902
729641
994828
301705
590121
64733
931756
524593
505894
583414
901672
530237
829670
131347
396778
111751
326777
498258
182008
160159
225068
835560
342407
414086
426185
507932
929345
633362
475106
875772
76107
830597
678670
65886
268105
830685
927740
25732
8148
371740
502489
184829
470916
531109
929972
605558
151443
279367
863765
177255
439752
967282
183880
208711
683896
20980
418695
166899
575014
751729
429535
329345
735526
279738
817362
822554
94941
701834
213626
984610
241583
315427
104307
933317
198132
433159
714847
311604
320048
724051
350716
313676
13180
273286
233018
832349
624546
580496
962581
116650
82204
290288
321867
271368
593190
896069
929295
733552
227138
120507
833111
504563
693200
483170
74044
508882
532909
32639
818875
781358
988526
160394
459858
750581
959628
276609
253651
987904
896041
798268
257909
381948
223617
917844
901175
345649
241539
705502
3145
625671
799118
673257
364943
176691
512173
248614
655345
194977
191810
957684
286283
687405
154723
135830
766549
85553
548038
39173
904456
937203
131659
505219
702101
51105
877605
315232
369273
836300
820249
617264
215017
503035
734125
359398
132249
130639
579632
350007
789361
962145
386667
902074
71869
502211
685978
747233
941721
858229
191866
814264
16070
843131
233906
192599
722248
748579
732469
202482
416826
840920
453421
658574
308131
749716
288708
957185
413244
545397
526861
891443
530554
992356
334223
325990
128974
139478
879631
172430
254773
421760
866682
743337
860329
142971
607005
924898
487303
874695
881352
956508
556924
571699
322777
915481
434988
925217
927440
383767
99597
753477
271283
531989
293047
653186
265238
916929
981967
912304
183733
764373
758508
730166
4436
562359
706533
72743
382482
858704
810101
649407
638676
976877
23207
415588
812338
774723
834180
124736
929287
397883
149980
113436
107025
957681
118438
192957
758612
362472
514745
9352
890378
722971
211287
828214
192160
518062
480576
121848
820236
93302
697893
770511
874268
675576
137501
834797
195712
535064
623382
553628
795418
954361
832547
890986
650030
16845
503540
602890
470400
740230
198949
378901
416562
205344
51297
927308
467709
438544
471666
941968
931687
558124
568620
865837
461037
334536
297689
681590
199896
2168
529338
712929
40400
655383
682123
103706
188004
289025
800635
704419
348522
721426
412310
819343
179313
641091
989784
848093
286283
951820
265959
311370
281674
640689
434332
515074
130512
350256
797704
720398
129433
98284
801884
822962
302123
131518
957987
347192
291338
85354
247439
667850
740173
149590
571547
223190
987227
974832
270797
428837
753552
195419
382982
277245
56996
317030
258593
326661
547987
439057
989289
252118
173006
210022
826680
794410
830004
216494
245250
595479
522963
788513
509065
218566
923408
402170
998921
257331
724025
744344
62
108407
435613
610529
434478
512230
749919
886844
722248
500824
251464
53344
122408
860757
331922
94354
673645
851116
133391
695313
631447
524101
105638
765433
190999
375214
321512
387508
55148
721958
320623
38696
646334
513703
967448
599526
394
424874
180433
144070
977534
375479
675465
547923
976193
64560
133115
303859
148068
787731
52280
55649
877213
308480
729199
458176
129906
822612
486619
950604
321525
257910
11953
654927
545007
350225
66892
473967
141155
487966
502423
951506
335367
158682
995719
310619
85892
836231
474
364068
66149
536005
155919
699289
320189
346339
201897
721381
846192
972872
119737
612597
843216
620781
303859
35599
688738
144010
354385
925343
251797
111389
829938
268507
870572
641685
842575
757308
973664
650213
883845
247479
817779
36723
133520
880923
841326
360644
769920
643162
118874
10977
891751
174434
13637
846196
347869
493516
120460
301380
231245
793485
115329
399479
442668
47982
526630
801815
869841
510278
577824
616025
489235
57779
811067
83053
769590
826399
786980
929168
186616
243867
920788
796072
482388
656875
832639
160660
146283
216494
81968
396491
522193
373526
893486
806318
190040
335126
163800
836786
382820
602281
867735
582129
636810
471316
427902
495831
310653
425303
789361
152009
632218
581051
456566
660944
454373
280623
965088
738159
975323
723873
661226
376932
231318
652513
253
813481
101981
223114
804260
851755
493068
467763
991415
685965
158020
398767
146214
657805
493588
938088
444764
106661
244613
273816
828986
569816
343359
462029
562239
837730
492920
808845
711154
135435
139048
313648
497861
122921
698706
591594
799561
156233
434083
359238
102058
426322
972341
425284
60861
914267
228667
197181
592666
536282
294698
568070
127888
443719
757396
680758
465759
181623
899041
63757
765020
56394
993415
333471
27179
483504
667982
598484
908297
477598
867066
204019
785330
368985
545066
106059
673728
300058
689394
787527
154449
234272
145649
677443
201269
50043
251938
681192
812038
254388
245791
155047
630914
521780
418379
313687
69554
906737
201926
106315
460807
202660
226846
711409
287631
572845
912379
354531
635581
848546
604798
397267
969278
278302
213732
890871
729002
282464
173165
945209
130677
607364
575421
984810
556775
678561
909183
54415
416683
782095
935982
99941
188822
102746
819338
551529
253971
994213
666053
256191
221634
457008
202058
154779
142878
559780
960246
615646
153511
399498
588724
505667
210759
161763
20022
99231
285865
103347
645491
27407
584882
530736
602790
52689
696643
526321
98949
786509
254292
950043
790981
934281
358665
356825
151481
361456
624004
98759
410564
572712
354690
597976
173775
728107
894768
528396
883810
271512
277732
962725
161373
744228
110341
666285
403832
681048
202105
956649
312820
689514
216348
184525
660021
907024
102391
28045
850889
871436
736049
610647
664654
672239
576200
822193
775388
36145
734249
879414
104309
693596
714847
193562
389195
75885
495446
552310
383804
57652
910013
755543
923043
612582
536338
714429
888156
55431
768307
216203
582558
771308
324688
664902
443558
959814
274935
774595
106201
665304
246550
857352
887157
748643
400735
645430
976713
854660
379024
681555
42614
236777
742399
119718
95866
498509
627924
997215
530486
547371
108802
326844
9944
648724
829879
408780
835656
47966
390142
175540
410636
709484
874121
105195
525107
685244
763515
302725
804321
84769
966069
46230
617570
877402
563413
829521
499864
971795
111444
77174
501176
146867
1001
626334
638218
9861
484607
783506
967475
900192
877152
510402
214693
867437
46288
650858
520108
736702
465285
157623
634176
954367
73818
696156
187909
821118
530554
884368
481514
203489
854887
347954
906411
387241
372805
802082
270012
997439
359473
60469
280644
457559
122685
240226
578599
751794
322994
787591
425618
381314
457194
925601
429817
590537
236778
602703
182352
159533
539583
29250
212836
908739
836236
3004
713251
992686
542082
233084
674996
40299
508265
23718
947220
883150
38294
158291
508310
304831
695047
713810
631957
949931
627135
592450
26366
223866
964950
932395
943871
133058
646846
817610
819300
401964
734731
492432
858866
396832
568441
62966
720980
753692
320071
6867
126350
557017
606758
250047
739901
390389
354763
680041
740781
214086
185843
187426
290960
409149
509390
328889
216203
536970
454143
701084
998412
280833
331382
2006
581362
974831
509733
828753
10143
75300
845487
84508
738127
436094
339288
338416
996842
706878
215856
707428
205647
886808
823904
411296
831033
390939
672663
73932
559088
49251
533193
492721
938123
388938
417948
917750
869209
711555
950601
816865
849841
566658
970545
168327
297998
98789
623286
955533
939304
585803
570071
835180
590716
295841
252693
47623
364315
853200
346340
455385
678728
797690
767036
390391
561575
847404
330081
153192
41231
100813
539007
350176
545569
679767
585997
595504
368177
175911
655393
483556
45969
895007
938365
443672
899478
890039
836055
739073
228542
332085
293943
263425
885126
279022
516106
991484
223017
163763
27276
628048
694988
571924
631525
227198
934441
51103
536866
753130
855284
475549
71547
776560
205535
495723
858756
615676
265823
936704
298757
358738
173009
9832
822412
689651
94040
416713
309946
285187
519111
63057
706689
819201
736607
903580
851082
435216
265809
477736
998357
106874
559878
497654
961195
31963
628896
440214
154702
677842
601688
400177
510287
768016
444575
340823
880028
390291
966627
451149
996149
944196
156312
264869
670373
336180
812792
374979
973540
133331
999060
993614
417244
804529
668445
2388
156131
247565
74396
233464
267299
738260
511507
311953
493771
248431
794654
663167
801053
214248
907256
768326
136311
237843
776534
517561
397123
95993
486229
553264
756311
132802
387842
554136
233318
939861
59464
703426
39670
379094
417062
173007
120189
790626
389347
532076
192572
168717
979031
267509
405008
553794
921553
907990
219497
621235
644622
333192
804590
909292
782311
399694
336743
630153
767453
658552
27828
255655
783350
369091
510442
919824
958447
981614
99880
456451
809108
267289
722072
67155
484723
951164
181781
750776
190737
415473
936260
189641
772511
811259
621781
90345
934845
573261
940211
285283
375486
393317
459074
112245
302072
48426
190904
961520
233909
628990
178289
635816
10425
620547
845948
493980
66770
426968
746690
396776
963918
922893
122038
576850
848043
496789
148222
98932
340030
600572
261120
448552
234277
713588
737870
998055
145675
505705
653534
929715
461768
359776
86479
864774
281875
310251
98471
182044
738471
102956
174787
619361
819330
875387
301512
68997
42790
966474
800036
126493
732206
419882
282221
608299
740882
307516
913905
576243
831779
353212
182650
156585
299653
408248
20395
522985
148155
289111
838290
134544
250507
494805
105479
334418
358000
113337
503332
875975
604041
559594
586756
355426
379733
170687
399417
294481
410449
750604
670537
173775
586217
945879
665561
943027
8611
20542
502697
41162
467028
397672
41989
732010
569535
98845
971581
324395
821015
584325
953319
507067
126669
717275
644577
332367
959469
542083
567736
497338
169572
408158
614714
220963
437005
199433
701198
827657
322924
474009
343906
920047
662877
450523
351353
658867
484419
146413
781758
514518
708608
976722
796035
240300
172756
187722
847082
15366
431093
824846
68328
422341
53925
362186
137543
90202
155629
142460
832088
651594
197264
196088
262417
797000
542999
862187
848139
47497
766490
831933
264880
610576
441429
290179
689057
929047
704804
236857
773664
681438
157754
238043
156574
346922
415632
24931
541960
49612
773374
129804
787711
512037
119046
930758
145259
597655
161973
863186
927107
420986
828507
664914
351554
334435
224033
935533
15294
334527
569159
664745
81604
127870
963330
467717
827206
788230
290641
485592
525341
788432
284157
429073
460469
814195
86088
182219
326541
788419
688355
616295
62966
650681
209104
694251
490322
345592
806306
93678
978978
573427
642036
168937
668701
220818
193982
346239
891728
176278
288700
195349
49413
892466
133750
398502
188797
923235
542903
576700
85998
970742
105494
38349
670806
536456
999588
822610
94111
370790
817069
281470
52819
782934
190705
582183
312820
295045
986427
276272
97563
849880
686696
923005
919755
751789
362930
828482
133429
950176
249190
911788
936370
763930
513090
263464
477318
547399
958502
750300
572027
816893
589738
841114
551477
463060
325445
521104
753827
372995
587323
366168
458152
705565
525855
57379
599608
334959
955154
793050
799932
295636
323873
121858
874484
228490
758301
301766
380951
915308
409063
731664
953990
768766
681553
20158
227104
766727
764394
387760
468911
742688
848288
495174
251510
812713
525421
451712
160162
833160
544176
300093
784346
873247
587010
126986
474208
511726
120628
905626
807661
92574
902048
297201
746148
112896
527494
655322
842534
884376
868861
515165
318340
747333
751465
861810
105513
667625
821236
119886
718251
788576
297384
634034
818375
615726
826558
840190
364802
495244
46473
75870
285241
437098
967424
499951
221037
861364
463215
201661
552709
400128
380051
45540
913034
189326
455627
345791
847830
702751
837601
572214
982680
757115
354176
702518
311922
366481
881938
108622
824322
106739
818395
162214
359070
416562
852059
416706
964266
250651
300750
501560
181847
6288
514430
734980
843314
866878
817773
475220
372676
465604
795359
810630
852665
645790
755061
156515
975047
679777
970003
937280
65012
144588
861623
573380
869051
59738
915854
24400
958864
351687
560791
631944
470696
152769
337855
835097
509891
172763
412165
600380
505334
377049
534283
112023
807974
582328
202513
944057
111556
50159
980232
325432
405289
40160
961819
637044
810211
318215
510220
256055
817773
214984
10846
882715
42108
903089
149724
779213
489103
598157
875782
593043
620675
300906
576815
719093
949282
651199
588066
761376
397368
266383
102002
104959
155369
985672
997469
519222
825865
147435
859094
99081
729693
350007
908074
284483
952099
220523
773384
600
521796
410107
508134
906935
511401
445159
59021
994079
7257
436386
340347
728093
578587
497472
28158
527561
303256
155329
268222
331712
727525
188332
229315
293160
549977
920294
166059
759511
171262
287732
742530
121275
461827
695085
324955
214906
517577
141937
970406
222269
777909
977925
875052
232050
636863
167246
100277
880615
617642
165908
34135
953048
547080
467476
368420
164781
379430
656149
903538
116878
353052
696846
14052
544854
537702
350821
709750
261731
736372
36570
364988
652573
220450
912993
697403
442391
807904
286446
780521
953320
34422
751869
412047
822118
461582
784465
836241
965095
375135
660751
990514
58300
963063
923463
978744
63080
131222
722746
172110
581759
497702
372898
371223
712760
287756
542699
759410
465514
659256
384848
837743
466584
734751
425901
871633
36460
583606
274592
118833
180513
157021
395799
722031
41904
852620
452115
539346
268864
479067
606648
811126
108867
654753
792354
511023
406849
658728
505449
121894
765993
941862
408797
401308
499044
610597
643263
691786
839927
872706
173322
420168
55356
754950
729947
227701
718789
281904
283368
422694
535199
27609
380772
908778
402440
23211
399872
253548
575593
388677
919755
156252
340132
51868
415051
913608
191486
437075
680450
671817
842809
688240
181513
960887
913232
800015
463275
419585
65979
582128
617195
134464
515278
383127
34357
64173
751504
467928
250031
46804
309682
268090
702406
388322
739715
788669
135812
187725
741640
775651
17211
957486
597886
954981
394563
501751
329536
900204
603490
86654
690780
596332
150489
710563
403694
119428
794773
423934
430541
740107
744895
950634
930790
902023
35855
528208
647825
583316
835177
340140
150441
858864
501976
873074
511803
661149
95901
65194
758222
565487
737870
920720
94348
321526
80425
216552
440965
801156
266679
479254
855489
816126
524652
502211
727811
431993
260455
59512
309277
672566
852309
902559
377073
468574
716933
696007
311749
976195
944860
230291
146908
952089
837550
294854
220471
609833
185783
740552
51253
84274
589983
579092
493315
988570
341088
625241
367698
107563
340810
32822
784044
762538
476711
49269
999603
831686
992366
722778
796961
439966
345040
331264
831298
205058
268133
633757
84843
47551
36818
85000
600042
963626
59039
594796
354926
347058
857037
103880
797586
760587
863817
427407
48940
654677
428247
696470
709131
853624
412751
126606
919425
518044
807530
797621
832127
131709
641586
498169
417835
347072
33889
961359
349748
824116
880872
661053
437968
396593
197385
327982
191250
229697
338852
496054
648252
221317
812511
189242
261120
533510
641814
112610
879421
170072
608299
30748
760761
356596
304787
340939
238409
943562
79150
576196
110836
829204
437420
394032
638159
757446
8483
642036
877864
666300
71756
86492
265496
350736
293508
306022
943038
431304
671926
823824
765495
489235
855664
412596
364165
608654
655538
118365
921448
764260
652000
185030
154531
786509
106372
144250
638592
435188
497307
485180
629348
488900
918296
308217
625615
198035
596192
503681
543970
899902
532703
305131
864774
857880
447277
626791
6709
747578
937239
343642
571553
111918
778518
161981
528681
654079
520224
934039
916569
894008
241515
63896
420986
781681
465517
253175
449897
678044
257041
946750
266627
299152
73553
757844
820091
982956
645098
690272
596370
917393
650733
463514
532004
294610
140647
248824
534677
849452
256905
154396
251694
893058
315843
504382
639441
170192
846988
359733
378122
152606
122662
551038
382187
715366
990218
919781
336435
930723
884660
803695
973547
95999
602669
297691
531517
703626
236675
603593
525111
443633
861930
594294
68356
178219
62388
346101
15201
987728
113090
516813
296923
961105
137290
355224
995371
527727
71022
493259
585467
553990
939827
630338
717284
327805
242899
7913
533322
381510
257106
842708
643424
630877
94428
128394
667686
61217
227762
114633
113015
425710
735628
602812
405277
209180
266948
982634
414191
592479
636554
52898
665881
698052
501751
430763
436490
692864
682760
706012
423774
227994
794340
566884
344945
287555
23350
175954
414852
820302
336790
509601
182328
426329
233130
901970
631017
189667
714810
379674
103113
28092
829559
611375
519696
806686
948226
207409
907911
736703
84885
316744
62360
397380
653026
604157
385744
645981
281791
425735
387197
559878
654631
185780
25436
746825
55325
169333
553990
503752
482556
436994
460929
1420
20377
418811
348227
804619
806315
796954
132373
325704
979039
81414
280235
838057
14776
342883
287733
298896
627207
849273
658273
453922
930008
7223
837594
761400
628708
337665
122540
463559
963275
843358
966266
806882
16535
904206
183574
109169
905043
160230
217311
356588
825464
799959
429701
734648
701323
72627
130512
585605
552590
631450
717766
917950
909979
584414
576665
623413
299571
32581
512149
768470
375505
533843
596917
784929
330372
447069
495965
899690
728719
607885
125870
882353
143855
619518
886624
597363
449449
400053
378461
105366
566722
404795
97787
652915
726391
208407
86640
252929
734004
483072
175040
840744
413678
443070
193041
959673
202798
708610
806042
445221
791053
777617
435864
497712
459265
226497
180194
710136
508731
923975
608241
175797
465214
268806
791545
43457
198467
287824
430269
658791
710322
876688
301057
972854
533556
556966
72725
878160
944164
967778
112157
51454
753057
307400
960310
287647
913719
283902
27838
264438
816435
719631
501669
787029
576815
60918
740556
868510
637962
794886
273239
555126
456079
240496
384449
30656
282788
363266
823443
688869
284955
806718
411341
593051
546191
383673
330468
735130
358410
234272
860294
861386
94696
121549
488777
429491
955559
900186
623123
760585
573228
902499
53283
891533
765152
238561
780590
569823
784332
87733
281722
432012
225113
797594
356900
493669
112866
632272
440820
934123
609278
28418
868680
59797
684659
226426
856943
851061
413691
840081
891999
138125
400663
253856
462560
869937
8208
909374
702655
