547876
500231
607859
362779
873827
7148
350707
79407
267796
70044
437303
559751
998015
41854
413534
336969
567745
83641
455573
842825
878763
174801
1248
243282
344717
498402
398600
588712
462883
497014
861491
930637
77361
420495
428940
803037
34100
510927
841734
231424
166420
967773
505825
315515
285712
255363
820069
239415
743013
134380
283387
88477
807014
572352
18029
414459
575517
171377
988744
425132
728869
296829
614422
26872
366507
398119
995766
354773
811168
786833
414459
936728
483541
907044
997231
607100
24526
311914
944499
343123
804913
246047
290679
826977
376297
543285
665064
267582
18979
218712
646079
413213
278583
989928
237925
740221
122479
902934
181828
950839
864990
958974
787712
554534
657003
686127
539951
90378
898122
424993
84895
667917
228888
95793
115150
660482
573451
340170
76945
556096
492779
853035
115261
466188
133449
76494
920261
156024
405546
435755
961562
320020
763341
185205
78310
870798
743356
580814
711810
357583
283382
545549
851659
168801
918321
47286
845699
978214
290345
408216
456715
669198
923551
882878
891953
682771
699897
601435
953882
72376
668629
541727
569516
947806
304439
307936
769839
991809
353604
721508
449105
319601
587443
410532
942532
10546
13556
552173
85314
626945
703969
137302
546855
815994
731417
90110
514263
912864
421446
441723
287636
831789
884071
935594
752372
438357
597260
300094
684537
773636
564660
382315
707498
405557
373690
770709
186235
976469
687312
804887
293627
217777
562409
511428
845364
938105
417812
222637
872838
724015
259626
558710
295288
514589
694246
367738
724560
107070
817382
262691
820720
962147
573834
323624
305989
590627
126913
320235
95243
280265
194459
715508
497229
809485
358316
555274
454625
983987
973493
469716
820499
56898
242669
367920
673746
224089
676307
951570
720498
34122
825279
558573
406470
454371
981723
603106
774067
6115
749466
735471
94194
410438
549603
459493
943271
218021
956027
330786
154299
791955
252345
645990
116095
867565
426568
388733
908557
60832
404091
357673
953590
133725
632141
86979
353900
785438
552295
537712
28384
221989
261882
415340
722784
413374
186588
246200
764254
600158
129046
461327
470781
976985
516850
846012
765450
368752
300526
756819
840589
373981
957782
520226
4727
495047
148381
172970
485957
862898
872667
217801
763295
189120
637887
352053
970439
737534
532944
153809
1585
140424
895043
512937
225939
96179
623031
649337
836406
4259
449869
600641
290458
311477
274019
723758
339393
360162
777272
548517
81685
410615
821951
213418
115044
767667
278153
167964
513041
848534
770558
681786
412817
944458
243130
170195
407411
999281
440010
39231
108440
446992
529966
98225
838287
168828
773267
119015
619147
167134
167979
142535
337739
262266
657211
462337
127753
822876
875443
542537
559781
943626
859727
849884
549960
849726
556585
456959
266083
471811
443220
946201
246726
327562
462637
141841
520400
876731
273055
224089
600641
543127
92835
895274
427364
823601
169708
32782
28696
505569
709871
585205
929213
969086
241080
717271
863694
375325
853035
511371
985964
714865
443022
685011
903314
20186
972845
164545
182378
409027
359482
897657
565487
742939
398708
566074
922253
195007
28384
695557
513503
427138
437665
601838
984446
529693
982037
416180
431765
729727
205611
301859
533406
37735
548302
380453
616260
852690
944276
367168
368562
679017
42781
856888
589363
345600
694386
420782
116830
718786
804185
373835
462955
555768
73053
515446
168180
862615
87173
259730
899582
792343
69112
523735
634261
945875
381279
379064
956533
598879
2661
854940
631927
136261
985657
414862
748712
904450
154643
284726
475380
553411
925813
287573
956004
310357
254378
586194
416828
331643
738382
657245
342906
88831
986461
436314
369956
317233
914829
484383
321681
274617
640733
369793
127541
952428
699550
837333
153281
143408
775905
213418
925500
917804
466387
278798
121452
778345
124170
232789
568452
889914
4368
824548
559697
507689
102054
365093
304651
701668
580254
336200
60188
747918
372680
842474
510624
881168
909556
441202
301152
406206
206881
877173
332557
80054
698559
140621
122794
778681
790050
215641
845637
688905
104664
945984
34714
453422
795823
148645
346317
584760
315830
584701
562100
157977
821612
468969
404622
264040
312976
337614
590699
585028
701203
6062
10517
629818
903577
492649
646439
62387
689787
912296
675682
663024
460172
661963
443022
890473
672633
56508
750291
79490
527951
689815
185070
62883
822827
129812
309660
95014
175203
488297
714552
257096
970978
424168
474950
986640
511796
1718
69072
801531
165698
579281
935347
2747
813509
543624
556717
876685
666781
480833
275906
736782
762685
366746
70097
477884
448216
723689
419001
221929
229949
464070
43750
236661
802691
745287
27120
709059
41784
428013
859362
570506
661317
190913
862650
17773
961688
353902
344308
831473
538292
654552
952736
507660
594916
924107
611469
609866
810091
880068
313496
908884
98336
100827
952111
296937
211629
429904
767087
772757
50435
961684
660510
97499
595002
126032
70203
324974
304329
538033
405486
574371
413662
650920
71554
659429
941616
703532
866072
249698
921857
103905
804340
9551
122472
323588
495652
487248
165286
412861
820110
902306
960449
396058
505962
704752
894938
562994
671556
349638
191568
335539
100589
213047
839257
771749
644395
420256
365048
652188
850556
418962
772691
326764
870273
687813
74289
505277
218044
169181
263588
333369
474007
866622
2375
325869
809443
370228
544138
90292
810482
151745
33390
25071
300521
993026
535909
677503
481952
300360
18323
980166
738815
463924
685552
192785
438486
222847
562938
952893
500427
467437
307499
44392
779235
25118
892212
810810
871944
533862
61884
747191
730751
51424
202788
19534
121724
660511
77709
130810
317425
135957
91292
473546
835462
8904
187142
385747
560457
248002
801647
729227
895514
530591
339384
547767
78894
842579
651569
472679
186949
225956
294119
268994
792898
717231
124916
851106
744225
548081
573882
571875
384609
8574
255922
988852
699202
198616
838112
365290
960736
737073
4928
46670
901849
651855
405305
657802
205128
122843
604685
3579
82952
761899
444728
747912
885717
161089
926353
771735
875623
610748
74267
645251
63774
476912
913938
621541
169328
982204
862289
280562
23650
560320
825610
97025
793014
436557
102907
700261
586500
811685
536889
179243
856790
526480
59284
989288
845957
120146
969010
479595
7000
886616
898057
354888
969064
981723
443516
714605
72759
399732
133900
857152
527840
681224
620390
520862
9040
55033
313306
315254
571728
55794
27800
839454
412209
263808
232907
788485
857720
127345
811532
878124
765031
164253
593759
189003
27312
256492
56849
894741
933311
810503
886810
56391
933100
43477
269163
929025
401686
331482
428306
765794
841631
593941
544814
844124
90059
233815
975518
392519
664995
277649
582553
741149
147216
227966
985324
683914
810431
861013
881717
607502
141348
337627
326716
293638
640439
328023
364107
487672
472110
720760
590487
644896
218804
737698
93867
967967
1150
155174
307437
997866
210975
210482
436424
681279
958689
988504
662296
57799
182512
45831
932094
154101
594592
334665
58476
329281
33325
387342
721716
515582
475872
391587
198208
64982
300668
669708
537098
987039
699927
14056
56436
240523
246582
58274
957654
95034
518609
244863
366243
123481
215606
168790
325204
397479
737439
736711
78713
481692
338920
671021
253388
638904
597394
149740
257145
638222
817665
963882
92526
372129
770802
531732
51241
607509
943318
586623
868150
678196
25310
984324
673455
55569
259952
942044
131738
433312
2923
690739
247117
665832
42926
951986
461425
829774
304234
496880
356215
672223
507428
167013
413461
115530
726362
680196
190728
249100
910888
522968
642493
470767
795053
299710
175140
998091
496922
464161
633145
630018
120078
531502
109972
654079
929379
460897
964755
188626
717209
12498
352281
339890
557396
18864
914208
410733
365739
732428
815358
2358
791636
91276
887418
629586
277453
799758
918625
689089
403288
147400
549835
661130
53266
433402
673441
93297
671321
399822
584777
662084
294014
701376
220732
402675
553833
944798
184222
976977
219619
890267
726576
111761
389059
112164
289731
68246
252116
577010
672090
230362
431399
490926
440117
862256
918577
977897
394119
632205
54432
669222
573003
858445
274905
357016
234659
62016
739372
533032
235083
253406
983043
51959
399482
119499
148474
891924
575449
278573
286031
195875
282930
526679
423276
94071
191141
295571
755382
45233
775376
324729
164548
574279
966133
533001
781611
46871
389601
75135
948439
15882
273666
105127
371499
57783
645063
7512
654336
588276
811032
561687
163769
225550
521557
328193
999763
27150
607983
13465
318123
73420
10461
231235
522181
416371
77482
697892
988813
692461
246897
540075
2213
908892
490012
739409
876235
888340
40854
200214
199345
181614
386476
105724
903098
150813
444223
158549
646661
467003
443737
244077
299319
713527
978759
68785
58418
838871
294541
447625
884540
842771
410225
422356
60875
232366
286896
795674
973095
766853
955092
635601
686401
692830
474528
215616
478633
119059
725646
944559
20038
475221
405484
331471
858844
600649
27615
271205
621314
961556
504559
342062
273906
46429
363922
404746
683308
714419
140151
251649
433609
599139
247213
330057
387660
432435
418986
345685
734554
707698
528785
771922
663584
848948
94665
255852
563246
79549
673861
646061
851010
926573
233263
586355
99926
489744
321956
66330
510775
468751
288993
644704
878642
242508
515426
369634
744955
778189
858840
992616
398538
684591
236247
407768
75640
353706
63774
149992
244767
682239
77602
691968
277230
659334
670252
622242
339413
325919
976892
805835
8913
783298
279378
115053
157443
729227
667703
49264
821063
474810
786085
788795
632394
760401
412238
461499
724658
920841
182615
165116
240129
996470
71777
29790
270300
702645
992534
589871
354405
214503
913262
509027
522496
49924
692300
120659
368335
714424
794524
220223
945231
993387
792842
21355
306950
475332
704590
393179
68472
970460
12427
981425
484304
269774
759634
868771
641265
481655
874705
642986
264152
391372
425922
127163
926916
239912
509827
105239
524847
731624
539804
385695
702660
988504
824008
241887
915987
268990
309916
136448
796931
725037
9204
499365
843061
759794
634948
919547
827370
650014
122198
823728
915996
982122
756497
611717
99850
952028
397889
905177
854708
223323
168166
547685
650828
264215
360432
617132
491842
95748
736977
913791
44821
402283
55208
848510
927141
757667
775266
957844
248921
420438
748631
638775
65866
977986
369177
59779
843669
140016
675376
842546
408265
973826
13347
659994
470095
265718
117061
649225
455265
733660
445445
760796
561497
421659
742673
16750
991558
18262
658809
363878
182360
577727
687413
727540
349090
951222
234474
349580
996163
545661
540357
474376
622649
254441
806855
563799
432252
491757
276490
613714
551909
985308
355305
301388
237580
527385
854643
764520
183598
135832
9480
488555
431228
687364
143458
503573
530445
835140
674788
377922
719087
431885
939344
213868
375972
481563
680709
958163
717767
73458
167796
655368
993576
762947
91185
857270
974726
754037
85976
853801
355853
800532
936118
300128
805383
363443
780004
127852
66520
960032
61156
830549
560138
485313
885088
987329
573953
440081
924859
80297
12830
495094
360553
772680
573116
767941
743538
55447
487629
371317
477957
576961
482967
22586
971755
421608
352246
774551
539482
657844
945658
600673
500187
464677
960138
743646
61020
441271
705245
522321
188983
685789
390599
906676
197969
385467
814079
788570
625743
522314
845163
552530
119154
595039
336835
106560
194352
928132
163089
569508
208297
799717
518311
95429
143747
933990
862468
518855
857758
453384
498615
609153
99136
397159
493411
705220
375910
424012
923620
941648
677586
424417
730510
859020
252652
712132
27591
368092
910273
391679
893059
283970
814214
53432
707911
448179
968352
622370
133783
259491
40558
258425
787125
753817
189600
900474
68800
376189
226235
384539
197065
867395
203843
371478
585977
661518
496701
966739
204594
966170
922366
135581
342329
443996
657870
990904
816695
619314
126104
110605
269602
843380
115918
285551
580822
187691
620760
545737
541249
60325
31363
796598
95464
42861
918251
596617
852499
736414
895435
814326
449309
25702
476661
445489
324390
912758
889339
385501
586806
950112
43000
153452
66628
696974
446962
772703
472799
391060
281443
54355
645670
171841
656615
221276
222395
667887
821742
974590
810900
799597
344135
642134
575512
454231
492614
620930
163157
1429
451790
177870
348059
372186
317827
701229
791964
363354
993891
234267
691890
175627
804376
375706
837302
362887
207750
10574
949768
229340
901829
770317
851648
446150
85652
3389
689935
841569
299710
717231
906362
205872
335627
663617
361197
35654
755785
752044
502406
459456
7914
272912
488769
884278
958759
710331
344619
283260
838187
511085
733708
63602
161820
612003
412817
142637
484705
242899
90616
905563
528449
939823
7670
948913
848449
108542
732231
959645
614356
658182
657379
882013
313169
422787
377777
353711
401465
645077
712388
511047
167366
145026
810165
704698
689700
223713
187769
725821
540086
567577
469134
199829
167530
864198
320521
577727
967581
302361
885642
586932
201763
317363
575225
295125
529215
574581
242715
559039
405778
924682
541948
885174
173502
669215
10507
382106
783931
405024
546023
104110
296032
766495
754537
350451
430310
948193
636495
223443
360622
717686
374717
280249
319951
317083
448910
586736
40509
419484
673795
755483
713455
25052
344162
481803
303548
526821
448205
147970
403802
667029
237155
280239
515140
818384
244038
460158
488973
303041
79419
972878
504358
358994
620485
582573
302666
559361
483882
606901
12175
982822
297234
687312
8557
758194
287198
927681
817293
663271
715464
917999
742168
910393
549700
925419
948588
557374
373911
660860
316965
41472
347308
484326
973409
248412
372520
772709
642054
723641
738044
309946
402035
290512
704155
865213
548925
513316
710953
944183
333755
973936
667506
171300
174640
969409
911848
908531
598230
445749
561343
428346
183366
838344
786338
63602
806431
101971
400728
674175
512468
463645
219771
712591
583321
428695
269366
40605
971515
869056
581504
628470
477911
946987
858150
827780
794309
843368
530174
483102
53432
56335
275893
492075
317237
844396
665134
335431
16074
278274
440283
58507
837511
485492
244729
752243
397747
700516
618113
452728
75809
935602
214309
726690
332115
708513
860753
882341
698463
459447
203115
750063
432960
726750
561702
475358
291969
83597
963699
268488
680573
950521
806407
878394
888166
504048
215111
957851
642585
96781
90745
476432
470449
114077
53835
493199
769345
428134
539019
631004
912741
606583
40464
957643
92539
709836
411733
805479
843147
899270
1585
362363
216313
844008
168828
278453
159765
496709
743788
276936
277886
476823
575270
719063
415135
697644
324204
813211
784451
74349
272678
541836
915022
111616
659886
899871
105983
504569
712848
198844
974527
844535
358134
196650
235398
189957
353732
342182
506442
804367
356479
172635
280848
371986
342370
342777
772757
598771
90009
772039
999149
602937
283107
403110
818261
1394
701786
495552
361913
84764
553088
68022
440740
807694
944798
500763
67386
631823
616260
544928
626141
482843
578115
781989
764790
215827
367136
471018
79901
574494
787656
193329
499229
600793
176811
971789
678768
249726
528516
321262
744870
222777
498024
242764
652958
94931
744437
688841
939526
823474
654874
517678
362290
624340
897162
417234
353224
359804
700711
836987
147391
346981
584411
580444
924904
961476
583847
823334
854154
815303
983083
437360
834894
285964
687347
410482
505998
406555
381363
942581
477938
723736
17070
666103
967461
5001
524337
508859
309692
572012
418987
862209
953635
829916
543694
687405
294402
231426
220285
256052
627539
413651
763659
242414
802604
509422
912979
749403
361314
944740
541205
906620
306460
704214
723635
648630
427936
189238
989126
663581
628222
211285
886766
181829
328464
546004
353113
18166
222821
421673
440254
994527
70680
213253
967773
732186
716341
406152
233833
104583
458821
639906
671082
421855
994188
914321
547447
352010
150689
624056
617961
536670
686040
94973
427093
901813
581612
63852
360577
318615
39606
697366
369047
368272
812726
258905
774073
605277
160688
575052
169798
79128
810703
633763
968833
570448
47249
676773
432527
530218
44295
413230
832212
59876
390930
932545
854953
389327
224639
362100
946637
173870
529430
986191
984455
787763
404499
365970
629829
31043
554255
571454
372308
817812
788605
854984
275766
918231
535913
683715
412787
296602
82745
397558
1102
318829
23600
523238
624694
809056
64985
371595
527472
174839
355793
203814
156794
123398
430981
949728
62542
42802
735120
848566
192244
822298
104528
444271
990488
545515
336357
300491
342633
693622
810924
501871
172247
684527
258245
584322
638020
550901
548716
716891
915727
517406
715330
767674
955514
959976
970845
855205
32973
565871
379491
817126
47090
793383
665806
462106
742473
470627
558170
982898
222898
865004
866492
283531
280518
21845
230403
878763
796545
117430
177659
189752
698510
421172
582957
542681
257759
546973
213630
63393
873145
647436
854424
801615
238373
255631
596123
782093
502906
244539
793273
181608
51639
608463
535925
536467
904800
205502
833689
988596
311726
39476
40077
866889
463091
990079
48481
42730
98038
448732
405500
777292
42027
164655
431765
134649
436824
683271
984086
326181
948781
170595
862866
535007
727980
570198
479582
70082
80164
418231
796978
512219
893782
774541
66659
916013
871494
596498
567935
472369
32973
347317
229268
430915
236593
151606
239520
436560
194042
759924
296747
801052
964416
518178
539397
47497
45690
238337
614347
662997
256234
213317
25437
174469
92616
42798
914266
263212
208066
391588
547840
616868
334379
589543
291256
163025
496465
229760
858844
276142
462310
887564
44689
889416
650945
832716
378571
858363
950787
637460
731203
163805
520522
891144
555478
86318
894988
885066
867007
623778
678063
996220
22957
217410
832927
736780
608212
24819
458772
583164
950041
390892
840689
454037
62580
150720
435637
271038
53674
211242
295938
884210
605132
635819
447896
412439
497036
868212
928780
157764
747079
919898
941204
904111
521237
656394
316079
921480
725966
357878
653264
179076
729992
556937
183955
242404
558009
29656
242346
66637
563455
915862
542438
900150
197826
142830
452792
756621
333418
831871
276436
925789
522396
63734
21848
49951
832401
142962
451205
98967
553296
616185
853373
721308
557131
50139
769141
305148
156726
357771
320305
975838
597221
793288
485911
850960
572693
742523
437168
677987
146832
853694
141223
39681
918180
64982
606152
455363
483915
419167
891440
569297
378271
109127
528384
203340
373105
782978
463519
811425
308844
970460
99949
725980
945983
819809
732533
321584
778981
522569
777473
480514
531306
936739
38014
662761
603532
195451
734357
620498
59674
747572
799570
469656
854022
539556
726288
750744
53395
183599
596207
875818
661184
484670
490547
331797
804496
786913
808625
262713
597334
219642
759110
21267
62366
72178
426905
997742
124285
96565
227272
43550
584844
456712
821063
766676
18490
930621
59446
567219
692080
990154
307774
25874
799422
268714
220075
10529
466421
178285
938723
930256
255167
634478
128700
53913
436430
236372
503749
399740
848491
4419
353223
439557
72046
470473
268299
507214
656369
638309
348882
308539
488867
873763
500779
764955
837897
431222
315090
792725
920857
907225
618291
537313
220164
919342
974327
524110
971131
766224
328087
270490
811391
333141
29892
268659
10418
125170
714887
475387
623920
334286
847194
966207
362226
727697
989995
886410
801762
446017
43276
381276
368194
24028
548712
991393
369244
863619
328639
615615
770098
932077
237306
961961
60276
8126
915735
283507
933012
891780
82822
779678
171213
548247
212991
138993
374144
129559
493785
777759
717560
395662
849766
283528
326516
575269
805770
484562
91147
15076
109830
21185
732186
72652
732849
475476
817580
227657
926588
674998
256579
827337
475255
664805
485731
808357
687
563528
808981
459756
687178
971914
863554
448079
265483
160857
812567
434157
548993
535630
476419
406729
209039
766468
788674
381251
578535
531489
710460
422711
466073
851010
281892
906537
814624
338945
252850
690677
736478
242764
416925
24704
904313
380506
255218
643321
390839
620397
660785
692468
865710
298489
630226
687074
896478
245962
529066
668656
369677
401692
640020
31620
825650
234387
476835
182255
642683
128158
73933
873212
269703
862289
576030
710974
596096
941606
875572
198077
459325
59455
403680
904751
300145
808885
197651
180724
470736
285326
171963
318302
885818
288663
769181
455857
379648
935594
815399
554625
279181
552636
478378
836075
353883
254550
765209
462814
6055
286015
552945
596746
983100
738903
784962
230912
81109
49622
621717
347189
253388
248348
392802
448957
320013
777485
456341
544417
468757
319430
888449
520539
982078
412237
911479
634306
63352
961622
984468
551549
603800
277846
508331
109430
756591
80823
797059
525095
901717
797640
124003
791930
68693
919857
914069
85386
99788
950757
60990
409122
966943
16342
609032
168087
627005
395579
71517
321716
279575
428604
109116
64047
900190
119719
747471
606910
650108
125396
841842
811777
220335
884322
423940
183633
194744
303040
646349
718894
820422
691252
69276
868146
214539
868296
284020
960542
327123
800502
349976
882888
231097
167667
597806
497381
599797
950142
415409
906671
289863
114365
931915
250950
281515
877747
925393
710914
427790
19499
865829
232264
244110
448957
753268
322748
611088
30105
671062
333578
763388
716141
818409
625682
318348
982599
61240
84490
886419
913839
927511
334712
848966
647266
116287
572643
540075
99640
729984
300689
87234
445675
20493
823566
606575
139118
582496
621162
746873
810541
161074
490214
658768
276493
62457
201993
594092
961157
598798
692728
515419
387043
980949
825786
680771
202861
19420
554085
271078
140807
388409
863480
786953
71622
262286
830655
369050
737039
74103
899106
679087
726590
389697
870596
73971
307936
441748
142658
120503
739584
165841
418760
147465
357915
751901
788482
132978
278422
983778
976275
898086
66851
738691
933944
418621
751019
808342
775419
946888
911623
502085
630421
672080
665902
720087
325060
487301
606123
55183
611075
272415
63941
589118
215111
447128
708966
981723
801745
904345
639651
444108
654333
970576
872583
788543
712607
387543
40684
467679
152461
246427
592846
656311
188035
86026
257926
148521
516057
826860
817719
288216
435002
471446
555272
714700
800040
499853
599612
146130
436007
295485
464318
748226
59977
570009
794720
833706
84077
139922
449632
165122
879774
321163
138814
514196
949179
816503
471137
2257
951807
396653
290287
757137
418747
931130
733031
627472
457136
749520
528025
93945
73606
667015
88477
679116
430576
807238
158317
973340
871856
706459
239254
366225
937721
372224
381008
881304
22508
62190
965379
332492
164340
226138
127304
594355
659403
582573
352281
708369
939815
267823
780080
384859
577590
901985
573201
166528
457729
272469
357349
720983
66151
600832
938159
724015
155579
679514
78682
346956
650286
153197
685420
521799
438252
7084
690274
632555
520733
329290
925929
21476
702004
903287
680141
346808
894527
179371
655686
187121
626831
549149
533205
286003
767603
547669
217818
116827
574994
254980
751643
375435
891144
810394
878697
200811
776405
568972
154956
89174
297295
533486
890310
444210
52435
999441
998053
307329
446520
752424
275835
801281
893839
705425
427405
590565
556937
324336
777835
345088
577383
146796
918672
588606
922089
729043
72399
661328
714156
521903
281942
406614
828239
473641
314159
747616
839186
239488
876199
542210
371411
683056
569403
87687
442301
814423
659147
901195
893763
732769
932666
140548
293068
328283
192217
931356
294290
994648
646856
790941
195654
966756
235070
882520
879090
348593
356971
377232
808846
961415
122843
543993
479420
466958
250135
782623
190708
611390
314606
753833
891748
920557
194062
331192
494554
462237
538779
719750
49893
748090
139630
563010
746281
831202
159318
733880
616144
262691
628434
491766
319601
502665
792740
707926
828303
63734
778685
280116
846349
444999
634270
595798
182161
176734
936372
602031
384324
988279
139064
930650
878642
780710
427540
474615
646060
135308
946038
925358
723246
360368
566766
927966
201990
924547
293527
280994
78815
7563
309560
256838
615646
140204
450775
920975
153700
236627
98256
800354
833706
216422
401191
556742
42761
701459
716318
744305
964144
194529
403317
124729
460385
938087
767524
423177
953015
607324
843068
423573
65233
813013
241397
969249
312186
628296
278005
542908
120176
829160
450852
143002
289307
280157
912111
626304
904932
209919
728164
409507
156032
515547
231162
187323
542239
387158
735212
244830
927905
55497
142847
94414
672475
961939
975043
463519
29332
819710
309985
945822
635887
154134
988605
383728
344470
341288
289817
435184
261838
874938
820887
4354
753311
740473
842596
312731
454191
286976
487483
232213
825933
957851
789095
51424
624282
513396
761141
282884
360757
219538
231097
893647
143266
871723
251530
772994
3362
809719
213845
518453
501773
111014
190564
859366
284592
463438
856154
240661
148942
725686
979707
292719
146894
583041
796383
674853
878874
658452
400614
636168
697032
554330
455263
828985
356018
348897
314679
94931
415814
856766
418766
908697
342440
862170
109300
481067
444382
807258
111761
926114
930386
477415
410377
79461
653465
228941
555679
602649
272207
731976
253529
263771
500117
714287
306957
229831
856799
942593
681240
356159
960663
323076
676941
864388
75308
978476
215418
607186
770808
341973
650439
600311
669837
837634
805184
432523
154794
277661
788939
223732
905203
938017
121132
27462
679451
67124
522655
166993
826721
407348
79934
40410
157258
165421
784890
688318
33850
460375
869869
648002
176009
878191
811648
99247
582696
339536
698681
501792
924123
203540
125061
330794
655446
336070
420315
604
870026
186238
418282
511489
836624
930407
271369
898728
850834
929501
67900
511330
545125
812169
130074
357235
780338
859278
499365
527411
480462
751998
434367
309060
529105
594704
505244
164178
676037
480376
137552
271350
102113
304200
512142
112390
4301
404035
732533
655944
599547
798388
253264
516824
863226
241017
746870
608070
331096
132089
28190
170929
927854
55965
722062
322817
842461
979525
417568
203669
854845
411246
297261
931937
44555
725745
592999
644196
497857
619321
40165
296793
170799
126057
920464
944778
86473
810635
460106
114226
399792
502667
609276
31230
309428
73315
564690
115271
406138
494677
714905
134660
267378
878673
813075
819195
158635
634052
540274
7159
530952
393838
36129
721309
913348
995316
841243
57983
719944
52305
325779
391486
112674
840584
468673
705603
670723
526909
520883
536219
9257
40370
996187
280237
817384
549080
399476
983532
705318
160203
746622
378073
815956
25115
935590
401361
888596
681015
439013
736042
791509
765102
841839
796415
438979
531890
401626
986403
325125
833962
865648
121499
422571
786402
580790
128081
723445
403075
503869
312452
313057
874780
626062
482719
962251
242026
568188
596993
177454
485467
928840
644029
501503
506523
543194
321263
292487
528993
626095
35960
717933
886611
731080
403417
585916
956936
943987
636819
294741
152566
578413
119966
97327
144314
789718
293925
507002
62932
450942
297261
186592
616024
124277
516101
604520
433711
48972
770546
424569
419730
998703
575564
676294
466107
42638
974392
562767
949854
755356
418411
166372
868667
40492
473984
723451
174912
795792
767372
64982
366960
816079
992848
797281
2922
571003
590873
552982
610966
927051
578762
949855
722795
968823
573382
667900
282456
548636
929096
481371
594027
69814
658282
928051
940687
773494
480514
77789
934901
387452
360181
288188
260620
728113
864067
397553
829712
2224
476086
240320
799907
183370
183331
726830
810232
588357
318522
257051
486430
502986
849958
990604
75762
339170
265368
59122
111104
905593
904619
56914
449511
571248
661377
102281
946459
860382
671523
39001
771801
225643
294949
879946
517687
301082
270082
861763
823248
131933
295751
511312
657603
537621
970425
185105
552895
642290
208663
308548
798553
525598
982448
507402
861140
671037
284978
406277
831643
278622
186730
366728
147873
526679
816690
208521
424739
149642
619768
998348
714275
39606
100268
544110
883838
426759
737186
337714
843866
170028
907972
277061
943404
469164
18341
722156
127881
496893
504327
45213
624573
408632
848109
912081
45800
880274
552844
668507
377028
679427
324152
327367
480980
712366
512211
538993
846082
653005
903343
274312
88719
474376
607492
804710
879844
625274
578694
602890
376410
179185
999422
344581
115829
405257
251345
851093
442805
427642
695789
262572
479367
134742
332753
524272
165978
83097
969983
505252
888927
847571
641720
112639
777387
445014
883009
12472
10846
189318
252716
460497
733448
379026
169616
518971
105153
795435
322364
462310
522220
637417
215740
927298
800307
131044
348515
977840
542900
649227
873192
643410
479194
868759
578065
229639
474525
750013
644517
135413
872838
67448
559362
998119
645928
397616
148446
873134
91494
356813
113926
814325
323539
616363
178913
542144
748554
310402
616349
246289
598794
299571
163242
191121
746404
234884
584391
722444
421581
188958
114878
150190
671062
760289
570977
47284
862765
687024
79518
88693
933645
481371
781519
270949
505852
544210
304105
709982
346185
724605
399503
461659
570673
922523
136196
755443
815399
116950
213625
617787
575886
702605
932144
508859
913045
994792
950521
102025
711495
940785
90866
946331
126474
809719
617462
863057
424449
560943
178448
220144
61922
57522
168619
931874
628130
756233
405023
632250
895786
723989
370647
418698
227500
907140
849106
555863
842842
753909
208923
228699
853113
932891
726063
500223
889363
284683
83570
108179
80576
785261
26764
602014
572642
560831
432038
62326
919234
666272
530883
566801
539202
849730
879371
587925
736643
550692
984600
469038
640142
844479
686130
223055
894062
721282
61194
858739
326315
773353
199043
177603
245982
984842
778923
525834
238745
958207
22146
345434
384686
763461
205172
610119
377883
575457
463101
71542
937899
889468
27878
117158
626912
366381
841274
549630
446401
248865
109526
371979
427988
922899
279343
232665
200229
830974
151350
462865
539709
523596
321920
804250
401852
631875
152590
270754
686928
403164
522554
11346
247245
305954
92591
861808
205870
886267
80562
887389
635473
181284
654305
820104
95378
879743
454638
549964
957552
188529
489749
594428
898958
283342
507316
106328
812427
366498
480128
500830
72638
996064
829664
450704
519169
639110
674287
303316
825959
555768
205373
776722
908630
250134
905205
807487
495724
393074
703571
750363
530217
393611
88076
251205
561307
892560
212579
667689
254634
310836
848819
652984
872697
421857
241135
898278
293851
892771
663866
623445
402926
66584
599023
305290
157958
554927
312973
793923
205629
973916
651067
792397
722130
541093
526423
329353
277878
431635
657761
762730
184691
703331
989928
315398
667728
840395
405005
951630
517120
504678
832950
973071
928993
546221
87223
502357
95080
453249
720024
667845
658810
478527
382017
929433
980149
378563
235234
544319
955710
380685
404728
585111
134584
79114
970081
749119
732534
344353
337041
783722
261513
274617
497750
586162
284051
341913
417618
853745
172755
706750
249309
809218
155309
414231
667369
704305
930203
733154
45018
936581
369693
149388
720983
275263
427571
151046
132768
204568
643403
785085
167318
848734
285137
456604
418561
797925
633226
113454
204183
555599
52080
998224
586305
807149
215450
752445
642146
824577
550252
734421
77524
911010
181745
297089
706989
895043
842114
951302
75986
902005
461096
305545
423940
276590
628933
347140
54432
395836
497739
485326
961961
989208
397422
836864
936161
949629
753470
507316
761223
418162
328816
745585
223055
382082
582761
561454
262715
930297
766076
966264
45280
798132
378107
13306
44570
415143
465805
935628
882795
990940
878796
24077
805430
902307
607968
661436
5701
265393
272736
528064
365663
567891
685476
76294
912036
546399
177832
673746
777242
252253
314306
971603
842066
439389
391197
785898
495976
884090
538913
970439
349614
217338
158424
179647
72161
216363
222402
107268
9303
537476
331029
557371
120024
208519
753018
287573
335890
704877
807382
575663
306052
432353
667500
632192
432863
284259
668059
15437
697198
196313
515516
504904
866922
105004
214096
756739
879325
10208
801593
935502
418868
556205
251064
873219
550504
494233
771730
327806
890323
486761
975578
252942
248725
139666
566485
525445
766170
936586
299197
732692
52054
189769
669905
706318
595190
642153
711575
224913
122303
796025
842288
477333
821021
620250
988484
395208
181950
309407
13422
992436
710488
587530
272736
836999
406509
316657
421592
871788
689049
199457
931495
890075
498959
603937
126394
426074
264937
799176
263005
99600
144176
954106
640631
581334
505432
179808
565198
549493
341331
647331
322308
365683
691177
501285
612540
56046
602284
797637
56942
933435
288847
267892
642153
640053
678777
124908
3486
297497
519182
167267
319597
451786
47469
806236
911908
528722
732565
843356
755686
536671
330534
10494
348683
792600
387787
582731
275537
745061
626134
691002
818751
871569
209919
591050
597935
261941
630712
201876
666878
154187
391379
595417
222790
548376
897886
968786
680840
682874
767984
694393
484053
236095
29326
282432
840456
194199
181310
356378
697473
909712
656218
358416
729116
751240
815193
579008
189850
131187
184232
578017
764850
666350
783420
396470
85982
13007
698607
257001
340208
15856
733630
544522
777365
608928
17851
556321
293655
9564
498934
378229
847376
944667
951998
753535
736530
903681
506562
264433
444704
595359
579045
315376
473163
425084
868836
968660
283208
843035
504257
96133
738752
115281
199783
170219
120960
983191
383965
304806
148963
885634
112774
756925
348437
22471
234661
734718
414893
928550
179611
161202
954948
600581
242755
829075
882760
145747
975075
653010
687458
938054
900861
752202
576546
890500
692945
794170
724730
637670
580621
706750
449984
340930
768113
474199
751712
386480
180303
684401
150631
551921
955367
867984
648894
275709
533892
791122
942686
648668
608881
574194
680668
464331
30990
782504
589543
545300
666206
352036
591296
887122
522786
279591
775722
17628
218708
792931
262341
750638
256420
690686
834974
925322
989163
30103
649244
737101
267693
466422
341698
443516
77962
366960
493910
447590
808936
123938
587040
253404
10409
163012
812270
654424
307861
966397
859936
174028
160036
172670
254619
678453
499433
548262
281265
466918
62215
390876
12661
597163
25555
761899
126661
998878
312147
682844
908822
665076
372477
65905
598383
939060
853601
893931
917999
472442
939030
795806
228812
805937
505277
498024
194973
516284
582153
252807
130613
468408
717851
786081
384216
197456
61618
930591
420928
105235
687593
380933
23795
351003
340217
769551
270790
857844
921160
244260
850892
582807
994825
632095
398599
225184
919459
292466
716154
825933
123671
891149
155161
907290
619842
887512
188424
490568
883726
18894
728818
666140
391459
176801
653306
634330
316513
464304
805912
674270
93228
650857
443381
676011
514047
202944
780366
632192
178758
89994
123969
242096
294831
721513
201302
798173
761366
971994
808343
124403
842902
1074
724788
831230
368153
482817
180049
118328
834998
214693
777843
752668
457136
246792
20195
224270
682057
905601
251091
476898
716232
488003
541007
353711
3443
870389
216676
781746
435601
986174
95076
339053
824596
380725
243976
593585
397413
687140
179591
92724
623885
64053
564362
572341
480831
524388
550066
875917
909213
216862
313344
314327
351780
877255
642535
464407
928946
113298
454996
47698
147508
238041
772894
825312
961515
982698
367349
571951
560372
472907
527496
43366
257281
773368
503182
619096
356159
547000
496271
41308
648027
317437
886364
236691
890993
307229
275125
155057
292140
423592
387201
127595
853384
110719
792586
778929
837514
787709
497576
171910
821019
482452
878564
329150
698119
11131
766170
709050
255521
602284
552306
572415
232651
364815
377281
416265
644703
169482
172307
126289
703272
923570
870145
285524
222644
422221
279488
352023
757881
213328
136154
784486
862475
86598
521226
529141
121173
469464
31825
307634
959867
53395
699080
881715
904396
722381
292393
207911
476431
257528
68106
214162
203700
220022
155038
601345
898087
278870
434308
313303
828028
399232
278484
495651
258373
355415
239506
144024
166604
275657
925466
876604
459828
678553
43272
582124
807416
436426
126060
120204
595095
612007
988380
932085
533928
922304
187033
596541
754154
652560
784663
988657
868680
181490
150230
987876
385847
952837
78180
314889
493984
145673
860783
395203
41896
438502
54099
604920
511005
545156
493963
701373
59282
510398
195083
352103
993226
357622
313183
974519
665902
170040
822582
866553
289030
31287
1347
321230
894340
737380
669727
553036
829474
726897
944728
486181
238698
927151
550288
669491
697311
667463
473485
241095
602076
824615
881951
145940
840787
109092
820527
46572
767344
118125
937505
719263
495324
245851
894277
171351
704754
791854
754896
626517
341687
578573
189207
343400
194114
776557
58541
750080
461514
706077
763288
289336
37155
769354
963165
993347
399115
559090
77869
879391
281244
443685
955492
930666
667506
294012
942913
255736
569238
549119
616937
682832
569160
35879
836977
439298
813584
696846
74066
818347
426065
823103
175926
550725
25436
967604
932461
935926
309523
933182
59895
902048
831989
620980
96352
855142
65741
600017
156238
252497
98563
343754
691463
451843
143403
511859
669301
123378
684527
532692
181305
910077
208168
514508
653244
885424
815973
721219
928370
72940
812407
831488
835278
302805
584044
378347
326832
910458
143445
840312
901554
415175
511796
872513
623501
600504
717881
54355
299897
83343
666878
18502
115044
3883
143504
764309
617318
432863
662958
104151
43276
447810
16362
5743
927966
325333
394586
864289
568684
336820
998374
384441
721901
947790
571804
939477
619738
861177
948791
963610
997388
913185
997440
280402
483395
487265
345959
466244
766946
286353
310241
480212
729826
266263
420928
872706
1406
501782
114173
617774
820694
163404
267460
473538
304920
108151
700230
156115
710607
517810
519976
395332
437313
262531
34294
626348
876050
922919
724658
369272
34819
731732
767213
775419
496940
13270
616433
547160
981706
488258
505538
473585
108459
445960
427219
260048
576546
338642
927663
132421
568666
991174
722018
545813
951291
749203
381251
646952
50100
73547
89691
529745
31333
382399
818546
755911
66550
251052
799886
220857
408531
528332
406320
515418
292408
554208
816517
812670
486070
188524
249678
369210
223654
259878
549494
592106
473243
478405
413461
363483
75769
806047
869047
17196
704021
672960
778661
247322
962121
179742
713887
187560
226644
50085
143403
739777
330146
598498
160480
986748
427093
623499
997777
573783
968195
4429
557384
13941
674196
866524
38105
739565
103625
437003
409652
728114
683660
971483
114060
960104
135190
773858
320534
688841
902620
19745
297134
692845
956017
443378
698837
625078
742577
829201
142027
456105
271722
292745
174856
304703
480956
501150
457241
120710
577699
415646
124125
725750
882882
934189
529491
512966
250992
321713
946526
650108
535057
160587
983302
243371
822574
348732
929847
450616
512741
539868
876210
466462
777821
307320
664854
745201
851377
252979
735316
671173
412336
974933
316411
360555
504057
4762
421446
914182
909732
297786
586167
711360
958292
408139
674384
214948
360697
499461
31610
584479
917289
640923
840580
349936
960605
272513
178557
614893
796342
536730
977495
753693
61878
192818
660781
170823
436702
792324
245987
264611
823252
330362
477586
936553
791197
297181
334852
930364
425480
752521
5646
184185
971337
387971
273399
418884
599751
172032
740683
441215
876142
636482
679629
272763
511726
477069
872784
119157
914953
724389
270300
781167
420622
377301
595897
882153
731518
609626
550513
609300
730074
270569
613295
265689
638144
778031
202835
177476
25507
573060
409706
355772
169523
412167
724061
910463
412152
636223
424825
32687
564909
836896
238494
565140
347694
698416
813658
754013
571228
382307
920301
448874
955367
838364
482832
941802
504886
483374
61170
289401
427980
36671
652346
623308
830271
165997
479947
127257
136818
186349
91648
542261
778317
572727
414855
743538
782584
164550
274877
703331
202515
305956
566507
130768
998947
802444
242280
264374
468913
547157
91237
890174
43881
412388
453922
192754
210524
53165
755911
176658
668325
900231
577300
892773
897271
124741
992161
294367
559775
66913
399326
45525
663435
88518
883640
426805
492554
836925
168325
539270
274603
977722
714221
725137
592639
378717
900986
