412407
841279
175668
167793
692858
665619
225300
645657
440134
130834
216240
516515
736031
802401
564497
733082
183437
913600
97284
948448
748166
486960
859375
137798
142435
819802
53421
413811
739136
525907
912139
177173
713737
299041
793455
140570
70387
625384
110610
338108
871377
429316
84309
59340
539584
320708
189789
55388
257592
7446
547546
445654
648122
339243
213675
486305
93131
283103
6309
271310
895630
836319
590056
104982
288432
757745
52641
351087
928008
794893
921627
358024
339303
911322
239780
815943
239708
594918
472863
179396
205269
124981
188029
988395
84605
458361
717636
804289
784924
250170
366117
700612
322820
95196
262739
204999
286486
350254
197597
648294
975503
118665
20996
187357
626625
772951
520038
57681
920890
862293
183240
869010
14825
396390
723365
315812
847398
214566
338825
289937
20640
275537
665770
217106
41453
18869
373592
721386
745714
588708
481066
697283
962189
512443
950546
941995
672488
648343
198684
609463
308557
323715
636065
582699
552185
915489
531636
448271
635531
81291
82924
371330
548203
796398
327945
168255
185206
906743
237134
666668
901007
148231
456960
767453
459462
85124
500955
310982
907800
10112
586557
508674
491743
514475
873971
19345
673300
223400
593213
787967
121005
307304
157106
702081
686564
660132
169573
762902
427176
29425
116196
786307
573825
940444
893986
726886
213739
807420
21192
828576
92704
188481
584298
779940
166032
788362
194506
146777
769030
376363
156788
794790
519726
989569
693521
985589
58199
603404
565650
55108
994962
747941
562874
843584
328096
73379
605765
158414
18501
531952
608136
603720
107387
674879
466086
413000
336677
728374
19265
337973
226129
388478
232495
897796
929849
34851
206458
156730
954603
98133
410595
788529
888681
281524
677876
982240
756023
288365
744849
241075
583170
101198
296584
442464
379665
333922
75846
909422
14542
169550
779188
777126
370683
700462
52685
379617
23635
659645
901817
288550
117457
498098
618440
789778
195215
505043
762020
189136
765976
30429
57606
259715
425552
836936
564905
636270
167698
241668
170053
402299
879892
270763
258695
619699
123142
427489
701999
545405
900460
738630
949233
401415
767645
397307
544886
988538
569841
825057
617771
487086
538207
465730
745809
576530
582870
861020
194326
489483
947242
42856
969134
406393
50731
772937
284120
306122
11822
261998
540253
880974
331703
158033
860034
977534
341806
329389
618350
828099
483185
448594
518564
209622
785352
887690
20935
462128
355441
817219
425262
532392
824698
174881
960295
934645
980864
579633
358011
811824
793199
432649
794965
376617
898635
873468
596735
120442
755110
49265
917568
479246
450383
151354
172187
358581
773125
566467
198268
313146
714595
227980
406756
286104
101373
786629
861493
387764
2955
638243
977698
191958
292792
105850
63061
572139
55468
786146
84080
94119
689441
91309
208553
355141
246800
402413
389875
274376
158025
210976
678425
450145
801720
249002
551113
366406
255075
985260
808511
800977
71884
921592
571067
738300
463882
113554
878865
748320
554178
449276
265857
809871
165382
913880
926233
791048
588414
959107
524559
69969
914407
636578
671051
14681
858929
240311
285850
408553
388101
763629
52558
298230
814448
536218
318025
63050
38224
720035
37537
44775
371106
260238
715913
933916
620525
982806
65730
484684
839728
484618
53995
369121
548713
830480
586828
696845
394396
761534
964141
363948
743442
822912
74463
758102
94560
623036
411919
247346
429839
683881
301563
912025
38504
559989
677920
581239
56915
176180
302376
465476
347122
930069
57837
178486
808522
272580
605833
675447
754635
518367
330590
569320
859921
825314
21394
665504
761698
621221
471839
664641
86014
228968
355835
320200
573228
689283
237275
904264
158172
976832
332112
750996
917080
378335
877011
727533
933409
946209
732687
869324
621381
400407
596592
703133
437485
337348
292675
986938
58684
392581
277120
890765
822675
304399
241818
14299
716586
232851
358759
645203
844855
353044
899199
619898
55117
636366
799782
671470
658994
11674
600948
509906
332098
339156
764414
564090
655139
542664
656639
205672
608132
722018
164814
107487
94513
844599
688991
717929
756644
893674
123757
475988
590465
217587
910813
668883
688318
286162
991136
406460
566099
222967
593168
548907
716397
585792
354402
598162
908111
295155
745998
908911
842114
951633
336767
940988
256377
254154
863959
464190
802552
594444
194760
499047
672394
151594
387333
81111
316426
860126
476281
925155
87626
78119
320492
209272
107245
305260
788404
886471
176055
167149
194147
241338
860112
771378
839688
17964
716280
973737
209899
562605
427131
948487
268349
49117
805132
152760
362924
58616
614383
697002
633250
423753
511722
270663
450852
992701
64202
908953
321006
187770
723881
430511
90922
520935
40295
364946
646362
171460
318105
325022
307552
723066
314649
477824
979705
844534
765877
908320
909752
991633
79021
407451
301339
707368
250304
500266
485208
731380
280748
143695
998220
905338
840504
993518
452787
924705
954981
98594
56553
706897
442101
51508
880447
429208
351038
455422
80848
442155
394754
512663
974340
93120
137282
419788
274156
960910
585949
263533
150131
602188
752293
204833
630415
194825
232325
635417
914411
328428
86627
807815
531129
855459
937407
523359
864586
61458
715438
533762
121530
426679
98447
471404
263775
302944
302595
638240
756562
816333
840504
14441
222078
386535
756117
327188
349325
531185
51975
281582
661028
985416
95892
883513
832470
324951
758501
823885
500406
808596
500720
647040
494086
176180
10579
188719
112548
307117
949449
682885
284777
910605
80130
149172
257612
489836
635943
683913
187000
643859
551618
357190
792251
203648
965202
776229
880861
907760
491300
843667
849240
194659
750848
173194
955968
955469
477534
342882
984035
266282
943260
942571
395676
799047
152932
899617
495815
731661
949189
220428
114231
240895
878538
123701
796234
975902
252316
999380
247770
222785
904942
967898
266373
429238
936832
477431
238790
760340
817091
789838
970770
121181
485305
709120
134362
771888
574947
470563
436475
143698
859148
940885
544902
603276
32768
856827
749168
787864
346891
292786
55939
519199
966355
322786
689835
324277
322083
419612
288782
415776
346414
133033
378265
464914
709991
148971
972463
599198
321741
126053
672938
724947
267436
73341
104316
814469
127258
222844
346784
449236
359843
922803
951008
712186
160247
75502
968647
959590
342805
682557
656294
529713
515929
508870
84769
325952
242124
16669
442312
106607
264276
977178
895149
360833
337147
47394
859994
988415
344317
753715
301201
425690
30472
349195
167751
397750
266981
302738
521366
953996
311923
923104
800283
103315
972960
674313
974649
760592
906572
943192
969936
491019
180597
977737
569443
216934
573552
974189
391793
338817
930257
199464
347702
100224
415977
565610
557860
635283
930129
466055
328077
114983
126625
880838
304692
651607
506239
461620
542438
57600
57065
500164
606191
156792
39103
662899
304044
914732
36198
985793
873293
126643
614651
830114
504730
260354
197209
132108
8841
692553
802596
700035
755609
661547
833226
503009
404930
380936
682269
6376
489947
746535
803397
369520
230989
590965
216413
667961
776467
703102
121795
384017
17169
924473
840269
232509
206704
926717
494202
70522
883781
735557
347731
821849
445354
616204
357815
335607
738086
436128
802596
868475
992552
257265
838594
772237
174315
421322
970523
840932
598730
804448
341928
805096
785445
86736
978833
474988
279801
86687
321371
932907
816043
10029
642100
900659
461675
806697
635366
988516
406199
867356
527625
214161
646105
249848
974412
228407
504182
839796
908001
162619
44910
868947
963880
507758
496969
192669
73256
659554
486696
867218
976897
334446
190457
251338
570446
351487
792805
70404
254174
760113
454975
676142
730229
141895
358201
451708
963993
471499
111696
59032
691824
943073
865777
404751
83446
219751
297653
862093
877540
976876
780147
786584
643594
490417
703236
462159
998120
736382
72535
901813
753205
230250
70023
370779
844864
805947
503467
641075
31599
112186
601698
94032
666269
635248
529043
894101
105047
529009
559429
921174
766867
599237
368124
304927
605162
471142
397754
298535
940991
125729
415094
83011
589691
729074
499914
581862
74715
960644
570468
562517
438907
607444
219072
257568
478638
317687
273766
258685
365834
188845
29704
61355
710281
163312
103356
858306
682536
960971
490542
294720
115580
421735
609466
906572
288808
29160
978002
155740
978293
614274
865759
36851
332036
844375
618666
766051
224742
806990
917790
76920
994318
175518
765086
647922
26512
440401
948105
589605
126165
884538
461602
495892
646240
364367
200134
764808
597965
277876
650516
770468
50625
689607
434257
793896
554915
383563
677483
493831
485712
966199
449138
983767
631688
22314
404875
474875
118692
674486
600865
191319
704737
119532
83717
262834
49188
162331
523479
881974
423157
419895
923625
887384
209524
413843
370982
266271
569844
8249
235204
695373
987457
371774
194895
119300
207313
502714
62164
851455
109340
440846
704013
863595
280279
162648
127476
267603
707647
900751
920572
607273
378708
420784
309476
700453
177832
550478
181821
814364
229069
622893
688345
564755
293476
664523
598644
757802
755751
72709
469468
380286
529521
174673
998013
764596
55723
776315
942332
410341
911961
609266
921952
284047
932386
292519
283168
493934
104423
391237
987300
704925
526379
285073
389856
770251
103936
942170
778874
953996
307063
190457
320392
238069
551736
436698
730705
99019
357410
469947
537490
609755
671445
481822
569094
10550
396661
805421
682623
191385
803268
930392
67888
995085
376130
131400
888499
924806
321631
264103
15946
794640
927095
151436
930282
457573
791639
972965
821742
268032
1337
465489
15185
368500
76335
137334
843536
582197
80052
644262
632960
805693
338689
126241
146357
117195
549333
88504
344992
653859
853535
346914
971536
337813
116020
111832
231089
679889
491004
623497
280324
205129
356358
890727
855319
951096
570873
243241
348027
108943
233231
204415
76639
376203
395447
878678
287748
940329
87451
698247
261028
763432
478767
551717
692595
410921
61862
197118
482708
220936
189283
284089
697886
467503
938627
978412
712115
49333
957263
964583
187314
256876
865309
595197
677882
734226
744380
96662
518461
689459
158653
321830
438417
404563
170888
902169
613270
968776
338469
330345
819163
884780
780810
548657
97010
555223
901591
956558
451708
977631
213992
193599
400951
913163
282474
742904
255143
357830
621962
363638
933786
684146
489470
899482
303051
271212
498016
994133
661505
159728
819183
404102
935778
811045
284809
22760
232488
338827
834684
83583
82885
980475
349892
283454
141324
722084
389064
724892
360478
757439
982497
62398
681707
757616
314872
445268
814615
914821
38118
75155
989046
808522
2742
613560
216620
274859
84563
246352
931926
175122
430255
553505
497889
955698
794785
956779
345595
124136
793403
612991
122226
173350
690616
857690
514832
408830
355528
504933
139227
710956
570285
482698
646379
119933
45822
153957
321510
309614
880360
578216
391374
433243
738546
750818
220033
53695
484564
204980
802280
561281
688901
722945
361481
845897
656285
442217
626047
637002
924435
891796
851825
305407
688428
624540
383725
540274
242493
494178
403122
316273
655568
254190
388786
106806
61099
740840
813402
912448
611778
640185
848267
56821
173051
582627
653242
473821
995042
892877
124036
80135
121298
694129
383839
182229
494680
34996
674823
262289
609336
361766
321984
403253
492769
728162
649614
855525
857050
338312
246304
73058
888933
885165
31241
422771
665421
244821
6482
11140
113703
28712
667397
625965
276032
996359
142371
791086
117857
31217
984416
868569
618562
75519
375579
949201
364541
370053
375401
85606
161466
795940
378006
109421
529670
320373
253066
607004
169091
500290
670628
495228
39645
126918
3270
691813
355453
787768
480724
951799
475810
462873
869587
950142
888691
896724
888579
200210
260298
721546
92127
684291
448413
504069
461043
83717
956016
988293
723345
940860
394933
265906
863904
371747
309975
209585
192669
911777
861376
109818
580818
101974
32434
655774
233323
30706
408743
496282
248557
820484
979964
954220
296293
114834
124970
945678
685242
455634
481253
205486
812637
426701
346784
808164
845794
92851
73371
439096
942950
396973
29166
457712
477245
934467
541749
467503
829617
783162
509367
114606
685141
15028
794908
874977
353502
390497
395468
459330
984056
620698
509877
560846
292845
369607
94935
725198
361873
60085
891604
478591
747568
319210
455535
485568
974649
902255
590762
861289
303595
285569
62089
893658
514188
534399
592019
301133
520124
268284
517880
387429
529723
618512
929710
374391
320166
472262
399751
498446
78782
314312
173010
827895
50548
792998
565568
572142
983583
567504
718589
159357
574850
135854
709102
428414
818590
953150
933566
149765
26088
783350
407833
916136
996532
347247
503571
265558
917970
452090
16263
46558
490648
112946
459263
292052
338049
406396
274397
601543
482456
94164
66987
156943
708218
92267
422110
267190
978799
942913
922234
524189
806755
220534
334345
339999
173166
299496
300075
717451
25088
385466
863908
156943
115090
352269
868718
174000
254337
586514
104707
874165
308030
761221
476239
880670
115792
326146
560170
382951
359707
936497
385278
636202
575972
755681
300874
174008
793162
865554
686167
385222
668741
662829
553163
173051
100324
518916
406571
30509
87338
932481
828192
969908
940190
24813
887690
35575
177710
321085
925904
147598
656294
161053
984433
339469
152803
290600
664769
385375
741385
734981
525173
176883
519066
932477
768662
557601
589709
241263
727638
775252
70375
406571
774985
628789
775814
593213
56606
645692
244326
941145
421654
19443
173056
715805
386792
61802
505594
250218
703164
913346
962008
360349
940897
811899
314276
794374
661964
288936
418525
837001
943951
954044
134481
169563
422030
767193
623929
781986
21937
941252
728897
238239
835936
778713
459789
283102
302598
369291
621888
916286
640448
235406
332113
299443
54920
16299
45787
86342
466682
186299
179794
172789
246157
731432
440964
396891
96516
324692
119926
147504
557424
377327
31870
623256
694031
217933
38999
217291
861922
921878
349027
420325
334446
579091
127014
175052
168630
333248
65844
328616
714355
164411
97096
639458
660331
3541
42391
80682
551994
713360
560697
999296
504793
357457
681957
407856
583345
460075
610818
778811
132348
589638
995243
2347
759505
596637
585642
526698
778096
349681
906776
932216
25563
877504
813402
640634
785045
969225
843639
643168
901674
317777
732103
641587
296893
588133
846701
733046
478761
373382
725274
197834
792308
75702
974460
748749
357772
281321
912139
618498
387385
385450
412565
961573
126036
171874
504401
393352
727204
265976
816383
765616
454426
566268
732653
657956
602192
744210
663839
217271
311645
965707
433481
54533
124948
368865
792446
125991
444136
536427
743088
324930
931041
369845
251602
831840
810388
155623
948441
894590
816360
219822
424135
828263
66312
192566
547913
690217
524662
964800
426942
177381
798223
475776
861905
576362
626062
251658
784262
745874
785047
188585
728155
893018
757250
386317
658899
535255
889052
596542
719482
299466
448630
873944
388353
268793
700292
835364
569126
599153
571393
796197
637203
10523
355337
137414
765647
763378
870952
792986
176010
486341
259215
686902
2479
404580
564066
135780
343835
208278
13362
787045
955145
211029
632067
330199
857268
620788
284074
108978
187141
103976
744815
830544
155037
393751
59326
442411
879358
875290
420398
99327
872930
114877
824641
91924
192698
594542
43806
927257
221741
677941
794560
910445
538388
964334
156715
473546
210472
691479
13994
302542
304041
975916
719172
230851
392289
916427
299461
342572
960464
535861
909981
953496
880870
319912
729379
212829
205314
361461
87050
677176
214165
171197
500377
651446
504231
486273
215352
643628
582309
339159
370421
289856
779775
884935
891774
789818
481204
787178
954718
927936
848041
46775
525531
965298
213342
553468
424548
935698
228437
463684
280985
296056
933194
265796
655053
311820
216925
814112
168865
552977
63075
613789
42865
932325
489640
279574
669716
519387
873321
743446
550536
959036
301859
212993
604570
852358
245941
495075
803045
313431
111314
381466
424503
163313
93290
879243
989090
954069
440365
196805
908234
543412
330002
184316
616624
862036
403094
316655
502241
739358
630684
841866
753894
399719
752943
391931
965902
798875
155577
288568
914338
333549
163035
101158
265728
59416
40978
616135
864229
754633
906894
329421
790236
975627
684365
84203
748325
278393
883811
380405
242297
836157
568374
867836
568183
674202
406546
347597
632372
883371
552854
162906
426385
467916
506364
249681
769294
716815
426960
200232
546760
308966
966612
215508
479826
987663
570533
297630
254477
46399
382672
885947
924
202822
34184
815682
43578
556082
345343
82154
163789
265791
629091
337382
910011
668581
607078
566042
40784
565291
673588
903684
406102
8107
942571
447137
650202
341483
875197
410341
495092
487355
320587
791943
209188
710902
554767
806293
604279
467276
608382
811722
581780
415945
1872
520665
52924
868485
597719
13516
312903
860691
824571
523479
536925
696831
606470
775823
483935
114590
589138
145384
133876
587269
732024
904895
676407
626412
150051
269770
383785
621921
333589
313010
959843
458302
319008
357190
619483
770709
116868
191034
634945
192041
386512
367338
958551
831348
59318
842397
635360
993677
613814
238670
472411
347282
206483
103738
195315
312081
972490
48336
614936
654532
813888
247177
413653
331125
51003
197097
239339
12705
749687
843639
975614
435194
678320
483590
952432
864570
623476
92774
913944
329235
389169
895505
472541
514712
903343
822403
737116
222246
698943
207376
323992
125370
818286
686863
477034
24923
823641
358261
740248
108797
496969
136375
472907
489953
905808
36391
142913
228785
312058
94730
35844
640024
52620
370836
187171
389305
167766
918053
635460
170001
224089
217409
784556
18334
903033
929105
124516
528394
76880
260530
535374
605809
468045
650007
350375
564194
841664
602809
534403
1949
856139
835627
130572
451963
835027
805037
73359
166010
38841
634434
331321
130914
961770
267048
457878
586834
234092
740236
637283
376973
501854
237457
271923
783501
464444
33728
595781
515209
899162
299700
773369
813652
32815
169996
923921
156086
941768
345199
69639
994068
762450
900756
915097
962658
827090
578568
70067
442683
196097
828760
565901
948913
663155
107164
7218
739334
779387
111065
728355
118826
978012
495385
188845
344742
861005
926295
561988
806608
735395
577747
829492
375643
60947
840155
555402
14837
717465
628694
350733
849824
583430
43778
956774
678673
423339
465677
988869
149802
150488
891548
497980
71425
210644
981605
266965
591121
935887
484045
643251
59662
918268
247491
386712
511068
810007
987938
886720
613179
516410
128023
460017
268134
997935
163040
948518
888028
456525
253618
568069
431023
710025
195284
432714
43891
647393
756252
750080
805897
625340
345207
363
867032
407501
346873
9541
374751
524786
292505
730064
2347
808457
144651
58426
250249
334424
122278
572642
736978
797288
267768
279615
863339
484800
298322
135415
42262
377838
373894
837218
26156
264550
844138
322663
356822
780033
971170
682641
893908
162591
344336
923252
300004
128783
969637
436631
421140
975556
651774
397960
822420
913451
716438
138358
220513
281958
786690
741396
120070
221511
368320
875944
988403
858005
774216
811461
884095
119677
837350
806475
45608
838243
688831
846012
736446
758102
899384
43268
222350
327682
985977
111065
814199
229909
680469
606030
695448
967792
931635
856462
477155
234276
117260
704728
628744
933838
35824
739509
55744
285559
754281
383839
666534
990111
461240
216690
264181
175743
108740
441300
38895
688989
243054
547647
590134
61081
113542
292741
679386
443413
649065
288601
877068
911437
154
608203
720374
614095
24378
655195
660343
146772
31410
85073
359676
853609
727448
903578
535837
388526
27337
224024
216490
194006
556198
612850
122558
322553
115864
273237
84632
509554
298179
624122
772254
402238
965296
184888
704452
305920
692853
999570
786781
684869
182678
25427
234288
141451
513361
398942
118412
894520
515527
140896
53693
339524
742578
412065
81555
815023
206879
859184
308964
765518
609981
151687
4238
625066
763703
823296
930336
224928
136772
137103
183619
133576
361869
874615
21864
608526
417132
662829
798488
441132
850338
370941
56344
695524
66088
555509
749450
319105
771888
296425
105241
672150
282930
739200
418026
93252
415865
531216
716847
820984
292527
868978
387723
592051
439402
445626
512770
611428
679273
178435
819439
210769
753534
419309
281054
309082
548503
898125
557639
271445
570174
235201
8730
849108
127044
99214
331061
727674
390063
201398
150225
634195
746029
95034
705758
967477
949364
950764
361925
247307
743603
502837
925256
258159
545089
885579
984259
832445
225866
225685
561445
366648
249775
12613
607465
893964
364295
207886
663189
249337
634737
734492
986827
252095
958572
910223
723873
344793
16857
571450
445144
182155
387988
292052
627126
929453
444249
264456
333514
481403
612282
838683
566318
814300
586167
491302
793823
846629
731227
588701
141156
603852
667333
114126
247105
393252
909841
564506
294736
116136
873142
215093
835167
568824
311808
745085
77474
189625
896947
858152
692291
680430
901003
327264
514505
701142
172050
121323
749147
93613
121156
36319
150779
847135
337803
455119
713762
151687
958508
906411
533717
105739
282852
684333
542321
96670
954785
622858
926214
792432
33604
638362
482293
839035
301600
869580
772172
24767
825855
351693
756598
749865
231357
625385
298805
232146
794647
821216
117221
245402
137973
183531
913583
368104
341657
995024
794200
148628
296544
86510
739372
778167
203353
543622
836982
502147
499760
980277
879936
391586
435139
96041
964126
35389
576036
716438
583418
367526
188396
953031
627623
575776
418532
885064
808520
96121
318439
172254
715385
83699
780813
87246
907201
285678
516197
794085
493859
69025
400676
980173
198787
627781
39193
819938
29493
299331
622215
466391
39419
420822
596428
998904
881134
141749
851025
109722
959613
499445
103461
381478
337535
982128
66060
621126
955943
847943
125006
619148
574340
220565
38537
683654
285800
34735
150716
616135
927686
956398
576409
92637
698651
757765
337139
989617
8703
55330
77485
792506
205284
791874
984420
231401
205056
807236
891075
301732
364537
577425
278139
835809
144911
161042
695414
420996
434032
882332
687414
5432
209896
11494
78038
826505
192651
885437
600855
21708
997433
690914
992318
432167
307245
258221
231802
438838
415510
233331
419220
890650
594647
673723
633865
902190
295650
842697
738743
95872
197086
954201
951194
831988
195211
812937
77909
119198
273270
122054
38118
291660
97469
449385
529977
397141
943243
531967
81311
299892
480762
491101
1448
164803
987432
683143
666641
306953
792203
522797
567215
588693
299181
615058
748258
338414
702828
191493
588135
663177
958365
664180
623061
272997
62364
619710
267237
707000
358041
799847
857453
387629
280827
674834
188145
642762
661553
239486
895200
518804
876217
874171
262279
553466
162331
938968
786585
355555
209183
989361
928699
601538
960844
422947
166398
602201
25804
939494
206217
370807
10161
586251
306535
126868
690620
338312
148527
601167
865714
341957
335709
757759
487816
498640
691553
231822
504644
357995
503774
912058
824158
187084
405076
990026
521969
189274
297536
352810
429783
168255
20405
601025
724984
199877
457345
901274
308454
317710
226664
55997
577455
887627
121554
342060
177200
455377
759559
89343
984975
134365
431103
920378
709331
802872
826357
80132
657021
124339
299267
348926
674001
693024
657685
973789
584401
336089
915110
899681
146723
9477
600682
232022
341890
192576
759705
31851
951907
402506
778812
618666
66354
883798
265868
870479
207376
205718
735190
688706
415870
40597
486474
824464
851186
21188
711359
775738
899613
650836
610516
609317
654658
687149
304715
986367
594436
317997
695397
713122
308010
7949
237175
467167
983583
277984
71360
596145
677407
668271
53947
416764
945220
806107
26934
291293
522186
537698
921432
967791
420301
172550
654215
955460
579150
648239
252454
819955
63165
981607
915103
46341
328068
762668
688144
629684
231020
76639
771647
937101
236622
861984
885954
321900
533445
946547
21931
452325
806968
722290
274450
150784
208071
937877
696350
412941
279375
146377
282338
952989
548433
330493
734283
54651
177101
234524
370860
708509
377056
529683
323966
929739
155959
125491
111396
812076
693252
121072
46367
884089
991690
310125
593799
994842
705020
30879
376188
324930
584564
533874
109673
594275
584353
162726
6772
926752
219789
686135
698069
565567
590359
293766
970767
700346
293430
558971
574981
555792
391374
425969
433391
349089
696396
970091
546205
488617
885594
104752
168095
184344
801602
628458
899037
373278
234605
79132
356737
37991
886172
13142
168327
227315
301710
495151
331854
307654
105100
399511
561839
284203
503767
325678
462029
111393
444269
358759
462649
843434
461467
69838
390995
576293
675342
743784
719981
164503
77259
166456
397639
967751
66330
956741
395528
593095
503793
906490
323660
399176
545010
373730
390085
179727
150299
205419
498771
305192
663270
893404
774419
413156
645588
925293
259715
51005
355485
237741
71091
288601
289140
829170
268669
477201
423157
79021
193902
497448
992078
3471
572917
647965
990792
920403
75339
305094
598834
49916
899806
723432
77613
813032
231412
303595
4935
435669
996686
803949
559315
756640
826132
567896
892505
313452
196229
714208
420531
825667
233270
386694
295646
835936
357596
460709
20317
324419
274970
473567
432748
800556
433351
606248
507603
660334
259593
661428
715833
377254
983995
813470
991559
587116
271813
403125
766188
436842
501314
793960
897552
710489
877734
493276
989374
545369
860786
357017
377499
665445
922204
218240
277298
487080
719565
648733
376516
987346
835998
644985
569126
47466
728020
924420
714913
188757
840498
627072
988623
257430
967520
218635
608271
88486
222815
429633
238235
127209
180256
527327
705824
563360
742930
143742
451052
879070
803592
743728
89957
134920
86949
346036
344913
608054
750121
767293
653629
97067
229323
735021
755152
798316
102168
537031
298599
622661
169256
150216
505460
644492
901343
390562
241668
494366
780859
896851
752924
5329
900531
422717
128978
624909
511601
388868
485184
362308
240590
470434
665514
120964
789169
51471
674884
63719
271752
672261
252952
853157
503454
731958
247751
382020
518509
725480
595631
322528
376210
683042
215609
172102
56461
833441
677557
623963
924034
392118
132653
858796
636324
178943
22097
111285
590340
681899
358124
855946
472153
146078
762619
541895
204965
33511
831023
651029
966752
319941
59076
237160
175151
830060
728455
152874
843124
92904
136133
315151
254948
244387
962823
435277
242
831935
176923
582197
997588
417007
899420
812356
312524
290362
73299
102405
210317
596145
685079
856947
765202
494801
351579
752017
774731
388786
394223
505203
933896
919811
473352
936770
693342
998911
634603
231278
87351
843078
680638
581288
604930
24573
577966
507215
232303
236845
317530
800725
32339
388330
551899
490596
200453
710982
520504
586557
456180
475262
125387
698983
514669
862949
264856
952984
517367
462311
695344
275663
779129
617224
570102
114529
918339
804399
385189
963028
165583
305710
426167
111345
794041
482295
652014
932517
675454
341484
22222
235242
747041
363836
283323
441112
278826
154996
978772
287023
816810
76103
491063
622442
785051
899341
586154
83356
26904
470913
327237
630718
135581
453658
855007
697260
415317
236420
421835
322242
794374
795863
80545
713603
669977
693394
321099
630358
868692
641500
180118
844964
504273
785850
525406
754753
82618
749004
285863
15963
214710
631880
944791
132678
603054
998757
929470
64089
276637
799220
499904
767390
226647
629542
798834
754131
700230
406890
264876
785898
599344
875613
136402
51452
210228
167856
949851
456163
863432
962247
669405
119786
887772
10737
418950
541249
10724
699352
549471
692873
968737
275871
479760
661549
986811
616255
258860
548224
80314
813578
307670
462957
488780
885327
622546
444886
562939
805443
556562
42243
589157
557747
724190
542015
3744
170126
350029
19231
797667
583059
910399
56989
752350
829064
570959
589141
56985
77580
452056
491799
367212
957631
325352
629741
523359
148585
91186
432330
880372
802117
803584
997215
732495
273722
49136
432876
734099
689159
970822
214068
578582
357609
822961
284073
424962
71655
274772
336967
201398
949244
622622
875696
902190
645628
781660
438478
489352
680450
366566
428469
681352
333298
20168
42702
363092
782361
966684
384464
353784
398403
48844
985200
241318
967470
660516
457821
575776
63964
774822
349381
853621
78766
309476
342762
680072
859
143481
607656
53109
188663
560982
518695
936078
825291
536080
381888
860956
531702
287107
197686
278143
142717
306763
736371
643864
164461
35034
793155
92084
254299
654620
171672
426483
20073
817407
681726
394295
352930
270526
826456
672680
543565
431643
865688
526187
202623
619884
919387
948977
150587
674187
872295
331742
741340
645468
324351
376363
947578
752815
984200
702436
610190
410519
750752
763596
701080
442305
30384
222588
327456
302622
296036
716586
146025
697002
314210
433271
372027
279796
506717
335878
597172
225695
447816
148768
989702
870078
22775
826886
20834
830624
76056
856745
576728
955412
728735
147355
418428
50572
191724
656469
463820
698678
757638
667371
170692
913293
902178
882422
946218
731538
781523
72824
57966
926637
938205
685060
195399
691824
266401
906298
518601
97633
512075
262785
414056
436964
6068
2817
312390
671548
396229
474924
868521
879640
339616
94347
909622
200467
873392
699179
768343
399292
726969
368304
290668
870160
767091
743418
461675
77143
66352
373954
356300
81260
753085
625680
267058
708457
195856
259969
819754
695509
197499
524509
140451
325236
109908
836816
227003
656681
802393
410722
73049
496990
77009
690081
165190
883071
76108
357957
730483
492953
984200
383453
650610
140073
546351
152004
711925
483378
206452
698405
989826
568183
402752
109234
662452
148994
915639
808682
19645
158527
868678
741669
820051
69857
484982
956522
996604
679592
207170
978775
180537
660297
628196
257427
664903
443344
23289
884082
963476
163126
998307
183088
240982
435150
2944
65780
421377
277064
417317
34300
806492
671148
730554
43575
996686
178903
462709
38242
233336
618294
108350
655535
121001
608816
631036
421604
488638
361711
406543
523473
88360
143626
932539
684499
596348
560346
673314
772401
696672
225695
247434
275549
752815
824789
772357
824923
131871
762336
743971
74403
710629
229319
900149
237515
298740
940173
3169
593819
318407
663659
352143
828296
839805
725933
521354
843852
375619
985934
916732
15438
231357
536049
566816
172194
190763
976145
276806
449270
154710
209584
781531
293903
908513
636284
883909
625339
820595
893411
838893
301027
370005
579722
390992
63202
920304
958739
669567
293154
81298
192170
964028
30648
336561
586922
654400
632991
277345
412826
11761
848313
343153
577338
910227
721931
264626
249317
379478
9074
391799
487815
272436
104316
445858
611628
457882
192766
923003
998436
271515
457021
266636
508850
26300
182704
693028
531760
722415
62087
358524
147333
15844
168805
540150
478508
723742
981132
595577
259710
36198
895151
842100
675505
19744
208078
820834
657042
467529
996
215687
383253
623345
887635
494483
648816
891835
11134
162191
735980
996556
276053
206072
581855
82044
51274
550475
209848
314028
328952
176383
384168
859194
693909
651513
502458
60188
106666
794289
822154
173082
4829
485712
362678
82198
844694
531392
968208
693895
965195
436258
316622
665692
927312
110303
927838
254316
325067
99691
129192
857337
525418
886202
210259
572465
618640
908374
358886
257383
232060
285628
342286
865364
824313
906604
133764
836849
465220
127938
657843
853082
134183
399886
817914
258501
479527
913692
184721
309117
298896
429730
809756
956128
307872
118031
126002
59694
964286
734091
423043
939041
514237
507633
751762
478273
83904
35034
813479
414056
982273
994766
488883
109026
247131
711223
755767
979590
94400
618843
440513
170437
639096
397911
920900
729292
891779
997885
783251
638399
182162
8637
454288
41707
691173
611476
889744
663368
755731
375942
427880
371317
87753
818670
533334
636802
643029
653696
525685
837484
892063
539566
880336
584352
184444
825725
170236
307526
845119
431549
578834
413458
153539
807349
275173
155332
520749
443228
444260
875060
418562
709359
937368
11007
485014
444301
200028
869402
938268
390688
198016
179883
756801
87726
664373
831502
143010
715867
685497
181671
498048
418684
360577
521794
343638
505540
592808
813356
547556
67901
528769
180953
107274
676507
36065
983181
895876
170427
337956
941704
891658
840862
972157
632528
23883
389395
320002
651124
258468
590155
250883
495363
345811
795079
877187
300509
189757
566993
9016
697195
599583
338273
398264
457385
149935
166965
139869
302622
65823
832998
287329
463577
460828
389813
607875
120361
405482
18867
646502
582419
131631
187129
998931
23637
853638
706917
271539
968760
81748
603444
328148
550290
372003
125802
71666
372763
829360
782380
97857
21671
534749
660828
568661
721248
635974
507207
510730
209169
927455
539566
980940
746470
665130
128724
331771
647175
381061
393340
927287
367001
930889
125142
73208
494547
252931
66549
825986
337053
388574
464662
138480
892564
106589
227522
192938
830003
645150
730858
665583
803584
748659
238847
517979
314865
567851
342214
853876
153103
807745
579599
847923
42975
555243
648257
451612
542337
552991
789412
318888
445924
557385
453921
40244
340204
958236
937576
307563
883143
439587
690011
196304
625741
361160
598364
406065
728046
358950
941183
90155
150829
707435
780841
543180
621090
136425
961360
863535
169998
754446
167561
684141
785148
49024
538880
629858
503438
865486
687274
735980
155436
640403
917170
601931
338443
393501
290617
512955
368421
264779
593990
443857
768583
830816
320256
290691
963420
757706
362131
593979
741347
994850
666472
788214
480531
98375
907916
605202
36207
852063
448155
746394
471164
126589
780674
312081
278008
263712
385822
626885
942022
198999
31262
525871
41447
572142
64006
458707
441361
981897
685976
568892
78685
661971
959761
327010
196730
745688
580766
444557
569088
665174
661277
353579
92735
896701
209959
812395
449934
148975
893206
198668
289582
266927
421098
626633
403838
97414
171635
636689
868172
514728
14138
919268
933281
220930
122462
886443
352483
816948
444534
896357
712929
236794
730205
545279
61312
276603
250115
878418
821994
749684
505200
839430
137781
37487
219627
694893
923230
892198
726229
868678
359952
33551
800462
462870
825276
857242
455227
664447
318082
199423
779987
49535
109275
357576
854414
763322
703228
38705
406073
962847
569400
334449
684665
422110
110476
401004
364777
407113
882347
406250
326084
947647
875875
152009
738426
852733
826505
579431
747041
934052
443796
1199
526805
829551
954551
768916
631925
520381
127009
283851
934325
431276
600930
467849
749044
883071
19029
97909
421627
338065
204125
984698
758008
79444
28839
621719
6760
427707
895659
111042
820734
103850
760960
207727
401510
912186
74930
54817
919177
312887
518957
324705
247920
793229
546506
419140
733064
341245
368128
908309
439153
863307
194986
9888
680906
914064
536377
481137
844888
97719
926077
951661
79212
859350
676995
353013
269763
893892
75190
711558
400845
412156
792707
529051
180880
509967
374167
420315
756761
798776
594712
27267
27390
136517
701614
984129
948666
870341
23550
153439
728239
907195
929597
94823
886977
589491
439458
893600
629532
694819
680195
206047
76458
754526
469719
41368
899888
122672
750871
263764
176326
736772
638878
160143
583296
813396
845642
135600
64902
404424
883334
675730
722730
894496
222673
143530
151454
533766
846849
430755
203089
580796
565808
417225
822001
962166
208054
246556
788406
799703
208965
599490
39754
638770
946244
912648
222364
140753
882490
326426
621751
314050
107957
186220
599103
806475
369291
304842
349847
673502
840538
122852
42309
621111
78629
856501
389323
373623
291239
478056
534569
944375
572788
912241
636696
738653
201336
252557
16754
754687
206980
244665
772227
911751
235644
802814
697851
451728
965184
638819
823420
179754
210339
810550
312880
750312
311072
371747
245346
280360
737255
908443
293108
827225
73741
168503
397530
820998
35381
541881
130039
289795
757535
607106
842757
254591
110157
686558
442996
613194
334242
722981
974924
651197
362605
231837
334066
967925
238240
232400
633244
809137
232618
316625
277954
768759
69003
119653
216862
101039
862860
814466
129676
21336
128912
979308
29680
968323
247393
960520
998684
209875
276675
379
506360
266165
223983
171903
930354
276253
52212
283922
510252
162448
93486
700942
533544
767658
688745
275993
337382
462161
373721
498960
463878
606505
98332
382763
688447
203675
585815
321108
674967
46578
633439
689393
56724
916960
78125
442583
977660
465562
77442
527877
383977
262395
42496
319794
386300
178870
283842
129701
84941
106566
102457
156708
707893
455858
497671
152459
759950
186285
622092
895820
621168
622512
670639
815015
284807
513911
74829
582608
671179
294964
535811
849724
260463
464036
212190
234328
237894
453273
257455
876479
417346
403538
286420
992470
966078
30873
119092
923410
284443
9107
154177
880406
824453
381117
115693
619866
586137
128706
385013
542014
467098
897413
908742
458838
787960
264826
884641
938249
166802
66120
805296
427880
646879
832460
159717
184938
19982
13290
458728
381767
694643
111345
609157
131753
637003
345884
430807
450978
773497
774498
980584
163278
883164
521514
73390
258585
415094
831998
190310
675839
373666
83507
150836
558052
826687
572202
816679
766905
450235
645999
21792
571716
187449
732762
725629
100561
850160
125510
143186
827667
425500
260873
157514
119170
422587
364942
505838
829337
173789
977599
65705
215032
252789
6796
590088
402241
468829
916531
83752
550067
847168
500396
712216
730614
5620
108882
674023
11065
164486
19456
1681
737769
608904
341852
243959
210189
595305
57889
549327
855007
184429
708328
360768
176757
759358
217768
376206
127528
850354
59920
738272
249666
307807
20131
479563
162152
959566
952287
754997
552226
885815
799047
532045
316826
914488
403576
941250
890404
288855
288153
874877
214027
362018
667768
750251
209616
284802
721525
477439
222848
841590
14482
600133
640239
347084
641190
962733
240925
652393
253617
362724
451353
136585
914617
508465
863946
16471
154604
917216
596925
595454
796673
272893
262277
302346
366060
534057
913210
263961
624225
630380
3212
975387
656294
707784
183541
587269
841411
667757
113472
966043
30109
87171
511400
494951
696845
340292
852737
305960
380004
235459
823175
779908
156649
750168
23273
442861
214792
793467
984660
160849
782600
527462
826295
168204
171463
396391
530360
378688
517490
936285
100451
644710
599881
323203
883529
679667
89493
237365
666225
156381
600779
636108
924630
485184
215300
635319
795920
517946
634195
330407
716854
755177
304715
263788
568293
600631
383613
343885
438623
969959
973278
848077
828939
342925
71528
819292
128840
845013
544657
972968
653657
340537
404538
561988
722218
820473
252836
973500
71082
991492
384869
272243
94012
411027
516344
129139
34537
848148
2255
446999
981037
910044
447828
327054
182507
537042
327244
122524
20168
510344
923669
790272
609466
962273
578734
15593
259833
379259
107967
418373
127589
996213
500481
297768
962178
191557
863578
413155
50659
150048
679371
997955
807349
561163
43064
330196
557775
269379
989799
270913
403575
403953
399511
998188
629351
79555
520698
383270
237597
547180
628624
40420
151693
409409
948431
489016
845906
489503
924569
147831
101915
228345
406041
518953
633558
918823
663463
926029
396811
315638
815259
377346
714948
194543
837836
368893
276629
94561
340537
192946
933003
772300
61608
233189
611187
878582
357366
674250
147277
714753
620003
780079
333448
251592
995153
451447
5266
601821
474877
971398
294855
492599
883958
609362
255502
219579
13054
906814
974853
109570
491322
689723
863386
412962
685998
923772
676697
85250
725774
238201
942891
949440
773296
240946
986840
787291
889156
85422
825326
555593
718967
20864
166015
739603
924825
284456
835541
886805
35352
269681
65106
819439
964042
36295
286186
549508
11035
336009
934960
692467
411975
995367
269569
599762
643528
141271
904560
552585
648549
151551
924963
605725
522921
592340
315068
726355
498348
592729
266801
689938
272097
861397
791047
824954
490848
622463
188980
867066
469539
800301
770628
202003
498354
745503
712156
571634
923187
276723
612432
106480
568361
748458
351612
635550
979571
753261
300330
451797
254867
913104
378713
504069
264049
73672
418129
178440
717465
192425
869872
712255
409581
657606
558819
339325
440564
596170
481750
816662
412407
494389
905889
218620
637904
730064
516655
604640
239614
82020
584504
62778
25082
717138
501812
277984
315065
606141
330832
690228
628082
271403
300827
828192
797527
807589
945350
664513
648027
90433
714487
990456
823186
157313
614219
676812
731590
683406
736646
632346
757993
295164
531587
996354
977692
380926
850503
30612
441479
646705
560452
609040
113069
19983
576356
127080
375966
284505
123260
78686
252516
548565
609607
796124
63899
446908
208190
462321
588188
569476
827126
218468
774929
647532
758984
962142
168123
866630
859213
118679
803297
930266
685760
986554
37955
750067
223385
900517
338825
170495
97787
730019
948386
731260
193332
109920
846729
948264
444960
694013
601865
958025
599845
285218
696513
804397
144623
128479
163131
760383
367819
592384
955044
863535
348183
386075
99
750347
745486
816359
894418
840644
396002
510312
376047
564920
843976
436096
884346
589457
215629
36829
940512
913968
231757
584188
78094
300772
160113
127408
826274
973142
789015
525593
791973
840512
904353
277697
684262
736677
503140
186744
524075
133860
265122
152437
900451
50227
941674
895514
452345
847215
370277
411520
705531
47313
161436
177961
774228
296702
6589
778054
958753
27907
374009
495736
60001
951920
803786
97814
473067
89901
654619
696024
901817
148858
854520
508482
765242
280985
817352
223973
730862
57475
544538
85927
177858
689318
454712
654022
786924
104496
983163
516113
435423
174951
191057
865270
485247
924806
458728
935452
666237
314436
624429
160407
996671
257094
610293
690511
232288
71386
687282
834942
22736
515735
818653
494681
222267
490422
277057
340948
161759
984096
334737
311305
909882
855970
36220
560035
966208
232425
451104
413452
642052
548665
135460
802205
186500
953911
162813
323182
224734
264997
494956
908085
255916
637367
667562
829619
884137
779808
171228
842131
773834
922380
150432
531632
872846
439083
808289
740859
500126
201320
342246
793057
256235
186857
568996
707273
738046
786776
789922
146346
500290
753038
379007
119590
644474
913025
981642
382778
231501
450670
497864
431017
357514
270279
260213
511661
255588
189081
758937
31234
135093
109094
242836
813306
709523
106270
508815
656451
608306
857408
443671
307822
817394
456263
414250
49265
738630
887764
822338
744088
63695
751416
331977
319408
315313
791863
384034
340454
113387
167827
888601
669132
976434
235833
92952
306919
503795
82870
419217
5053
23068
903015
676425
817721
649797
908139
843574
358006
679667
253851
867210
153583
67358
32356
38029
374224
439318
214767
529307
164752
232775
321682
869540
458781
838604
293861
67264
302911
690178
450703
387510
844214
34739
716815
197668
744065
285385
688369
664506
448580
814513
273774
581050
840532
754049
112982
348354
167764
422924
388438
825276
877138
759607
586768
75937
758732
46670
471087
827760
263041
520450
737051
835509
562814
793138
330297
356137
513921
886268
114354
761963
565192
711925
500369
684226
48256
747747
582142
96645
95703
910638
324027
269504
621199
886998
581494
115705
515066
923550
866862
458660
325692
944664
760510
81462
761244
517019
906697
164387
324668
686119
236793
330340
493227
733542
209325
920930
475814
351948
197554
853203
264696
410215
434871
652184
386961
550037
262216
317241
668013
37557
66987
486429
294032
90071
733542
465210
451859
917821
214343
111363
507604
469365
447686
570582
879256
294199
367839
689284
505037
878582
624773
167968
727177
330730
526545
279337
168024
285461
733147
109676
729870
898914
564300
732944
801846
287444
441976
809836
617710
928573
306072
914632
584055
60528
548797
444745
692994
670613
726666
68516
956755
509048
543795
654822
327582
131767
357763
464349
79100
313228
956226
622660
679579
693023
968201
998220
777475
744921
677950
703723
275358
170175
630518
483600
507634
765880
248557
116190
126755
154367
337421
267695
79794
159074
726089
464492
873568
922371
443514
942622
376929
922058
548803
938831
340841
399231
857286
542486
568268
825461
241658
663382
621338
691367
977445
76188
731433
457804
529586
315777
411347
408987
813044
715678
258319
319539
770841
190443
319401
751367
984035
634136
132471
784166
314503
613634
72824
890606
950685
931321
245449
301864
337814
433300
960817
471201
309914
66254
82334
971200
440953
408405
700762
695116
467880
969207
31776
600534
217143
466462
867555
380200
552705
314681
742191
395766
112682
9107
697785
983004
446840
163609
38468
763804
884058
120644
895470
319759
800966
490766
309210
27196
419347
732216
204341
607753
179537
58940
245475
130430
836831
624474
521188
222962
131133
421399
133552
869569
231270
248799
889593
709532
131699
920631
574354
376520
802475
763675
572954
213236
456334
724832
488247
804276
465954
559599
49285
346846
158855
603675
691433
463669
684276
415958
358387
582475
149574
764414
125840
747664
743604
281190
405530
503578
570785
931786
101172
355779
382311
397530
875624
413690
99203
476352
801633
915249
999826
418312
57677
541065
923692
780973
819869
123024
555053
996025
364243
761938
229232
251237
464153
519267
868880
591916
766519
201405
42920
957968
274509
524926
937707
456382
162270
172341
530751
373914
698531
633719
634715
529203
568834
526545
732772
248131
168889
904290
387333
424321
846863
447574
775636
442251
490347
134362
250079
167070
356477
279954
168711
966545
827295
687180
726184
696583
320023
680033
213606
165700
589773
85258
551102
356393
795171
950914
97794
732839
597615
18533
979940
173653
881633
735205
462188
99722
568822
402980
924220
937782
740928
650630
268433
822488
852337
408720
342413
874258
70404
884003
763908
87854
277615
74377
904209
697973
870546
351093
278337
261028
118235
508741
603648
263122
71499
372716
610412
98748
378833
181232
299761
348448
469976
520591
375356
613070
445873
513708
883557
775975
471766
100812
224060
184241
304106
62598
609266
67785
951382
735754
37878
823525
259593
720157
122440
55101
669470
106407
450678
752241
126939
912710
216123
897398
801602
918644
568613
783295
26880
130966
571865
687711
432262
557701
686861
432627
850035
911465
262803
716353
48848
566342
163014
287838
440202
571836
988744
104120
347543
558199
164691
484616
220677
788362
20996
38950
671635
47555
803855
402327
894472
245578
56864
969
29419
42764
588188
222123
897999
410345
102654
773875
811708
770591
286795
621831
477108
955453
599283
296497
308903
497163
187413
106296
971567
336537
2794
973435
284170
698939
804581
209709
526228
346060
666352
411643
229286
541080
19237
372626
439879
921247
619091
652999
565841
864344
810678
907529
194012
423048
498770
713207
454996
537963
771955
567681
846018
373666
360833
983448
62892
473609
937878
688667
954324
630992
825431
801396
828738
711102
465447
503445
22234
392852
834731
36027
630650
467038
791100
508961
915742
380326
69499
145510
369629
343428
929566
330549
354279
121762
597252
393352
63168
851454
35060
20640
68695
694798
114442
32239
820185
654400
335151
573204
711516
55137
215723
986387
556814
907493
893
21648
499642
721437
524772
944883
276225
160993
117571
63932
503395
422991
900113
862984
125877
554528
160019
150921
21648
824528
27337
66055
702893
583298
25985
160688
293136
605693
2650
919015
412481
613480
790613
614102
423766
89142
151120
138901
7220
514016
934985
937690
25988
127643
481596
278471
715229
541310
792156
191295
687109
89057
264474
745956
898854
533345
85203
618865
878582
939059
605556
112609
74059
862565
159860
733958
524416
78896
962273
520128
54024
115084
76260
995238
839800
41553
80509
731349
906814
964386
1922
976684
603393
565610
86628
835027
907183
134818
199441
307439
309088
393640
38743
381530
448555
794308
937079
770308
830066
880048
946365
267517
665079
811673
327101
24766
234822
512419
856904
100253
732583
914924
598218
920799
534992
6275
55531
259008
711389
328278
811169
495169
577067
358952
602648
53351
826268
355867
956113
865931
211162
852859
86751
635597
965615
521154
850700
133853
549566
814908
799599
174695
489401
647766
120279
722667
989673
684221
179070
556437
493676
169446
425482
446667
784467
640559
935734
621381
127916
838642
953482
321085
584478
531442
189165
730089
846684
66352
520850
775157
309872
152608
104303
315258
785402
551829
315806
389763
371121
634023
212978
914240
268576
398605
856216
528436
104436
585208
999864
204778
107610
116453
141683
897244
151549
380254
261380
773083
878843
160808
855683
631876
135809
71304
427069
599745
585724
322758
111916
548044
243192
659009
32089
222276
821715
521982
462912
720650
162867
26220
385337
127013
583111
41109
444146
438875
975413
859841
836184
110213
624583
805205
822482
64038
379137
408210
865003
402031
139498
930546
144482
714203
802241
262390
410749
848983
517249
39585
626673
103337
907518
179818
358209
639531
343630
546007
561985
304380
97525
597615
743200
913301
96701
590304
879008
880506
380650
756429
406867
207892
286835
290285
174995
567988
993974
678398
284111
528002
82621
267753
358091
330907
982397
904157
253338
776916
94969
329504
590982
302062
282748
617861
189145
988032
687343
844940
16888
259318
212463
316384
559020
834222
310700
98565
506242
43112
590359
312810
786949
241811
126183
898605
987427
940534
96573
611663
178276
131535
976960
261998
52673
83198
48366
296775
776861
805311
467375
790411
668011
904562
136976
145246
815210
785707
502599
24051
682102
902653
757916
646162
293439
603597
982746
891317
527057
13706
7653
835809
477667
793078
396806
796939
900250
32019
194880
89342
102308
446967
493751
148231
31375
305603
83636
676351
345512
545641
211967
62833
730457
692274
712969
49620
175372
374196
108114
176940
653306
104303
544008
1594
141078
30507
395556
419777
154024
317729
477142
480482
920668
465469
322390
663159
661177
305590
438146
193522
939541
709932
714239
45274
786585
928317
389169
827765
68706
348308
796770
844836
533594
441774
187828
996766
203729
11894
544321
295939
48257
851342
49066
571556
915883
534472
770772
521313
438146
560397
733855
723898
720502
980653
364559
214151
234240
816544
842904
379502
115090
587942
717473
539986
148923
694119
207946
458638
348081
109681
327225
651464
312931
559569
582791
398589
36987
258907
797159
307112
852242
177901
978869
147203
306318
855496
977720
528403
300449
73397
989427
239083
613742
525871
97375
522140
434000
214518
68499
998719
21361
891665
957577
540729
53603
533068
728681
113469
309965
253006
682557
68790
613270
431538
126403
660040
107808
191978
162323
577673
239386
20946
594359
605113
242927
464283
784154
403135
403428
710669
75425
15578
389417
936072
310989
587356
696006
906035
927713
160390
440751
171107
691843
296832
365840
299234
203499
798014
323329
379410
481005
479974
704714
239708
932675
584981
389919
919402
855938
2628
586220
186130
167950
372993
858843
698422
400493
800524
478733
649027
37797
599078
746875
235662
907667
948036
167210
467334
769288
212819
191306
640325
14602
403788
791943
802504
817225
337143
297488
109632
692715
610520
448053
376857
667196
171107
99019
403394
258295
966813
729382
645792
152241
792858
221048
637408
446938
134463
657494
679580
235424
819504
689773
221102
111514
935475
418115
825702
90247
696266
25999
620488
359704
490535
839321
155835
371596
396229
811891
840734
688226
756423
827194
235823
900977
84563
23559
26837
942254
662849
9385
819467
445705
346945
541261
455755
317936
198220
496282
598159
676573
750499
424837
301090
440242
207849
353783
203541
592821
641893
407043
121249
226076
139435
286941
818237
75048
618159
460044
232784
954405
187116
458690
304137
735189
370167
377179
602381
766636
64202
585223
395650
597473
58084
114323
567439
821952
291871
966470
734275
907387
50032
122459
578843
892598
544212
231793
46084
334696
326988
366729
583825
225354
692510
557138
440893
758367
557531
753792
848991
986805
317509
549098
725094
426579
239158
834144
614798
975246
998338
750257
158154
302608
929522
247365
400157
377619
150913
566300
962753
853640
700933
967572
362991
519670
66299
362968
925590
870413
678508
282554
562528
117569
898238
44589
912386
71669
2760
438101
469986
294769
287777
33171
418619
581942
281852
663767
382314
837596
494657
423570
680375
168430
881551
160910
572509
47814
688498
495226
464994
874268
324916
9443
57432
97186
660396
853386
873858
929296
793231
917096
334471
578634
514792
446641
125879
259840
745263
275281
6730
829180
27008
841349
195595
776978
310318
320192
885003
245353
309024
662896
321928
903995
315731
218086
377920
359894
256757
754282
253402
259033
737189
329256
868443
590548
896012
950347
381220
857330
539106
265016
46342
821857
762900
794635
369366
788637
119166
685911
340864
999296
355324
210136
374924
193865
426790
360758
232417
561669
123553
396564
161293
987538
8842
577792
95657
297465
865806
657770
726827
164055
558279
258439
987348
275701
362693
499143
269385
89900
379689
222924
864750
268838
386598
950898
355448
233846
34032
138563
699337
270580
750060
767970
662102
480372
503305
837836
665707
32817
300678
937384
594941
499047
473222
563028
287863
535616
394499
731991
931219
353562
958131
181379
910383
801998
284078
20130
752650
460536
982325
503821
945073
565743
460062
834379
102274
139111
221824
63590
869394
814564
377550
793259
683157
637869
159252
836410
212464
180667
867281
905426
530647
838732
852768
723608
171832
803619
173200
292359
38257
199981
103151
905346
359422
43879
942376
319653
677750
617835
803430
91497
147967
137959
168004
341371
758387
334468
914240
38317
230582
293562
783903
748988
687783
591325
739220
770494
277571
583289
724549
213877
313670
165188
775968
354836
930996
129083
606207
583783
71172
154822
207072
901112
721248
623476
5010
112188
995563
273601
637908
770286
150208
32737
714290
328096
730658
333295
357203
804009
738289
158560
990496
160954
169122
527265
304821
715744
591425
373995
273157
954902
94763
273871
763495
81632
670228
716997
52898
98225
934076
855930
660949
686678
753634
700750
114161
982936
270364
268920
934917
217271
276544
17136
648400
772711
600994
97010
712163
478006
845228
345073
37980
671179
51273
109475
394865
765451
601257
155455
633058
2814
874854
886977
482807
609523
79095
810008
114170
362598
812476
291496
984164
251719
229035
352850
482391
991131
210580
426525
29363
299456
903498
756855
710113
688991
667932
225379
549327
637813
162161
111172
437267
211679
499178
871
272460
862988
608352
206582
563102
612888
487835
937610
981233
205777
16041
152821
217925
364684
835129
632243
328250
766435
61720
158161
152993
491131
671074
306329
172039
236619
612347
73944
44120
965840
956254
861738
6146
844764
5828
60789
735974
630864
866147
140382
316797
437787
147783
28282
638883
319867
655890
955638
389452
378522
7223
502968
628516
652014
204407
443622
291688
237741
376407
604277
79974
5412
595453
953347
93160
559518
109567
567879
906046
230465
35450
977126
698275
650152
631202
106119
601189
352870
352015
833910
507315
358747
894001
258504
591080
650959
19481
40106
185076
872380
618440
470712
806128
376180
876384
950242
388700
440678
714184
953075
601752
690615
278221
272304
325423
39625
414872
701338
732381
342076
922216
782862
141840
331116
304336
46434
220073
724919
514665
504828
644218
937539
28442
259794
187890
306641
434107
999068
803541
351459
561988
324271
289310
449687
425925
739091
669365
63121
797000
346862
389169
956436
312003
989534
217399
753504
171901
655732
207997
553609
850419
122286
335346
402896
413088
400188
854167
230356
921878
543001
416971
365206
971014
609375
650026
560392
612991
346954
22758
745941
45849
28806
131185
906143
115232
283407
370430
862682
193514
933343
109502
18870
958855
987219
871519
927599
698500
292536
474530
32399
214638
136649
306473
46874
484158
436449
904907
531884
393491
447978
74039
467428
378712
293108
689313
860669
103014
252035
337739
498303
421318
747258
983366
51737
421369
794307
563778
413343
262986
159126
786872
540590
384897
576521
489461
293505
325830
188894
658259
255342
265745
863609
237111
673982
385687
590098
994404
450396
641500
650007
232813
785598
249722
963558
636333
128684
96569
831055
396806
955072
361111
522425
92905
138028
111857
813898
293958
948218
387949
727183
915432
332245
718782
77329
62937
494816
289447
104716
182008
192253
173390
365510
78414
782359
11895
569548
410500
63139
348499
546533
187901
548380
385701
985099
431822
444796
669133
308371
208083
107222
333
446134
217441
199125
515923
616587
186301
793479
805471
227663
305612
878851
541553
232147
378196
656467
349265
820298
65188
431848
542186
653149
416907
448412
497928
267358
574365
691780
681052
266741
564567
95755
304842
676886
495848
82172
889893
619821
192361
606647
719235
896474
941779
548250
972552
592053
149710
90751
164134
376589
456793
383412
511679
243517
416335
7216
979736
504044
126945
197805
513494
378207
982279
7337
219582
440440
118292
479380
16841
579189
550299
862112
165093
835981
345302
239310
216341
819938
74448
651649
181207
123973
83707
940323
712003
731252
335973
359618
879332
148427
289631
560917
432972
619145
768956
475783
109511
502722
182119
220190
128549
937559
345180
474988
342412
995153
459461
597600
299892
286434
507634
746860
209946
454996
325873
830979
188986
939014
883555
223823
572327
990473
881135
70683
769627
947777
108544
233061
18173
323897
167582
745647
827043
18488
794364
930739
864588
974203
485952
968647
485319
430399
183405
870022
897452
500833
497401
878199
18476
126626
77829
744211
126561
988947
115375
51861
317976
102628
249262
642507
721403
651197
804179
888425
404899
13596
368205
286941
337150
984195
584078
170837
297718
572836
138037
454701
324985
269841
241735
240861
849516
580754
674165
362987
584564
600774
449062
245697
805879
431178
865658
828428
269001
707024
159273
442305
560508
884342
298158
502424
522219
885661
950981
254451
294498
393018
368493
71535
66250
557190
661282
589295
738587
213726
71932
741947
35575
870903
116466
298343
361926
477433
699677
844791
357125
748724
180616
887865
671051
555445
830827
824320
284578
659976
876971
35917
440859
409188
798788
107186
621333
498783
27296
876327
283905
13337
428903
887464
264903
100274
267083
496234
216867
456508
57361
384308
198124
880814
625554
758937
684597
25913
107393
525256
631838
385584
800162
969249
662013
177747
159951
49743
389919
918733
900272
563817
299023
286817
445230
745004
137878
430733
157104
25366
515308
99074
55691
545000
597454
964425
200104
470370
35034
282380
173904
762977
372089
698706
773125
288782
103274
215875
54667
977469
210366
388489
580621
778237
640950
208301
827025
762880
641324
815417
890346
454479
36837
740157
39597
96772
678634
90804
577071
324643
647916
717651
725318
763848
509877
191275
925941
940868
781036
646511
647883
353495
824483
327613
351029
685988
549133
394495
864850
142081
472663
308966
97160
568970
290551
662452
133152
660555
255978
308014
705169
269194
287176
45248
529127
33090
688810
379410
916993
775249
67650
977781
186680
194659
563369
914302
653560
599539
111614
479879
120985
207857
783931
975025
719217
851059
840890
886373
975420
547743
435256
762491
809298
445317
836270
329616
731985
810618
172039
395533
313946
601527
819754
247613
873944
209681
97152
638245
333448
751636
145045
629037
864974
650092
95818
606158
135564
757727
291609
61239
344793
910744
888841
689670
230710
846045
612669
405633
560803
188980
871717
54737
347218
807573
41713
505945
950736
289909
691473
297062
25313
647337
865440
523238
432796
933262
963323
60085
818606
97818
159937
443653
993916
746535
812732
283361
151366
481565
33887
736915
188797
270083
121557
622897
363791
498053
240175
8204
971934
313791
150829
778527
860317
593593
118648
308023
386394
753747
19600
27675
802552
912291
997828
595811
424149
773829
131323
989705
761266
576139
229041
583783
787547
572827
191451
719343
108287
876269
128854
698816
607144
351925
563972
896387
624285
806064
845761
60798
64882
230582
970100
686692
217708
758501
423181
186357
184684
333075
396536
623702
928416
108159
70375
212078
522946
133051
237103
689643
891658
486524
31720
407417
309036
775860
242723
682266
971946
332724
943691
300226
58347
648152
703490
958990
553869
315242
776451
670120
908687
170265
950496
355818
767045
689011
548629
333082
666594
641260
620976
121054
311283
666955
124339
415140
15580
652321
287662
624539
644887
199079
626873
770546
507029
802455
804281
872532
611149
337150
682753
88068
531804
282463
542333
368856
683113
419745
39892
152403
362650
177708
842697
669509
672572
464080
76025
720158
75171
962615
899867
225093
380385
909824
707663
819904
676456
465669
235752
525055
782319
903944
622329
878426
634969
389892
137150
590400
558217
958108
97054
845897
637465
27405
192237
266758
809107
644369
117164
67851
475284
714798
973390
429552
457900
738439
285253
701649
265162
314950
753027
93513
143852
694706
945882
688771
601033
263121
118211
453685
505604
491224
880693
327203
564752
265818
881576
529257
231428
576687
255502
874344
996865
500826
420386
870364
172760
530782
961471
20864
514693
367168
537251
734457
417863
718334
994406
486233
73009
357471
27591
866035
899400
328526
130599
183007
516112
152665
800209
638432
477844
613858
839848
356974
42528
505005
198581
278633
172121
341855
759748
792618
75044
923625
303429
313017
951665
668182
797122
717218
202542
171354
407526
85012
332754
184170
831663
442366
299009
2578
69299
186954
802703
948503
195773
658177
277615
136279
371216
947147
702859
162366
457151
443232
993810
407208
558301
532649
865983
719035
61174
959226
359506
909889
980522
434719
173348
147106
702665
651754
56962
342609
370597
509734
350566
695038
933652
732898
710157
140055
49322
165339
823312
265785
623159
465328
583933
735470
221676
81459
635094
824978
574391
728374
605108
399925
575145
452929
892792
930828
345433
15737
635375
292537
34838
407072
163223
786237
765678
672181
856944
480739
543438
91260
294063
778775
495790
269503
670184
833732
478788
903944
624743
297559
864430
673176
267485
730979
557266
970534
476224
214509
371837
961535
568804
425807
449615
579726
819016
388733
199288
566026
639870
186715
448079
679666
685079
183731
667974
751049
988621
241946
259447
2952
472797
417841
61346
405129
503166
949221
607397
566372
935825
950556
876629
12884
659555
399824
661308
865430
579982
651990
667613
550439
594127
262650
214792
55713
119277
794518
131584
54114
534911
786596
828689
171770
658701
45089
487579
45849
612468
676238
964067
419196
659829
975292
814434
220856
426848
641324
865584
524518
80344
839368
632985
877942
201907
805934
813960
432474
498771
861017
842106
737
275184
954023
871932
414424
815713
959853
58014
206728
335213
380426
475551
76579
424316
25269
284183
830605
122239
139129
889072
823776
717843
378279
116058
390602
857809
12756
493546
377932
826323
556802
236807
776112
532473
502828
650035
877021
593990
71087
867172
557101
698518
582246
542390
141961
140445
74888
543210
847688
238175
974084
761138
74512
594614
174995
223176
439412
476451
343577
713813
452
600390
762262
709709
678508
677453
767227
17310
498653
512158
786154
146337
588591
906931
974674
366526
611996
122627
553943
958010
796792
923477
98986
714310
869349
125191
771045
425380
209299
918939
605194
702507
583461
363715
813677
963073
931523
678673
760781
371338
19364
807899
70488
526496
920023
854095
575388
635531
683762
929303
706712
762319
186459
363373
802889
413296
62459
735205
376326
736197
616525
764374
932196
994839
23696
423563
592176
323194
393083
809679
760672
218873
623752
136546
683847
625773
189051
667708
605078
912878
872380
771209
452646
145362
748663
120189
30174
843803
554931
374319
159556
58038
863924
672728
40758
613476
22735
910813
326691
610166
683606
866105
646371
94019
249276
812351
986639
433768
508885
687600
761793
466384
631386
251257
649286
887902
911565
564493
404980
820217
719808
835967
299553
383459
107034
16610
415093
822051
894990
503990
515943
283077
897027
488498
865630
370828
130347
389520
535492
388503
82787
513155
538522
400895
373120
709225
644973
365102
623772
757661
583833
881162
612818
351308
808927
211063
67575
661753
134827
782355
930447
969031
408730
153009
325368
377795
225549
73067
220299
264626
604572
344989
355528
939344
971726
742814
95165
312915
267663
791596
613121
987559
44824
21865
732453
668214
185173
756041
101075
108955
395447
350429
975685
139222
237029
983747
629630
165340
290444
486259
140131
889788
622331
501552
651068
813227
549916
18208
754473
707812
852092
819183
707071
757613
642962
993073
105192
276730
440116
232501
379623
933194
216869
305187
35352
552903
86627
523476
646033
123011
74157
481582
684917
127838
692853
527270
612129
347236
804431
864026
966226
51218
789072
656229
456778
209325
127366
49467
811891
885740
357505
175323
802180
550978
406207
788040
720276
14494
46155
473821
930257
314233
276749
999734
293885
583866
416977
961742
865318
961590
914488
959634
162594
444999
139980
48582
808520
836422
876781
841186
672093
418795
675967
611375
844428
250198
642301
23984
299924
704743
990767
747513
374527
402125
451177
854728
822154
323182
826537
923523
772227
250285
268483
425300
805471
485317
925933
804554
633422
959017
530089
701416
262199
50032
745986
511782
891379
465272
198662
926403
964039
347402
417868
628595
888
535200
782623
30946
299700
38680
805878
463026
593009
433734
174568
980650
336622
988544
135111
241519
200122
118175
666866
239023
204119
847628
410890
42356
547588
697117
338626
409056
395673
342483
462199
607513
261581
811020
393343
528303
168062
13145
548466
42200
420231
801455
862984
605414
100971
968967
425727
326545
78344
540281
962134
501268
602961
537848
96406
63038
196034
632543
147510
143624
443337
49096
858999
74413
642494
945893
341480
124507
367757
122043
73049
266213
855532
328343
757160
482621
235261
404865
133020
222352
895514
904216
31035
325585
811279
750386
860176
96860
796880
514837
892520
962037
72246
183097
933634
744245
322109
541755
121807
416090
897434
48942
987682
633558
43328
239133
684982
551646
794993
125440
322044
330330
80424
510439
951864
844196
519488
650284
815443
48803
554097
579502
936644
443984
213346
830252
107378
138240
433947
535022
612831
664599
852454
817410
956946
452564
690103
962142
922204
147178
676644
720006
811262
773083
223413
780973
791160
627422
782100
868542
922459
778402
677124
616067
575182
579688
544296
359618
15194
732871
379161
658296
379661
684435
133059
248550
589313
717053
633580
200994
627054
528539
312615
360871
421726
488260
376788
413036
727693
943973
305407
567935
661185
858394
505685
797216
982834
931625
209787
670965
827376
742080
138669
773967
813652
849114
411993
402933
248338
889933
457285
858152
909246
698739
233588
440238
349217
430579
684779
514234
276503
555268
328547
423969
715088
79305
307260
466384
518111
226801
569626
447657
186838
452718
933700
633017
88709
547775
342170
409972
305367
170656
254033
67464
660941
24622
561765
518470
71929
564969
794318
864129
365108
371743
764868
293154
18952
18101
137821
895419
583973
431036
730673
373062
722155
666931
180948
613095
417155
778779
517067
864020
441843
816367
353179
182012
334773
750637
326901
57034
214343
711345
759899
136758
341753
90785
899932
514261
827206
357831
267843
797216
209882
840665
185774
780660
853980
466819
114262
682989
881181
755307
155846
762596
638828
204220
336746
788651
797327
892924
873671
975314
417863
102198
948484
372579
307783
728797
858443
136350
85823
985276
341284
276806
850503
68579
744496
501855
158685
654112
965447
23215
373092
869295
504156
872468
139758
846013
71938
540119
684511
449057
791539
463977
723895
734223
121472
659791
367362
997615
475988
286912
960886
113896
449676
271808
60621
366083
910513
119304
818902
39585
121554
529887
971209
859718
505840
491124
764577
911575
599078
98557
716463
66360
214608
382211
875754
796564
729022
485240
225309
53603
910922
271876
706142
229750
309172
945039
648565
851336
547344
362330
507207
461911
228357
715448
284815
883241
988341
1906
826665
102010
363869
154809
249768
679666
899307
52556
98903
286786
816646
163891
27764
501064
524671
73208
313299
12577
148014
996372
645640
834246
273123
295520
955799
872728
332864
537927
740737
807943
474954
322626
165267
888028
284345
510851
860284
922394
776991
990960
230733
650629
882272
526742
32456
12679
399053
111139
264643
749315
241871
906864
664025
425553
838487
294001
769148
205553
864235
905654
457882
117556
744153
648444
230796
859134
213290
608845
703133
961570
220721
290295
900231
645082
162277
578098
715416
5234
648538
652621
396151
201918
753249
471629
540076
768991
658503
329373
736454
941886
755900
661182
870009
889584
638029
379137
977279
701440
76247
644618
996215
41228
612278
220018
550330
778984
966071
375535
37161
768736
253223
515453
18573
17773
848744
70008
376087
961743
666072
534769
230293
950924
77171
235604
96566
271235
2053
48800
494365
71229
267636
791898
623041
910198
799236
850561
302059
317132
887146
686201
557650
490270
232288
820988
399154
829607
856554
80582
241049
151071
127138
106820
631152
578898
875140
241514
986938
264675
279615
282219
964918
162726
465100
845007
672136
324785
741749
413212
677344
243216
930889
179417
867045
61050
620355
169075
964350
615618
922143
651663
280862
947104
520763
191620
785315
585605
166526
45687
629444
634441
23042
124778
779828
367313
799167
108834
400897
702844
985476
48822
200843
58541
203768
797333
506675
918903
691930
759649
700525
645091
122440
135725
479931
359579
852037
185400
170841
480927
798008
505233
922756
716760
766052
145341
831177
333964
287515
703237
273164
776216
344346
108565
114238
111094
623935
312988
634064
50332
226646
691555
650788
264236
64092
982903
499729
387565
301698
24789
338639
730128
839728
551436
563988
670207
993974
415395
420508
537030
996359
656404
440267
383390
401329
401567
801769
16335
92195
639777
368407
169742
863699
380643
565612
781514
485334
453696
575079
147384
821849
885690
493343
40478
709529
14555
695379
150432
540629
584181
503449
280376
415945
694817
636689
50347
666234
397873
879116
27695
496559
32911
888580
687596
674293
57449
676422
224351
47188
116367
679964
695677
214849
587892
878231
966479
392837
407281
591614
402724
135404
652142
833773
923039
866396
334394
684089
807610
770558
918299
383673
586176
313054
367045
721986
532591
234112
868279
991986
480208
143119
676950
734870
297665
750830
647784
382308
431261
937069
529838
319438
429580
268120
47427
395989
552279
368986
97941
476524
223373
424596
824883
38703
513542
428228
848182
627400
695536
392518
928532
135281
879884
589612
334167
314755
802192
677187
198148
222950
793429
795686
473156
926945
495625
448943
934565
574151
20981
168012
90401
537967
620238
640190
403366
873175
197994
360413
829682
399028
869102
249933
521954
988646
691246
384531
374999
970100
576064
456223
514993
462188
376943
851426
519399
881077
807526
784774
402709
616814
685780
158556
790520
59107
990058
61173
92510
78039
88069
847202
847178
818251
44200
991154
970717
630775
765359
668342
482761
918987
104306
140542
738578
74932
78516
156187
791874
763871
578789
771147
879046
988582
127258
38232
547652
286880
29830
11077
445185
958328
389540
632423
693772
315807
254591
257196
687751
840155
219934
38056
156826
242980
459377
798629
476992
16763
187210
205314
557036
144571
377599
393414
650377
645175
270354
123091
349756
644487
917431
458888
291872
889701
411339
7985
842824
736362
941694
686413
421449
806235
925813
348328
861166
651072
952305
804687
517147
911067
759304
201390
849547
383585
393592
651648
50904
577586
887702
342676
53553
119367
932853
605068
68013
634945
54624
257894
271461
962348
795169
729767
67749
563999
664653
510763
347550
793138
901288
229854
545708
515031
983622
998576
816566
230244
231622
136567
393842
560031
521653
422939
327646
827684
589808
945435
27547
848521
972486
778263
84428
542337
416096
325368
954941
633466
908242
830866
902504
216727
282397
180741
315916
888045
946712
405942
5017
3717
189275
888823
427824
405516
706476
280648
265441
647395
371236
324200
455532
706562
15280
585924
916350
894043
473741
988603
450346
493596
581038
840226
178839
126326
794754
42891
293675
87246
676046
991857
168717
737993
363169
497173
689068
358581
486310
785710
119559
651560
725748
435199
745581
791635
1357
499270
788006
788047
388514
711878
258695
325423
518849
261785
134491
763350
847297
629893
860663
794983
522384
953576
356836
188697
647390
178256
667244
377126
959139
441603
314498
955460
433408
927660
728183
345376
980345
720595
630431
96645
806467
66377
117333
892844
116246
929060
96271
553858
365661
312191
72747
261080
435139
149866
521918
514879
930014
54429
458893
757580
427141
578759
792010
253339
190336
44383
628314
237643
724745
991526
994837
502389
360518
162475
212575
888279
18173
764696
683641
445524
739883
229035
229937
965381
215185
376857
180769
552177
23893
132514
406065
996855
606143
712582
166482
916265
796943
137295
526746
390259
759875
686023
972438
434719
495692
647965
113311
159084
817394
343684
879356
660198
164571
244521
875868
25999
57906
196979
116595
445438
160033
42186
552842
102498
814759
842092
316493
791256
796673
820290
62126
338585
183698
385720
863595
131280
346645
404603
626412
829305
729749
643351
488638
421660
492819
187662
647311
893273
858630
709224
670087
347026
197544
573402
694945
619390
223523
329361
395262
746394
344317
62089
244046
917117
180578
119980
307584
548466
156328
77798
424763
442566
975260
331479
803695
243085
780163
139851
477844
870430
493432
268100
814992
195811
483522
716586
553360
15724
849840
250127
985357
91156
996855
733591
210238
678760
514669
826214
299827
415049
160843
391417
70612
506352
310347
18909
501987
987813
155151
964057
378175
629042
998307
443608
304415
40509
549411
780285
406031
473670
103765
374362
550159
483574
426193
198145
421369
922581
714819
205691
606131
196389
623795
148229
753225
976523
195292
966343
711958
839927
884032
347048
796048
482022
170048
8651
768241
787884
863283
57519
442556
798750
363225
703623
169902
490572
958842
380278
319378
197656
425550
277173
303126
595313
673193
572769
945721
276770
639685
408528
657585
603578
356541
695649
92197
982725
931541
374081
710436
789337
901932
121642
397455
225697
747763
382847
604122
452011
721914
697354
555570
48278
956210
91949
164486
454385
111396
997194
60406
449728
611604
755271
811950
459337
231664
620639
369752
322798
294462
173332
554992
806119
932833
223211
931951
210876
656616
673502
663172
915165
295048
291293
309149
794778
748715
779884
140867
147617
250198
896582
889486
401838
52116
988385
144440
883080
376499
378506
816065
836611
616038
761442
484155
551138
890259
916008
143590
134329
169116
642292
665647
553639
90819
497448
498639
253481
808186
779521
814243
321229
298199
187496
885542
661466
97920
127587
164474
758998
442241
899932
268850
712357
78976
1613
180639
251672
23973
636374
172946
607586
386129
739561
721665
159807
673148
518760
55440
440251
462623
237785
255415
696000
340359
511093
150499
839519
886623
384935
513670
654692
131209
796094
391893
103655
714649
955272
539942
492734
977636
840815
859469
50102
195823
845352
289241
316354
778422
566400
570281
633779
809745
19020
514482
695114
480681
371439
313005
956210
565612
702390
114262
597595
519917
299865
125427
782601
553833
58512
746864
611952
640014
376858
237706
194025
824640
231433
646878
113829
221452
421732
439377
989262
445111
658047
444086
357410
767936
270468
824978
982029
381400
851534
370368
985921
619460
503167
608758
841669
493699
549004
638301
901420
538772
779184
265850
428937
748442
39333
330777
751986
850387
264793
775666
248575
675312
462019
376026
590476
675875
275497
686144
878717
857600
561449
129100
303064
571023
628821
992793
372771
199247
432047
971802
987599
759713
22122
231577
862626
531967
900956
631070
560603
760278
952671
231525
677691
638195
397489
571716
452279
5579
178798
352479
906507
512588
364365
972960
983731
986222
947613
28752
346132
236309
110666
287841
96552
70478
652759
236877
82301
698943
616101
856429
714590
372133
741701
465200
792220
764651
419558
560231
153888
225498
596545
51555
42000
548084
465882
846921
35673
260068
1570
653777
955170
925753
115950
484582
763678
822699
373385
71042
592571
995739
910873
707964
636578
940669
711977
611778
542664
803674
953342
714796
994774
425231
534517
835673
288086
739382
685221
945404
37588
573853
480820
289937
345653
441718
237847
826152
535789
882607
597251
16406
508126
458123
81090
584681
696273
895630
854794
307337
853717
132616
217050
253066
818385
3730
641142
138812
427292
554835
865624
332332
199414
517861
234777
512489
732279
39287
947147
267693
881576
238452
832785
493706
633651
638502
945770
234726
346436
513911
601095
459090
201201
422734
123267
229505
220190
591734
688991
429516
107487
197619
152821
284074
432089
881478
790447
220810
267418
998089
271318
518702
572836
928491
468329
158917
428742
660555
192684
674465
340893
311058
345157
997425
668673
637900
521853
686433
644290
769077
288375
216862
962551
641852
775396
39176
547691
498578
249652
251891
887872
399859
791868
890887
422413
954751
33476
716552
23436
32882
945106
788521
361519
826443
743570
868283
76468
202789
930522
582379
539804
174864
915489
505367
748749
544538
949618
321952
937442
168204
94943
606943
649833
459863
991263
351268
380328
917412
224889
464492
794597
14368
677894
489142
10458
804061
83369
80725
868758
226479
397247
223106
326580
512125
652198
794748
335894
527098
444185
873792
593048
347402
163038
526433
145666
964904
329877
937461
472711
381051
359239
358835
342413
432295
329110
151517
725700
966762
199503
390422
651445
521161
320193
871322
779167
816984
614805
297664
194716
656508
665312
456443
959715
582723
114030
107943
419145
486366
526090
255357
808461
650191
632500
107163
528863
670917
967533
176267
305671
739291
281582
682466
819549
627400
423559
770452
709345
415397
740085
574095
518045
635266
423958
334568
631983
855085
300721
578446
227277
594316
579431
948868
455615
323844
677824
174165
773967
941184
688639
606411
668356
557182
676540
159725
809118
691654
29635
954097
274815
285299
810930
612153
765690
856501
421073
433742
883272
510730
395746
238816
914511
590340
678007
981667
995567
710043
215609
366450
123513
194006
37537
53467
68461
995001
511466
614420
932932
219901
933045
572934
329235
693424
235092
18743
955541
656432
858687
272131
888638
427646
444554
860290
362007
665680
617705
74329
93584
189726
57906
228363
349318
16794
273235
684447
477128
637302
388762
469586
580795
885870
331522
759617
632212
25698
889024
308987
314498
822876
854342
15455
207963
564485
359321
76381
989039
367531
941401
820999
831194
124134
761282
235116
455971
116202
430316
18412
218940
517774
141081
744286
210579
93812
214566
193443
158474
788955
548693
237456
191964
25758
941259
831840
224437
205723
169391
630402
879313
331977
145471
747852
176013
391844
322051
502316
847389
313014
625268
742808
893964
581456
753763
904114
405150
136452
683881
830129
432543
919848
513632
479856
207882
137343
451247
675841
158475
876210
399319
222158
439379
412308
338387
621126
737347
508280
981744
87399
952453
489969
467393
554972
843422
792758
656238
605825
66321
595158
13059
134583
79000
535597
910918
771852
852993
408872
407202
639989
17755
232922
400228
440134
173005
422450
417818
264927
158444
921311
283560
410821
824842
143087
658098
977033
845019
854297
825233
837869
165970
710125
292549
778470
322051
32159
225011
75981
904985
426228
696047
934543
747142
85133
607381
828352
272817
370009
43914
881294
423649
276570
752046
546949
437738
147871
258275
555593
998748
228485
887968
140705
532666
294979
253614
846003
674986
569455
325067
599623
484454
473266
986630
767220
603386
920971
307389
728106
439006
86475
55498
240265
271799
605533
653940
805961
485817
134723
912618
181793
935509
386765
885220
981349
989284
30868
636696
417054
391472
30298
465747
949352
606669
59512
717785
771465
204496
391826
747738
232325
260531
31373
188184
304232
450421
54893
201285
969063
621191
962675
913299
889964
870768
562193
956070
884272
680355
555613
4957
404760
924086
176297
461429
697319
619378
605298
450401
904088
592086
860334
892357
96566
618770
448115
830199
403110
513751
686055
942747
669716
320800
283454
671871
587363
385886
924513
988678
570654
521622
197079
451716
510451
365846
963219
62164
233212
664774
242980
76920
958855
973692
594458
94838
899477
373650
832909
18228
42688
107658
102479
821880
775817
208837
925030
11354
24717
80852
740797
508280
504700
696405
281981
789197
268370
105598
562147
162803
444766
856917
217399
505540
307350
505505
621911
783988
179336
487140
601668
252577
948919
819229
373845
566159
673176
974313
883003
938345
314253
619489
300642
107443
281981
388460
949223
982751
74574
741191
960010
512243
126631
4478
313040
858420
885723
651462
468857
77474
234417
837141
375580
505058
674863
554712
366490
13291
678721
260906
610567
576495
665036
359788
877122
190778
152532
634132
160172
450269
559721
197630
481606
652606
623799
657629
214151
769592
403869
535506
848530
745468
95697
248441
544519
912308
517758
922026
32204
311716
7874
980868
558301
165970
503030
197878
82684
547193
281796
251680
987435
38012
680725
176674
673101
149715
839035
703418
472022
575022
440152
444606
541361
565646
778568
490572
715121
528056
704304
203173
47177
829366
498065
305081
581128
585963
257632
707757
757401
25652
327622
760050
864588
184838
307081
971007
685904
206878
82830
119919
738296
736369
951538
155909
330733
612955
380446
524661
715575
74940
945112
907956
187064
521100
48255
537219
330651
476229
992025
398736
142467
81623
994850
781331
602208
724558
653800
621265
203933
961042
206606
462713
526430
930458
492582
626659
901447
592369
803914
854775
420102
401406
296963
590002
347103
674307
971037
900091
154809
845206
87797
504025
821705
625766
368986
574466
354101
555053
277534
735334
790754
370409
346332
877293
112219
662331
30509
669540
130882
311524
370348
526880
771447
396959
174018
774149
737700
533042
417872
243417
286133
712064
32037
517870
135171
558996
730513
914925
409021
513065
647759
130336
753297
838463
864459
71747
76539
142454
27599
697612
865843
113069
220991
511563
121530
305297
377160
473561
503795
429895
684917
686944
447593
729638
326865
558185
264236
496674
483407
164438
940765
843016
61143
385727
83583
776668
248019
141156
814387
512536
469872
609523
567620
390247
57933
5719
897446
623782
11677
797712
795143
266688
712254
766721
121757
54457
118911
188955
176142
427944
598219
27820
194635
609864
326367
696176
477565
882770
935747
75257
485803
760629
849
455433
288798
722537
405475
812139
102558
96074
797811
175963
546873
766811
836420
639559
346789
847070
45757
986222
165953
551196
788310
200219
780588
385898
74308
498053
551492
268884
725419
821226
894386
802038
862021
640691
664364
83884
408355
569111
381427
396717
494234
194817
58229
949053
80638
36228
248077
310984
863839
629382
951652
636474
921467
87575
56848
338407
582423
246419
48757
660451
397863
934369
529367
857671
173232
548923
314562
894727
645588
498770
71932
110794
873083
321682
340168
33401
935681
402754
766636
232509
377346
875895
92001
725986
668821
978810
682152
9016
408762
746444
239044
558316
178791
13318
425823
305705
732717
197738
256655
17434
329106
505783
109962
597710
462697
833530
370683
558937
43575
887942
860271
328250
594043
262490
973306
390074
771350
500435
36874
81718
608900
431625
544423
599103
757169
528896
760652
435104
973379
327621
304137
931857
193792
570072
519948
318494
743504
149732
339265
145093
757162
639699
903894
45226
180651
398058
563107
198668
477339
637746
722168
364093
334424
528013
883988
993906
156245
584459
783504
899613
906810
509096
223946
49777
639313
603551
198221
472689
159103
129269
752879
491784
203728
727148
514503
225679
712510
221425
830119
977751
103922
762317
32815
431545
598210
413238
585474
486864
702635
33546
352715
114230
815309
773170
413623
320377
836057
568093
616905
396656
130770
257636
898114
389555
756886
296046
738076
507127
58553
522677
995412
428
501418
889390
663382
844033
204616
248036
881658
41838
571732
848840
758624
122675
760969
253649
853332
266115
70345
183172
551645
629080
993737
508323
356967
490845
632692
691837
709200
204435
882927
526595
462476
100991
172449
454712
519698
884747
300451
154999
520117
939608
531074
367460
70283
711102
842757
900597
457394
238988
784592
732113
9132
929717
188752
60178
729160
694243
234935
611940
783970
845113
143127
582854
714465
93272
350857
76964
204630
501807
999169
659177
362469
201171
282791
138664
493728
929726
50726
318236
856457
227191
306292
459426
510487
112406
530372
143476
355593
841222
12120
312744
542056
462386
789151
939574
899345
122165
912797
853986
54547
766533
438799
370073
896230
267688
109314
224058
934957
878557
374639
662867
612650
998866
135015
475495
543979
178173
108924
527765
398254
721918
914113
347918
495295
583218
186614
869870
178722
662287
629225
878060
931356
630206
326980
415870
399881
51578
319998
536533
815264
185263
382532
768257
947171
283447
426511
753235
875905
481582
159556
719743
971833
255398
449949
58708
988686
459002
741374
911593
553184
43926
154741
351145
277697
387849
359843
629585
430399
708963
982683
63636
862876
779852
647579
420982
517495
206470
875669
645554
285020
614054
915933
562527
113306
351218
733783
177415
700295
180035
845850
981667
140550
634929
109550
159978
87399
781514
603460
76065
624423
950458
570731
792038
727046
771700
164912
322018
729074
55083
537624
101673
366800
845274
772473
639407
552279
518937
376402
949244
740581
576056
266703
70383
848620
500727
680611
438431
34923
728539
929768
324604
403216
820988
117857
101007
729199
846715
948190
391102
814684
638319
278135
83036
18083
825447
582065
391049
901973
241798
505253
788362
994792
63264
655304
44927
298356
445891
813686
939678
226052
987877
109234
960862
970469
941779
385438
176794
316904
333472
466279
761502
736147
44888
927569
582542
172298
990116
762477
568524
382593
429534
374458
584191
919591
937890
895810
810416
128861
711496
478277
946814
384728
658521
676724
878315
830384
562673
174634
582467
123671
118420
798752
858873
913867
514636
593158
748638
448341
572254
874818
167579
252186
795702
399960
766821
921258
302931
875567
54251
496694
572659
520591
611784
631649
391713
783305
894236
71198
492352
899509
493555
116820
325146
844706
674037
205525
147405
651714
437534
42262
21062
751358
396975
952500
395746
17195
774314
136059
123820
643653
252886
79163
80162
293243
967824
419005
163059
967147
169016
764225
394695
608539
818035
607273
768501
644232
572843
323539
508723
779818
271897
740962
222120
807002
554580
782649
891009
446819
166868
162108
350529
59639
279844
258771
505900
881905
539566
667718
193955
160435
565431
167014
547602
327717
109793
80222
748258
764122
888336
308682
514792
195268
702507
931358
134050
261217
753030
2796
692321
513479
502115
803804
249656
563675
139197
707188
39343
225591
964477
894789
478047
540376
659774
282990
703025
252929
476309
221708
326927
383180
382881
140153
504402
630588
385947
594739
273907
397703
182586
231636
520233
497683
411698
225697
796455
492786
86432
609534
554381
910761
73379
113580
201653
674607
588501
871981
280298
801983
711789
760410
362076
361819
768991
267083
991396
818057
31814
349353
147323
645964
607611
726913
481218
9799
509682
144523
419732
963880
637869
755014
576841
416096
125522
631628
140519
841354
517973
106377
721566
227619
52768
99770
642093
991763
310300
794869
618588
582617
872800
378558
569277
157215
435269
251491
352288
134463
55498
164300
15449
262221
586136
78835
512600
776557
56138
477234
611400
632252
193501
106816
111419
602546
590155
27726
992068
235421
94292
442996
774419
583553
972224
615346
324853
65607
943103
449587
594023
319369
53693
211222
835358
330700
506640
966917
172782
883843
448678
299039
271999
193194
827511
976882
891530
701310
463734
415301
631089
341240
412206
629042
891334
85595
45000
608391
857571
201329
379662
407092
14850
586835
185789
590318
320870
787634
805081
458102
