799647
35500
663219
97249
5002
765223
402965
691412
607218
512580
754682
624741
76262
842320
62292
201987
676733
173448
500596
167228
503148
775522
82652
686433
635127
792273
395554
91163
8259
798108
150029
953711
601598
77745
110103
34862
317447
863662
951482
417829
879754
281696
873112
822075
257576
360660
471858
497997
189851
350423
17694
145301
334645
209452
624498
859642
986569
467534
125785
871826
74271
466386
925487
401143
523006
181079
486889
743428
951137
918240
509486
32994
127162
441440
544557
579935
7145
813704
819373
59770
808908
3617
22241
84949
766952
656940
566893
67256
353598
705382
147564
343586
338546
668501
546735
227892
451799
748968
956389
806265
285913
23898
641594
705834
59488
556205
344273
319330
801526
939821
375939
195940
195002
965024
38630
501489
668152
662909
577361
185933
949357
926148
133943
847498
548790
424043
416603
32728
630743
676295
330239
113364
683377
207028
437441
76167
862036
752749
489799
23479
61515
745159
412694
499934
995265
425631
135251
210900
302159
804076
41985
776223
983894
968711
987430
357874
803523
120799
970091
366495
434337
587800
528992
864710
718587
491908
506780
740339
996212
588769
360394
556872
267610
795446
889917
283455
657035
717374
325222
205911
541239
506777
409318
702228
164870
475014
799104
908915
815561
627771
809878
920532
239487
543865
915871
645002
29723
642269
978709
60401
493366
123485
643420
298845
578434
475699
998871
297227
658390
838329
773788
35677
106657
216456
44730
342352
587074
48273
405729
972778
970920
158655
635957
431596
626089
578648
221483
98810
273760
378913
706359
822204
665719
53526
786928
513030
668887
850463
306986
309412
176875
749314
276866
997472
379016
176652
142400
627335
317732
268671
337504
674523
37883
795427
325906
196922
853558
91479
907928
18994
405976
600733
536574
694046
509594
85858
996786
409222
385568
591326
879888
874725
756491
229077
5813
684703
112494
940192
90850
942268
204535
181333
813647
43052
821697
577819
567416
231539
649976
278745
479198
944485
60021
791005
840951
892998
914953
666404
64871
493366
796414
974729
697247
240738
396735
55818
865008
420161
151721
588437
233938
91427
333241
640828
458941
48755
434950
743480
4081
889442
771708
598378
450561
47492
188107
888609
82567
312807
825925
52954
844256
100232
656356
517451
698700
119436
664072
877392
950334
497867
775700
63841
239072
920947
671718
771989
919275
842058
793954
219788
198724
448518
914852
669479
604152
491158
640591
976390
147920
746577
711213
224091
472464
306701
465275
362304
697536
319153
202280
900543
424131
977826
235451
681598
565073
800059
724978
672518
502521
144828
332646
356069
553037
543602
504346
18902
681686
987626
106427
278583
844532
422310
13222
170338
551550
451444
779514
595119
144191
127464
761203
557415
506033
442286
707688
529194
756101
235564
949561
580046
546107
174258
526882
921850
900303
46235
689863
363677
933204
948653
675112
724530
521006
873327
356991
681161
287650
4834
305508
627206
484797
299923
656557
686721
966593
918932
120655
305700
615202
293055
285332
840818
330942
474699
397019
535768
714818
130590
870779
500361
219444
416818
415294
192256
502276
877713
430219
416933
170343
943193
580879
814526
965841
259724
664893
892458
226469
491379
766321
450806
269772
132757
982532
325378
587988
174101
780283
622020
751090
265628
826035
266055
682771
416224
506351
678325
910653
658511
448335
372075
310230
878577
831629
965427
495260
531616
917788
506780
191825
960967
313062
319022
335848
4754
760089
51217
42718
560056
737150
668550
157392
850751
621310
876028
313623
371013
202385
196925
70780
110774
434950
21041
105024
358716
719278
479536
753903
722334
104553
536933
656114
432220
306656
340028
177944
793523
793313
461715
100071
614800
340980
346579
802070
193460
982586
438720
394641
74255
426660
218887
172155
115773
525380
946737
68371
17478
956774
47764
239561
615278
190185
182993
240910
202613
388534
158180
211618
528734
990220
707545
711871
107884
577889
775638
48115
167994
722551
928693
775479
698572
943787
146311
132284
154496
921450
211541
634802
95984
933910
925710
38840
418560
447407
321725
890575
802096
242672
81053
329863
281664
963450
445392
773427
973267
778881
767667
857185
430738
349059
485595
471673
924645
609413
923084
636864
164252
925366
579692
735043
594317
385264
753678
218319
423190
75110
118988
402284
219515
498384
672160
275636
366638
522549
256321
896834
97504
353661
440802
196015
988187
112932
727681
679302
53022
438930
659832
403551
920096
961683
29702
224306
216705
892702
330782
73214
847666
938514
771686
356853
733358
534737
945145
902811
177731
853442
351290
883546
806207
368678
643850
900246
62479
898
353728
59247
765152
766466
123264
525347
807796
49303
236260
603158
237908
882774
200034
429355
747180
703347
471841
599562
639552
836924
727094
578617
854503
502894
649837
521133
856108
973980
145637
519650
832498
712822
689549
541400
348534
971858
128466
942907
196857
735031
340003
376868
849539
158629
146959
17696
747987
951925
642245
110808
456175
369385
609809
563991
292763
704483
20163
946320
425566
733308
66958
354771
255318
162409
122626
138863
744678
596533
783898
844349
690268
851903
432591
899628
850191
378620
502622
879591
919662
324494
266704
121973
627936
535802
26411
942358
667770
12054
282063
63860
938264
956345
465048
394630
705073
651444
816105
374018
363169
145403
569065
156402
310777
996773
117200
514579
640283
631638
496483
362896
784012
107932
664464
530837
331350
255679
192130
502576
759917
509630
484250
989743
168339
41743
143989
922155
384412
606285
202644
983018
377511
498342
816007
620230
991109
711310
79715
86564
116401
858407
501141
140054
827410
576455
989511
650733
394697
654984
368206
118954
873290
695863
148990
932953
605426
278213
106376
748043
204129
31941
445917
835093
483485
333473
455753
547850
702656
449011
837750
858479
751097
562664
260313
413070
919644
144344
794267
309103
242120
717593
586527
504566
30210
448581
955329
685589
991901
362243
829590
359374
577796
104594
230138
174717
557257
560080
306359
394245
69309
121187
253188
683781
384591
568559
375122
192403
892802
217437
642780
842727
307376
783772
251832
806311
258180
203876
443611
367883
240850
237492
223304
801105
862706
382545
136905
311561
783146
486876
903836
957633
558088
544644
751552
726357
980891
136185
179849
860449
845764
766369
830113
638849
652273
272825
112498
872236
960429
284430
12880
146117
255414
523683
79397
225471
160196
19228
294415
745187
564037
547317
643420
208395
963634
783505
149927
253024
263594
973252
968384
302222
975295
934261
956758
795382
65064
458129
492286
264191
248199
90275
462796
334425
136782
614586
913176
666779
829337
196354
737841
853713
464212
161722
405422
93120
109912
472767
862120
930771
747129
903074
652817
61026
365564
246706
951937
348793
862784
729021
749993
303813
736646
728009
794820
72755
767505
36084
926723
371340
261875
788263
179430
764753
584494
729533
871672
68926
517125
78653
177672
521555
354680
723508
972355
833326
769686
534590
626253
408733
363578
129077
763959
939059
909153
290043
314216
843743
578372
722849
302081
1808
66084
179575
464443
563740
484138
197720
666071
419611
129207
75997
861053
180406
505063
804445
434856
917651
556195
701555
673218
733976
696875
673993
860730
728537
301555
765509
6152
713819
451563
199472
228082
352976
438287
532049
358354
918990
752958
573017
596675
113618
223877
965072
551834
54554
518894
496189
21887
577820
429018
540646
882356
380358
886868
336974
454132
371147
490212
741740
341203
113180
911063
939128
859977
92718
875892
605060
113156
941904
258270
465763
526251
920168
824616
21326
762878
526100
202644
545152
645388
365066
760027
718559
163770
711213
85180
773623
908088
496359
637487
756194
95596
398196
174267
556756
176794
165466
329011
389962
884074
317128
885722
297486
326628
297820
470522
422968
295461
450183
676793
150413
814204
745210
490663
768668
274952
804272
336495
599535
196009
981512
283005
436535
233170
726000
600823
888408
105052
505820
38009
561719
195868
612776
945484
22012
441259
628104
92573
762204
183276
467960
63509
719556
762907
241347
87893
517927
581801
548498
534694
434240
670950
14582
909992
38785
427886
52546
892011
370763
548361
453114
323892
614261
944845
721760
406841
931920
265918
543956
364236
836887
392199
846873
176461
787933
606900
638819
833723
886010
393044
85620
680661
641805
764017
96109
774001
427232
339730
44398
264201
698021
179181
678498
485236
308990
313863
679519
748330
896005
236898
478742
107274
616319
162471
965918
12070
460691
230014
775518
548084
842215
945603
164547
143712
422391
624008
400078
511347
100882
483191
832518
739976
373248
611613
198043
683098
707633
806310
411645
297161
467621
815084
105934
572322
497552
521279
489997
844024
324359
341207
493412
564591
490688
395988
751894
888888
881327
19560
782219
438025
411257
845458
927435
766983
412972
875840
902403
849472
953358
933903
727743
900750
73462
766951
813157
861550
636558
809257
566413
322980
379078
761341
338007
394692
358912
34263
746062
424450
750037
14659
843352
518233
196857
541213
640131
280124
363373
30011
468943
868397
354871
137035
358989
420804
354719
328355
852084
85221
64305
818522
208382
680127
100144
40481
484934
535679
295143
99850
910928
363581
58279
868939
384566
594346
281168
559335
281598
892491
324206
921397
978707
38942
566586
229357
517457
4630
884956
270335
628016
277794
137482
866307
481505
590807
174809
133384
56756
308020
582245
51651
313482
777595
818674
647471
205604
494656
256190
719737
558224
44342
638675
445980
950028
680897
91964
393282
838054
565605
254896
899899
279970
109771
476020
35574
985232
660226
189653
257535
403277
113593
159354
74446
979168
157756
805583
638171
682395
523131
429856
108260
239306
652614
91562
577643
329621
42130
242907
522668
672756
529298
461090
893792
763632
200489
269286
95833
747229
63620
921541
812300
717456
523993
819768
282740
165188
295728
837190
222085
6471
273082
671413
807687
867597
81706
426501
777765
907147
855977
894956
588698
380230
470196
919131
68629
974777
267892
510631
244926
698371
48141
616315
597989
239242
665984
949457
85710
21324
87091
423163
658074
358467
846944
106233
763357
704291
77572
195477
262304
116462
723559
329720
459974
663408
262546
186785
619425
66872
928364
537394
168750
624487
405823
802597
834478
184331
312765
380369
857514
137232
795130
261323
500228
729420
39581
725811
605676
622077
568738
506820
942938
790291
979094
227750
707341
483754
900980
40208
654979
194991
745556
875448
129252
723616
391146
669656
291336
404739
107803
661332
459865
455753
137677
39546
309271
287500
792595
103855
224129
525669
670357
480629
710142
141786
35231
11117
374190
697265
314484
308144
841077
10037
525380
101499
715670
554370
335138
807213
309159
6995
640988
148554
83491
97753
120916
137153
551601
920056
123300
212385
526866
58818
616931
921508
317570
639323
386845
983494
373542
370876
895879
75875
343476
742889
846505
554905
95395
746728
767026
144400
830198
620126
160639
908464
662667
257708
901548
365569
143919
264881
279435
946152
436690
488297
276648
6265
913440
148554
872540
333847
888888
107559
213889
843017
724861
837988
91958
729054
982590
511129
5887
581345
587167
124109
768857
875803
307968
38466
836748
125234
719769
338835
916214
433092
924184
400377
327456
988391
42572
435505
69207
660609
638539
104429
277195
419232
662730
121621
267154
873246
154071
717729
618122
486679
494826
603221
759223
448227
528996
110298
523927
709082
110642
241962
924175
697369
175787
761675
549618
729513
381725
900947
298592
668765
420071
123319
845263
353616
106876
184350
443472
987285
565255
513496
301264
488600
170211
702477
846680
740675
597771
836195
438617
125168
649177
513831
700535
649539
862391
89685
488902
272050
860757
845462
100166
831207
198261
275965
786468
379307
554611
683043
603913
148060
599380
545378
637719
278486
214154
179814
951806
344873
216303
469443
236583
575144
438533
705426
325567
670696
665005
521334
52984
739070
239046
326410
223270
249544
663532
508040
609556
451282
93007
340948
241688
382333
390123
92058
391386
847331
507864
22410
524015
590753
243847
111582
751587
633100
507386
397100
951222
302490
398573
895567
136107
239868
123994
299478
691225
808415
302903
647732
617633
747429
739880
62340
883609
905804
511227
61484
995795
180484
73781
627122
255971
157059
268782
967011
400104
915012
422930
107987
678815
212767
843487
542369
277258
721794
308195
975488
367997
133120
30182
381286
202715
832433
746390
197834
30185
620185
897964
653176
636793
699313
527960
483511
365666
302654
471221
897105
264975
152968
926254
305794
947614
560858
203183
116798
295807
159715
461819
388910
187960
37514
141274
17144
154264
979552
405046
318310
852600
924785
45439
753222
655222
664999
210645
989161
993086
368187
501405
550047
151132
208568
26905
981400
73584
498384
541571
390347
361443
490758
234179
874933
851175
541675
802236
870745
81437
785386
563470
605610
564299
208371
449073
621605
518714
822233
227579
237559
871896
516675
132623
37410
383855
308009
681033
443225
778928
671272
294895
935971
758370
706569
551508
689657
398463
419138
643360
77598
619051
1632
508689
257223
358652
906193
845045
567662
738462
468081
357663
968517
677317
738979
387282
938478
611288
38372
852437
90712
131891
92498
72655
604879
476307
521650
92906
256860
693740
680493
655677
471148
191327
381945
252806
859707
669888
906911
813680
281836
955881
720233
397204
883598
2122
161422
97445
131037
603434
294557
521331
678863
418853
773627
132092
447693
881752
828054
609689
623182
564346
923754
980731
706076
581069
732169
329182
322142
351859
786180
159245
743111
842911
422930
956639
623425
81492
271615
741513
978216
404417
860927
419300
349288
940496
861393
14295
559925
488713
332810
459184
796220
452024
861896
28169
649274
314745
178885
765076
780859
2929
914555
360970
528819
865313
787934
645600
87608
782114
589436
644916
717216
821927
460134
617009
65492
654688
24311
739191
965246
546843
353019
910305
890626
547132
491840
299575
461396
56087
253301
730882
446839
11687
876183
681497
185654
409032
666233
300839
429032
575535
326025
102918
619597
992327
79011
615529
262089
327034
759870
335541
470439
422987
347165
770481
102674
213045
31431
464721
202876
198450
45853
128609
454584
7852
364063
957932
84430
946306
533633
163403
183607
31125
638930
751464
765862
760638
92810
323346
16206
515363
547381
755293
432821
183753
161333
137323
608620
295143
936363
545334
336137
645023
83193
640508
70962
853200
118072
240552
984077
77
608349
222868
217863
350124
472132
452358
921053
941615
134057
906958
903236
585046
476553
881671
41674
967306
286406
869762
846928
886591
267393
9344
60706
510306
623209
489938
728329
792458
360762
810680
461851
508747
278250
416869
966715
611943
173622
195845
490540
555200
354961
760065
35129
413403
219243
289866
199354
596526
249342
321688
829114
937772
48924
616842
689916
564110
715735
631173
748517
261639
172609
564783
939285
343640
270286
491181
284836
511276
486698
843219
722525
157454
230813
245336
55441
914096
405475
149579
50290
631788
676227
474586
154069
971884
757985
950367
318779
786989
489898
750027
47529
992164
943976
669656
419232
396477
431394
451399
884108
711577
219502
66976
981745
72855
824567
695691
436774
879891
629921
320464
200335
998998
787274
187446
706668
840514
106812
27251
830285
932624
993767
840661
602172
1869
512093
838862
872017
294821
755588
846199
52046
881722
169013
827148
172681
450351
813025
727737
293449
559951
163329
992378
344624
276401
240504
931282
498328
584376
257593
53280
993482
690452
813888
367197
446338
84608
636220
256453
433494
542695
386232
747422
447816
52090
126732
370461
187590
505728
411120
249081
15797
874111
246070
986187
557899
975984
592608
978269
510950
637607
54073
628754
761902
149030
569620
706347
957922
40955
56519
68323
654439
4520
148404
809877
921633
74884
586429
18495
462795
145174
848799
829601
383350
88337
215738
541239
314665
541164
903755
496733
593668
29322
111045
23107
538565
181329
345994
114664
941731
876024
370876
667756
743040
169322
846023
883213
186527
277912
932185
652614
156015
646489
460803
735359
689054
22104
340720
896504
664395
945162
143178
544065
883500
692699
543674
204136
659914
247988
401965
824724
211356
758511
93422
588495
727357
668674
992658
749583
649821
648196
125204
618333
398218
512804
697536
42736
297693
929218
264856
781218
56620
796604
43209
691260
928224
215612
415177
2362
193400
99551
6941
969092
649428
393751
337246
541447
424260
974738
270772
637149
183553
591071
10612
435101
374780
425820
326550
211847
124283
348689
782991
47624
366626
94140
251971
993018
639833
51462
13369
625640
403696
540152
325072
326590
491042
450652
595847
853161
40417
226357
676807
348893
646984
350394
707837
200444
365279
710386
932754
691381
283833
440568
864560
6928
249278
726947
533927
366163
607029
646382
92534
387764
297329
636382
231676
737938
895644
775398
459356
818723
289987
353239
846156
777992
665008
756790
553230
513565
198921
130801
650472
174608
798393
604152
332920
427874
495854
392559
445252
679917
939802
918331
531440
58493
604473
627668
543472
199839
973062
973548
820730
360673
668023
895381
322080
653058
960047
978933
743440
468399
693401
76524
682129
661090
873650
689594
380465
978740
28224
226971
189775
782351
649005
273371
935947
789936
664069
338253
261470
760551
673961
350026
494974
557381
906530
142832
197902
245297
771553
652697
760489
874540
225746
345248
575380
422359
742106
467083
883944
205035
442986
749701
331253
158074
691005
371592
340522
16562
771939
758230
886292
667240
467308
802877
860283
922268
293145
333044
312687
951804
500668
768248
91363
194882
141666
83457
106280
709460
831276
143176
100511
998611
893988
845352
234207
332669
413887
937817
740289
453037
722802
640598
611395
429175
280602
738024
262276
201631
596899
90243
397475
219358
993824
527128
455238
450106
236889
862971
165511
379380
124662
685032
422630
700215
884914
697331
762559
613385
742244
728706
717327
414261
406965
62803
849257
281637
768387
224931
103077
485893
223568
126288
790700
193055
387207
931700
977753
221685
611774
450136
370501
26907
803629
391979
23886
622608
842404
191531
697870
670973
902085
207457
726564
140463
4911
855317
774020
185972
983197
233705
933250
903591
961963
67320
812520
11247
988613
267701
46476
311923
216499
608245
437615
351658
463347
633708
526368
507607
304649
60589
676227
534005
312123
423703
544578
638952
974173
58262
568418
877565
124212
789741
800121
725994
931534
999627
577857
817827
899094
431837
159402
518375
832895
430968
813460
993359
656526
826279
347297
869685
162548
420037
666312
576337
417103
235770
391762
249233
24525
780042
253447
57256
201370
394155
210495
738429
815404
405492
728765
207097
19784
675145
592900
222718
536606
787373
119022
608890
599700
191657
636210
163294
736332
67284
411131
309098
250094
670196
533434
780539
231816
361661
822246
10531
641140
889537
910375
635255
899434
71276
740935
54899
55064
10620
217312
462296
696821
823616
393764
379354
597157
452763
630752
779516
193150
463429
839147
422713
232149
60142
322559
653218
742415
766569
147066
75950
891403
809793
74820
3706
849442
826845
853530
526073
784511
59303
449709
219176
738481
829351
599142
792519
400602
753413
843020
938612
842486
68032
287105
718892
886001
281499
949849
830045
441895
966346
215524
692049
392511
805582
454498
367920
901304
107758
719291
418161
4260
471645
585510
565513
429532
477712
299815
694617
7143
696392
631781
522089
317330
118041
792952
172860
342176
824512
149793
112772
342
612178
797466
502196
151721
223692
445993
792705
198494
136317
71948
607764
854805
299545
24067
613868
817276
970694
603181
899978
485784
532838
209786
319154
854538
543849
913983
796323
139276
671168
855920
842781
174242
755510
924143
790385
543369
646892
570745
678646
540667
200559
909513
625595
274317
853964
16692
323719
381502
886593
159842
793143
799622
63659
4678
163110
674837
553920
759736
334953
651013
615009
29204
760468
183277
156709
469391
658992
337255
292310
900136
693189
833677
843089
629715
269689
227005
50730
122997
597525
269403
309606
398538
831747
640971
653898
397793
658683
825919
972945
716154
672313
710371
304574
440976
477840
404335
107224
780935
959537
914831
559513
27075
342425
109625
304319
800154
861768
587608
722926
97945
401416
613786
294904
498323
350836
282759
211189
670866
682956
474
922504
67338
638396
667069
74835
734892
681177
588871
652063
832218
818891
282765
932071
579894
686320
830785
504238
449361
50554
81693
971164
895726
27357
979419
653978
902889
719014
796930
235116
89419
381038
60206
677875
293130
382904
478885
450898
346787
234497
557832
899977
706668
23054
95139
340802
353302
252531
965279
344355
435294
418609
50734
514651
413908
859101
683879
393982
878474
411133
701226
82551
769476
302508
904198
32941
544150
263896
432003
391636
668487
379170
769170
36661
872731
29485
690221
766118
502094
623425
540926
596750
268028
982917
100138
89518
332417
224798
408535
568682
124199
706546
851202
512428
630320
672517
455750
590929
257708
907902
995080
723731
245524
173220
470854
396986
98359
630995
721954
617290
512084
852383
350764
167949
882552
789030
389377
67548
303076
948059
161001
52168
904063
570772
806549
475751
245700
90494
461382
187194
244765
791651
796694
109766
718883
256312
505335
268330
517699
8328
532168
994423
611215
411442
788414
799756
20455
25156
77335
113943
693204
711891
1486
922284
640034
572015
737173
463545
258215
508923
81836
498064
410444
497408
71768
711397
669979
567646
461990
444592
992980
453223
146170
375931
627961
763391
985947
782867
144115
444722
989879
418036
920446
821997
182951
367023
837722
546839
87262
961976
244004
918983
994850
594709
645863
571083
780689
924377
236013
949555
631538
261440
991116
530288
326962
365443
189893
629921
164325
451474
473650
256122
245950
416818
832805
960784
807797
77059
486654
778818
185254
861987
723159
392855
182952
84624
497867
380210
318764
662615
771120
999091
572003
191420
213392
579724
624676
367367
116788
655458
39458
31871
601453
777067
124281
251378
251344
810028
801856
85189
226830
730361
967393
307763
611557
956855
465213
817473
638992
88991
752123
91409
751999
982629
678591
217088
671302
488390
289393
265608
654631
377994
623999
979186
794928
847398
249312
672490
201534
564783
132030
844365
798469
878408
780817
902600
579202
787680
455285
643844
870014
917059
36047
51815
526491
262031
653965
499115
617969
22304
81802
522789
890317
321934
64047
799204
913145
714809
182061
133211
285113
351528
305201
867391
957854
394506
381404
803931
348747
211761
26258
940551
941750
91752
636325
477159
520238
486464
634350
939894
902732
506710
314945
717153
75168
555876
435793
776988
226830
430745
801620
99496
978312
148696
590212
747610
821642
3124
552328
557949
712940
519296
372459
362304
518894
758302
372682
81192
823028
589692
431859
469609
732968
526862
647991
706832
54038
193662
331378
297987
745847
380586
245653
239127
401408
208454
854445
378174
728329
419605
433285
691451
566682
693919
170034
537884
391610
847962
131851
696959
204926
259131
959561
4018
429147
797244
342266
60732
721725
690612
273010
721109
13754
874124
342747
888238
404507
647365
158785
670243
506294
170421
686125
184136
328574
28441
692973
974538
136232
635756
913670
402919
229954
584290
345102
795313
191214
789077
997879
905812
539731
799312
831206
604521
833948
563497
758904
541855
239832
429572
573517
667802
39334
768266
110602
275102
10370
682562
850958
228845
25981
675319
324508
607019
299603
128533
794376
428933
324775
998587
512490
756753
912703
330981
477416
812294
738729
437730
341474
171962
24492
14672
722168
185686
529741
69277
420335
587383
513175
765878
806222
540790
441243
746754
462021
562243
346251
335250
9564
177184
515107
365482
746490
99362
912941
514138
311608
998503
601005
861632
701260
166227
978607
523139
27357
69141
883320
327701
197891
251497
261970
674664
585422
767716
928369
188087
212925
438191
631538
359015
451175
548019
362444
932634
694680
767520
173151
728847
368638
87134
973396
644689
111031
596674
545642
301807
96507
662674
499471
152160
673982
421626
275964
275723
737260
298344
591883
346548
375979
292377
984549
691078
119882
862805
192388
160010
257889
330235
263878
976390
248998
832897
290304
569740
154300
205857
145355
814308
769477
445769
429581
962760
495953
319024
229415
650025
40388
699313
934528
678220
217250
127332
477250
665160
421938
998214
688442
466714
943757
136581
273694
398060
90778
662877
410472
234429
280654
662796
724126
211521
880551
815139
892707
101780
492480
779742
296515
77079
9757
723141
757086
763158
856061
159306
666356
249110
751477
460461
579907
963697
812378
56096
535017
37291
82271
377278
767269
932951
974185
642149
940484
225673
242169
100822
843731
210738
636842
507298
945209
619795
682419
4435
771005
793271
443901
139492
559143
89539
709197
154300
760224
189884
454954
582090
936106
398200
83065
860262
342270
663420
302427
753933
211749
261023
289718
997177
164946
220078
515373
455077
282400
45161
846779
576239
157294
354388
399013
469474
396285
834677
458289
255144
870174
996786
722620
659611
614951
797349
105560
818229
345068
132279
475709
263655
911006
775505
743338
111575
749798
797088
839934
979150
359116
422166
589421
398538
259110
51229
147616
304723
911370
516147
577260
148517
119832
917446
602251
676825
542906
489016
631859
269481
661209
88722
562089
762204
768145
108407
138277
999745
562504
141604
455498
9297
288080
283386
4072
333665
252761
380012
720265
314778
336671
919733
925873
110837
230031
471221
554287
508923
864533
959537
97510
835017
748349
562071
908439
490437
661234
697396
876585
694545
318410
408687
296772
910162
740508
885514
396222
8905
713246
973067
753318
434954
820531
879001
625407
158889
562656
767804
283350
236165
560992
898497
885400
213741
226823
530318
755960
286929
151521
437397
605473
505930
558170
849485
602885
358836
213012
531122
422287
316607
45439
911297
135975
501003
784411
506337
970557
564409
20983
789036
234810
543393
563440
704714
801175
437967
470121
536979
969137
986438
572460
349137
732865
607
854052
765795
653532
809200
772801
943678
349618
214380
427870
199275
976335
827090
809985
550485
669129
790369
681426
761341
72619
752694
479998
364149
969008
684187
836408
391179
231934
332226
917162
146504
657261
26929
754885
271515
148234
436985
120681
956542
223280
263232
443256
173784
431616
599869
772317
849158
472306
963705
896193
975764
817956
922540
132410
853161
646633
134386
493559
151189
95685
801132
234591
67338
165965
899643
944702
862463
112335
347427
778346
938816
287672
570205
459947
910340
965876
963932
441619
812576
490504
60665
855471
163786
150528
373390
940772
918229
575233
877496
565996
928805
697852
641144
880460
727262
319952
6705
224289
443778
586050
472487
535637
372744
694168
514489
361487
164707
578917
845317
395931
276855
954578
482713
640673
508478
954044
988870
847824
78847
721760
42858
100924
333521
277378
347101
580805
415347
132033
427999
106585
122093
13560
7326
234442
86661
152772
954638
150839
69572
624859
772459
449561
957363
873200
66689
13254
637725
743354
775398
192
499087
510676
811209
131034
907308
840108
837321
634288
424228
887547
637554
85143
293856
508121
671226
444940
846536
507303
452625
820555
718635
267494
805309
824409
691783
610954
52923
521500
867875
242579
616186
130395
881315
521052
69554
121378
225078
24508
637123
151264
563479
676842
310935
151497
164544
39607
419300
164759
919166
670688
677899
23023
994830
742317
456555
832069
950175
763797
762238
894377
313938
626933
826430
374293
665796
928541
466362
927546
461178
464876
591642
932194
823078
71106
656641
161858
961724
395665
471604
156562
424022
679886
845193
808874
88839
244632
498941
451682
789671
23066
744170
726484
705706
735822
710407
13570
941269
553603
303939
701904
429375
745146
927321
121325
858223
459112
750858
758403
236184
641274
927213
15799
250332
253393
795341
931777
301287
241780
86793
844215
475830
794349
344655
416224
794362
716116
822733
976339
165345
647605
177525
334068
601959
139091
483404
569980
96255
128778
419934
694599
433160
686483
101590
798826
386470
980434
749943
713819
497865
461748
615826
875683
273272
108004
161802
401780
623554
263994
83765
734952
545147
429305
876662
159008
136729
46994
53022
733011
116401
796562
613362
677708
224761
206151
979092
101151
635355
821993
909592
202524
57019
493521
494614
421685
983977
55498
23107
962727
74315
110992
754681
241504
806249
25156
707272
174469
300375
740688
256131
169474
551379
2798
294994
746802
591645
747324
171633
758403
95833
382510
505961
174573
690020
644378
380373
375358
30674
554417
110340
545008
452664
744742
139974
931534
364066
894273
366755
276089
382703
984959
833152
254779
43639
279752
868037
657123
957693
674071
189586
620886
537517
987352
667756
243379
30151
549389
831282
539649
658808
352122
482369
112134
471320
328905
435925
456569
85173
707833
256890
7467
657817
695643
330904
994853
11570
753472
693676
347105
602590
887474
933718
502
927561
29605
752366
107460
269689
888077
256051
600245
308709
8195
591485
353331
679758
244753
443359
866441
249660
256190
920329
852588
646148
984633
279401
224185
654703
406068
673686
824195
649846
421685
268073
461396
639267
549628
62926
984079
526954
981174
589034
436901
961759
480263
199085
973082
684433
620108
998690
705872
406202
341688
539246
893994
769613
310018
935960
762187
229342
355620
871672
7631
442946
153656
36497
547415
640391
122221
370948
154100
837636
977516
378048
567957
293962
179664
82085
565054
902437
523783
709575
935258
99061
15926
169284
904732
127464
475456
672504
510110
554812
25467
323343
903974
685091
721993
352804
783788
277553
546101
712525
133260
932527
252047
247435
463128
222598
252760
566682
582048
772903
756268
369
872447
576977
543956
204560
65284
424766
232381
696703
276681
521118
122266
309109
26196
691936
942851
366243
927024
514641
620156
666438
841719
500623
113360
558851
610562
128871
357331
120381
489311
314337
469076
811550
81529
141982
815832
299134
344174
145816
611943
221718
850750
738480
93250
173211
585050
362665
403039
941789
531040
256811
104686
836195
195654
945235
865678
260537
862043
585617
374898
113312
150562
162416
438296
509336
815339
955941
871071
470014
914101
115294
676315
396377
594600
673363
641419
289382
942947
144032
16994
62228
658113
381254
227553
569464
382990
461790
154121
248376
597334
428929
223348
38850
633887
232673
237893
192530
443973
366626
112431
270811
85044
362562
774718
628242
841359
768835
578147
363178
58762
713095
808868
209587
947301
184458
35082
720579
676561
590449
778518
134740
624771
664104
827775
587329
824724
126391
14467
325069
229345
895129
845116
188601
221243
402474
583480
910810
434172
863671
803517
460394
413858
495875
702673
156721
332192
922771
202605
880089
897981
843716
507083
819831
911028
380340
948859
441923
179577
721918
150357
838358
861470
990910
13504
980896
812921
45161
833800
789946
380098
909451
94417
251201
616465
822510
984955
637859
396611
823598
682738
437633
234322
854721
717038
447321
487608
201308
349591
432572
807381
327963
906582
490126
361487
447579
603597
586350
400098
990896
334349
476211
868246
786019
861313
937461
205269
550801
213888
105487
941355
43016
2969
817719
399888
439368
791338
904198
345280
383618
484025
623869
630743
978779
809299
743954
857337
92432
406701
107275
949105
722668
966799
428626
297543
398045
588766
638152
76769
295864
802863
227791
90442
495305
500460
10884
27812
284629
930333
955864
318454
16359
243672
26768
981589
149411
660104
806560
757556
265994
303342
677539
619376
902282
393677
213065
787634
123866
156046
212587
521387
63099
270879
876924
658511
669421
839846
477
461853
215418
181316
288235
604773
494185
37883
895412
236859
721572
561117
429175
159774
274083
121819
986002
229405
782700
99690
182690
746761
917045
987809
67548
140341
6782
7583
132089
912149
786169
368678
317666
307190
942255
364805
578420
258940
392602
691351
886312
35157
783270
640093
926930
524807
397659
664332
265975
261012
837505
73435
747528
934995
197536
364067
61285
893132
974766
264660
80168
766624
783418
778558
111526
609288
591717
918212
152345
212781
337516
14506
674590
354533
359106
176935
316835
365923
883697
356326
663439
935710
641391
765659
80950
385253
432955
801100
115978
935886
916523
414782
787076
312671
999495
651417
823133
144782
699883
680932
383458
859790
375294
661540
148206
240133
796394
111342
471563
653845
542590
692544
850928
56640
965070
811295
484425
244580
198150
204343
984370
724066
79593
784104
992371
140022
985503
773608
537694
194101
53555
115468
461484
262552
228384
277739
975951
289922
260285
649653
187732
770042
533389
776845
654958
984510
887796
682200
324345
362870
189707
99492
533592
775017
653588
202714
899814
128400
580248
728649
511654
54098
690443
875228
933874
131875
694358
197891
383355
462090
3893
533596
181642
822297
55695
119438
835945
241323
901719
681243
667238
294688
601576
232929
758417
336099
34213
604509
971991
216499
857141
468764
254480
875731
474275
681009
812547
752266
855374
223182
794503
435200
691824
568164
748472
653858
524884
9561
116343
668674
964710
41498
65459
880694
710643
806789
471289
108221
387061
199995
484628
628620
903762
651063
528108
634350
796257
277757
74988
966521
800356
416603
276377
397588
123840
230982
629189
607966
40147
538166
758751
381996
933492
650303
115626
23363
979888
498112
60192
985633
661502
974244
316816
951419
336587
963948
983894
213481
276254
557233
309629
217366
697225
979823
202442
235016
773111
192153
503889
524805
569874
98025
243639
225672
408617
261899
32910
453506
80675
728370
897093
429051
243165
703454
125220
856998
126135
169032
518706
212939
955885
539246
191543
686430
513148
959254
111071
471691
318573
249416
153004
332394
346107
817956
881309
327795
236394
970856
616385
347351
808876
18723
638675
598084
651739
135770
194410
783596
140576
125563
225825
137341
879251
396393
346488
744120
899887
198482
493559
322969
105805
704286
703897
884502
792096
576519
330562
707639
158108
329092
67828
158604
921053
771222
855637
394692
702555
950614
773030
271912
239104
495344
74802
85049
914583
405722
502482
771500
978144
193055
424877
697136
74651
715905
729297
779608
602435
137392
339290
123390
868594
703788
642513
562408
172511
119813
797624
93363
607855
723827
924849
348961
916248
163276
412704
656267
19416
225806
157343
975997
565112
177633
229714
747326
823747
751052
460448
268124
586459
217403
21520
774896
535888
277691
765393
375596
411473
58265
302097
969977
377945
234905
335062
991812
374292
15805
232389
241386
595915
563561
285010
276731
664385
692477
539073
872753
242308
493066
393166
214828
954736
532266
704181
206870
732360
518276
123135
495466
280409
933136
454844
600424
440966
794546
991117
212703
349125
549221
829025
58972
663342
339944
239254
233036
658682
814676
486699
306563
652892
534579
502926
986287
413580
966397
575106
769018
415247
610379
772661
254470
49020
983365
683324
310397
382078
422686
187083
548812
700724
524933
878078
477595
647104
462421
733412
59984
41423
348532
542068
175297
442238
829157
857261
872677
798813
173822
820152
496205
50015
549357
230047
430719
924999
625332
115341
182543
153602
512075
783816
612158
531591
850843
167973
188344
982224
176318
770272
815896
221335
252830
270105
239764
666010
306468
59666
108572
532707
761628
432795
657083
154658
794711
263232
394429
159768
953639
679561
342809
794514
92158
502713
884062
167187
630006
304313
740161
916872
837323
310308
47440
481805
874523
469041
188728
161146
719769
824391
909096
137733
954095
566190
23600
380267
520082
585362
61070
669055
703711
102173
431457
73360
174595
382074
387133
238209
435660
316302
695474
902783
557370
614521
536599
752016
666495
587769
187148
627346
471778
497505
629145
450453
900952
994642
537596
661264
507701
201939
634014
848896
469504
675590
245346
339298
101316
811833
163357
324074
947744
397468
464644
84386
383715
256131
982150
36179
28069
155483
479929
664025
679240
329454
580961
449654
269019
672200
709954
264672
840040
796148
725999
200512
484989
198462
911480
936860
752723
44952
542537
117032
982137
212130
186446
749518
640629
553576
454439
988963
240992
980419
15763
818066
788111
96428
574782
635294
158863
893511
349674
219258
825513
98640
363137
363388
364095
215009
277864
512984
874273
890255
737345
572342
892002
518685
271225
406780
664609
538867
268198
111282
472328
88723
961409
807992
969474
874192
863205
425917
696412
99224
541618
438798
614869
943757
516642
72781
298479
564705
155865
118153
229097
891158
673900
176419
260380
751542
284860
209808
171595
572489
896388
176000
971374
163555
637094
178255
903740
920847
918199
338630
694050
951544
674890
912348
179471
41471
281991
105826
371845
431216
465603
134090
862312
681389
943366
584428
754374
441702
72746
547970
289121
383799
13755
598677
836913
699522
121607
643124
716682
86071
308558
824258
275202
997826
992988
876924
309104
488995
329567
502686
423190
785611
339591
284195
470402
595646
660291
768867
76834
860656
711744
452749
816030
41688
462735
133137
705109
968405
341401
718032
975622
833821
414052
428148
157316
784410
191427
672822
41753
204343
504036
300114
819270
700505
573797
329840
740758
796927
756268
970817
220935
57795
509427
242532
973747
651366
762411
728150
421176
708981
521679
242942
735981
205558
642578
85650
619103
365461
808295
481683
319952
103425
61153
74212
204899
349267
924754
830045
936419
62479
238688
414905
683790
475855
961806
387445
752014
240152
262462
952361
55337
439881
164860
511968
894909
579057
321964
724880
731655
747626
83678
817866
303412
567996
708725
826148
783409
153085
460134
390765
706718
959768
915313
665057
952429
322405
886554
716515
921974
650062
486464
484472
49020
341767
68681
37117
899246
723902
667025
199945
895034
432422
13145
57924
598076
434590
347656
134931
65273
458988
364442
985702
633017
351759
959579
35655
43073
994099
172658
877955
303352
625856
956589
559184
72153
876045
547478
388292
710759
691465
172104
661529
706710
48009
179526
905252
162469
673363
425256
53280
363255
277303
542324
157114
969331
852473
890500
178697
467184
492116
333191
38734
28915
750151
914777
82182
291261
189304
794186
354119
644513
937240
937300
258323
430302
863606
790545
940919
205921
11369
95958
445274
617888
977516
861896
347883
945090
800112
927646
659676
809175
92693
164882
948329
798867
853861
433589
884755
388100
799426
946200
64438
4483
147612
503360
617045
270356
729789
635504
221830
979513
302246
157712
427001
550744
632480
372904
633616
626823
422480
509400
85828
582775
885133
101078
371605
364185
731256
216837
150242
171218
888368
420335
503945
414361
363772
23960
501564
137098
206525
438400
447911
174809
985028
185792
747997
903619
367124
650274
638998
414526
404793
603221
77668
153910
404294
931281
806304
574655
173387
969102
539786
676257
257898
925088
628243
408447
538815
383832
813888
578560
473157
304493
13815
334415
468764
381853
860655
393775
220562
174048
63932
705333
121086
169459
339141
263115
593056
520718
446896
559723
696275
698237
814002
686070
102408
227892
172808
369217
667757
907504
21999
613786
262897
458749
805083
538973
540131
45615
908186
442074
213129
786498
215687
691665
337576
414059
424978
566661
868790
903366
923412
450747
513507
199041
918662
198225
993872
264720
357893
1285
929037
530030
228997
385019
550932
341092
799239
522150
103266
67248
799736
514576
674432
691362
937105
833325
201307
104830
29212
830279
964880
276259
757086
597280
716566
289859
634878
983444
131134
809997
548737
938298
194976
171004
859587
180622
265585
856597
482867
973115
768781
43493
682366
884545
113278
545973
524563
627646
733907
363677
350877
78476
190433
178631
211147
977627
312995
203023
336957
12828
941529
920357
239274
702230
512815
913071
808862
357378
414203
800644
395236
320822
400659
975280
182700
68941
22843
938238
330324
908859
805551
519379
257498
817515
969055
678579
941766
768661
815673
328595
442364
241110
644471
800506
231096
812457
8586
694138
614890
873768
688353
170982
260475
733262
491419
53973
669730
759193
461403
960434
759811
66706
267089
624487
584970
71848
366313
686462
471780
505010
348024
19536
557516
399572
570377
758781
905299
349168
546646
805055
786051
693480
90241
885814
110355
934636
174101
591604
255775
102814
609452
616067
625082
365229
483439
680609
550755
868369
879111
514582
842444
939137
789888
168434
319326
174039
428703
732458
193417
253642
332733
898259
179558
205453
642328
703044
602436
234434
985872
317020
287829
198611
605786
605129
259111
719226
81380
47053
184849
615784
687606
164074
506052
702767
172383
770640
311092
531658
769245
636120
426676
649730
454584
421926
612312
364247
651628
17947
268258
832017
446269
432195
964223
243391
94240
410749
832286
296574
667700
464689
878549
600669
601088
726316
297123
112507
468759
729419
997993
143450
994082
173735
607841
864456
886390
718214
265065
562012
873477
57348
374747
231549
431160
65955
394454
11777
948631
511277
233734
940124
803194
544574
556123
27680
165077
908035
84116
752506
403530
594241
201675
347571
177464
681515
414339
157827
551834
310470
94897
244734
578962
997952
678396
711561
524343
220861
617308
117717
108296
675764
953331
197082
450036
40933
61455
406807
238769
372547
151886
716193
798301
265992
569759
852569
198657
51836
506456
715760
412138
726422
387043
469479
43078
425875
676371
185826
577306
230254
814069
730442
330175
104811
272473
740599
544367
22468
278561
860264
253592
356482
686505
758624
423527
650668
194482
997952
350623
72065
690490
150302
198508
217017
511263
202446
738273
239689
129826
160196
578780
979891
901699
298683
912752
32581
889656
746141
96203
180283
235061
449130
29159
75244
660466
109217
466332
753231
659746
909727
732530
905805
922923
598699
907952
51418
515355
297168
751493
160283
9771
216178
69506
847508
362665
672968
542859
910650
392565
337514
304251
467184
617111
402196
344
812823
354858
168895
133120
758734
221350
324269
552599
743237
965
638865
669055
847980
696254
399504
484518
290528
685584
436572
573138
2770
804225
544467
327630
538100
811994
254261
191643
749129
995589
796770
154363
863344
548236
751608
646847
17856
846602
493874
279363
772438
309385
495282
537653
729494
315798
753162
223133
449404
914780
427660
807278
185787
513387
41256
41688
515486
750452
514275
697100
194593
484142
50354
114694
726994
642077
90203
355582
636273
303615
157535
354298
181121
931937
948893
263237
461915
578917
491682
957181
608895
666008
637653
963342
161226
44671
84510
316512
923111
353539
23508
86880
855724
823509
44026
189568
61997
748211
527738
560281
505132
192130
115772
486729
174219
798743
190399
277626
263845
236408
635483
467645
197802
303342
134052
769886
58377
702094
618553
755432
189984
787285
727870
330603
590449
735013
135275
658799
700647
386088
58769
528814
33787
600029
196184
860455
481785
917028
608423
619067
63348
298479
561340
287170
863942
584652
593713
443790
236931
919555
853000
52747
130038
134651
646662
491202
608599
595090
561450
424944
366755
138747
895121
703452
843709
136097
696763
567761
556217
975861
621849
502301
848045
244009
785349
638581
75055
664172
693356
841101
387764
504599
401795
806240
864087
300956
801060
461115
395418
232973
900282
772770
137604
91018
606022
708944
236252
647675
821948
603060
323692
185674
817863
3414
120602
72643
595613
458041
171552
420695
609633
752123
50808
547020
265125
329285
517755
428732
40123
265889
48989
517589
630467
904794
13785
530266
167195
714397
906082
201562
685846
992817
83013
984382
872541
2538
959250
139028
481138
72487
1808
998819
55061
821831
845468
794037
548306
456976
140071
169565
200901
311893
137404
973248
403033
795362
223159
194143
758872
207396
726459
24067
766310
769640
285533
709127
507906
419106
715186
203026
528
831364
284318
391062
750257
48959
341244
397406
778391
725191
829883
642022
445658
365923
447992
660359
965554
327717
592706
478114
126539
207097
910926
456010
574898
447025
162137
236789
676536
988858
8699
840703
393029
271941
499767
888092
96982
299931
720400
630327
651187
533968
41963
704865
355035
383605
776598
780247
359885
807296
494653
135307
825502
351359
575770
730143
548070
495878
927463
14758
615326
692544
233184
795170
8905
168343
995558
541317
37058
176551
656842
448038
752194
479021
188267
258988
438517
74211
244298
940626
173623
548256
317698
300996
293779
199585
890801
109268
328280
2599
452357
329467
792256
2140
437389
117977
695691
887270
848608
420666
305238
619375
388506
840866
423065
876165
493771
74056
746753
267310
111825
921695
152711
272774
98832
426373
35954
803257
22574
41699
647553
564488
917416
826254
331962
780891
276526
284353
119617
37547
756013
494628
260582
173618
687745
455684
805201
818519
316602
727641
904176
640750
597967
96890
598871
673930
886094
681008
25344
868738
14627
660213
886713
500648
185581
129153
854979
278486
998092
184843
643766
70840
182745
726425
179476
369699
185993
328622
669562
737918
405697
332038
160543
814080
219795
846945
933050
385813
765453
558252
434704
530291
735308
435337
294980
456896
241488
28878
111165
414135
896850
273560
596901
116003
677317
662639
492267
720615
793893
124291
666087
574670
341488
508057
288643
549198
832744
718198
379021
299279
212708
3816
628966
126706
597581
1392
172127
699370
418465
107530
578182
272709
133120
719942
567878
537581
995086
274401
369141
82043
321262
811106
536068
6820
47536
513693
946181
995750
884611
485455
677240
665272
207685
932615
909843
337761
583891
287293
364281
847761
196427
276144
817590
45453
478712
551893
304251
974504
477651
632773
334807
617274
478543
872401
512976
974633
821007
197412
614579
461368
861046
244506
879266
785345
1280
74686
785607
448291
234791
146142
222407
953379
679365
172615
126320
638371
703531
420318
174663
469990
667754
550549
5240
676644
341377
472923
361923
484193
360735
563619
212851
168513
711122
722394
571362
186448
666806
161810
435200
137595
129328
230590
196127
181033
93392
382880
41963
430292
213155
230212
374030
141575
909714
605118
661145
344708
329832
191610
382993
809659
876985
277109
213687
426195
75955
985289
949289
344208
4501
679794
146170
845656
293930
823815
997261
227365
733718
959995
169542
219297
677927
378053
295781
638992
350023
492191
136944
560861
857823
265816
340028
780585
475038
380883
237758
236219
328046
663164
413383
83532
166062
508835
219664
889027
26879
82271
63147
45417
943408
517237
168299
159498
238888
803845
755676
943011
561369
227051
668715
154304
739717
484283
506415
331342
102049
902727
4658
842508
516549
100109
504321
38809
581577
246547
417507
477928
433804
47414
593055
236287
255708
265144
22335
492590
846552
165589
50184
256847
309713
576039
3970
482448
398813
179353
41252
904769
787596
316640
567676
489349
560000
286245
237613
35288
857265
409491
334054
954514
803023
779938
793170
400773
799436
219942
944397
646159
289970
922802
270125
743281
25461
839730
924194
517763
3933
19883
82820
345658
108272
462730
512271
394722
213200
862328
495003
213934
890976
285789
844891
738563
450114
838344
268809
695149
788532
366710
140235
665817
130038
416166
570930
27595
455369
351973
208508
494410
509713
246942
399284
655120
220595
794459
265161
243507
659207
435926
113398
791340
95504
293000
241172
843552
547472
63674
352819
726231
23297
107842
816048
354630
698569
508760
123125
272272
653164
889063
414219
186890
992543
949218
144830
982696
197741
706546
801211
269250
379047
628768
912449
842997
899597
977057
147202
488350
279295
715501
368722
692708
38392
295448
588698
428310
329473
951806
313698
761356
185822
354719
77562
538842
364368
468319
356506
842765
344219
565872
906511
708434
716142
858819
68907
117098
999517
86298
212326
484188
547149
345721
10483
443410
278918
121943
159332
615727
128359
892143
19324
177000
875575
786494
653268
699137
224095
106904
470390
127341
764276
28204
345338
302526
22542
649673
405053
995589
590660
7304
408130
966148
107309
797479
752924
568518
86406
707844
234891
454409
317150
206997
879807
425369
118764
79266
919998
453862
530237
656610
762449
892319
840620
238007
213901
447693
572384
195374
557737
191257
290752
414515
106776
574719
49746
706076
633721
110262
64340
367064
26879
323740
453395
933250
107268
675876
381981
7374
519296
806602
177937
97532
654025
481505
594412
314019
401473
741989
241699
792197
670480
155237
262490
478519
816096
99235
428451
85424
579773
264932
586438
694913
586075
881365
849886
20236
988634
212623
726534
180848
694313
69143
377463
148556
420432
213241
947417
801738
323210
871720
275407
542003
163801
627202
846226
881604
227476
365971
642614
276154
240390
650998
691345
84389
932282
387133
572137
321176
399648
35381
169651
909557
652678
440943
483437
728751
425043
239837
910713
66030
725173
654102
194246
706350
258152
584897
152141
396335
138232
691342
809414
461340
673079
830519
142049
321805
17521
404219
45794
343232
572946
455915
69143
548846
798389
540637
794514
336724
167216
814568
228286
162548
841319
13130
941282
23661
983985
348433
633300
415457
983452
479340
595082
82435
867414
860925
386480
621528
441368
781659
590002
173197
253251
480619
337626
626622
424816
337116
57381
874329
596638
523694
594373
391345
153205
319008
923398
833734
223723
310311
588814
275083
853437
644342
334116
935435
230417
794820
668626
185334
196225
644103
848792
504136
555977
583447
936137
930347
375
527613
371739
74202
992625
905747
298819
198694
936860
658136
876176
251117
583497
922421
439771
139278
364012
845466
839566
891355
493775
438184
467796
210362
618227
985858
930296
305086
464298
896439
218226
764571
194391
801833
914978
168760
404558
658474
64061
904658
804919
649730
912912
510178
265392
615608
929385
976489
983231
471706
518242
709990
510437
444637
516538
588165
880600
38649
245629
894899
362149
322300
995677
669277
203671
520554
691205
175339
140393
746851
857623
711809
821093
978485
694686
30406
2814
487132
888801
233089
661835
255243
422391
485851
274346
292527
778703
164481
773344
608400
372147
617923
108133
973703
62362
705628
729069
396109
57500
365419
540491
881121
482713
833311
129043
400165
433855
895953
926130
778262
202357
756207
340892
633721
685719
911143
136973
236911
361737
380182
757553
238599
569714
397100
87640
326672
548629
650401
85416
553418
430178
527474
957947
150886
107076
970184
193853
460966
414287
573677
230023
481552
362604
263971
124212
961704
819248
600217
120175
228323
631950
363528
78331
754676
213842
695447
889631
99219
462296
978779
957168
688948
81448
720635
113374
911065
303999
673749
884541
100945
991500
888315
214873
712
103979
727038
869079
835174
834077
289476
776170
796040
211521
893472
181754
274664
47440
467452
426620
595959
25716
761383
793271
881024
188193
491136
96483
734748
366576
150176
104134
2838
2830
905979
709781
64911
879539
827001
870710
371157
991657
761565
537350
213008
795595
92731
578745
8916
419943
539642
213470
276741
360643
7545
195558
396733
123012
478718
992381
800187
342228
114515
926834
114822
753562
800771
261886
853027
636608
180737
307662
808862
945807
579978
561920
277258
278279
104064
913864
847761
336908
857045
496876
902594
84430
657426
520451
589394
703294
606900
802702
302181
432375
507237
827150
942687
165038
132394
525403
814139
548673
298011
391836
779305
297033
647269
147900
31173
639526
628845
478169
281955
275739
397288
617163
862197
917935
440036
472194
374199
346825
225797
311881
689306
618888
600669
459638
489311
862382
13457
458052
204253
145079
762141
789099
159520
2939
670029
820080
719281
335779
148652
376306
987675
23843
20780
756250
629826
291858
449799
543638
364742
658234
273409
625136
782719
83008
207529
390929
276850
200946
561410
759093
360667
3326
82674
565936
425174
806668
159164
353595
567985
946308
300713
625643
661771
791216
929736
85739
363064
933017
138925
675739
380496
13625
742330
943256
384880
248911
262066
429532
225797
772593
157999
938691
847944
87559
177078
757841
551679
121274
154937
684352
681686
572003
671903
963452
951403
200034
604999
60618
680493
542
465054
968485
404887
677161
535756
531502
17362
149064
382419
258419
667771
782020
177737
652905
310283
896399
776353
860489
961944
676760
218564
589219
308911
426275
669587
164780
569846
369243
823330
539213
588400
94439
725187
270612
171962
177704
915549
344
925562
51275
268916
707455
352108
674103
27637
928550
455670
454473
782424
33472
883435
797056
500265
642323
977938
806423
141248
28364
717552
275980
307586
173968
675335
536075
70135
87860
317371
755702
91500
773411
449191
580575
8003
958390
602589
498410
888888
163880
57398
744510
736265
666852
836022
50797
888988
849158
135594
464842
474845
72576
35471
313228
832648
524643
326120
251460
988842
664842
631372
852134
234158
270612
850817
286093
775455
481385
933491
297932
888277
385039
917467
944890
28348
300302
890297
330030
569497
252206
258287
430268
198739
935317
997879
219722
838972
352154
489728
795937
634766
316720
457490
420830
278182
975327
317838
346699
317313
710650
933240
368118
711281
153509
432879
118129
153962
523538
67390
707928
588142
482807
16042
908205
766864
638208
193102
157827
120551
72420
358850
347864
516036
371061
217465
916488
904267
939821
485764
346367
503683
380851
118016
362863
486591
180004
811050
760011
383386
62829
940779
902119
76716
698842
445307
112760
166233
537757
199517
393448
881327
530222
463566
808340
211126
442107
203054
998966
652467
269250
883976
248824
218986
299932
109261
663793
364236
948197
904985
33887
942746
899436
425917
221160
364491
281460
86835
505719
326243
475965
617216
916797
787485
622882
905228
414287
994510
163619
611633
408691
714032
384338
586458
891839
976322
664934
271328
942451
357480
429641
758560
876707
435147
891735
97330
102317
71650
351087
992566
591872
39168
662342
61946
12119
560698
428182
971336
447605
33810
261105
228519
318512
903711
15940
451455
980461
357734
326084
769305
416145
325838
644760
269773
313828
230042
573716
132045
261605
198284
189203
694525
498090
150277
918183
669168
115090
524670
841735
56567
702447
669188
814834
172522
929816
640131
586304
204630
388274
106035
703567
396979
6919
236173
473987
669650
613922
165716
872070
70253
385264
398495
616735
523760
948315
89465
939088
938991
876891
376612
165587
50903
807278
247988
780429
284907
892670
329094
393180
242969
57764
148919
486025
570810
194234
941988
226814
636999
117809
609831
476164
803665
859919
438835
220328
251408
649594
256122
306607
414594
299490
374853
488983
511041
260205
748581
778155
962227
241819
583062
700170
189626
233199
834095
600878
202254
391015
590687
364213
230322
260343
318818
313531
352518
794912
641212
938924
765752
416508
261704
39475
736271
837457
414757
756117
726988
268671
846226
99406
933352
866439
174210
772333
877580
35431
972634
337236
405650
10194
597935
921803
423574
644216
550077
118659
288544
483897
960355
827572
942858
831448
193844
850205
663468
224774
92523
768244
934923
250839
276387
240258
243256
906106
972754
114405
707092
211525
670937
545679
81805
432141
830980
862903
946910
683773
876955
437741
609075
992980
143810
418379
123084
272838
188277
862105
63348
172668
111342
396651
569640
988354
240194
378564
246600
648075
592893
682654
116349
557533
583322
636674
647381
106628
537777
957608
993152
17859
992465
439144
901015
954567
45600
662639
182764
489449
226124
441009
741957
568323
88226
616311
216081
818777
661028
43376
903286
527322
212541
477511
175914
887291
746823
919554
598737
917372
216300
986533
901522
578541
794301
734439
334422
145259
516332
13251
56561
892867
713103
140131
830926
94950
274110
517674
83690
544377
988712
534064
46688
189880
54271
35129
31378
832615
516068
125
679940
610814
62872
274387
480318
812829
236368
232123
215375
488863
521715
596199
272967
602502
865371
115096
419935
162401
139718
664047
523463
231858
589200
268636
299735
613524
245638
339152
658917
928811
827587
489100
336628
339343
233678
448201
693294
303633
740596
962053
933368
397288
909544
124080
513457
741519
714613
137919
356000
67377
46404
764580
385672
674943
955387
185127
290209
604879
310866
549872
724747
172173
348787
888112
36615
731219
12977
925416
540048
238785
917208
816867
260156
324074
837322
412694
971815
613661
565228
625595
221648
194206
273115
562969
914942
734778
978172
288526
954070
484569
291670
243454
412706
208052
743194
690121
712940
552159
322980
866071
22785
352692
503635
287581
492336
758731
52178
766489
289942
648915
803643
874816
334419
438767
543151
172753
362001
965805
184645
760313
961977
538709
959561
18304
116876
915399
26729
123645
921029
858538
936215
25793
863493
761309
753622
988573
727732
307862
96923
373889
469706
962727
436612
952904
67957
255351
382481
400476
206774
501662
710875
632176
46030
444061
598061
940330
403557
153722
905537
349860
940449
61678
869549
568284
90888
446304
621212
381674
583296
600390
697876
658716
265796
380504
68432
181329
170282
402110
971186
810348
552974
906193
35469
468788
220140
752806
226042
798631
781114
920265
178416
562634
401656
427873
994541
419045
743066
581445
284966
33022
924873
110695
301731
230888
675295
909003
471023
621655
753539
659269
601003
422307
183363
625102
975330
643850
502140
488121
195101
613584
182458
379127
561748
67173
985830
500909
470761
581136
653034
760686
971729
200762
145728
273470
975785
408917
394715
817324
307911
530478
661438
415026
504980
970467
96292
386984
835523
258275
167914
136559
162828
12967
47271
395595
180254
101137
539167
605485
59745
447384
738218
941319
941929
227823
370100
242082
147850
664827
317819
339268
770258
942189
225590
79721
707118
804149
628353
915362
420644
687257
229470
985041
820220
132457
536933
37860
812796
747329
589912
56533
284915
249302
395581
190240
419491
218305
413238
237719
8804
171004
746631
115538
973067
104732
520408
644383
298376
130590
259880
75111
816383
265897
173478
314112
560347
538620
195711
494773
158349
422002
658150
25938
30438
583033
219515
407008
653948
610181
896669
175229
242718
87148
774718
350423
33975
658608
138054
113395
299512
330856
315068
478410
852192
742122
774878
69215
565313
293000
568179
775706
342330
985988
873021
1209
378712
300840
456354
175139
696254
463250
8262
336581
510531
854166
515798
995699
51013
225851
923172
807940
926010
495218
153179
416679
638952
37287
16562
15561
895813
688354
373607
387569
201708
476835
868808
310429
316140
228162
593863
411822
607240
83676
704941
117200
519344
970616
894890
371614
604467
609592
268250
749888
547341
663646
470559
425751
91521
302756
483444
565989
281506
871924
368126
323932
55
39666
347313
750837
80392
245246
725871
745733
995906
413221
18745
301340
67093
663939
609814
738871
604158
618825
710102
351716
911928
9263
967592
18815
887440
108827
267077
7587
9552
189176
250902
873135
716121
885450
183097
584948
406082
330056
814082
368627
197424
378201
857810
620886
144551
362193
229727
408883
700776
245131
984684
180454
849977
200172
10857
409953
809135
391050
535690
780480
26917
459638
659387
239876
38497
107426
295788
547358
767082
809985
796076
885624
964045
525394
406532
982172
142616
911933
92224
292596
208820
444535
135932
209059
445092
735465
400477
206300
756934
286049
417291
602271
492557
806207
412874
180737
12505
920615
315315
296574
614984
742843
711571
67248
656289
142076
899929
705253
144940
923855
444826
670203
230872
913034
617819
924849
655192
788613
252197
804298
614336
48332
735232
298998
11017
847649
288808
485163
521739
439308
576392
101368
528990
282313
338849
276428
341943
818324
352014
528781
239337
277739
836252
463922
758267
800532
371833
333685
797956
606515
264008
722755
49001
989142
967677
818211
281736
768537
102079
521655
528428
34965
367097
12070
996784
887926
760445
631148
170125
941362
508094
437783
882759
403797
424953
842085
712137
730328
481441
250912
803882
799116
887660
214522
702821
589178
846567
355334
650826
779765
589677
134669
209808
457570
484942
340325
311982
910623
43477
610658
567324
826279
384749
586721
991629
59476
381484
217130
864817
841891
171256
431979
539327
550265
185114
880296
564037
578480
499736
477929
971974
291890
305294
16483
930976
582670
444683
45468
693998
20561
661369
830160
302450
136964
285624
292050
949294
472075
185405
784700
54555
717593
828695
226558
283754
164974
914218
717385
143490
376381
972042
408625
622177
627924
96156
875211
980113
95443
469168
196464
459175
539345
264780
845605
803666
657874
863779
740067
434811
806706
111045
109319
680954
92389
773128
940007
122059
165869
283637
653579
751555
316649
815431
88119
947363
43165
738220
319523
917613
970585
952771
616650
23665
186818
73624
517867
279499
546129
25522
248127
136811
405173
321225
148935
633854
662267
495810
318901
110979
820369
544141
404258
621175
807698
874215
24290
627129
23902
496198
909718
38319
280654
13262
360762
730818
654955
837414
391004
57577
737803
262951
483160
286152
769388
860253
383058
40803
405152
726650
346622
387257
28370
526182
168801
569587
367977
195267
584721
934752
482216
722293
742843
671319
876028
159436
283289
886826
278468
768541
333521
820152
278963
467821
177704
707811
82218
138888
781349
564381
442413
844432
25246
384147
130625
815834
872540
743872
919092
689809
98514
739123
879457
861635
886904
470595
486041
980464
386346
537110
616361
45546
464354
82907
622751
179769
42331
360922
974799
700000
703940
511837
891177
750106
263495
490340
844708
376423
338484
247448
29507
533312
901902
773567
85191
225728
721980
72869
408735
88413
555242
157235
594903
687642
294517
832761
538397
283336
242242
837271
27331
615386
625245
137829
381864
267111
542845
365301
255488
157787
41599
157739
80427
76137
112415
117023
118768
927509
834378
112431
766365
95343
781517
218696
615991
452081
187050
993388
877259
25467
751408
120940
471026
362800
855566
36209
171685
576717
124487
375454
449312
525882
181098
292277
384376
555989
6636
819318
431845
410835
825972
522702
686970
991338
574448
569497
731460
456711
781962
87852
979987
170334
317669
706048
193521
443636
311415
117578
920797
292210
496567
678801
53840
927742
722561
446310
158251
353584
905899
429726
599479
644548
198575
60359
221012
54394
992286
591653
814116
645735
896551
410046
646766
601664
591738
627428
6748
952135
214391
804255
504145
959722
660529
516616
354101
556756
265996
218986
521508
688815
270139
165321
105509
245460
354508
511137
730200
129984
86114
790180
179891
742515
252609
968250
914197
992772
500517
549546
170421
908791
919167
26009
439899
630395
645506
470390
490218
568523
975330
706864
741679
573804
874693
828695
751417
590277
651149
19086
816953
194143
656511
324929
398873
710955
908577
748714
778500
552011
152334
487211
502051
613867
789868
226582
638336
202371
388109
854214
855661
295224
392679
197742
478071
375979
640963
514426
717009
17402
21016
369917
910576
662299
612733
31980
453254
755679
635783
544409
402044
631907
763329
910617
772500
226469
32910
44441
959117
58700
307287
730060
405079
389046
738184
951619
71843
334255
434426
268704
914381
762964
352354
151082
596723
702354
87446
336860
857236
370161
927422
175057
518290
508773
428588
808549
239038
735899
244526
852222
894314
865097
726373
330137
106261
553741
424442
540632
948526
471976
24179
691119
32921
793075
984459
428879
91491
440305
585653
494628
708271
795937
434039
55291
673466
554278
134887
809448
120894
623286
933718
335566
329368
980871
320601
845368
453862
92293
553520
842722
651512
828476
108412
976455
509286
479062
928803
40584
682694
796678
417987
891492
886554
662389
150696
541988
911000
40208
928626
361295
938654
579941
71781
417174
235194
308127
91990
84584
832762
779651
310460
451312
264907
757554
175443
770512
520566
889777
594425
359132
465275
321419
446072
989006
126522
451627
776935
724747
80876
180412
386775
465979
581092
870191
394828
854128
716345
233041
769118
875950
23510
645210
729051
521245
889777
497206
649394
585425
579507
730352
969147
339983
507613
912975
323984
756614
179918
900389
856307
666455
149807
133708
547968
265908
274908
827410
573721
206643
237057
49021
266948
792055
948118
687745
472140
221718
142758
315698
27369
64180
965380
834488
760612
955151
79461
319446
618491
971690
767710
80168
902783
11577
681104
595285
194976
111154
772742
753607
839403
139062
934721
588760
343560
60464
134894
703397
594091
392120
544732
479312
350598
388752
463831
34107
383386
550872
928067
642108
384368
811543
926111
172485
981063
464303
277908
743569
913915
971441
454851
815236
55528
718560
440843
794014
414536
214628
783990
831892
421545
692316
131182
320636
43389
381482
483364
418223
108379
837087
488737
264511
786893
573853
906772
148906
744393
382011
945303
188057
178370
57730
441700
554758
682841
528723
321262
409674
49737
984345
95091
15987
35052
968603
923307
730159
362540
951222
909312
851436
931038
595715
755968
187613
353652
486615
98011
83395
861261
787469
490985
520534
89462
700696
657766
682581
600445
992070
517137
478787
820221
952464
371353
227196
981714
362908
72854
3021
931358
716566
510290
377075
180434
200886
244705
584217
689010
170787
647581
84118
511041
369590
320125
728417
742356
443013
333818
607393
267183
333900
118532
778229
983419
617077
754038
487241
520738
919600
817281
330328
437685
956256
65273
701609
829472
736213
417317
51614
890151
589222
626052
350521
436139
75747
179596
413300
787275
382570
911728
504409
230722
597516
707359
396395
289632
870423
232125
335652
339114
877840
838079
235099
965282
230474
899986
284139
106641
886114
410893
309991
680599
610786
535013
529922
268998
834646
530919
380060
442215
162754
601188
322192
643298
167195
397410
700042
647216
584604
481412
517861
481806
869500
983805
678754
272686
357257
44581
721622
449179
10516
368556
85640
242871
801996
18068
340758
217398
566323
902720
554371
19485
516020
201604
564801
21308
858
718128
980129
44767
366914
664670
615386
989766
825473
331929
230023
239064
984518
932889
756259
71369
699309
182093
952402
375117
385754
297742
656179
966257
442517
703822
386151
979152
134647
209260
589912
510771
33068
7317
522856
404661
379047
963077
601258
642084
248715
287479
172221
837533
866388
779166
618742
239425
390025
694870
368205
994110
349490
915399
583953
719772
894338
370879
448031
668446
837139
866155
719541
411488
348356
256751
275892
301969
642137
510110
305149
428085
337638
248778
618122
108435
529313
834030
999514
920482
70560
805219
129225
191108
678516
854490
327274
734107
825798
119147
790392
608428
32628
295031
803823
240327
111784
355224
180999
972784
816744
515888
426114
31069
79256
268190
534785
146305
406705
534340
644671
20021
261024
251304
123045
815199
884914
934657
521058
868334
617202
480642
734026
454550
417104
675481
937391
878757
573922
95721
810056
713149
15985
477438
8735
969712
750081
886124
545706
228129
639215
516392
377271
171793
251942
266704
982096
939524
812473
744992
965876
247270
112706
398799
740318
299578
376209
919648
598181
468588
738512
4778
797038
466386
264754
779291
20128
551943
125252
340700
724754
942938
219775
631399
94139
98933
822589
152482
594729
217020
226699
223279
337595
61684
968307
305030
956117
864183
147909
567596
654756
651882
439881
639161
687500
591727
399866
437593
568530
101499
254037
258323
304208
31242
73076
751713
914942
114747
223000
421838
13784
217362
897522
600044
170083
492626
922857
990988
98792
225785
270959
853530
515793
257198
420363
665981
719947
855200
832162
540804
685870
27962
447820
923868
823909
980657
303829
256860
955036
494660
292527
470410
402137
382686
696180
700989
958978
700397
546026
567058
9883
378677
473861
284958
570306
149807
463727
200544
551769
587546
984793
199325
766173
842215
272606
428174
455359
74635
254342
853626
886853
778724
35324
160223
598884
83856
590160
814116
496928
787809
679361
176559
880983
201631
395569
681652
693878
67374
662441
133412
35977
182397
181144
383349
966286
478096
779432
790489
356335
558555
19
963207
724489
955239
588253
490619
708672
502430
917445
658638
160228
689704
18989
238007
550920
540259
504541
251033
332445
811625
884673
974514
238213
270814
627906
207583
143265
666418
665960
17786
412138
944880
165834
65035
258892
631987
786776
540419
942437
267363
876913
392145
354121
243396
869906
531093
67871
159319
341966
782433
927988
437005
863829
987599
334932
128756
366136
279075
413170
799667
860340
153962
51748
332398
293996
921450
133227
175466
829005
629950
272526
243991
780275
494485
741439
216929
534725
309143
516958
669587
883533
923513
473148
388876
386250
284555
351475
937460
169050
837237
90463
158083
725655
874837
486522
260403
295462
112312
408490
801458
310826
338189
906371
268733
527076
580746
432523
867996
771412
175229
100918
947132
565491
824349
547497
9757
131176
373418
4236
627081
85034
389416
939362
138203
66750
679743
442946
668249
547540
845895
312822
146449
117040
710211
199700
24616
829701
348520
717577
871622
525211
599152
778025
854922
495916
550190
4147
342500
200605
926959
152829
787744
178402
409285
133579
95596
456085
221830
479388
965072
67199
972851
184049
649521
422471
557902
927024
473813
747713
215013
912113
433976
520052
347646
34493
505045
807105
406035
545348
299728
671715
973495
868671
796694
635881
4720
5290
154795
234321
179382
972924
642918
266831
206643
783380
189581
350028
343283
384495
425387
123368
926318
186148
269250
167344
121779
740267
321600
572170
363941
630467
848335
499880
454746
908186
294264
43071
342386
608993
227400
700455
426184
147564
993628
877259
456815
509278
690489
844040
724801
650587
921837
885518
818644
504221
550557
278180
824769
216303
695454
44448
353950
723117
79988
875239
746953
876321
489997
686444
996274
602450
189825
910820
92510
601947
959160
923810
379644
184950
605967
680687
378596
411138
644095
856130
313796
363815
423279
855252
883255
710933
422480
435405
250564
389354
519807
143139
719264
793939
880464
112278
616385
870292
195010
156522
285904
746560
138525
694981
973287
657443
964221
66970
290528
95982
650610
898917
719987
980301
978220
236796
925349
883968
519826
340301
946298
760861
551893
373731
585340
64327
116233
797956
901345
793587
687329
495155
900962
411645
90135
469249
751333
150984
594478
45550
668792
556914
838516
227434
167074
536887
653922
399635
715026
736923
460511
629029
710319
542180
522789
413884
605136
617938
286361
150225
995843
295631
711017
720437
273634
820561
235748
869654
943824
318777
493615
620076
762095
709447
926481
164863
87167
294010
765167
674011
814402
279344
955847
348663
505386
683525
383691
518994
38619
667364
726039
359555
441244
279104
548658
973548
303615
10242
986207
657567
173945
888258
391796
738796
42966
101688
425093
300158
97106
432761
747808
13421
776030
124678
160196
389316
687395
852270
705983
985939
475933
242364
878556
500591
865557
84307
714016
303147
92015
225340
27555
98103
755425
922200
273685
115090
868479
509408
306651
950246
270462
377273
489083
124199
521980
119111
199219
363851
193881
213008
550492
54688
910632
761089
272017
554150
478726
692893
149590
977343
342198
263952
417425
776900
903784
962942
372785
373510
556571
275558
416508
63287
289729
108245
611115
137943
191199
661234
846680
244328
459356
558025
695287
225872
409896
828473
405422
941264
507403
435337
308880
550872
17859
287513
647072
80773
937834
512664
471349
769320
252787
444795
133325
490013
27550
983597
565755
659530
932619
669226
137679
794484
521650
998826
933683
530585
789931
880196
839553
339936
522659
785731
902211
287266
217378
74236
540014
96407
658135
342268
467370
988029
635727
248656
813176
722276
881520
989988
920192
985637
678313
212938
347864
919259
126383
469443
891160
626520
273371
542324
181724
925712
546209
155531
565569
607019
133215
716766
237671
96728
998977
497140
126015
323984
651202
331674
680191
560230
965841
316993
998323
399135
255603
749988
987476
897742
81885
542411
602325
914365
762067
545061
486654
976198
822337
842366
510508
48256
507139
811550
172385
218717
897506
44642
71915
656047
421366
203113
695248
880548
671059
276752
42295
690432
19292
238088
339454
340216
137130
870098
262645
583459
413963
773481
613868
879159
510347
720525
732341
535883
794235
680631
506675
404068
198661
915576
158205
166656
454132
999005
745047
783788
746105
13020
83561
175192
525919
890530
582456
676960
405632
136544
679908
869498
405492
629700
489522
870353
861297
787215
5962
258740
567416
443978
503458
968960
751678
665317
191450
24960
644646
443003
705273
958804
759897
609280
701843
483161
220823
618256
261032
531449
549631
46992
571109
349629
789030
851903
317990
755968
662556
963948
133884
566714
859755
800000
194482
948561
944045
237615
159889
868121
395556
895946
817955
672511
875137
994802
134793
373488
999026
754721
953960
35082
698233
784573
472758
63688
347157
227019
663420
863383
161756
50694
61946
941778
187760
487339
116562
381534
633299
798783
575014
783376
961583
370292
677081
645306
845959
675458
452978
72098
70175
143252
650359
605826
563592
169351
695824
891174
1427
812847
548933
83821
292049
375944
331488
288077
369569
155668
176200
82846
806845
826227
913720
780283
982203
928109
944385
924825
462759
790716
34213
377609
411846
46388
903222
804619
595640
136782
610414
150413
536111
330740
252429
673269
781637
909407
863358
990442
362358
496901
732649
43017
351687
102398
670696
259776
937142
603164
718443
690552
480955
160241
817489
864599
571262
100198
250340
280288
517968
519241
540665
192585
930354
6074
568377
82332
541855
475515
722942
593111
737249
514305
622385
582165
358014
560105
67374
555336
405216
254896
806850
116995
276089
840778
783406
656571
138025
384459
243537
706038
89242
144138
235723
562553
510022
135997
452493
511937
111978
292527
935947
823335
722276
865505
559495
523994
29278
644519
172283
968793
14744
399928
993912
936940
193706
185541
404854
364365
786790
64725
892352
640289
353337
128782
626834
594317
431219
519056
758894
225007
222388
80625
499551
794883
562495
519293
961726
838315
211838
23397
226879
461415
979987
130190
876432
283637
259842
793030
407495
944673
469997
29159
343120
124817
188437
378074
235975
700253
254466
519082
121780
159251
12658
956611
982251
394091
870688
344211
641987
588871
280121
183354
159806
985261
159878
860786
760198
689196
302029
264777
481361
946924
108505
955174
473543
826716
333145
635228
767627
381831
735106
626464
978312
84843
519683
248134
285296
490803
265196
117015
788063
555651
882223
819928
833513
832100
831670
279275
889626
975684
653565
140867
786675
326397
535200
388125
316391
353496
481541
839154
360881
127974
144240
203962
631260
816797
475971
357902
709296
49001
354121
922264
861503
641035
361044
798973
591150
116935
557526
755149
206625
688406
346501
328673
311566
883372
959445
346589
345909
964203
298047
181230
347156
153550
670128
570347
957168
16850
287391
820316
148146
581145
950347
347529
149296
848126
684843
434819
98192
329345
443028
705922
167802
529460
522512
488608
929205
579588
300178
872111
40685
636597
253567
690611
728029
410059
747996
350294
923387
518731
345768
703391
631590
59081
721657
209679
971847
721112
871190
206280
762687
709130
13983
558656
498679
586809
603901
993150
487971
87402
895054
126062
335494
519281
73936
241179
324966
338819
473425
560937
514445
270813
705109
551989
498523
257898
251682
47709
629372
893386
139988
935710
675739
212375
674587
575531
376602
532566
764644
811083
371033
282313
241803
124063
766728
986781
973895
312621
679863
696322
50521
323984
772825
396386
537097
384014
903229
66120
826628
695278
875395
485642
96629
85121
798725
235541
422456
982659
998739
391469
641267
427975
898540
786692
887846
246576
258598
24942
578541
469234
397364
318464
256262
693778
270334
560501
586332
250326
736702
704261
58473
421289
976904
103442
815354
160610
136634
566917
883867
382102
107987
205772
277409
773046
828987
41252
628676
27641
222827
646165
616324
419391
70813
277195
381543
489286
426349
49950
707654
914346
871790
207738
809253
895066
323454
825445
161933
761984
473635
348660
358556
722749
996491
269763
623834
613871
256833
676318
375107
14596
308749
628515
640508
145221
19743
940132
318573
896074
558758
356161
563894
206071
628700
29702
894271
936208
295115
302391
130481
448654
636140
525040
358152
983684
593830
752371
360432
348433
633470
656510
855252
247137
161797
931901
660708
445319
271225
824623
782056
924666
784346
369903
799426
564993
66004
526882
779293
308203
86946
808804
512690
288290
719055
17824
32181
701862
68507
44450
921679
792470
307376
527977
409024
564019
401337
321407
735861
962942
438670
788977
893086
162012
932593
370186
444502
418934
715248
300203
882893
517780
960993
581171
550554
323930
673966
724950
174242
466898
702022
971929
113376
979005
678787
509630
774120
634187
12531
233708
99041
757713
654377
242747
580253
854279
457751
179507
244259
17138
903546
496763
14014
558170
117135
137074
1548
188917
759946
240093
785321
630349
962356
569345
240133
367427
326008
506710
420942
928083
604245
796172
146246
8107
589941
330411
428592
281075
747996
919092
52986
297436
620030
899532
93415
870178
368818
736427
609792
856185
901539
286743
288919
404703
200886
77296
912678
968250
782272
473291
881749
552725
125395
183218
159227
544314
361883
686797
126294
795738
359247
703649
304824
746441
365595
799955
619806
165868
799592
701136
357588
345313
430165
94304
926221
164652
855312
550792
151351
575014
985188
11533
816930
571362
456849
316081
588866
650991
520580
190538
968980
681364
375106
303259
390786
527928
399816
496121
868777
404273
181497
740789
912121
646962
912898
987941
88571
413220
661897
24990
118470
157841
203542
456024
15848
160827
235559
245462
758622
544000
34226
702219
175010
783348
230239
985449
921825
191610
188547
564035
67305
203750
606603
123040
80789
250842
315109
446896
299621
507169
501311
123606
86637
754820
769128
219255
384576
137090
460321
515657
686462
403933
953095
752591
690364
585595
992746
574531
679483
425827
721656
598984
67452
691587
675209
793336
957618
922486
469307
372706
458270
166291
784733
283075
610801
267155
654040
465090
157459
117682
192290
145752
87770
625245
893497
615608
350124
685852
655753
632711
534283
797483
970963
596879
457610
930475
174381
69554
747608
914587
593164
432578
31863
978933
484466
429504
801526
137302
669525
477387
248716
328324
206131
246064
690345
749314
138985
950118
412356
466185
206782
829699
161262
915525
503683
539192
867046
557086
461083
496229
468997
83587
765009
479106
42238
86898
363770
597857
292331
139433
499471
932209
90097
64681
928251
933639
726536
401681
664381
258413
333737
888824
487994
231092
502756
907665
706551
567259
413097
894095
190701
220292
743635
7317
63390
899683
841398
24179
776741
268954
896514
948598
58716
820875
680496
370841
651556
762147
166183
844675
264127
25509
585820
771505
100289
29482
800058
541954
104694
942972
690655
643402
957774
136544
872620
405487
713839
939860
612384
835748
611456
802236
747283
849562
907678
650342
946261
656938
979142
87088
528819
186698
871825
873731
905747
370879
928312
671928
405475
683034
261032
480020
396123
147067
187463
760859
405100
921892
903773
676270
524356
610442
537731
143967
266113
939195
821139
232699
867018
683098
413944
844997
275815
287779
740878
641679
854586
395766
252124
647782
903360
172220
539205
730334
560443
221387
794254
93091
713954
260601
368436
261580
138036
976820
947489
839873
376579
237613
154962
232780
907135
990985
906535
505987
348760
889035
454409
670469
161450
242467
493774
781673
184975
848058
473811
42996
906619
637742
158207
450478
517927
778126
620105
598273
415569
512817
13074
95175
948118
880716
729254
119025
975343
979420
225143
917791
29229
351687
34965
429520
532251
931925
426489
238295
193315
180206
765694
763308
542090
490663
842579
442735
56311
82338
247678
896674
205194
234305
46203
443435
919034
739123
751187
780068
707447
899630
744410
431140
922557
890922
745566
174210
397644
846873
596256
109798
