337855
293193
520442
873872
625261
775184
140479
786957
823800
831797
977151
263163
267116
825774
341938
647973
953917
248771
85183
971029
849597
541772
578663
343309
163609
659794
993607
400802
506903
735180
653908
104437
426581
100354
577178
290078
492993
875098
625433
495200
320438
779675
156976
731008
987708
12152
940662
444597
531010
265209
699132
148817
50161
75320
518864
267815
379128
779642
174488
336677
331669
772163
335713
691118
800201
262045
374772
695882
148705
98623
178919
801651
299193
693207
612003
402100
408321
984043
262770
381132
846515
824315
757618
801048
118625
726669
825337
218207
964724
31094
741981
898643
531995
482162
987272
103201
593938
952497
594182
476752
427714
599670
286689
632808
303418
270350
570472
43986
571541
930230
977991
407734
86376
470034
826496
520845
334060
385070
632849
227168
148119
638270
909579
198207
560803
689691
892616
942923
528901
409021
674254
932106
752553
591255
535579
813253
627828
993854
131816
232387
88108
425026
119165
588126
44645
553376
222365
4565
382169
578240
123585
853597
92987
110337
821235
811253
69482
964470
143618
693549
695235
233575
633814
561888
983818
217701
159746
736282
493972
563841
335336
878513
648861
319773
913110
960918
990764
262148
130536
709160
656065
597713
857027
296616
790396
237833
557668
98347
384542
357152
144229
256265
941150
92400
990935
807061
591623
598620
292168
623009
762574
152408
684402
540570
835717
809862
68511
623263
249147
732759
110417
413628
978643
142317
281330
422697
296259
842069
599230
511328
819736
755026
278295
795341
22224
37518
798681
764110
984002
933054
166698
672002
994891
294546
490289
591507
672475
841545
821926
687158
129186
80545
625676
718103
319130
347608
872694
71672
740092
689744
28224
546691
166722
539893
726984
347621
149050
665270
648821
29757
615386
54789
770635
287229
853978
711230
154804
870720
238161
965892
328892
788104
835348
265462
174309
974048
357532
464984
859676
983391
776809
695360
876382
168379
893942
739543
288372
439750
985070
298353
678879
159735
990513
330955
665750
430451
17511
552978
45927
486031
342821
743409
443288
352444
207381
761985
64581
924693
231048
703833
816597
437746
801538
934197
339904
849208
13567
335137
554354
994724
616558
358731
984680
561353
668363
995806
102324
798271
26168
85212
497063
78032
73764
625115
359385
309398
812469
860068
352738
617678
164894
418116
765407
779244
663715
11475
955713
507093
167442
838031
445821
300286
453518
401965
772266
489389
515114
570948
478752
772514
714859
414490
286923
37875
269120
933959
613081
846830
649345
208669
443736
610696
546684
551524
319834
899656
521489
850544
802245
902220
772558
329292
930047
406079
647436
742901
295708
812387
115266
402903
168846
465513
877312
781304
704039
800147
614072
61742
494191
931483
840404
475431
85141
635200
722081
211763
806272
95057
958741
859413
604441
973955
143858
98528
801856
408321
240538
191156
910636
632262
177721
489173
175240
888964
9259
520245
923310
815273
164214
529908
641307
642974
292588
107189
458308
508867
195094
589910
164068
846876
688908
413263
574230
861850
927317
842047
630359
744235
353211
710711
473395
824527
300239
124762
409953
23219
232907
324444
428510
152073
503692
467183
535458
136170
853381
978787
28059
437404
128765
665433
976987
509625
408647
802912
851189
335885
922453
522692
728240
563749
986029
13363
386292
916511
240058
150828
770564
672677
630715
215804
146335
528389
24209
547471
746256
720866
355723
524383
864984
433841
280881
81495
932860
451111
893489
170305
88883
978008
31081
726855
728687
492717
588773
192646
318233
792000
321862
681100
147376
260704
278682
846973
988424
918775
220540
867125
651524
680602
870809
477337
527685
983788
910923
264778
338004
114598
47517
586533
4012
48846
422353
673008
804517
287009
727921
126898
375133
22027
365172
642108
993164
543756
722391
967281
74332
765043
456466
586804
389446
566144
507750
777901
979368
187285
593063
221613
520411
274454
880629
600584
251804
648181
280160
379540
106185
689250
614817
281289
255116
315597
939424
735813
965195
147836
381205
492046
52848
814159
424603
554743
938069
228293
865327
862726
190337
270783
988622
466621
156768
485841
169299
874461
393510
940962
598766
309185
439403
516507
20533
409940
521380
997723
923997
398817
613345
393842
639187
731037
448267
698544
630338
787839
898521
847764
635648
412339
47104
60688
786904
128804
692531
650106
70173
250065
883634
532344
331566
325197
430402
966494
192089
396506
775888
394072
501974
524332
437587
391473
923700
118768
26995
402352
904744
648116
251735
982750
124513
499822
281323
228777
752972
807368
172521
750640
461630
589041
260099
243346
496329
138792
715029
720323
275709
208547
499570
771225
160670
236818
417383
962822
889929
476194
586655
83178
354680
477348
268872
382713
477457
513353
89823
52426
435190
672838
284279
358963
937217
364985
14202
699945
936776
344108
472688
328980
940430
492976
779997
609114
962602
274798
593017
16161
142155
931120
869241
823787
776527
301826
22206
214363
187235
873303
743879
406406
645968
463101
510003
827477
447142
903160
228449
544979
751222
260830
494206
654246
720328
875667
659913
548084
35349
593715
803756
227758
523405
577708
863893
658835
692196
789951
474634
225791
911243
827093
773153
218954
802850
357152
508907
932986
995490
797561
118852
370564
290166
664473
385597
931499
621906
641307
484526
555689
435051
205310
584473
304545
671717
82111
169113
626436
619982
611753
119709
440321
557113
567514
825433
992551
812006
548169
780061
78873
105170
91571
662174
413327
209236
361920
915445
344778
140102
541857
787732
624284
305294
634573
362138
224038
299581
826348
436040
712787
799794
12905
850430
758010
431538
823504
924977
450864
550671
516471
748199
313487
88783
44443
521948
220748
687218
265609
290208
645553
826065
866815
117597
800327
539676
761176
816529
450339
596321
723487
110174
380425
785127
585404
187982
492457
136808
864677
55161
739397
730503
234698
48997
333980
511218
890913
379328
856994
178452
526699
807237
433048
374765
1302
21464
986536
896797
766040
66868
439077
873001
595455
8144
842069
593833
487010
199113
136935
530384
81442
345390
607836
896663
868375
386184
745405
793697
768129
172838
483396
454951
126194
232649
268854
986909
222178
70115
604809
223144
99029
957260
744333
215173
384988
319837
38991
310631
137147
177554
963190
593781
53520
851404
722904
68879
445767
257071
897245
488266
179215
261992
38403
968724
880398
64841
757896
738426
799794
433130
579557
279384
563825
671988
678450
841878
929486
302958
225581
424629
231909
136799
705517
73278
825298
334886
849218
400291
906235
455026
961146
934579
678487
45395
373218
279166
635310
612716
951386
819118
129548
162677
804143
754115
731984
353275
177332
87
862785
572267
751136
352628
316686
743659
623942
794449
64845
84169
572650
859932
613534
323806
684873
561226
954981
219469
306468
899125
152606
312501
84135
875222
43803
791770
308674
515928
799418
566541
85481
464735
842914
653166
625919
549639
623194
173944
585613
201637
468675
702785
375561
497477
822326
630950
827569
398296
666118
143529
758358
615907
561942
631030
747632
382342
90692
167672
977028
290727
955655
301746
487470
841878
356990
268443
323689
508210
494570
410615
847135
14764
35059
656203
869893
326133
935328
984212
414625
871524
576973
956833
218490
657309
835157
462866
925070
556011
766236
78860
146652
213313
160698
936884
352914
398138
162765
73083
408289
44438
269638
223086
474946
392628
143046
593824
799150
608201
546857
164777
157854
410814
989939
847229
973188
718780
498686
517114
579269
987149
980308
908588
837987
364790
660837
242296
606028
62125
277838
916129
108513
147155
775622
443636
668485
997912
559032
453686
885551
567263
195777
394334
735879
709062
207792
46644
114478
670827
78753
64683
547248
982165
170656
390108
866209
599865
871104
964688
225569
710547
640253
260827
826698
560225
968562
546638
620318
763676
457402
127711
59361
80925
603284
240133
723325
91202
286838
415373
757743
268753
173254
821099
302733
733346
168373
734857
706174
44172
334217
721867
579057
878886
896369
155131
155983
927506
493947
991534
662232
508750
315294
278764
324152
433328
885648
461035
328281
201888
922702
21610
872644
396409
4564
353713
56036
838589
813151
25856
477619
77870
127801
29616
838888
425276
919969
468122
696921
135203
902114
406002
971297
768563
877218
402926
112561
756655
662543
532122
605275
333113
331990
777387
471489
738873
599811
481284
739120
64908
303077
790179
927363
895620
572160
222125
111880
635809
458528
143043
738210
498167
730004
580359
756384
368748
348279
521139
555497
840503
783585
485051
744007
572595
763676
495727
661365
246319
979278
561134
448907
382452
433652
196405
54702
425967
157273
447142
231574
721429
733099
746372
208262
398402
7437
620860
216549
803806
379611
870290
727092
164534
883797
295581
33737
834072
48488
680792
696925
3820
931820
453307
755933
145174
529624
856605
175743
125865
838491
866908
696402
474930
988286
378289
191856
264276
41033
8174
483444
595626
538692
569162
65847
693995
725148
368580
979347
844384
770678
594522
850466
587205
316190
822150
185872
470575
521951
882578
307961
779012
907948
292636
57579
281264
764621
306252
865053
629118
461813
201793
783781
309845
348280
595531
435652
985672
236617
581339
670959
445681
514104
610850
257802
655710
329647
262948
321768
70942
818270
400746
263448
762408
400491
8376
830811
416291
885719
392727
718225
601156
489332
765158
712282
584856
334370
859291
926146
570970
650142
392331
235351
896240
786844
408476
657667
764531
824377
267988
658726
584850
143496
308557
152148
560811
99708
396505
505576
424798
610695
237728
486891
719953
654769
830436
800234
548218
614163
744935
139754
869976
436092
374232
996482
981858
428501
378601
560827
116164
477050
261000
788960
98805
944304
484387
836623
403548
518378
98658
523796
486439
729930
30628
942526
774078
497610
407757
691396
531198
861160
913041
794829
634148
993667
169502
924859
878582
879663
784670
951388
648600
339610
408605
12481
640338
823102
987062
12816
164834
692202
664282
210151
270608
481191
820729
950680
216747
253978
76548
55224
328319
550684
281913
300635
206302
844147
818999
547643
41909
859144
3666
670055
919901
275144
601775
806223
321538
673432
165376
751688
549034
792899
430343
588479
811055
475974
281345
569907
884064
287960
449064
632980
221788
929460
148263
915576
232945
928656
118004
834216
981004
587000
879425
817580
404162
675413
445825
379611
391970
478218
576371
67768
189008
646796
646507
819261
247536
352964
994913
259747
841204
877656
980435
909935
416364
947962
509401
204580
753307
861000
873645
376649
858991
79164
570847
801816
180910
265268
460709
638402
502666
143801
447292
608523
454266
216487
819880
430700
603457
610531
323019
912381
829922
562811
293756
74794
962407
645968
678693
388047
280670
330312
618908
418035
649654
554937
403655
585930
453361
852757
369968
920239
332850
956696
982681
84741
599893
640128
142869
431923
838031
434826
886208
465897
13849
975381
617700
342118
730882
302979
602011
278212
780230
844058
395251
374118
753680
757392
526850
128281
771668
955055
949970
714519
829170
796879
68239
491646
866350
244598
502996
857841
781014
616108
741873
108754
270314
230787
968687
535208
433701
376370
560248
735523
148251
778866
856274
783920
580921
51089
894606
397482
332601
36244
611687
837824
188891
646635
502633
868771
156108
155331
9719
804375
806351
652685
157590
104050
114022
566792
749807
965488
148330
367407
230590
747326
665457
892608
414255
367270
199039
718535
89393
853030
747703
843120
878293
419763
807177
407203
916637
105517
231222
388543
38557
357052
491890
963734
324257
978260
819050
465156
428897
312926
582184
266576
631771
574752
871475
244637
993793
390680
511025
87467
138454
308673
975265
787309
761381
675730
813817
735407
896325
204124
18945
541524
537374
563442
530669
728283
662868
446113
971595
348311
744275
412117
63072
664838
477846
841722
423412
189065
4061
556958
659281
473906
327279
42659
688908
849657
770150
212525
883414
737443
610474
996087
111502
447622
549113
745781
767781
98763
401216
227662
832145
881904
763731
110315
338529
953568
549817
458530
90901
155916
290628
144226
539343
883763
690591
856860
952834
546321
999180
447006
732109
156437
306284
863779
569209
34550
533988
900019
296312
309760
103415
173214
561224
23927
86167
123996
616516
51488
520428
324025
153775
227286
413961
803026
296856
814513
612025
819172
586212
375095
844478
566792
29868
714221
141443
379053
893557
398152
244302
947596
183230
244358
127998
261988
493528
750356
318202
807366
712219
790729
545831
326338
131957
938710
12041
326621
706693
316656
383182
284995
47481
963029
352060
619552
471257
638663
857793
242154
627297
425466
983551
679476
27252
531708
844756
84728
174052
442872
435817
658580
271177
591066
455635
673540
426305
481804
358284
696715
747397
751009
5151
67306
477461
461662
86578
181503
536570
28797
748444
596507
951758
180881
509123
397580
812263
254198
830771
734086
617542
315291
491480
611666
259697
576809
782226
677184
220871
496785
198603
242495
737712
284801
205241
271471
156158
121375
635048
910236
213569
516125
296920
535002
483531
497824
417044
564717
998440
773050
185102
544189
591354
169770
516508
351899
776111
39609
73011
181913
873067
293882
806790
919100
175673
73104
441964
523228
933837
359925
120043
485451
600201
947687
411916
767178
297583
557420
642421
328084
155582
555264
823722
828605
884965
645441
102572
248146
53183
222574
348702
100610
373627
611352
35505
871873
543799
81952
545702
415189
541115
706703
686996
383555
769003
956124
476851
609051
35361
301411
766856
412286
398696
138056
983789
200406
265837
359444
504274
472044
438056
793528
658890
179421
498152
398829
72260
754992
436227
303418
225763
99464
212630
605309
342693
870186
29656
816619
135409
933751
92180
374652
254763
920809
230101
799807
110973
83971
479531
730969
36245
46130
75666
897788
232192
775601
52438
872716
621109
369651
112074
47420
169078
505521
43508
47765
384962
931880
640283
707308
960991
392034
617654
196170
111215
198696
387625
254329
243358
935219
812746
277538
844723
509123
671203
766391
561753
16671
475149
310384
34801
536631
649025
44160
381196
836148
454540
799062
457085
964389
669307
813702
109942
125119
319983
541898
454662
350782
703134
482318
98228
141600
626436
467259
44438
493248
172923
213807
343715
46206
837153
30810
716507
18616
799400
46358
443587
311767
964288
589612
48315
377401
575391
356341
68150
939162
235932
269175
994036
209098
348518
407340
566489
769511
615475
738685
571047
722956
933963
680651
277313
790741
940497
671821
162495
739454
133524
124659
392835
663605
22819
21912
180831
296124
143592
359210
382672
544579
8624
108772
590390
529019
131561
958548
857581
161331
623942
727119
561450
388825
546321
115265
473668
917679
315116
568400
357561
604604
261754
195055
823934
962625
433605
98728
768058
858721
440767
17776
477153
922783
21954
917117
870398
69051
769317
291286
668069
699782
629092
292385
879232
443487
223573
880518
146837
635823
495710
198459
317887
196355
838000
902663
498117
482718
579606
711045
981782
824965
142191
118114
674952
791573
199861
123365
79411
729596
310777
470119
37842
56359
434147
395007
299581
246111
692704
152853
924212
150760
425369
769442
749742
897456
360763
952518
582860
469635
724230
261539
545046
927892
724839
214146
548966
156073
74888
737292
759378
443131
536836
377317
364344
715065
620994
440608
519201
715586
798326
386729
869897
13002
377449
202295
58016
998789
275273
579194
890417
194561
457767
371497
738301
251527
492604
242416
473013
141626
241545
799049
888489
926742
744913
788288
995176
521232
634058
724730
722245
544176
166531
161760
121051
809826
912162
815418
853623
914214
984736
710272
885507
99594
416309
42913
419938
640889
108274
626328
891756
68584
186756
228100
124323
429690
624663
722876
245697
595824
367730
868253
620991
324369
80480
227617
736814
146595
554182
456746
392670
352951
384585
486703
632809
18492
911445
13913
866432
773257
682207
720693
823598
269334
743563
502217
69615
848627
366589
314550
644541
802683
54155
41190
328980
588875
810266
144381
382423
431549
593559
177343
275795
227505
818830
36311
744235
480235
906478
248146
42964
914688
614103
898712
109195
827102
569623
763649
451888
890074
889657
43681
654769
703790
188363
991453
43035
129838
53140
10168
932175
579594
974784
873415
134203
486293
259196
401175
571061
804049
242101
21742
36512
610474
745284
885476
583653
555879
47112
722294
832779
397578
573411
154550
531926
329399
932358
835348
812121
154733
43798
168666
375452
987085
925146
980110
69800
261598
973874
750931
263012
434187
478004
483444
912395
665623
936610
103415
226570
590764
897154
928058
89854
259524
24146
119903
553715
651366
348036
682044
829390
721475
676172
125237
447965
865458
52406
458374
881593
999826
456968
956068
12470
590997
304281
848034
717711
55995
717209
290614
767305
929760
720873
575450
328706
792260
338937
149490
489294
807080
305897
138263
566006
615109
642991
371872
796848
62801
115780
439162
462525
778045
174246
410663
482537
482297
254164
506488
822681
38006
119522
100105
79063
288063
339461
234641
844802
765603
100343
972533
645819
465871
856407
66337
472665
632474
32242
889689
838790
27742
31746
370262
909261
951826
895828
933548
833928
953740
94290
892972
221259
526565
813709
998096
928604
431973
685787
584691
32651
454703
632774
634096
264994
38838
605343
262752
762263
848468
580459
841124
250388
154098
715586
769894
194691
229938
347172
534630
191178
931819
46783
661161
561985
329831
947933
973617
931583
194437
761655
693346
991494
797652
833875
180521
334674
514202
419683
760332
665837
408321
533023
569647
191624
961409
948586
299764
950522
455158
327014
276982
290516
172423
371073
230828
486589
591386
913651
92981
462720
870618
928325
485446
694927
894666
423603
593235
613594
764698
937052
509401
131312
204066
240933
182944
964581
834069
227818
801186
201457
944765
802701
473055
114865
632980
902913
185599
561378
762507
756512
102172
337507
404853
301103
783317
916633
722960
181780
193748
30846
907954
949858
891593
516379
998282
84073
393562
422261
961545
594412
912447
880005
829294
160224
417382
895591
974392
231114
854800
267567
547844
686690
544176
355450
679032
966176
177132
14458
66185
36022
255614
307579
243371
404308
717773
604294
425577
839996
697448
451414
537757
814715
298975
553141
752313
438820
865257
745378
914602
276787
631596
263061
197829
192775
894585
152429
448351
579163
540766
779772
238035
853849
494741
472588
590500
638715
366258
27574
662726
968536
553683
719357
640856
857567
575597
992007
782769
751271
169711
647421
301375
435472
411493
250005
406014
307257
646870
855850
355710
626763
824907
775172
922697
194758
481853
891155
891377
583565
98000
704393
474738
170753
17794
919685
479446
235041
184726
475604
892463
49730
42874
461209
337937
473218
999639
287370
775549
517114
675677
19226
197783
938304
843922
205686
682812
825931
657678
613352
249994
623194
364903
364497
822732
681794
369211
18934
103853
875673
942071
160988
328965
750584
958865
340315
630740
410435
378178
573281
647468
579650
704335
528485
792612
100797
595405
611078
322943
186602
978246
871921
573259
295255
546701
66007
585864
403713
996067
305897
926986
979755
929298
443782
447621
380133
195526
4485
395983
591132
821778
143645
3347
608246
98394
279114
272974
438425
344969
884262
448143
976750
829714
389318
667835
467623
478458
761750
792010
366570
767510
334481
603018
770021
732527
411252
7199
413951
385185
17105
958997
379540
985982
852397
154185
943459
997247
811943
894507
983116
228139
603966
990825
269398
479666
68993
41053
71790
874425
661384
449312
69204
252973
889091
835951
992034
107143
948025
615765
864651
339653
46403
809565
272842
845336
42894
254096
289017
178342
909003
185609
970842
141544
694567
842742
482841
685852
734487
331561
711011
631610
608831
968675
352840
685393
484651
771579
439155
765797
258116
217799
673427
42100
553274
321334
547646
142678
235373
689145
50050
255657
340180
348499
458829
811073
979177
270307
444340
757534
301236
452738
66229
108249
974286
926529
95817
182091
544890
870333
471004
352330
737523
42884
687457
340177
852847
793034
411132
785056
46414
976655
620898
139185
71513
366792
264114
458087
511520
570801
400496
45342
288513
598947
695415
171849
657295
311471
139246
111027
194930
128709
887393
603467
221079
116999
41781
733444
868908
14281
7136
816816
331171
825578
385082
485055
435693
235159
367332
514103
111884
717573
247267
425810
461630
41423
474373
320438
758884
736344
319412
370450
155158
784899
362503
165103
12073
796074
599015
457371
837152
254330
222575
961582
785835
323738
48123
142489
902797
529658
432586
613468
116424
916006
22435
579057
528185
52867
674855
923015
654101
31642
277036
806445
819172
377313
618935
849497
892976
430758
202601
714922
893369
564929
309044
467613
247539
483513
435929
597102
913892
220411
3130
151579
824743
368913
736656
898520
197596
557179
683492
809319
848987
525813
65859
928236
944232
848895
26126
667793
543005
809312
443854
926604
967646
362356
388869
183740
611102
934873
933293
405674
328872
368072
744513
17670
290185
502111
767379
324926
994268
488025
909871
279013
335367
208674
494337
857017
109394
560131
891648
572837
961618
35529
469780
685394
904149
850720
801769
994094
685256
182876
265518
970685
508846
968895
363164
467619
760097
971915
609927
964558
676953
869398
947533
23768
124051
8271
478942
652213
909376
501911
988957
143453
666479
601581
73948
680905
577196
537870
281104
508414
452553
896574
571856
194606
479568
966388
861441
952824
214036
539079
410896
463670
278796
809185
255686
18153
684477
301867
33048
880949
578775
479784
143306
703986
177095
466281
935825
607859
647468
900643
970717
639127
374352
808964
539808
960876
409914
391836
441734
125399
938732
877225
402616
851742
969981
716739
333497
666893
753922
899989
350585
629946
622322
351726
138607
477351
135275
752635
606458
646792
149375
175856
27221
773557
319719
511775
589996
712354
469556
279662
235229
525458
522893
207381
475794
410709
716991
729522
696590
964824
641867
634737
862234
703207
650974
316931
82158
909796
429856
36662
962763
669838
733692
789564
273932
880197
770838
140512
912850
141019
944583
659411
524020
767162
32058
76875
261836
531487
922642
613075
338156
42665
977694
435954
348483
738921
993382
999153
148293
738830
938040
211600
255842
688509
215806
788713
619139
380708
497812
560565
75047
571775
465639
892549
670276
921299
943232
846598
84657
664683
490796
513145
541410
449808
739902
527612
61154
647551
172494
930724
438349
858627
53183
790602
112909
500552
502510
297969
300034
892629
852263
959352
574685
189253
585114
963817
842129
834940
281059
734698
236494
635964
849845
973890
61085
611720
214437
872644
991215
804625
130838
995023
117083
140603
561704
119039
627799
931661
389589
812062
496564
62087
378393
23032
785774
356446
231404
744014
514511
776534
464358
829443
474577
272980
401857
462939
171193
502331
952827
366002
719346
991884
647947
102895
551965
672623
976196
82557
812154
983962
596654
919217
84987
946128
51617
882129
73041
572991
997757
946607
713871
590976
298360
24405
206476
662394
505338
878695
944848
726195
62406
770682
390555
800449
601316
734939
608886
471369
219458
748399
530559
774470
571148
134841
974219
490996
855711
394031
210705
190674
655734
837623
473532
364522
982601
597287
637777
51639
696346
430997
446743
3315
445821
273393
180878
786264
671116
528144
406767
3867
764235
754383
491401
517279
382720
881482
722093
765654
117853
751273
110463
602596
927743
993164
510003
868036
52986
367104
642629
372
178498
886940
899252
628807
902093
726149
132804
503660
736525
369910
837996
229762
286482
579958
730615
790051
653662
991238
230227
436155
884192
177332
516319
945646
463769
876211
165396
617978
625907
300545
83339
559658
973614
608835
324983
526185
392782
3734
588126
519679
277485
940002
216487
531251
266299
660557
546139
867493
962475
79301
611167
188536
423607
136073
562454
783077
151300
404662
274717
66091
517114
300142
287263
778779
910063
875875
423720
882899
458688
443843
121038
38652
448449
32732
884996
455153
583479
943624
484178
253168
949227
887603
588745
490044
923167
115071
614053
771483
129587
34294
501984
86439
374739
451691
249088
274147
733024
880534
431189
361260
409282
333323
184008
228478
37626
446213
331517
399711
239264
377120
47875
422434
335813
246438
596294
439258
238649
220982
993127
237004
829698
61977
975500
369942
821860
18074
80480
743929
240535
820476
75921
154647
291489
549312
474793
334658
491517
946613
642463
595129
765322
176125
815261
453059
433737
582712
368850
411332
540371
137005
326488
863273
231878
156108
50482
706306
701513
961796
797391
146976
133532
810219
443590
427221
573223
719187
893954
694182
881507
685980
412188
877949
653769
301726
724230
443067
667517
836439
925133
67148
92854
205809
262478
756879
479272
601062
49360
194292
836500
518243
83451
204250
711070
257117
530319
331114
97763
88131
327035
118248
706362
744869
777461
63072
293904
441892
676160
259421
443232
335514
291864
906386
429770
907903
718779
3058
806848
54476
429670
571085
81564
297320
48658
538017
285473
431567
878916
552845
278673
147322
783077
405534
466621
862915
222256
569190
523558
740260
682763
332355
652035
114338
312329
703152
828552
276654
737387
86443
932094
866777
14147
331993
968166
804120
880796
783098
713658
159243
175434
4573
440092
25409
538967
629056
231917
905412
295938
190563
859282
797430
746317
840897
776641
523047
660714
149771
342431
447916
882332
256050
131320
174181
354720
844926
672920
428165
484007
217455
293343
948726
149118
97092
580711
882566
459427
980440
489542
332237
577904
147738
823722
901888
779000
253914
73149
40131
117657
204593
598733
269337
467886
701974
818473
286408
725438
17583
967129
182668
113579
979288
899090
560614
775052
929104
287102
780293
447186
658970
973808
70218
790127
541459
450439
352206
475630
724035
450920
717877
849426
703532
44253
492019
244038
905480
579947
575930
25688
947190
600452
327279
297387
271155
922178
558210
860019
663073
139480
947625
868036
323537
190700
766171
984708
745499
385680
169299
791159
749821
86394
380522
919433
297032
14281
978130
170999
992720
74057
503377
824842
990260
81227
900581
72487
791266
405050
939246
410605
113895
528857
347367
444007
386817
296248
307484
125906
976303
510508
737521
409528
673680
568263
151525
952540
38061
539618
900175
889894
687412
780291
980110
570094
833663
379530
639535
796619
107714
300899
808997
842181
409542
781412
266584
380086
314294
471193
481503
654226
59822
771312
158017
392579
117056
407313
468102
696849
960017
239500
957070
307781
791936
512544
970072
605255
23985
722864
12871
192644
647625
976548
149205
620526
626689
225587
258507
925077
991218
495151
971417
89711
818211
118940
686211
696798
272638
365233
176596
924774
725254
540978
112469
153562
584439
957446
59016
771067
536552
810368
997507
732981
286414
203674
435937
725038
705114
871311
463089
932326
823892
419749
160917
139891
509443
289104
819119
189832
530937
303045
742149
202872
857499
115454
295780
160264
723638
124740
595073
127806
706561
768786
849488
928286
97687
619861
908215
591808
283819
327095
952691
636447
821073
854268
910086
81284
263254
447621
186458
960820
837470
996032
657916
817887
423205
733277
545479
432206
655676
622174
776193
303689
877574
508072
163293
825142
758750
877840
814472
229869
820997
264592
894875
613652
903882
733136
866216
857110
580812
504805
255080
932097
140030
335115
331939
231381
150416
510725
253704
400898
271601
738603
570033
734939
120809
408059
518641
44040
446595
939752
826867
956929
401165
902935
586443
658548
157803
208177
820552
122234
777310
855774
505238
744866
992127
851894
719146
620534
491746
610476
79466
960538
660999
181669
70219
519413
973616
427039
877629
744568
882447
60680
20561
728102
275511
67682
62922
70474
37238
58925
133337
632717
818350
456466
576155
488630
312083
520690
963106
303019
216224
421736
817289
534512
558954
628852
587517
322327
917514
800091
843625
777120
635934
605765
902422
164588
55905
900870
443429
587074
553376
112717
194994
89216
915893
882588
762445
897451
505649
673074
337045
171059
955823
552171
328836
812506
625750
457522
983726
906856
346808
488036
405925
490434
519327
814984
5992
670684
263012
613088
645618
13601
994314
41087
175731
536550
183698
218738
575156
542442
422053
361528
56075
714564
332755
168894
233371
30828
591098
631554
410615
652314
263028
380290
894894
912548
880331
230309
644093
240088
931880
857554
763168
888906
535314
105070
123611
515959
75368
749776
465571
864782
982461
846506
796319
870006
384335
142452
405178
716681
696223
41494
227590
323585
218931
643200
234759
622576
178563
591
407707
678388
205669
634965
774005
31746
103547
616865
476863
429449
337778
725915
188606
723386
235773
559108
896076
118339
507112
16323
523887
241662
948957
3401
428738
805749
680469
488630
137985
139085
827014
168632
492143
620269
419572
423658
676614
570709
702551
694407
518714
758976
42297
803430
626448
615953
271014
712960
990108
940714
764132
909383
9272
3855
823711
491690
860385
155080
484231
993542
316829
70928
115408
658424
412511
367035
740623
978007
622386
935629
516764
938506
698364
98359
127937
290515
493202
17560
936928
595295
992420
849090
739711
424693
847891
785194
283882
352612
36494
675395
709878
21084
692277
739457
764987
291534
138919
627328
969794
165346
404510
746915
614040
17016
587645
888050
356188
218830
681301
893699
655391
453349
918850
987667
619745
129238
559435
942083
818901
221757
476633
99440
605853
275158
276393
945346
972492
541635
197304
62509
447466
115733
482154
521836
447142
807387
564569
424603
791408
115702
533830
646228
265773
660215
551814
749960
437970
742861
375873
402847
238528
620246
119454
110358
762317
25820
889657
663653
457010
189694
323259
762855
640182
384694
74636
531668
489315
164272
488240
286171
338030
256733
383263
130114
725296
358937
843932
353646
760873
804528
324120
533050
724392
636262
883769
585138
328882
718008
518461
851224
671599
444007
582006
336076
244968
392042
644468
714899
221088
720313
330379
288169
753314
833390
508060
767568
798929
596606
558514
694591
126192
982384
414161
487942
124386
64601
732263
441876
530652
436937
385977
623052
720189
997177
746742
756022
555784
292208
472171
913688
314203
494716
341365
638270
904495
379183
256292
33363
503490
447795
100908
84826
393833
126038
863492
239125
202491
615244
450799
793156
63872
575151
737074
953855
493424
666550
128758
871346
765292
464984
714940
713420
595091
430410
925076
553723
234073
855157
413857
153333
854788
30042
140630
930396
648098
359725
305049
859600
163303
944394
296492
495403
143926
162819
66630
92500
416415
205310
708406
388586
33304
402183
56286
170924
996589
770582
804401
453262
471407
702261
117062
443857
288405
562308
993509
731241
107624
533360
156969
171325
244
980600
743246
182730
256114
470724
337914
94968
87694
643572
977367
203064
652867
648172
948603
385838
804946
924354
514403
890179
493124
620776
462686
700392
521032
69517
443180
702785
902026
781541
368588
799703
633795
560344
390833
132152
598517
576629
556310
940675
833341
481109
141901
284837
50921
35968
194565
533037
649455
57228
28688
779989
310700
480571
748032
201774
664082
620346
550393
683501
464330
91135
965892
43714
504613
690120
262629
221197
994657
642379
150609
355048
547518
851786
686986
962311
864800
265008
870689
31551
205182
299488
201089
359348
67257
32304
328918
704
134773
436809
716870
648157
469519
891366
833102
934335
255796
404288
419954
443810
517954
765552
338024
995486
15095
103914
745838
32703
177333
564081
855038
391595
279151
595073
947729
419933
293654
91351
969362
693915
321737
895688
394334
118899
433244
672368
295576
190281
679993
398115
686172
101937
381054
870333
527596
43614
768809
247043
40274
132719
370019
64101
446134
216695
153362
805799
375136
104829
264940
301997
255757
22491
160659
524963
191876
227198
189522
206625
47112
584927
226796
816818
713471
403430
193881
271161
192542
427571
247632
341005
823104
80905
747524
523239
191708
628505
940517
565819
475084
817581
437982
771991
716888
692966
164269
562823
925821
875855
961644
775889
544770
914029
177564
161345
382204
496281
678754
552862
210033
260160
543495
53909
439166
864443
860127
593875
252052
262410
57011
401055
198534
24544
386839
823012
837837
771109
927692
717580
842356
305807
525800
572221
724148
43482
642165
296956
844433
122414
580084
22385
688422
38006
905327
192207
762410
433055
86209
800331
725128
6042
184056
666970
530891
294170
706843
590075
136484
692217
51224
159515
996732
140689
557113
111737
516364
103827
504745
282407
740698
340140
868263
880152
792631
884708
730261
919759
273337
429009
730976
182012
884004
625236
632486
442910
867699
831967
518355
859382
824819
372978
715934
638224
39958
557562
773812
999526
976287
98561
875535
536503
33317
862453
297531
184153
418301
135255
550039
203583
709659
540363
682540
60512
128707
292523
589584
679748
979907
44217
494191
640202
934290
473674
651009
691749
921440
849817
71114
806063
588676
486116
837780
280973
143638
449767
201542
158401
837426
926949
474354
920579
267256
305242
249528
503191
529035
450092
334215
163062
753024
294641
673644
309760
598484
295172
486520
942869
965718
29107
880739
916885
232933
598583
260401
541584
557376
800482
989879
528896
53015
819880
466203
522956
26033
554869
413961
535290
553695
415
290840
193422
439612
228318
206625
928239
247602
816795
397930
891993
658512
216529
288548
890062
578252
16501
870369
627565
93979
640126
199625
603720
751136
756664
274171
625538
698817
571425
236597
392516
232103
882987
890161
525324
90812
534400
175434
786090
163926
446356
6066
241494
101750
212513
750196
170654
22474
247510
136849
639569
336146
997913
442082
22353
246887
124056
270133
428778
680816
904739
452701
732139
388524
22686
562802
620996
440567
246062
726992
93924
642786
56075
412594
139171
115133
161713
211485
911221
931074
691881
637876
567702
591017
716780
875839
991971
508984
695659
536535
161657
924173
634844
727227
890706
610676
279950
723905
989964
95864
864029
968895
300578
149375
911408
791610
433718
205314
563535
739711
286125
979684
723227
235429
106332
317492
892745
548607
103134
106620
569058
563813
878217
255606
55432
891100
696227
206083
376440
592066
595314
927863
64588
252696
124053
288811
563924
578944
144167
174229
308207
833269
548780
978
465605
613498
939183
267469
442297
357060
227773
597238
700555
519610
136245
749716
988991
405287
228913
964830
586429
452027
93512
808166
369566
454893
996338
764655
984267
711551
854693
40260
213888
78304
595626
502118
891517
380362
79982
178884
227751
816625
434443
331736
374805
199389
351310
319657
508203
618117
988426
970008
89422
769575
368275
576010
980989
250904
66991
150744
581593
823476
714701
200169
508285
866516
89065
421312
429706
115798
421185
217961
776193
59189
765654
73373
397248
86168
824581
774719
336925
975014
144736
794637
144243
788558
899261
508786
394060
518378
340702
379343
83058
894156
708551
71155
374334
369066
168595
783309
454442
990510
759308
995673
644078
822183
933864
713918
677759
689411
542586
448277
816252
920314
845872
83863
585883
311006
459953
831029
370691
145949
724392
304232
43301
715574
727482
689401
412475
14041
1363
999820
589294
234890
48121
884382
982461
494461
599590
72100
476404
765691
857949
945458
783622
412391
253930
484898
544915
977667
341849
765503
288519
57299
882431
194594
752277
247188
895161
946419
346553
402666
441783
176220
571910
866415
306000
972121
957773
300979
293243
13258
461952
504087
713152
87672
880534
30810
324283
3307
172064
792527
52337
798698
196961
247825
783551
406467
924256
123628
838725
421799
579581
361013
952996
940076
336426
624207
671681
830449
982490
982450
424089
946436
21620
498777
513706
831867
319324
286914
968385
298053
5690
741835
156767
925269
690567
320775
259471
845463
899783
839659
746330
45018
107974
99150
984148
412517
622016
229426
97630
334799
288179
28592
715898
842837
791190
133470
36211
682958
426957
681467
460561
430874
996312
951826
106482
494902
233171
315433
709388
398503
543378
254211
82869
640860
612317
256088
63929
694937
737888
985381
647153
448357
469750
300716
722633
873938
183612
232891
763133
400827
570802
234250
447183
842189
594934
178728
988352
901658
146608
314371
659027
568518
192347
595844
615852
449372
129258
153204
242123
23564
832433
770362
278252
414035
792715
683649
625836
264912
382987
73052
706843
26766
647590
732502
746152
808252
665123
62876
891342
839099
396475
47571
257884
81363
750518
829072
432640
260833
377415
39633
534613
835246
460112
130787
853138
290223
978481
52195
433336
337344
954997
646818
679264
600694
742512
954413
224477
209465
861909
55030
962015
731738
642262
857595
601594
536347
791799
276752
777251
344272
747899
449485
783618
244838
976963
78217
803047
526921
454639
328281
536824
360397
940196
162737
618442
45057
752263
82956
893607
383566
628243
455532
570948
331128
494101
846958
959793
380417
339063
305513
98787
288039
943976
803062
365794
439052
97089
922281
875716
23434
3249
585271
29238
505075
63038
65525
244272
276348
934523
755741
862507
412783
259265
529304
270795
27533
177584
859062
993842
44104
908076
329731
780903
905228
672558
422423
776731
147305
87676
286368
913466
422824
139880
274858
689509
517605
756048
210447
511749
423229
602009
552776
683123
659982
35006
176508
118286
465037
573074
24970
236864
743511
270142
136300
180255
484038
368056
539896
890714
793020
534568
834175
89622
113383
371219
159107
492796
716626
747373
195933
223203
986593
905678
813523
602645
189664
242780
148982
871590
379515
214894
184339
657411
959295
255057
427797
136463
339170
426883
839250
812218
370355
279007
309162
276506
684522
368337
912819
753900
527310
519465
547846
923700
616482
560634
984307
931247
941492
937496
426562
887908
791403
338148
756983
193482
548934
651723
868738
887636
556809
402159
926492
787965
943360
678532
938490
371087
509364
15629
354963
119710
745405
871232
367746
69902
160550
802912
316660
548434
56036
89815
648287
901752
292168
86627
817149
41882
353538
986896
860370
937081
339303
999191
305257
151283
138616
241354
506493
892000
492427
762292
186204
470131
926647
119150
639522
775085
379225
743487
456972
184361
904598
679751
355439
809793
318989
942438
592023
7242
725761
665457
548572
277635
265137
255141
159223
890915
47774
449076
197698
410095
411431
231939
386006
510614
956510
66356
363227
616903
49332
738277
366943
483142
449058
880798
553411
615519
900842
956269
682784
717407
138696
804504
694989
191646
743462
518439
598196
716218
957204
898508
399927
534102
8476
428591
710548
462062
124879
782811
713964
696588
177662
954459
162123
196690
463421
190642
258029
844143
949944
48470
479339
91633
620343
563556
950746
516393
998743
712345
752212
715898
56099
527699
934196
331149
957879
843670
129424
421034
957142
463950
640421
580549
143874
398483
778315
557135
15936
48772
958455
972947
752890
65428
979388
247842
259265
998478
979214
341816
444648
330412
461709
304531
428430
249493
14113
903064
970336
513301
435744
16986
864182
574975
289027
762262
48537
37542
916838
19607
333922
501920
909024
438771
32741
643906
822939
299488
196472
932437
708754
151983
445039
738052
3850
80828
801412
69706
415433
244549
130127
810017
1439
399988
89009
419747
44487
511522
557932
792388
49586
991151
641108
816637
70933
408240
918007
209436
833755
95817
662468
567479
379963
704629
611121
780239
28846
288436
819326
139451
259056
399508
452253
572257
751515
630351
863579
824485
402406
649077
272303
688197
187078
592941
403675
546516
122768
620196
775878
485416
305598
912276
965139
942970
254705
111763
780428
80237
662976
910095
655826
775625
648447
889226
889382
89458
45284
485227
65292
762100
102895
600875
787041
380577
127461
152542
654448
196405
352071
988579
116578
78180
364048
467799
745518
952649
249486
976439
106072
516471
933562
947161
261598
547149
8158
53273
828424
476634
147733
630223
810659
481776
469570
645270
67710
828564
8724
339182
590304
190827
953886
491863
973087
578829
511215
90171
207186
721673
661242
494770
735736
439501
522287
186917
113211
158536
365565
855775
262735
431118
478227
374196
253839
853899
336203
768580
476039
187520
674330
971764
417352
482138
511094
156256
336859
545949
106445
918748
682675
809931
619360
5092
979025
357532
682346
728579
285905
669775
62166
99711
490400
117856
161824
189363
831232
301338
773847
155805
799140
498212
194960
874765
348240
34451
978374
788725
159003
658870
247792
494260
7082
497042
365898
96633
662769
150554
375084
309072
118868
447926
902026
765197
729576
674037
597431
158829
200030
873455
53030
721259
806290
537675
24917
262264
219005
994692
865379
715790
792510
367033
88402
603682
164370
370101
794617
933987
263753
243369
696288
105928
930996
369063
53183
205669
420361
127434
717990
938481
928789
739142
662455
570574
274370
737165
386578
368429
246754
780312
571613
669789
773829
668363
735000
202871
823816
548730
974075
166614
294633
669957
113964
849114
921084
630142
406836
143935
384758
504265
820790
245068
65480
314237
554760
526182
140364
203092
902834
270764
285911
979814
169302
722948
725704
214768
94004
642153
732638
190355
959083
109404
719600
484047
103922
310445
161713
363606
170647
160146
175663
612222
548147
344759
682020
116190
917638
860619
601951
982346
81776
715615
442190
122268
804639
971667
694494
161316
413865
641442
246843
424277
387207
515105
221088
729057
960500
164005
632577
148640
953994
677092
292921
305132
239595
893062
969911
655709
128583
440716
9221
750914
745910
448225
312699
914644
870588
73545
472137
853422
833324
524008
659272
103187
803188
229776
541202
949473
862903
198295
809776
263381
577599
99767
958020
879351
333262
562536
851845
837177
587867
971229
667881
750356
321116
223482
134829
257428
406576
358385
964245
489959
293566
933548
526613
183556
857734
354509
279898
245535
939654
215853
640654
434696
273804
187263
574052
429313
156048
628204
97078
515552
580457
448529
786337
136963
286822
256074
731588
599435
115815
65090
650469
862422
709532
669536
484984
376699
686379
965156
247552
742106
774049
704490
857498
985510
838369
499428
156976
420239
421607
625802
277779
292469
466608
570703
27762
869240
58176
888896
493448
310370
709993
953810
465502
640146
424074
27273
34382
908646
335871
300995
687717
928937
683155
767256
173361
583866
664473
481448
173254
640341
712064
969047
681948
847499
533242
644375
747047
320003
282012
881718
643258
767568
667007
125541
655081
901824
196525
982418
622096
967792
127727
665834
416620
654156
564506
916129
489365
296368
945637
676543
481908
611363
228769
270507
648810
634896
183991
127383
328965
804035
893410
845670
776788
141586
100372
835157
206413
652417
831930
313879
618259
328882
617076
676846
631439
264083
717116
15093
487587
855740
122543
273283
267142
920983
496929
580632
173786
48419
520002
569209
674433
873288
982570
957261
548595
948695
373204
168975
694995
806172
763585
696752
228390
9944
790079
420270
518623
200005
593348
987776
744935
133581
532162
750239
39513
744612
205902
349865
181787
286426
409328
918700
851393
225054
46740
540282
333087
101851
7255
786599
173571
662023
615907
947923
748160
423334
235078
639226
827457
669926
449953
954347
747545
247853
813973
333454
237873
163652
975381
611529
271467
586231
757687
624283
851296
367944
513545
32178
439346
876490
900059
556737
992034
664427
395751
544323
933011
216078
718685
232939
766772
466988
398498
846730
538501
588663
745781
240029
950877
5576
931543
294146
648694
69202
712985
606552
310046
461705
744407
899687
750522
745826
588649
977430
111734
404070
650197
148209
518831
70838
820253
872959
333480
520690
894041
496125
353660
557569
804577
919189
858630
940967
683050
510005
657161
869759
3448
589197
962187
770804
630284
62831
879333
516265
513621
510737
83245
36621
167871
153069
732511
135039
414897
948356
57479
527340
592531
845805
461620
934435
765129
785502
810966
185876
568782
918005
917613
799400
510311
962026
176023
51404
894920
802099
992648
937844
738278
655148
690565
618169
982499
727972
574296
742662
12107
869010
866785
225110
623493
829388
176347
957604
746859
292762
72725
685558
782732
562536
508901
557082
438980
160618
493466
738685
193735
136849
847953
645937
862903
774976
363843
46484
456969
216779
145439
190225
30492
65378
864128
473434
287100
687867
376278
118594
918077
944765
432421
299529
799180
368421
836445
760246
911485
38385
260830
566107
798249
316515
52276
837438
826269
237004
322576
986576
679727
563723
48104
920480
163519
529667
660836
960690
939432
210312
907526
339221
482421
828008
121153
910779
856760
103533
385755
163699
624681
594144
919629
619001
541887
136834
816873
766531
423981
337450
999657
182102
954016
815033
71374
100090
684292
744275
529995
326621
122793
780839
176214
344784
954561
373981
450103
430167
348114
417417
847068
686176
325662
7004
736032
973952
501093
512669
290030
491570
849597
230715
665604
784786
452941
541450
579206
211328
556830
163263
696423
809937
940386
265918
114408
183243
46853
866431
970072
716982
517605
533395
402281
8804
242400
797501
879007
469464
303528
369148
480940
190970
119387
738568
547597
635797
578592
738542
191907
650090
883677
100219
875850
524634
531905
458059
709730
291406
120689
200636
794116
28774
897743
4180
847229
212898
395865
70649
680673
908391
624577
240207
327864
559098
978495
496557
111136
477237
770748
161032
990514
200273
810676
496344
369241
705310
742557
856706
31953
601615
100696
400657
681512
99420
767175
539840
323454
263499
732523
460887
408872
127434
157665
76314
313581
602328
730810
290973
506444
924054
795316
88736
780873
929576
159274
517732
622640
478062
876055
547278
631895
923168
661043
403956
265250
385616
509380
621291
328032
417534
333416
433727
309655
27576
599134
757427
687671
604530
716009
623616
294873
532512
105882
175681
749708
829207
280787
71744
173413
399708
479330
225126
568144
504389
381175
246353
450410
394032
79974
184661
108287
248146
543767
487115
685292
393764
735396
219231
102421
370411
392557
876631
108115
163412
380624
686094
126970
817480
905123
355452
42445
663874
396601
491356
994873
807733
271531
150828
489659
954812
241237
685165
59159
399733
174365
110942
465118
767574
541018
821456
54702
607355
894189
473948
120753
217401
155970
861897
688362
823261
225585
221046
988246
951428
926385
311531
440706
854006
554173
494021
526884
171490
892532
299693
77933
451929
917904
733906
750279
735281
580670
896406
368331
143258
178583
577941
400658
227751
867181
699534
478793
917104
648050
62383
414698
973230
894314
447428
406944
373251
769080
38783
758442
755676
23768
186496
656641
499498
315933
662661
537177
418774
305544
397353
657315
205555
480247
807900
472050
12470
335275
829949
195258
568654
163674
663540
294250
797141
974070
355162
925872
441116
760136
339829
946977
835688
538685
918316
549330
424841
74031
991962
764026
878759
900582
768042
177549
982273
228788
961713
979236
20631
607886
627252
248504
364800
32363
118079
233300
993379
864612
809363
603045
987638
875758
866342
671885
426668
922144
816910
411213
368682
970672
372572
256587
778057
224088
60827
766156
140620
844737
470783
393288
406831
537714
171315
855387
607301
88592
246748
703606
877117
408574
957956
196052
2632
391584
877084
67899
262366
578691
208798
54847
253085
654732
900878
275653
830801
185351
584635
513594
634878
81148
396682
395228
632240
638034
919305
779278
348675
255188
258683
179527
660419
12039
576487
828256
678672
257514
373888
887463
463338
906027
127184
468139
862933
142549
188852
255765
774071
80721
277214
63564
28571
780428
326388
38164
973193
61268
747144
913976
5690
544132
113401
974706
653901
962346
472317
467612
333130
475794
151346
321626
301243
23030
541193
220133
169652
308934
745474
462301
824675
11895
766130
667610
82557
17934
772875
357085
708730
236381
740454
612203
130115
351585
258572
827490
88558
101257
291511
25296
819024
153349
598299
681951
416293
574488
610800
61073
113593
32804
579214
988138
704545
719411
287397
321943
594522
945562
429046
802109
279825
986571
44628
791624
59317
928496
824985
885185
705302
293469
325652
871115
522672
46259
445634
65061
662448
949901
296731
246514
94453
437008
618622
458307
68504
390082
393192
843488
915142
470783
859570
774
95466
596408
901365
860926
786313
112029
141415
196693
965468
452903
97763
983071
454903
723631
691979
456545
869398
388978
514890
259362
461342
887964
919968
235314
445933
270023
175059
551029
464233
417985
124272
386305
810508
598600
144261
758912
59700
176480
117457
208574
753095
649139
133859
636624
225416
964872
513065
452430
278989
157936
148839
629344
461497
758171
892940
822960
920537
454660
23975
847144
904685
814352
469574
211832
810432
361981
620343
969334
626749
270433
369085
400570
227424
558580
912346
428948
914002
980242
545062
546033
733025
581058
276336
727471
995370
75320
503955
447145
169567
311384
598942
897829
190898
870740
481168
644114
559572
988021
513070
423497
106139
667858
817161
974151
153528
352483
891019
10801
681430
395252
970520
699367
593133
281266
175280
557225
572636
409189
801694
785049
807708
911108
118350
380633
396138
827487
386541
713536
652120
850272
254096
744610
251426
824728
257042
158167
894682
92987
108377
808578
891728
895570
691704
284224
940090
101702
446159
757660
582319
812708
476783
997170
943775
936709
742380
767401
832319
226070
736980
76035
113547
279456
139562
260404
5674
849497
42768
406803
429834
97133
275144
1056
37678
775620
234353
899392
380353
816056
250963
28673
515248
420647
586100
613620
769047
36793
614699
649530
6239
267273
902655
652479
392237
19994
657171
850248
959179
917370
963029
198097
893491
762101
611785
587889
207758
441468
102587
500790
417406
311192
291328
348555
407327
948403
178413
684699
845597
344655
444128
985707
910632
721840
588049
476644
903547
971903
800047
615430
129885
401226
285088
317957
590492
71440
519465
995142
741540
296999
874894
297407
167570
107571
707428
421747
505868
128853
79280
339440
271303
968619
33167
251577
830027
503917
791047
480509
683859
434655
171049
549642
429138
974020
568005
576222
129538
64255
848930
389708
387670
488765
282990
155406
417075
823800
861503
739841
246621
498127
115938
259785
677265
67398
369144
138148
191944
861547
238608
567808
86470
1970
231553
760978
118716
318202
404750
550581
300813
839742
854377
345365
980292
327785
951141
599944
435295
679222
260500
163985
243281
846455
192514
291066
300723
375908
744606
22476
487939
505104
713120
614024
897465
919377
140715
233141
933551
759514
65712
614776
844428
897511
259899
150473
808485
774124
645873
789945
923700
183856
153552
190711
476460
794956
37062
6099
827881
184264
434040
533004
442987
898193
301450
977784
559597
935190
366486
790451
454228
913029
929362
389299
95390
115585
609693
244637
397492
799117
631390
423119
717348
79546
701396
249101
405651
385771
187053
754294
296489
974532
579815
583435
398476
229762
948256
246982
998725
300024
149050
903492
976746
635450
787418
176665
363532
936342
260892
520354
559793
507680
991543
38355
303244
538197
905388
24023
337575
2321
841644
376773
899315
157399
552054
580226
424293
777267
845372
408559
212061
961366
932962
885121
101528
885400
868564
967578
246275
907582
517599
395986
416670
298668
344616
452253
735792
307455
73312
607859
916244
503619
66975
657285
108180
81685
940284
845499
199873
502409
718755
392660
472418
288567
134569
412469
148188
904495
920888
649622
107165
17604
723943
122437
967448
463103
337945
625700
401569
404949
426710
42768
754115
954785
957329
495661
685063
953855
432162
56586
144441
61335
475478
227862
396141
879327
617316
478757
95199
127790
657517
888624
863923
702917
869604
441187
905543
931941
568094
742786
661433
343783
844446
971154
50669
170369
338680
885656
648287
370048
768499
859667
541996
959930
317723
478413
840053
838888
832172
523330
51639
818575
309124
186375
641728
589703
449988
641659
530841
403999
153664
757427
772067
144753
636468
217501
845087
593777
238168
805158
74082
469687
975599
337436
261227
506527
682559
177737
505795
81960
215612
554352
216942
59361
786476
316196
791047
782647
188415
825992
976514
827696
6001
954209
694534
23957
616843
847164
575044
61904
773438
481941
421544
953599
401091
47972
137650
661207
402698
63114
31739
683635
15843
358731
930927
483493
212242
411019
148084
876490
556755
836546
392612
694007
894361
109297
153355
282790
841513
385805
49446
342420
305104
501484
348526
945054
739469
30394
326282
692028
576722
357487
955554
544449
556815
717036
999917
246549
469924
44271
93052
151377
325338
992449
76952
144060
227515
118263
615266
399211
719508
520570
684017
60507
429717
121881
150681
976062
241883
569910
404717
789967
948045
829853
279465
569682
770423
294435
547110
151476
455253
454800
887296
230675
240374
4455
667832
331366
925721
694135
301518
965252
241757
666700
819647
918418
250134
178663
49850
215969
701697
594324
373866
162869
943434
98644
748883
257157
956518
184816
719941
694095
544315
645185
705963
673858
910652
959976
23260
865994
946422
571980
945520
969383
605405
472326
296467
443050
366818
740901
126770
880221
476882
901189
203416
628086
369505
362851
636317
675285
738973
976521
423715
262010
968513
806841
440438
619416
183744
614339
332347
565536
48189
462382
530897
500136
149649
317151
88999
506598
319385
322529
104521
263157
865257
90189
6552
121915
545238
9651
213200
200163
685327
356058
292678
733308
57301
48906
31326
42891
602830
666865
145207
149416
898228
586624
792720
560248
435175
804756
555966
305407
848468
935493
724045
676204
416822
531905
434865
300273
981628
814279
227455
9940
592555
466434
153586
943648
939888
308917
840290
983880
834304
2799
323593
468988
516165
973594
28873
636437
683462
669641
872204
904191
1516
836560
876017
469520
619264
38693
97183
208267
495647
564148
63172
381346
116195
406481
767880
665644
12138
880836
598636
908746
280734
301433
399275
127808
68626
329874
463507
655871
902137
534874
959256
763373
565527
324939
161219
443017
727790
191427
576619
700499
250207
34950
139364
781461
529620
233228
351447
744300
452289
351313
362289
728245
652325
946793
918271
711188
892512
941054
19330
677508
464737
782474
724134
261438
133392
94739
369189
519486
798077
882952
927723
400310
820980
506760
342231
969597
249584
553980
438821
517267
637009
535899
763712
859415
183575
581380
654230
140597
411586
233181
336265
566288
328974
781283
647615
641330
292165
204072
897992
448782
940928
222577
434421
345247
416288
739775
26553
451432
120063
16470
89622
809248
355131
423229
718533
506903
684409
999583
873128
599672
534572
564042
674021
972927
966645
903115
280265
104478
22152
192096
826269
489055
533866
569080
265617
362187
340865
885338
756982
844163
189063
831829
834
559779
366494
300191
344434
781673
808539
862498
926315
240380
496446
58253
505399
124794
198250
220658
780986
432823
947861
109835
246945
108505
335810
213930
617226
397148
179180
408862
591432
354320
460106
654487
220775
417075
148467
259382
445896
545004
805136
11328
350403
652473
594534
121088
359679
171049
831339
573331
845703
567473
169054
912353
715748
805691
45158
930438
145579
707526
44454
113386
533395
552851
979821
660505
762431
380434
284926
588571
401315
496471
433459
188505
676599
607868
960292
176636
994891
99251
217142
782410
517215
275377
147757
682958
824332
532772
976337
93897
264887
677101
474946
163629
635894
444300
587469
185308
928179
215396
461763
450615
339768
978710
33045
778868
851800
766627
664855
957878
384135
540266
351431
548802
689107
72285
915186
774491
878054
921476
285938
522375
471176
815132
906814
926483
874979
677834
747861
285314
207471
190197
812218
7874
996020
306652
283300
816902
532909
226303
420541
17776
135581
971267
190002
52748
869911
879021
679492
619393
304908
278949
117869
101913
960030
498686
5169
372166
335552
840884
392311
866722
28039
496369
402034
267449
229334
108059
434046
750398
910768
112501
129480
112696
801728
202594
21237
169823
792852
276049
488260
4426
566373
961084
103922
675605
142549
383303
846050
43810
348961
596761
853029
927922
84858
34997
517552
257035
938490
582049
744407
680496
225578
693850
847418
132872
422745
93035
573347
571487
998523
729260
419241
635260
123365
99730
494192
648999
783229
684330
691931
446743
645193
835864
538668
303138
663787
733222
879425
753922
93552
560234
778425
251071
157394
58726
274631
90466
557904
510263
182488
659427
829516
343720
224125
177098
522219
939432
478741
220070
903547
815618
585372
697448
433922
787126
442634
533175
771624
339588
691265
265082
713224
180004
462813
673028
989809
577933
185610
528378
855334
991263
677429
318730
32496
258788
421588
815411
388204
249626
26998
343075
976908
494523
191952
825127
163907
209821
230631
600329
947259
89014
1879
450764
259379
43051
356069
830771
555410
114941
568421
648497
111565
520280
103805
751179
645806
505502
697944
520053
685002
236074
773165
67993
777805
381086
891644
176997
300437
605554
147296
249427
775707
879305
480518
872564
915061
780921
833721
206931
328882
746034
144829
252696
844763
203288
961582
371632
252730
36039
223739
246282
452430
572792
438642
989084
598161
909272
341429
948180
800072
709221
412848
690291
575655
274447
661632
22778
641902
446515
195772
270790
343805
581178
294460
385914
115284
211785
944016
490774
377641
493332
484452
52449
849208
319168
285819
183210
497569
816670
757887
905359
130345
568558
511958
209351
421210
325336
389909
255049
168510
362878
353873
427951
587497
503769
643849
343720
220183
295469
583814
19775
200188
136848
24514
862470
703393
403551
536652
858270
401710
101687
247617
682947
291373
292220
636958
223899
615953
510005
270031
49297
179801
144753
954476
160398
683859
41887
971229
414917
242481
827454
687061
329683
624729
765939
912444
859188
528754
148345
315634
983129
219171
385050
280881
991233
987793
722046
948487
677011
413966
393349
765433
61712
581516
327828
451993
436206
513090
456989
121657
594449
240228
218698
473916
559816
61023
565903
413983
349896
555738
24619
429353
944530
319084
91560
393479
942709
804890
235005
173038
943508
223124
289786
700146
372808
452763
213335
408803
986743
858202
386476
895182
26171
105517
901888
385841
415944
293537
130072
184985
974186
157731
119936
931493
482235
990811
565313
126516
116405
463029
958044
280327
932476
436068
875450
785434
755053
297318
582062
968828
683509
876846
617858
169237
695227
738174
220775
917058
350482
465500
499640
46844
447227
182066
507975
2464
555643
607225
839381
312613
318085
840128
738392
495526
836955
477424
85271
864669
632236
934370
668537
61196
463856
409609
860286
180255
102287
135695
8066
283483
424863
3584
495026
64214
157948
232586
822637
136656
686958
878027
628873
147749
922522
325984
117125
576870
364762
682404
496302
80497
963532
476315
391267
965800
505047
428713
259345
35812
299474
341103
401520
620043
804043
867162
84274
940791
580295
720195
452022
310188
930746
678252
151900
810010
764698
485080
193938
338148
841513
533050
576192
688397
354526
544785
487166
703374
223628
790739
145203
734150
788087
101355
749494
293796
299490
874769
422771
591054
570847
551000
339415
681422
154191
130285
370741
877692
150920
550308
977878
460887
752917
13171
501920
653801
932300
113070
959885
691325
799779
511150
131131
130319
425187
772615
402846
570806
537268
426518
993035
853438
378606
447795
107219
609108
323895
413192
220895
905709
862630
681477
595091
830073
562402
47246
342335
917854
54442
545230
635168
338329
277891
817757
331975
334291
95946
496750
730848
34593
335135
244412
720567
54972
962994
505338
104658
934726
209332
726431
342042
242358
572784
816338
658485
863816
233865
639562
601805
571541
840741
230715
582587
480661
475604
175651
982826
652299
11360
405984
713695
640917
19585
917574
626196
134416
532468
703647
648606
636294
998605
957491
673553
441173
931715
255662
90331
162449
537343
856340
482409
545829
758699
262658
974633
555322
119805
657669
801902
853147
562964
197570
550940
230123
446796
749910
255269
401741
561018
973584
599811
155157
273164
160983
574799
168252
809673
972109
976134
520929
186547
716817
390435
15627
736121
772288
152016
430000
880553
693650
792188
77985
392172
996733
528144
735814
899646
721543
833766
149613
911089
475667
182603
290655
686686
885678
735912
406014
884790
27936
811348
924555
647498
286271
213769
987744
612548
850816
223345
668180
283684
420411
278288
190934
585196
645908
85428
117606
313207
979936
205420
373399
816471
683197
440266
506822
21613
50941
615885
768871
606940
194758
899862
259803
195554
436911
575492
193246
54704
99256
336298
986391
609823
533994
904003
695659
157241
891188
361244
899258
824581
99331
373010
500303
828442
471671
291903
297969
933617
554701
439035
133547
794548
581554
343168
680013
627486
296264
210420
909534
712764
583573
772897
523240
258901
473309
389302
814482
124302
624283
826560
647470
730977
316126
579177
419034
665317
259794
246701
96990
403193
143752
777901
485050
233111
351806
893839
486193
957472
432411
480320
483005
523187
531662
117331
925988
379675
546746
618366
742702
610189
56754
562308
129662
697399
139575
818593
523592
349908
854317
630080
697078
15747
180940
519204
621328
982342
424581
694369
337631
66007
115938
407259
385380
686287
806299
647176
928928
481168
125603
23759
760235
506835
549825
803047
982418
617369
640715
398530
443120
148945
386930
117578
62436
567530
333571
188288
63772
173881
440353
496078
238849
879712
888484
391273
255890
126687
665285
183012
124992
867001
849150
373399
925904
961034
858600
875022
810017
743674
665991
714256
32363
873706
869221
251735
294435
485686
374324
577640
729576
678637
184569
868985
542984
431994
145481
400802
497789
394574
904435
649118
445857
36557
425891
101994
783377
377840
40081
502384
168326
581877
526666
33218
247084
301559
1616
956310
579139
897391
148959
330476
708502
330418
155216
589891
384868
289878
479970
125786
168470
913276
930208
808444
180538
640931
982232
685083
310631
592469
572901
447674
856871
7242
255739
886621
125906
311024
380829
690667
165051
449167
704017
528302
84586
714000
994993
113620
306385
420344
546189
255372
965012
226407
314332
398941
901428
925884
195280
227926
379611
8199
68612
862759
991225
668743
598488
886997
375765
529364
317378
598479
212665
529461
616274
94030
896301
706693
569427
141616
474154
53834
767883
265232
44283
383835
781316
357454
688321
374805
141821
206284
356236
707682
518572
502186
684394
540799
110315
461456
731972
359963
426005
454594
660204
516634
839483
840505
331491
83302
659570
115171
310255
474791
310914
512400
360442
179841
103672
727310
459599
336415
101282
920209
95008
119605
776688
261999
842011
288014
692026
597241
394609
965695
711404
471427
689973
629297
709368
677936
614916
486959
124193
540087
563901
412383
247084
656718
7866
917755
464888
510581
87672
358068
92343
788876
575887
192259
244873
439262
812353
575930
892854
937662
308828
708795
585271
103054
623790
95987
857062
46906
873894
327035
681135
595683
757681
201802
678657
590239
269738
381545
727292
52722
496181
159787
173864
98079
532678
103795
142532
426765
323988
769782
750672
960867
821023
743969
824519
504985
469337
288179
326738
944643
941193
922779
207961
789752
977314
578739
535266
553315
928489
412925
143592
529658
246466
485012
833908
78910
11313
975920
992069
328841
198855
698734
159390
200664
176902
92987
696461
207661
680760
453244
523239
302556
226759
120241
763578
397157
392688
891628
794148
547597
840663
444010
392343
927027
463222
308660
814546
477187
559774
781831
467868
713964
581759
335583
916326
228225
502263
827504
691485
947143
5111
352225
836422
620132
998951
682595
19654
601445
452893
256458
774058
130075
507824
617902
536767
523338
562594
943087
94560
33636
373688
741127
296853
911123
874575
751700
522662
395050
350653
600743
575151
733972
97029
990470
832146
245982
168731
989004
444554
321220
319089
261531
665401
694418
626034
303893
208391
892825
42297
66499
870456
441302
645814
202853
334242
454741
422719
503015
415135
677573
625240
811130
376427
561816
744090
980299
436930
712579
220756
593380
891047
378249
442040
921672
515589
689710
841051
29389
554681
521713
467366
393016
237683
427079
441508
976865
250843
796097
44681
647252
129504
478181
812075
622020
723173
146186
866586
970711
198250
589519
696171
800636
292909
685829
294594
655318
310186
593759
325249
906736
449886
325940
373228
560691
536590
516304
983061
421876
475394
564646
763571
627297
527057
773829
953766
85907
965892
561301
407922
583536
420431
425195
503420
74691
794320
153770
422335
68012
574790
108789
705713
778159
129958
33610
966198
206399
814129
710522
1087
197656
928602
124193
365637
998336
175113
370674
639057
45811
855711
364226
909330
864176
29760
750244
607076
754197
6953
860400
367819
292977
79926
988198
442985
87963
620097
638038
116190
472408
551781
189063
990498
814734
529559
654246
285926
548611
11475
634042
951143
572104
540753
276509
437855
162108
21671
622025
229944
328200
277647
970186
680242
241758
610843
745234
489463
269406
268929
961333
283841
580138
405388
786897
422954
502785
332337
414667
725144
406421
857096
933487
333964
834951
771512
867032
462479
566374
470968
102635
214896
162600
995272
27694
187739
315947
925927
405398
34976
216330
612001
206122
494577
333464
511600
421978
496198
381548
190036
996476
126687
372784
924492
770524
40406
933449
202410
546321
634593
905431
611515
701746
575185
505964
193837
70840
142355
519997
630709
78719
378378
857489
560194
546188
130285
788361
834038
776528
730308
900330
474375
547856
578291
521693
780189
604612
985964
481594
190032
97017
534530
920223
874940
484377
931404
485913
234123
513723
601476
821204
523105
20329
866870
664552
928223
131437
552962
744632
571651
448210
590895
375260
208631
524383
655073
730350
419329
14910
27706
584126
570490
713871
377925
722718
385364
278850
468487
466391
872372
370274
342242
777831
435033
946000
90606
678318
436816
253749
525878
724530
81496
219310
477097
609819
67602
609673
970170
493072
717704
761749
182328
844544
933579
524801
660678
914025
653678
305457
369864
228030
871595
686434
688772
821190
468666
572909
572909
334895
235706
926949
709878
914219
27147
333496
840277
901688
256347
824519
656601
381369
47778
146635
25701
275283
839660
537752
767920
407887
198473
892571
243965
638967
96662
133451
779195
151015
22676
276524
712405
822378
771794
31633
397713
155224
758730
126084
988391
822867
832771
308004
684462
114953
939271
695835
988209
624641
348969
650129
704717
601282
947004
827473
320438
139453
664996
627663
831024
30801
459198
219374
983910
220278
627990
686517
783956
591140
763744
30274
190051
338680
934456
367655
384302
272710
87208
249254
88814
826338
548620
509102
325973
349063
276827
754699
497415
834005
866432
389451
433922
743392
119710
150803
487593
426627
801351
838231
970459
781412
559821
540113
318618
79204
794577
493735
798128
842676
516319
592289
892837
538912
18822
251617
100938
74103
906363
408420
834251
812105
839448
102135
482462
711924
637760
66079
296940
445751
611904
776809
966878
371757
901477
979043
330298
72330
764621
764837
54365
646269
732791
982762
253121
505840
995486
95987
595708
642379
274370
772127
410598
967336
155489
356743
175059
846997
850720
108700
470182
919333
505168
994816
68154
153816
320564
585606
806463
839004
61927
820980
76901
791278
1303
95579
648812
189786
231801
66938
284625
918528
82648
521323
215661
106366
616679
3593
690573
476404
491442
575585
957472
511455
606712
301523
479666
709045
970459
287988
563898
650579
390564
439165
930929
312992
136011
499629
126432
827490
651854
572898
891131
369013
1720
142483
566527
918316
73520
507779
152429
713827
866747
586445
865087
868483
937920
133981
914450
132060
664153
354702
3398
539575
656135
353876
659375
597898
995545
722960
451488
727227
856413
97028
660359
906989
52260
129424
999884
929823
445071
531458
702344
778177
853614
705723
634625
218769
996397
223968
237692
271827
788010
604633
21610
98167
222044
98911
141152
653698
468316
898860
285071
220500
41698
592385
193039
445537
987149
201479
276096
875136
707488
161470
841391
439259
447557
825065
115703
762478
608621
185132
7059
715110
414394
917053
649030
842597
507909
802324
420167
869635
114934
549473
940721
909129
627803
894559
246828
468698
733288
572175
729095
888404
900546
922303
154942
105517
959020
258129
416060
431
331786
259512
97842
947753
113070
476068
917090
220017
153628
580992
107006
541628
996610
876760
473740
228761
108623
342544
982834
433379
629978
936467
216224
128362
482969
826944
106958
848380
380807
565707
97888
1156
78896
425276
53514
668221
115451
204637
923903
141127
284500
832183
685903
541125
219231
891083
992716
130309
994982
170979
696544
77908
945661
982767
83463
825366
279800
549639
467921
876681
288106
246450
877024
259255
353349
587345
851301
25622
610157
924496
740349
718035
116875
681517
15561
402858
168213
105152
432517
57590
803210
196367
723656
63815
294068
894098
816846
625210
297168
215170
965364
358239
952097
311463
668073
872419
547593
502824
20167
578944
817264
611799
782006
847607
819981
392604
391881
596497
288777
387625
136805
421447
770983
333339
861518
959034
801233
553589
624389
795345
198041
334878
775593
949432
76708
580824
57479
816079
60559
403004
634721
959900
840816
14719
750342
764996
360211
784263
926458
103507
647456
919193
900807
852113
503217
421362
617905
119749
853514
697371
135430
404662
81871
502770
703046
836950
149832
332083
917894
891582
113641
173038
199266
690945
133846
383011
318092
285431
371478
690877
547538
816695
11779
154759
765834
283675
72656
409910
348281
565813
909800
871190
888004
987062
617330
447520
41807
983363
260519
511115
403929
977424
496545
79868
512170
494724
640338
596281
79204
552973
344228
424198
934919
587861
133135
232788
615792
595648
481923
917799
823776
300025
818671
543233
252296
897537
657316
531296
526319
245802
137076
703798
577830
299386
994250
571798
936713
819353
692758
811943
717873
894821
341831
940141
230288
119941
791610
365879
740908
944255
267963
562054
146649
444087
101282
839602
854800
79613
471819
474791
296999
504859
649154
514785
117926
239803
598322
336387
268446
967360
521646
781161
319330
184184
338085
736153
361758
976188
386643
580646
419491
689750
857490
851990
878914
992007
169774
729408
708936
577642
110482
968644
241208
565529
718103
431
462382
112082
639463
209444
215411
26303
258946
63339
611912
467383
649265
15624
16524
915006
174887
965648
765029
859847
993889
268613
723472
205501
549129
180199
44454
515277
84620
764512
57387
235681
328938
226055
580790
811350
381468
537832
885277
380964
656093
236383
226136
118412
600575
570790
271798
643795
512344
670265
71200
638336
590014
460949
439155
487429
497930
32523
28523
671198
333838
24281
807686
844446
587074
20036
682525
655690
725530
193135
250624
563559
304037
66185
344392
902901
451960
594449
402678
524752
468179
866811
527285
443887
247969
117551
748449
364952
225532
31573
35889
165241
390438
807262
119037
673654
516519
868076
87736
418215
981774
94449
194816
985949
397655
359538
439132
346082
233027
347146
534793
963774
928921
179857
973618
758058
644976
197597
743155
779975
278404
297075
545479
377243
909376
821915
860230
849324
182238
450117
6208
981482
832709
501284
154729
284566
749948
947574
299455
878796
319897
341584
306266
569085
905388
21483
529195
191316
45347
666591
260775
654416
115248
974426
841982
243941
155751
441948
876767
736279
819124
151893
92534
60680
109289
955148
308660
336810
334727
143818
868076
959075
76004
218651
586167
66040
962563
303606
789602
710660
27788
227306
159274
977850
910595
883100
567362
543209
215992
472171
12639
426222
742576
278508
890926
619716
502415
785835
48950
820394
841332
937297
473780
509452
455028
563939
633265
14780
39552
526892
957639
880769
412482
486117
805103
329170
306840
443458
942654
646551
506543
6453
35374
633481
287704
241661
378493
369360
55470
680
246190
197635
236794
198967
325847
554251
784431
880556
516187
327215
317519
698265
318078
318918
518637
598337
67634
752724
820531
948387
464116
567192
45226
255406
246289
991198
544358
89061
996701
354649
527518
662047
993115
556560
585457
763191
59357
844723
446033
539516
303026
494906
668624
792502
332990
965396
980308
545527
566483
475924
636814
939069
250660
313826
766016
726669
526796
272171
133407
501927
515660
106166
817343
601510
859780
375095
768998
829261
798343
827693
125626
440089
843246
29522
314564
266618
557946
474228
498249
241136
162960
602601
22010
49815
255619
295350
113463
364725
244321
489673
25556
686722
112840
63590
899183
12031
681341
244272
404437
282969
19384
696017
979767
600179
936370
203096
986814
744908
634437
654345
875437
885008
95689
754250
694269
778333
232288
30994
964365
647558
908110
840670
860739
60609
147864
361010
499206
391182
449038
827782
583002
319330
146354
201938
568839
284361
499296
226196
987087
787564
885884
643779
775071
871972
528057
279466
215630
420436
613301
916516
305039
431156
49469
389748
632577
447380
487064
587234
538814
113417
696596
222574
404921
995055
23220
640431
399997
826739
348319
9651
140794
102195
942077
907891
162472
895072
970485
339865
897619
391842
939413
780986
846817
159223
712452
658789
453866
747544
904776
636732
976433
734056
625676
21113
324327
487301
56561
96735
612488
732057
942064
925995
550988
836023
18399
949534
3812
796832
902832
336458
501315
243976
338229
720152
430371
281976
88583
362736
308440
341004
485027
728578
688682
505912
212077
565514
702721
513944
917364
662769
440939
269337
564715
958883
77205
613609
493294
275226
103407
895366
625495
966680
66629
84116
536885
731945
173281
275306
841545
705428
744707
874563
272742
525924
928848
113452
793330
858085
106272
558842
368033
789493
482974
680209
980206
230965
994085
279340
350243
776100
847101
877271
101257
255873
805977
926718
709848
545831
83913
770218
892
505660
693244
926465
294669
262942
922344
848
720751
609406
125230
208504
450037
139171
904979
3403
589525
411384
942656
767029
596946
108657
628911
460428
989379
222821
100299
531033
463192
554876
560083
554677
914748
399708
505269
898397
291913
849600
434533
221290
774482
872204
810930
159830
939124
154394
249485
834477
635992
684522
649418
122438
688509
328790
400523
134004
80883
621470
510668
797791
415545
891556
829976
457427
758825
344365
987883
627909
676160
887765
130120
647551
629492
9413
851456
150288
872959
440729
443403
833916
799137
892639
96464
723600
416731
735709
785776
256495
837102
683566
592270
909740
309246
478458
221984
299981
649117
619130
505306
447498
262028
337945
855445
790213
623216
494924
251502
12927
245004
727085
374995
292836
106576
636269
422464
363959
126970
431322
75679
214915
537476
142083
245985
291783
956235
494224
949073
667724
11736
546189
903188
403712
789346
587587
679140
182123
966410
214312
459338
482626
887640
487655
322665
928017
360100
938016
94057
723550
600224
270642
341394
188391
542006
89880
829891
233910
631799
462157
419245
307957
931066
607989
641864
919350
151906
158115
853364
637707
848243
974115
549665
979039
59142
793192
383809
751662
224038
219401
783695
416610
541849
378451
169792
741925
530006
161457
695545
338529
138908
290370
313466
860321
733255
624661
157085
874679
912455
875008
821438
399125
332678
400969
562219
373343
611687
942871
491959
12152
725867
498656
762190
529195
648417
311621
564383
898673
134518
885023
732428
258457
678258
196771
206478
563228
651051
627679
919729
759636
661733
576278
138364
13567
53388
127720
53387
264038
127308
407856
341655
808242
618125
630298
780450
193967
705531
211100
661826
655861
148347
208620
500099
429686
398006
798353
143208
622604
980179
890293
543035
932063
201755
66229
685165
516618
367063
742815
460589
168611
488141
193176
473152
630397
898216
497328
568062
260030
985920
374605
467672
226196
39031
715075
822813
109487
566435
203606
401492
719209
722689
313091
464458
517626
587807
885440
917246
367119
219653
913291
188213
564883
121919
537136
716199
671639
166808
955340
425050
389318
589757
373932
347316
651630
414650
276819
886978
162415
50558
366720
918630
166593
317682
186003
557902
491430
174225
910773
499616
290759
268697
919831
590753
416934
854473
594860
265708
874862
704263
550375
455803
35517
525382
841360
478706
12068
68905
500915
534770
505911
877471
606446
286155
855807
821285
154977
816846
425681
215819
853801
272059
69165
195863
948603
880005
295146
122288
143620
995760
27273
728862
594554
227652
279017
569653
446111
844556
339335
563794
497744
831863
213028
376168
191158
544020
348997
709992
484173
500501
632914
568903
846927
570492
805451
342118
735857
967125
885364
494191
634791
84234
526666
16739
883068
985332
902109
15960
440641
868906
838877
764570
866169
459019
146725
508072
571490
678879
742549
767778
613801
465405
942063
792028
849954
690893
927863
902938
778423
544136
739861
83596
926395
308890
408240
95808
194390
47679
566614
802852
239470
798463
282492
166512
398625
348441
829672
770861
144019
673857
153966
952265
72228
422956
330466
744775
792488
981052
534247
543039
227212
601460
253955
924496
610613
722428
446259
781555
654833
877778
586696
428509
389307
679487
181412
12766
25501
958725
696730
39137
787450
780493
222034
447974
60632
992572
82314
76220
580890
751470
37300
627890
619868
189631
599255
488728
843908
590896
341082
820304
431342
844428
627276
823934
855557
622172
143098
2382
213757
957784
389056
725182
281008
348627
981485
592225
43803
749723
872460
460073
485045
837994
491887
499734
288359
835048
972230
174855
427434
958549
615386
49926
698145
91491
949859
470442
510600
433352
956235
675605
81442
611701
688186
531968
85647
237867
964825
222704
471555
260080
633446
164033
865782
833269
420187
350771
441426
860074
519510
31146
814057
562771
955823
702676
978606
463338
491165
688574
496995
624893
220483
692139
251551
710497
769894
698859
202601
19618
365102
148693
32076
847083
225613
751213
355585
532344
779147
889180
835148
27893
978671
891766
344711
417169
572837
261598
500287
337711
405150
890264
438472
959367
38364
801917
792487
108785
533371
522891
219050
669736
388252
336408
299169
903941
577474
734801
136935
336094
797375
261474
606000
434232
792534
924769
59904
674300
927963
916893
290805
598488
807262
24293
184339
282856
997474
788092
662846
615569
494013
976164
635435
837225
424141
314392
352876
271756
927961
858270
766811
829878
799233
197577
915334
620510
937793
479905
170730
880524
335402
311694
779122
844723
948717
404040
580284
919275
425187
462454
167215
115133
561482
511963
460970
358121
573331
306968
155002
542013
359354
990061
964944
894626
581497
325854
705338
963247
314052
622886
510049
787300
909141
21662
917680
528968
194194
220914
140147
684196
422943
804294
340365
642217
368210
366166
518600
366212
859401
845216
619364
368072
823029
733770
926134
172653
180713
475433
836622
752709
855063
580127
849299
585581
688546
564802
700468
788531
319184
594227
987465
997294
298945
241291
234020
100703
236581
948554
750125
920004
889466
886998
249629
679293
403368
605728
540702
605957
816659
79746
856790
719132
676902
125757
689512
272144
134834
469163
854598
496198
97405
651877
231162
211327
305617
421726
482413
839645
691780
626040
482946
725856
372056
422897
407011
609
492734
156576
802849
861782
341002
745362
894032
62093
806299
795206
794829
62880
286184
727388
329875
616105
667961
447260
943733
563817
211268
970259
598545
131739
441205
258536
285079
401591
294068
910955
561910
661334
417947
858626
563885
25688
904542
66720
835671
851603
672256
52718
988327
819870
613235
822105
430527
508699
500145
459853
872534
969452
222325
140442
243700
91725
938443
276070
235330
633239
268462
171570
182577
608092
440585
303913
586653
637744
176857
345296
783775
402155
93473
717704
964115
575776
46719
769503
9691
827236
539283
540753
118429
979549
939391
288483
326397
165890
475129
972738
318749
559308
428136
767884
459538
737199
343857
315735
786949
835407
831356
997807
889822
537906
881279
81707
874791
705024
735754
253004
307481
524832
698667
542493
474634
755035
833767
225288
806078
288271
88485
377418
544669
785705
689029
311557
932715
508165
419329
324307
114481
316423
517330
565406
488278
166090
701130
226881
50317
363391
999992
676051
280716
971817
129959
143266
504018
526661
650577
965803
413313
707388
523989
291363
518606
718656
478414
900928
505576
820164
141254
406931
469089
230443
401091
487290
749012
691881
651210
399517
575767
922907
887979
180761
702480
364538
746684
974987
566578
277818
692234
809949
60073
304416
310098
6966
643795
932494
272072
34195
621743
759997
778333
668531
301443
761424
905460
608633
347630
635942
512502
171417
750973
790963
314037
453836
249486
369267
834358
352074
935050
628850
918700
640917
678825
915967
904706
180307
293719
580101
908653
249816
906495
840189
317387
941549
415973
306829
893379
124067
70253
213472
725180
988156
775960
735794
446859
985043
991254
531952
719180
838269
534882
653553
226481
763525
505846
645556
82565
409358
339677
170739
868015
676446
71078
738872
689029
463141
684208
372727
18281
619393
929600
143457
278964
590596
916896
652939
643108
418225
482235
177679
99309
326208
591415
399613
684829
897279
91575
826751
628243
203971
823139
369268
921578
724397
824639
666829
888327
96233
731935
283956
829984
793315
44040
203178
102421
771721
802667
961562
469822
792412
741115
223969
835089
410956
784671
404262
527001
686230
478182
85481
53254
287750
417523
99479
939356
882177
613751
364804
56178
623431
600902
566585
43476
87907
493917
180444
346769
774250
471593
552851
123584
409794
713828
317723
849231
151480
694081
262096
931768
542042
879504
590175
67594
507014
179050
870125
646249
152263
228362
692238
26026
169659
227466
887767
661170
735214
19742
166504
651177
779974
290253
840271
596496
142421
893254
887517
663309
914290
881189
110437
761894
301311
730478
974090
908921
244004
37238
332371
890970
626245
839791
941532
536609
327116
667992
737165
70649
848793
830031
944373
485826
440501
358592
18836
486665
17102
331130
36869
669667
152056
510148
475777
621203
218057
333199
102028
878058
642665
969743
102870
985097
63205
838779
977802
805801
652660
248350
498397
426752
930952
594422
114481
391572
195542
251494
446536
330860
942309
82090
401650
94255
203243
251735
461142
801186
369620
447557
310610
246964
223597
631644
732839
962031
707954
780509
665701
604336
251936
651020
719073
348116
170640
442019
455261
497374
982233
572924
440693
30329
314005
951005
902404
857844
540812
210931
915295
808231
130498
167526
228268
458271
441783
287943
315006
838538
620059
838760
945562
880163
386020
931468
887648
97408
955662
831341
636887
335757
843360
7795
840490
918501
7806
26170
342023
991658
595321
374947
105756
882576
641082
651062
703341
295285
283020
408476
767615
288446
782609
354343
672187
312622
850657
442584
935168
480828
181342
918874
372293
485745
722844
231738
514867
364775
492497
253140
819817
222154
649741
889552
690284
159126
852552
565338
981890
669746
820468
742532
836558
412141
377069
611668
968467
752616
889816
550757
752405
129921
51373
385838
627488
765484
741664
925080
848503
38515
512320
750553
147904
172336
394699
355938
792307
909285
777180
877876
856671
336426
467219
359444
218913
682814
341870
647478
74369
248689
564298
767781
421514
959084
502837
91188
769290
936673
670254
61870
444801
161570
442432
153807
579589
854149
597218
42964
915192
302169
844272
108397
308440
491025
106475
907833
594633
966019
519591
98810
470814
602460
817540
633682
895889
319012
239033
186315
515928
635670
533442
606871
791770
976916
119102
493388
574935
94750
314567
785851
399255
341943
491762
391576
715798
296660
617751
923923
123710
270931
420670
649623
401359
724397
200531
643745
811665
423240
985964
368020
555825
911108
252276
979226
241195
585410
964567
446136
825101
699853
993652
981557
821356
79175
249297
459323
164329
269041
166645
942787
120801
111119
82338
574439
983788
932620
562732
88883
238122
973808
307011
218948
690118
875027
581449
708936
920479
837188
10898
565707
711264
19478
966851
648656
346088
596069
238092
990894
575627
573343
708320
827114
156636
186970
334785
215867
300342
676204
710592
660041
352675
946065
528329
435675
776626
552909
676515
824440
688102
618826
381864
150417
37192
318635
690773
601810
936056
555574
316907
366878
313755
514186
156349
666781
792042
689205
632020
525322
540231
863228
488425
830235
756068
788591
377377
555329
618869
246032
9752
95685
633627
675607
683213
970717
192303
637
855071
65441
685777
817391
426176
81947
470857
980347
735407
969520
446093
651239
363164
827946
282560
982767
961649
534606
697987
684504
542496
378589
527594
13100
135486
325962
635843
841190
773153
283882
319007
75731
201569
603294
436930
860672
145355
746288
238899
43893
529823
136031
438425
