819989
939603
497247
898986
606486
102903
627392
634073
91422
854235
758976
514416
814917
785505
885409
721872
546097
480472
448815
915121
726936
122675
65174
468379
2210
266859
908985
873714
121326
642903
837726
279746
786342
49976
778165
533814
97025
693952
683915
895813
643108
622664
423835
616794
368066
21787
586836
414122
666667
972444
630150
308102
712764
993782
785410
857114
223820
589243
231939
759654
551373
76967
191613
951640
524492
540722
714982
256353
936751
329600
420377
620344
68611
843622
742750
511257
352433
103857
71160
527890
498852
365791
548283
805388
594428
536779
430428
238144
592927
896314
655366
754061
324672
621336
413383
594944
563396
375896
10811
428312
584005
415525
529650
855563
840526
921751
753577
371749
698450
149903
604761
293821
659033
466696
700844
536328
505135
793288
779052
906962
924934
568617
2372
847721
285680
740552
175775
276485
830331
13561
588640
408696
874812
177823
168973
439826
707545
572928
961731
200640
686365
602580
422118
774379
518397
453009
122586
359687
663493
76250
356994
989532
184639
712952
51509
352046
944398
467933
640605
62512
95527
858008
519549
150581
773202
181022
60664
962960
385692
676329
718971
499893
327942
895249
145935
264133
299005
667563
160926
768085
403173
905937
277401
757101
656095
635449
78786
896261
176634
555941
953804
635628
187447
471824
274208
8004
463419
183791
525054
955264
178975
520052
264850
831748
802347
744371
300000
871577
155922
201115
613915
842226
166318
132581
216091
932994
305450
722141
263259
998873
93114
407121
814685
742049
461296
336174
312078
32696
893720
719034
587059
73606
761044
540426
879363
54844
401670
923739
161634
815384
95867
304561
486892
860430
635930
251991
860679
491519
763124
663080
51585
386523
575444
407621
751641
719218
169010
568925
153862
977476
869608
905489
183320
818671
544104
48316
655105
573250
901353
658701
400653
562800
162511
646680
788588
417572
441432
43168
296452
276485
324627
122675
929655
847339
986313
511810
652473
394506
345675
382435
193227
98054
958783
932986
217852
668127
326193
785455
938666
87671
846922
220579
27265
826263
104146
826952
330680
990687
795462
501670
746731
755175
558651
892914
484640
746427
704711
944119
104671
231620
136984
879595
306348
366511
894389
875646
936243
873268
778915
719550
322533
949916
929391
31058
915409
954807
262883
30954
311341
992228
45085
343374
903416
694962
664412
342913
149990
553123
284129
252999
898004
455096
546864
452198
376410
433189
519380
737073
603886
956751
7143
657237
104590
866974
214965
475368
811067
125897
203821
254682
186774
11269
986576
323391
100124
939450
459344
653923
311206
719544
405906
400720
965469
448719
829894
335786
380866
682179
535177
419965
528002
88251
9572
49531
977953
630322
700900
791656
482615
338762
94215
251419
452628
527104
326139
535941
891649
873376
339361
140214
590473
787285
274251
84439
417747
609380
768142
984268
241278
223360
591959
224755
119514
136968
724603
533895
561372
262428
927499
52148
367684
161187
633502
343252
758921
915493
13756
387411
912940
41882
101497
551345
3881
918087
314075
274916
321502
356578
110419
86393
962834
400683
861351
884635
19019
719801
649268
619911
54255
682086
112574
895183
613405
104660
804637
32614
828002
774644
363944
576944
863225
386523
521604
677323
126812
532034
460695
179200
456593
553033
580650
907727
556375
489500
237748
648950
773473
823581
945201
181943
373982
986636
60500
530093
150698
3593
519759
9110
703976
206207
886384
479136
694701
922860
715997
968785
58387
408908
898293
817119
282278
164833
237975
129545
725050
953937
4100
919068
859652
549411
806433
888287
897747
365054
916158
407836
565404
288125
490562
687905
66392
990433
560806
402142
314500
15578
917003
699680
534528
235275
354242
209103
41377
989875
879078
230343
440192
559895
223207
795438
140720
916160
637149
742262
912938
628969
119818
633163
988656
859052
66283
498600
760774
845783
857061
50415
16098
230573
190436
385656
736276
599300
768464
341612
228489
753959
787054
715790
849701
834838
992204
585532
506278
870759
624742
250624
709795
166775
276859
888223
166678
771395
715508
218233
846883
997411
913872
120498
808217
524666
956093
994665
454191
296160
37353
773553
771322
891102
383650
600755
107766
837521
408973
308352
958252
845398
296711
950785
451822
172578
97861
173194
590733
248491
94247
302983
501826
202226
717949
159874
952341
911343
652218
101110
313663
194632
7452
814491
856838
953337
280715
257265
392677
743478
191362
971351
318992
82118
870754
72504
225756
856441
249560
540528
757412
852724
570961
591422
282548
764234
459727
567031
852840
150349
786582
258286
822565
272455
434583
530491
692447
133375
256413
827394
69771
204799
529698
724192
487615
518636
866178
203928
505330
295501
312159
850836
66835
138603
445174
651599
658471
191738
813190
418266
447907
789987
373113
630438
899340
278965
81177
519792
406432
141426
25664
531972
236880
45929
615420
67021
412425
952695
971383
489071
769872
930138
704252
527087
933932
169804
660084
827217
733842
792662
177407
19190
352470
145525
141708
421777
230692
647039
129895
745597
412068
537414
220360
804666
402299
828337
726487
834594
378465
265160
878978
612213
114727
867265
578183
675098
74765
111077
34538
336258
977126
664806
694908
990063
2929
691380
277846
129514
977422
310693
318506
164456
114791
408603
358916
39192
355680
864169
194442
160965
207690
860502
537494
749280
217793
886335
352713
805736
738800
695221
102432
718865
458466
818532
764711
334408
245648
408625
1113
485221
908875
962515
982042
322170
514781
865299
589677
871109
676000
426701
44949
380787
446067
702279
363692
180394
742813
956219
488937
651238
158300
132689
986155
646188
311426
187687
832439
214009
943012
212880
124793
770500
708283
778975
431577
393669
874558
431308
612448
815669
160278
598727
908945
975660
683993
79631
460044
190356
23947
883258
285680
595683
523685
102359
112685
324329
795462
506036
384959
463267
679747
679419
341478
296674
295686
806467
696243
627633
167324
330690
86674
817085
468631
959817
864720
344565
461933
486956
942809
59695
697661
46232
721454
852597
360519
170038
542271
604423
851970
66349
767825
558651
617833
680837
283461
477454
146040
352679
764711
800192
10269
544260
438931
331138
930664
238303
105379
29326
758223
876812
81501
434140
85027
316168
670318
386752
954171
100146
267270
212567
824851
49136
481774
277235
92107
255945
546042
265289
50975
793138
469697
85418
860825
398500
480239
769866
294368
152578
930177
775513
431867
11037
97733
998483
718363
897508
930345
281372
468963
488736
251209
555347
784490
99655
987011
594859
818238
618683
21613
808571
134941
916286
627893
43240
226852
951426
682982
149990
10245
350696
588266
315839
945370
137866
867045
452616
284816
752683
651446
102517
63333
647127
861369
353370
103543
596335
793096
957057
932569
508826
505331
264227
3115
233636
753977
274214
503109
910985
355463
601542
145305
326921
880808
105126
668693
543338
589800
431409
277724
817223
794977
469858
150626
895436
665759
421935
573060
963644
973675
49249
848308
647637
993791
926001
325800
279004
788235
445054
265839
684045
503901
343355
265944
781493
22146
793299
634546
440089
801753
542698
272455
136930
186310
579483
85972
665615
179673
345080
231304
503470
677738
778678
274279
508346
325986
658563
69246
819085
651579
72703
43565
263578
939794
442537
916867
171404
584061
933447
602992
45363
93592
53606
995479
32246
274798
476423
876924
969749
68845
656094
287915
35070
148028
216804
460016
570645
798744
988910
470292
865095
581977
697437
524608
27740
27453
455379
461636
288493
876436
564850
781549
934563
371156
746534
941835
176479
641331
205394
564056
123550
791698
642316
606785
998866
980916
883411
564872
10851
638499
718727
260483
52880
663374
179951
104474
466162
554391
936439
456445
881615
300786
379588
293838
386617
312323
443990
969371
847146
330723
966778
798796
202162
595433
649268
978137
335010
173463
786006
96952
160340
327275
257505
774150
818907
621217
637436
114594
35892
880512
82216
706217
686145
295542
919349
410245
865607
736435
658403
187904
62738
308045
816415
708295
824730
502789
362493
973545
510300
791359
125855
940831
961855
558456
86179
266458
691112
731844
176573
707274
123401
772784
195264
113320
217938
96875
120488
304860
426148
63576
205758
865500
696332
160992
327193
612336
767098
877772
859052
637092
467415
367142
352599
724745
191640
949430
597164
126955
112830
430025
844755
113313
549708
162767
835998
98221
26907
790900
652980
712864
389898
550840
642651
882494
871800
108550
685537
194697
840035
424500
37325
163393
325662
424147
659882
349404
16461
160686
418729
550528
174215
719308
605506
810297
298854
420366
235420
756151
299432
557302
221851
388755
815023
996047
183823
512558
907219
686126
282519
766453
436891
15255
40560
95324
348586
509761
912924
718656
454237
492221
254718
606849
637149
47583
860996
592209
230615
878619
552349
741118
492538
835776
591611
256264
382334
222730
408754
134028
190733
135356
167036
38395
637913
249699
640778
843523
694453
189093
142280
309324
919050
76121
489417
144312
996396
855663
823058
920696
812093
823179
924051
397036
346250
56749
7575
225508
259412
305096
990858
761708
788079
201426
250624
789268
277060
568745
991885
933458
356782
395936
625722
94352
297706
160391
209891
759985
125648
863179
931310
848252
458376
814312
379510
617985
856473
814990
717914
637938
383332
603195
372441
90551
302207
640878
844303
195708
229873
805174
524666
200944
213859
939936
810968
992335
814397
507019
357094
224755
625040
423367
233666
912938
381678
397133
445110
56243
470247
104595
90716
809702
341743
598829
724291
522528
815045
718972
41557
75716
887225
18924
275677
137524
335964
729143
41366
208718
735974
528317
515650
105915
353076
430185
442549
879603
376697
713040
322643
442511
270722
750728
777710
256202
828517
759913
765292
591089
204622
445204
994933
672145
16067
26394
487596
734421
345065
169565
125017
930290
808929
894897
647879
805819
335173
335972
645992
132594
664425
465677
118389
546258
134913
689627
34367
356499
44594
409338
573522
921883
215973
474068
371317
567312
775237
17629
830273
957435
472722
938789
794206
56784
980971
948627
344964
468517
786599
427488
806532
214890
777485
902482
551465
18427
301884
698847
876241
657546
265572
350539
720836
363121
407730
4196
915307
45347
487215
759810
944008
766797
381653
213202
104581
721718
859349
504959
853437
322656
978786
914095
473213
945075
555942
295419
410559
483837
653779
653995
46324
959237
124171
455899
468119
769575
849313
162949
199962
791193
644564
202380
781494
677383
469559
555021
974509
269300
288425
525442
839369
458629
862277
514199
394708
189583
738584
799486
793457
640168
727011
241154
221879
207423
442512
165397
266577
983780
574519
531058
429171
516564
700306
984179
136437
499226
301441
312295
864684
221017
267189
891876
966040
273839
619285
778061
786741
564702
264172
819538
929730
204919
343037
254725
198455
400249
471183
332615
806923
936507
598340
671895
755310
936712
859877
789863
241071
969827
169757
136362
845376
527461
957669
808889
111225
415170
952664
76418
60123
244246
302686
592376
531552
304129
479844
354700
258074
743975
852466
37435
655563
248993
251272
41012
273129
805914
940586
708531
273406
119079
317116
438908
191657
629278
640313
144162
528030
128401
318724
501721
533134
880459
680462
902670
715043
409490
84289
933587
287228
386835
122895
475893
604374
387040
630594
63200
402065
561372
712844
596592
671290
442695
485717
785713
391366
116719
866538
549828
292913
307481
522145
657380
360951
998860
38391
206351
225649
197515
391902
299546
327802
21848
811362
12943
178044
325700
984627
406852
980407
377482
728252
601719
877174
23098
48582
814890
707677
735076
176966
673005
367176
714715
538696
774119
342944
391672
76637
265983
923062
322108
203215
326962
683555
840038
637495
453828
405654
679062
443172
167810
306432
257065
821356
647194
958550
936771
861110
692510
28592
673138
837849
115112
925483
372876
817235
76893
973731
244534
955139
401181
513809
503103
319986
291579
959275
467458
607749
721376
910780
415749
620404
406261
396309
46018
25215
93358
916412
992399
683505
717553
884653
576339
131846
544040
949859
594944
852159
883857
711772
56867
559106
722648
933164
500569
620511
86549
277846
976323
437832
969086
579705
575971
270416
573244
51937
978527
209557
461513
354613
773540
172038
999259
533382
424221
589445
128029
394921
362772
190709
265664
886998
720851
410040
237483
784598
133388
284799
416567
204280
204529
146700
685453
843694
833726
519958
934676
787926
529352
142867
117778
442302
143695
970633
221937
897183
477368
465141
570814
106717
485588
9609
677934
435990
174737
366525
677431
972339
472536
279647
63435
285577
166627
535512
121713
298070
13050
98055
102238
783399
620628
919427
686826
541881
71152
991063
777356
144634
755507
103948
426375
39150
857919
621
601152
166744
192904
890012
382713
832292
385202
703859
927636
555708
650959
798739
525521
786161
568349
66168
31671
960833
351881
665799
251469
125348
283001
823176
678576
158415
41366
729856
375874
922736
144264
252767
222378
54216
98100
603837
300842
294366
767335
765968
841470
140386
756546
793782
217222
735785
339360
248262
542895
744956
700337
207227
349902
706780
846926
361914
248107
231577
154154
667350
661065
633919
196532
863105
684368
249032
148098
212624
685831
624296
586919
519380
852823
256167
294451
529127
986372
658690
82367
484979
267590
686823
995261
167769
416596
185655
861301
233716
185304
961191
168386
768962
692854
211694
987252
642715
812425
145483
957543
491998
848970
337158
148244
607144
199523
900677
286250
679011
276126
649541
906496
300600
135570
235973
100410
501095
969616
193624
637714
320021
315384
343158
291885
753430
489801
924355
37058
305735
233969
700538
530231
913552
937298
673756
368200
1017
214604
933629
101163
514577
965773
271776
782184
316319
968338
286334
163661
868493
946244
570857
467942
257198
116416
136998
919122
549764
657898
689941
490670
420133
824044
807713
721155
255514
268971
791026
990567
423709
749621
557049
274792
384111
143068
539691
438539
789117
912188
997915
983458
36154
957596
388543
810349
700832
496744
179820
99798
360274
912473
122371
726197
263135
552488
569910
549712
259158
492944
897493
232006
379923
302097
92412
247873
16951
658690
842577
746104
292888
637921
882530
284562
671386
980052
554832
35947
836414
652144
985248
450582
725771
338590
770459
496018
519188
128636
256379
850243
265852
747784
621333
21142
512029
654166
796454
673241
36327
416598
946390
424149
425525
28138
33798
739894
403204
379494
362262
241097
208775
513342
830760
475228
185772
362901
829561
917202
833562
321751
515879
350665
420635
951980
699600
74832
994617
686183
286403
460387
159536
740710
555246
862550
826345
378469
520353
21332
788033
456211
960506
534725
40967
826564
646189
769138
285180
134636
705731
456508
952518
523032
886912
158149
57218
741865
904974
631655
217962
310277
689518
225326
139797
461091
11136
416597
279227
152894
877848
766294
504832
591145
404228
428350
176938
482953
411143
439132
805464
401798
646248
669722
604537
30384
552032
820107
295683
932697
282990
48757
879801
441206
309684
543157
988382
149211
466411
871237
670167
285474
813545
398719
193686
665873
284779
168861
724637
953000
493297
932981
778755
143740
390676
309161
237712
642090
978340
153413
885378
975550
483883
665858
484444
520880
925211
426634
494002
656461
230521
48275
296087
856352
484411
250240
559256
217697
510681
690237
610296
592730
967371
773858
908883
298281
921822
398761
985797
974018
224431
562651
19964
909008
690955
358615
13890
460114
240574
438956
670227
683918
961224
924512
486478
780322
119109
836206
344275
529576
971744
898019
585657
996469
249002
915929
52741
613535
166800
929733
169196
271393
688506
580995
353688
591436
915887
871332
742559
897714
380980
194323
625711
787455
18373
734546
364140
731586
273744
82852
640070
972536
686364
305987
89119
158840
263494
850436
112814
328667
993088
713475
30496
903022
774431
476800
316581
249884
722914
512787
110109
447731
535329
463332
899012
165419
536065
304568
269106
739435
76476
304933
223097
12213
448442
535858
659068
875157
874083
738407
138464
270234
138365
625661
966656
168091
452597
549858
657226
607906
828095
498925
769608
366510
745795
968663
708094
881539
270418
345347
374483
381594
670570
445177
42885
472790
403431
115379
945334
854653
135911
950088
507172
834307
252420
399730
119154
13933
191426
895511
791787
956301
122106
387451
645014
554162
105833
869628
787516
976555
163237
97336
378901
300910
258555
381290
283687
909119
182271
399009
581544
94211
433222
76851
887379
865955
883318
217953
26299
849351
837632
807897
884507
742230
540663
874371
948039
424931
714263
362119
599283
882985
26751
233071
987908
928783
168419
375098
764499
600408
203850
24731
493325
390119
258353
229202
879096
319965
303916
5711
165052
917991
873627
91132
24083
204851
115447
351855
101579
441285
387758
644178
657190
589277
895547
2255
615003
305459
698749
156559
813370
252625
133779
807175
479946
995193
472673
736751
595970
233157
390088
661454
313861
84814
33066
739599
922705
71777
274204
178044
344450
126369
257512
585279
372014
81878
520858
126779
902486
350843
661408
233973
917597
894898
580880
125168
411998
866228
648457
646387
717023
118597
201131
96887
531266
593278
466107
955436
736574
233512
841783
749040
276469
276351
163505
11902
456836
796780
470229
339181
350080
119594
612765
900851
756853
382937
466864
553873
907562
244821
150380
514135
327509
135183
403212
966727
584689
676479
803716
642380
636306
384783
330470
749576
154394
251829
330064
532807
172967
574641
368682
167263
324924
845148
180973
816572
820053
339800
339133
14897
509061
936394
200407
764865
581346
230422
716918
521558
158149
73227
384040
364415
923022
366748
430492
678002
808394
639882
676394
766728
785614
660088
84726
205776
492267
259663
261060
530744
85606
886056
376022
852698
369870
335283
79188
998323
430699
873587
801753
780399
371827
147104
957913
681977
835489
323372
647960
872116
795519
246525
313822
12215
787771
229216
640799
787780
665873
817542
228266
683505
224586
76012
971515
859194
774282
536590
863751
341660
405906
290453
538977
667083
535924
178155
723691
484395
163307
590864
740561
429306
908757
656284
157463
236703
500120
61515
870567
700316
413528
334672
416455
690735
840747
278791
45589
797207
867980
237395
160763
505080
70530
484453
541431
18126
910852
625065
610979
596740
155585
485909
889634
640435
205327
300101
783232
640935
793464
170386
399730
898444
379082
175264
713854
461065
987956
55823
735172
582321
596807
657238
207600
255735
791657
691198
823227
81776
818828
463857
783040
503617
840023
372994
909892
883454
341592
827649
138622
698183
446054
197127
870056
24699
633473
420518
60063
776104
142204
804371
673685
285334
318004
722141
399894
893959
53037
575158
307691
25191
262366
532481
17343
812508
483341
21616
93497
528318
498248
668949
711685
724994
908840
524443
370071
682234
176408
75441
926140
342697
193038
172112
648496
746081
960916
607009
562566
536726
362013
768600
88732
857705
797807
740526
284921
342145
856521
300666
696119
894679
624662
59544
207073
755930
899007
401837
825602
219401
144737
674178
415176
239414
821983
72210
824927
104862
435162
479224
564337
61809
192740
868813
894706
767813
464892
83101
66404
463558
603052
173200
388119
414375
650349
134672
175956
635672
962460
751039
562186
54233
123475
231131
561515
548962
936427
456621
172731
765330
334774
35033
918173
170245
452574
546760
109521
75381
50659
613700
808399
467295
161808
117437
259350
26441
905975
288745
913690
965594
141082
4694
76205
223651
443275
61713
234086
48681
938623
764723
870811
486875
780802
962686
883263
325859
927848
492211
838605
959349
812495
47413
905052
584554
966306
324913
530163
358311
621108
520806
760875
717733
893694
852952
559839
74459
203988
231501
25015
786684
469565
900410
226506
927718
591594
227857
727247
569920
51025
771366
112955
980002
92173
485131
828415
534421
899811
129545
225981
584697
981804
327435
389070
471190
68372
815315
967274
713374
601724
431152
665191
166882
739745
354175
706719
117931
58824
905308
994669
561301
273846
99358
499116
347933
38873
501059
619873
740533
654956
401525
842731
887496
487460
323095
594978
203487
904327
194927
660555
872748
983779
656470
732559
989968
128356
481519
370917
613025
563518
162375
858633
831895
656491
227345
290606
744146
567117
136749
830535
502678
221360
137484
843960
945969
675065
916841
570786
874934
393308
806501
451457
155526
134015
380075
216237
821373
346045
828504
731298
933052
677076
105304
368311
939167
217815
90874
130733
607251
73496
511459
23218
549127
536527
757154
468383
198882
335042
154338
706912
125786
429922
292457
2633
133609
657816
406934
813754
714479
343850
121259
440966
192432
364435
175476
106596
871435
170245
944874
898661
811062
161634
836608
154753
574565
315040
682678
320239
899881
424918
707686
785108
89746
477071
74164
510001
653322
108860
350348
250021
393812
516102
972994
211501
986848
634548
657065
996527
892674
166791
438363
391070
984163
750927
469545
906242
260879
324163
86281
353499
324829
749591
82486
414693
454508
489691
537259
292636
48204
266896
496665
879824
280316
365009
679013
503153
47882
566089
378055
367262
455498
530523
484929
74881
541189
294172
673083
335451
912028
582321
35229
188730
587090
459554
670857
415923
481180
466652
3381
784466
591243
203560
52767
848999
269713
865406
897702
579134
293410
712133
290420
980506
303397
581977
820015
711992
573959
562326
574104
166665
499180
335822
847291
368132
694314
891299
77813
963724
392171
606003
335964
723173
97795
534612
893180
163430
524241
861058
382127
59335
130908
916356
184422
497066
644702
118280
272772
881153
175767
542186
591072
156411
263234
446933
217767
890470
697157
659194
207627
836630
525421
633580
928198
119511
505331
216843
763038
1932
79848
448789
704752
118700
681329
100239
394178
357154
73346
85805
133779
773242
483030
563904
609583
844601
174248
101146
683829
73481
825290
545806
966249
397605
14649
526185
56014
470561
26225
289819
682809
697533
106294
104305
239769
438587
675963
998846
925354
387344
466082
389094
235114
309335
433767
937077
649486
8490
675963
55000
248472
707233
860958
65892
202564
849007
199409
811748
789575
318630
598948
52736
94977
47344
84177
723899
642315
900264
859892
694786
970854
559767
540690
280370
628230
347759
34010
995264
171343
12661
353905
533204
328180
341942
128893
660396
324980
289535
743188
562119
639645
26142
889100
783749
148843
805673
743188
186793
829777
339912
286721
774057
192667
680324
622950
927636
706367
700491
746247
712322
468761
314939
978690
612108
394131
781717
337163
172499
664615
323193
473742
656199
730011
811861
947001
409076
737032
692939
653414
593947
650575
210721
636374
594940
101113
557378
841084
625979
156432
823568
334295
218986
95320
158000
550459
777176
511849
474784
844843
336508
491005
425260
279263
503853
894438
123409
325562
859804
375850
284525
798605
601823
68216
263831
706641
506042
8335
623949
17708
317438
435630
925586
581039
538055
995833
320185
60364
401892
665809
239725
809535
21833
743811
458086
529932
129268
893677
411290
592646
215947
947334
529359
38627
47228
194294
456316
710649
984945
771180
892153
49531
60240
432087
884009
143107
355466
634158
995744
512596
279209
603485
885868
150648
645976
306292
202875
188388
691422
961323
475690
268921
719318
754554
632527
516224
563060
402043
364026
437069
446197
139701
631148
599142
398630
963615
577767
636469
933262
490442
347500
877040
421896
368751
8431
468114
212952
395354
21959
872443
884766
733720
865320
997605
88809
57380
16305
142722
448416
439408
368794
80822
233356
387945
232474
96474
417285
522924
704116
378279
376355
570332
677967
685268
368632
1732
646803
786405
875402
33904
691280
250046
160069
126955
548034
30899
358900
64227
543989
26371
733720
936576
460073
179949
254481
574721
757957
924493
669310
968039
696394
730869
268245
627965
687064
627114
100606
65393
295756
174183
686028
107831
800753
1157
336038
938053
885697
10065
888834
354945
35182
623949
770341
858172
921839
359249
514654
33809
668356
664594
814019
527853
864169
881376
347239
31011
535858
580077
239934
661551
885686
72951
245908
120990
231875
47163
457740
128473
799916
271344
811756
773818
468358
222797
363644
681544
369616
686328
106238
837030
124623
514488
835963
300107
130824
540097
527236
160404
601954
937594
798821
440433
72043
945729
852415
307842
277590
284412
181026
954807
418563
899436
996580
995847
985784
843538
158585
684523
768923
294939
790198
802819
932986
905279
207449
814352
184590
268177
892853
214008
494358
502177
913377
628842
39282
345323
825873
665316
751418
205966
865614
295967
780408
45582
888406
756999
993308
603200
558779
348003
914869
64679
524715
344754
646300
84372
579837
829805
493745
883939
999950
213220
567498
419974
278850
939360
574519
935513
362108
641850
958739
908044
825938
197527
757927
290743
803082
584394
894815
104298
752134
672246
514928
436088
166218
269741
537033
299785
215872
497276
852757
387148
509145
761780
311426
250205
798585
969591
352971
613757
91718
2599
755672
580807
348318
980706
649963
532001
393471
95334
618356
531792
671497
118408
817329
818029
747135
369419
907063
746415
570857
787603
999979
61879
161666
295037
226381
386948
123615
835534
328666
280475
285715
410173
928173
727237
342479
356494
761232
916544
214255
141894
201210
464620
875615
407575
273742
809181
385535
834499
579741
435250
19233
161500
305079
853314
179400
378227
951735
348830
589360
525106
531140
54632
503390
377658
459814
532686
102925
112221
705428
748640
387102
246923
282721
47700
723607
769151
315681
451910
347443
431095
451283
548060
332517
291542
785614
676700
49165
150816
743240
528835
71934
772963
971536
335425
567687
23937
982760
243227
217222
24440
448258
950147
322939
855865
312149
436910
753370
756252
90558
102827
96327
129373
876738
219257
551506
328441
878752
392612
512158
480410
650639
827247
93814
861848
227784
661475
418740
432898
510121
948001
609469
499380
634406
50674
84284
653795
828881
203790
415719
838216
914267
323929
395160
681582
787593
807491
207423
56883
518224
464045
461347
242012
361914
591735
353068
318437
413126
122654
119989
204912
107113
501157
966252
84569
222149
877040
818333
375754
8300
920106
530550
955689
409846
137457
514508
933447
463556
463395
564264
94615
26852
914991
154772
5476
448566
744584
560626
571963
338308
204228
298510
422118
860483
586154
497488
28943
258439
783503
203022
216337
659487
727400
436088
980294
565878
15981
424046
780872
152737
792368
371061
484411
163519
600357
855997
131882
925996
370054
753811
837657
469740
45444
137768
585129
210088
880312
852829
268637
82889
133227
841034
43104
757242
165018
87587
98292
550613
682588
384037
199251
905787
477539
257205
409040
855134
789472
46605
367696
976633
331159
211498
37678
19810
353755
678977
414609
971724
243694
156873
341570
20375
457353
101009
362014
129342
761193
147745
355327
667936
54576
79883
965437
74166
295093
272959
185869
901897
449553
193800
236557
776402
35331
571039
83084
277121
148376
351625
661867
780899
539036
235084
905111
92078
655748
525460
445828
379624
617765
171746
734477
481930
67837
357462
286721
898574
223449
161638
296484
807246
16158
878048
874343
258673
859727
221642
385585
714854
42402
888713
871417
618922
405047
888184
933412
347370
177536
830475
215860
724508
484719
838713
272703
702502
58430
419576
793075
553113
880644
772941
939057
54265
959628
79404
805824
190832
625506
741026
276701
137179
320794
15696
560882
26785
743579
267354
821069
59707
561065
290657
861276
703973
183262
614282
490430
227185
218077
390578
598998
958673
565124
490186
111333
775896
691055
921205
954332
954973
262420
434845
164730
232085
548416
531084
837041
128599
955998
47319
323113
352866
59178
246462
240237
999238
562651
461945
515283
138874
197976
475808
265092
884836
971036
231022
762329
135800
572324
806976
773999
482776
78253
635813
476190
308570
574516
875859
172580
976904
416000
702073
790748
239494
974336
744204
705950
689637
387411
2425
805201
305735
512796
851421
120733
431108
586161
887894
824420
465160
96111
503548
942745
221360
98512
289760
834399
433070
73972
207648
213569
323506
491822
641137
588214
518676
870440
827323
603249
73661
125154
539452
828527
865762
286558
751987
838113
817814
891212
884015
730644
441755
898004
595285
983496
12857
428568
787488
47509
199488
236347
43855
328807
777259
596120
389690
688791
667798
407297
729019
549681
61923
958994
185508
560264
185590
112090
919739
215337
82788
431718
586147
267928
569474
27263
406862
304567
577035
345323
912322
414602
586090
400073
133439
511434
218070
398531
652986
349770
154154
613279
234243
301110
666856
336825
655373
987200
803174
306224
60825
12770
799126
473418
585010
989356
469979
461065
515534
489137
775643
782282
398426
475214
177008
649622
87465
124013
507262
854074
771220
368267
64304
146220
169132
405432
536717
913352
182567
54574
304226
778213
771463
656128
40667
328760
582388
101851
843473
51049
538998
160316
641601
368107
3056
847170
960559
604866
550787
316376
792363
109131
758224
793464
245944
403710
368627
243954
965027
436729
263249
787932
315253
45444
911454
270582
323494
282585
491724
134767
199409
553447
972994
796477
761024
63751
766520
679783
299316
498853
194150
46303
519266
731078
920655
256605
810186
737917
638601
861353
591638
640941
261307
99308
93010
462545
380746
365274
899146
457372
501389
620827
690136
385429
144568
578670
585937
63191
247359
842940
273034
485909
959323
506114
584610
129513
367462
71840
509496
927946
955932
809034
233202
267661
226878
444005
49725
153099
931031
100363
366849
280831
593952
152154
411023
910716
858173
560240
554696
886250
308999
676003
719011
239752
586530
505242
195312
922437
655915
39475
131210
73835
66827
159450
961167
537434
943860
813133
99741
879515
441755
543080
890514
575844
534173
405569
815932
921631
504668
289458
329424
136760
585076
962655
227197
28797
838498
770529
297107
945235
276511
613175
42581
601528
18602
499448
55268
339302
724613
960020
699115
921557
406564
380287
581716
729436
549763
345616
973243
862785
836353
783108
265969
960400
138311
787399
710798
76177
529290
816898
180271
841232
672178
915305
938655
422495
982301
925520
580846
906910
724462
928448
858022
501995
661221
20895
984013
191501
287240
584451
921975
340315
481093
875684
629050
765672
411002
582703
545649
39175
694289
189228
919877
460697
967355
518660
386930
811225
241447
278997
911033
42947
861755
585799
273579
343518
432853
731592
214613
377774
134864
466
802323
471549
901960
21563
87200
263765
916450
626980
603032
537580
964406
50892
386744
402737
718402
964946
230205
201142
266019
446949
527531
680055
577653
294721
307540
69366
533856
404020
74654
765460
159825
304617
86394
274780
64520
781903
896242
695222
439547
154248
821260
651469
331294
874257
887085
655438
897466
208235
394766
38681
562290
698442
483700
245553
483683
409150
632803
610516
215012
29568
76871
716146
590752
60109
543178
23095
834936
88814
605299
969284
651709
367017
836480
951127
774470
212029
574838
320375
143068
976237
588628
479607
99782
220466
629844
758810
946556
483227
373551
269741
314928
9708
655804
688299
986482
583884
77594
80055
853217
669083
854832
53831
472668
303011
108968
636426
306801
723652
950590
198480
736513
166251
641538
671497
823559
723203
125192
981150
765006
322205
888767
690618
362070
296130
526253
319520
798923
660586
287647
946937
860535
594348
845991
58792
70737
418006
130420
41267
5881
816688
705876
433385
918055
619186
704569
853658
627473
523337
699378
583683
978625
585925
821301
971749
806696
609278
661
40039
520566
21978
76805
60804
532819
402635
41267
850329
367958
925336
950347
497141
115489
715458
276286
643443
766337
557948
716796
313027
696673
422791
65177
322299
645156
325895
529805
345983
231001
313168
180742
858837
888155
659435
217533
788157
29212
295405
678582
457361
13933
562740
134802
490430
827736
665242
177314
319687
655209
235061
517412
130585
442999
662823
298960
927726
378227
879951
766442
291931
750121
892491
529333
42674
372888
436718
166288
157570
966567
239583
732911
309239
411024
939322
463621
357456
402619
562305
498230
116903
406947
183157
651445
286781
144223
738318
125091
553033
581564
129545
84347
947410
518129
676899
314279
317849
82852
529169
496036
832983
113433
963924
791326
287578
574723
65395
792941
113313
578772
678161
710756
403916
464822
847821
668590
34411
337243
275803
621583
26162
628923
551307
217928
500763
980746
517574
777928
338774
859834
836908
612709
514088
407437
858757
331424
562904
507442
979141
313967
671290
268211
964055
415773
976809
46488
16151
897493
984392
183536
949717
171081
85864
39292
946969
468554
660495
5376
224201
717069
392929
272419
548452
360551
894031
208808
768586
127618
917604
490471
367491
467272
380044
377750
841890
32097
9328
182453
156601
812065
181663
3961
393533
515879
309988
510449
826432
793691
270129
329285
242006
657916
753191
976207
866911
623803
86883
12314
141442
907622
694448
386752
120314
404315
329447
108760
819235
895593
880568
99237
938666
286993
895113
64678
52679
119402
780371
774762
852056
257100
423666
464003
958728
689614
858275
559466
527884
565893
487174
462773
690136
857045
403527
812152
519408
252557
114137
931594
33206
452756
452305
84825
457049
341442
289004
378639
13927
434474
850957
208611
116545
509030
584968
337013
680224
929254
620003
845588
549590
621016
456939
177370
581564
16690
641703
753634
136483
419006
16554
751443
858197
645689
74143
10528
986295
892230
455489
600061
247851
116701
474787
91332
843754
674357
771989
988849
915636
587353
916622
280823
62339
804764
895929
614516
354340
930554
645987
935345
387721
232391
617413
108207
27879
753191
890373
714607
450784
99037
398127
456989
454413
607905
178437
179572
570402
796376
575665
112108
936566
417897
163445
841949
538218
440433
999447
842647
374085
668277
660426
399437
489137
539190
197223
574323
446519
864779
271587
396617
841726
67594
778882
517925
853314
141660
813385
864740
220529
297540
100079
660244
932360
402359
966493
11287
298014
872038
64355
229396
150244
188663
201451
834049
485731
814219
244948
453748
159237
827757
368200
655853
792980
805923
395063
117778
315110
126209
161298
297288
598946
512798
571500
451827
670642
351706
254825
456735
933853
575158
739518
391809
676137
532309
143571
411882
569483
701436
959661
706603
503109
659777
648295
810382
46117
762570
530764
802390
19981
887098
491545
843103
33611
444445
535501
596416
544855
660628
794323
894318
469188
620941
577282
978418
673883
737555
52726
697544
397621
828908
499393
812171
229040
380400
450518
794815
496016
4980
898894
332886
508368
777354
47960
482707
912025
16690
165114
121871
392708
218653
605374
638835
287658
603273
40728
433378
545428
47583
894393
147959
767319
647199
909101
603585
543742
836510
205231
714878
468233
277973
144267
103104
160928
261204
469901
467565
636077
575867
910109
822359
733644
296822
795990
263202
180907
521511
480621
564481
280316
363950
924547
445868
860430
792604
458098
120153
266345
641563
251991
396055
16603
555375
732397
311525
69941
442347
709024
125192
108901
847688
967106
926039
951657
475516
873966
80603
231018
661692
790579
424997
693057
379834
69893
976955
22115
924649
5411
724969
656912
228496
777022
76814
656128
183818
744738
808889
324399
29249
610628
424692
209902
972276
946380
663335
801376
193812
60983
817315
336864
74952
627254
791840
14519
540498
704728
822267
399163
151072
406326
584622
927441
649582
641874
627392
442444
504279
830638
227740
861711
321258
771497
355826
620721
224632
83158
56579
540526
646291
466440
229762
274312
717473
558412
213352
302011
407286
331584
741921
267201
488255
643741
212786
390785
227841
828187
754365
364410
26259
526304
932396
43424
133615
986576
984354
500445
864302
281039
466178
463477
891464
861339
657875
814546
881705
883892
14112
230674
429918
32425
233321
241063
441349
147607
621349
185690
968538
410753
845706
344850
876994
372238
197153
471704
172172
170522
720811
311491
300154
744295
206806
380499
386772
398140
192812
681751
561707
681015
553768
307495
80549
714295
434702
941078
278710
254467
89307
721003
268036
643635
399163
298451
668444
716583
502486
823227
331479
846095
731560
142865
18019
515348
560715
77500
596044
170897
361792
370397
809450
819441
322097
798020
783941
448658
929913
898304
207755
794156
679435
625404
839675
136521
786439
110242
48927
768272
212043
188381
645107
680984
464145
606745
430146
485017
891773
36486
162397
353527
997915
694915
563672
784443
955652
805876
902313
781179
731593
42134
758549
342795
347592
775110
224982
244643
533078
702836
532009
814148
749222
568933
839477
704867
40340
846561
913308
967541
402037
84800
172167
35913
487194
177426
581141
777775
630598
385769
13474
41041
194033
185865
168357
741665
466202
632814
372230
300042
952906
167749
969850
206686
815863
941292
219432
438838
670512
336301
147021
277103
229043
103853
245602
181614
931527
462237
935361
474905
983221
366169
96159
502339
301472
832578
123172
234038
192740
767825
729870
40974
663945
695063
902736
760984
202315
633424
8287
150192
877040
58042
523370
763845
252494
837424
313027
337361
807060
136555
125562
47809
668915
186816
342152
411470
649680
8315
32835
108819
329173
860438
596218
491613
115447
291020
632700
153413
397865
587361
218375
882357
383841
990127
142274
915389
680077
425731
203769
173440
992083
75247
6142
435231
638236
643678
730468
31972
507431
816123
391699
550059
953490
132171
193188
554152
39502
113433
14120
508177
8287
540338
241935
406446
560674
633692
111867
911929
49449
407359
656683
974686
202246
715196
373965
302345
768808
954478
732423
984464
354780
502763
645324
324822
894657
684739
883547
78806
108807
387131
983515
465563
63509
742535
963425
204157
763044
326969
888602
651970
272650
312404
107594
250207
837370
328304
483669
889009
431923
48044
808963
867571
270074
181532
219212
425460
925519
45363
166380
385401
202363
8494
552089
414968
184107
630853
359852
717373
849070
996383
990457
119140
811375
730866
516632
925316
473299
234874
123900
40054
770121
506020
156331
548353
721344
521938
901960
120050
548520
295357
931382
375905
722375
136516
382491
89477
468093
405788
633046
219834
481875
334176
782042
719848
48770
479301
857040
314775
153223
666799
46858
103520
640771
231714
865115
974389
517772
658292
618378
831414
716483
863882
378465
261983
585168
957440
940800
210287
688469
548239
399734
638950
298854
185666
497417
8052
583442
816048
568521
593385
131250
874003
964647
692431
833676
458367
882049
431714
233752
499928
777255
635376
96952
728401
102985
90542
995815
290982
739785
679403
44707
133103
548528
579847
66838
915307
491227
146643
721337
598267
100685
840872
190023
442077
852551
753315
675092
492255
459
96047
476006
914272
409214
934670
333706
752202
169562
390643
857830
922477
93552
372642
470245
599623
801044
101919
11664
49272
492298
794380
421126
194076
826258
780397
244920
247799
564040
266684
883330
896375
436354
311556
66926
628436
417161
555149
951764
808983
176385
315937
352753
645543
283944
942627
840366
912934
870915
208792
814315
787939
79144
139975
519604
920743
473599
453456
529070
572639
862115
269875
704794
890151
63207
66573
225306
982701
697368
135201
512091
242475
436150
312226
839633
827845
774507
625261
366157
526724
129088
131314
660527
837562
213285
352657
914488
696405
939711
794844
912989
178314
644564
660288
841853
602293
881160
639163
50234
156594
756885
426940
169943
250222
945545
649257
367614
223883
573522
448119
855255
504149
693165
840682
148697
543690
663409
85386
652168
296857
430892
123487
951409
905044
397073
137306
529734
370919
276403
719416
656322
625513
747411
86484
486919
507604
131408
712683
462076
74347
253541
63494
304324
331839
559908
518477
724403
13448
733332
493094
9609
123259
236565
318512
126250
875501
76139
702502
111380
972559
950262
253545
716796
526798
641205
545378
125771
563951
7017
332487
688711
673142
986234
651919
997816
790748
750197
671450
998797
641507
44642
271500
255678
781894
422472
380715
180135
97155
613199
22073
959408
853877
970511
620148
369443
150349
308335
298492
940128
709628
816285
948070
391869
804658
92431
445921
811957
677226
103264
958601
996277
405012
937594
260970
409288
832
949866
262135
366115
166441
997044
607769
668693
870517
578979
229568
180754
198898
850329
905048
17502
210725
852502
59240
978522
86521
149393
349958
464159
672534
97974
256385
769356
360491
112824
816547
676984
384877
236052
619082
720830
494003
242750
415142
151125
46117
899840
91971
89412
42281
106811
361826
507503
638719
784315
603774
720309
485457
408223
164125
421116
779526
516291
686362
399259
920534
817275
171943
203928
266013
664007
226151
805101
469887
6464
371529
312902
489428
380257
373442
203566
153528
191293
936767
258760
763304
98053
730418
269317
668160
509145
961500
352439
218079
391950
21882
852213
977774
846677
715185
595343
194737
938283
540397
862257
777929
226121
638212
577922
425145
776050
257226
497225
570952
963438
255709
49814
515283
292616
578483
471897
302035
991323
198891
161580
710002
232688
230253
461687
492498
709915
425075
273959
295939
225748
729104
144634
84596
166358
565065
895200
757591
158221
120634
646535
733353
712061
489869
804564
916320
205740
885729
58862
830244
461710
51886
636192
593802
245648
316994
957324
158401
539191
346045
296811
602732
979475
385077
558462
721845
482137
635281
867455
251169
479514
378350
62923
82163
715422
23347
465356
763845
215133
935363
411276
895620
529734
395332
94426
637765
540714
864693
73204
808240
295328
366161
779001
365595
288632
122999
278424
69911
408683
15591
9055
721509
842394
766984
478256
390231
292142
500320
179475
948826
959491
234978
27139
744225
668517
468490
82780
593629
735086
600447
796609
787522
359968
298822
256364
970847
702736
339182
508113
764687
670890
542543
134265
764400
349151
890337
424596
802163
990574
92260
644089
106620
326110
508646
404739
644647
906852
247330
602580
549445
710221
906391
846641
6262
99104
257328
615495
789340
617469
373896
356101
298650
107135
335896
374975
639933
174139
87272
538947
759450
378080
946834
851650
956249
351189
345996
230014
456024
452601
680022
99475
922781
13145
442208
428449
612333
708878
124231
24007
166614
557860
871188
42798
960034
908016
670052
520938
144497
972946
641226
191402
9513
829710
107619
496744
28773
129125
653979
726748
104600
630803
245033
420206
928329
841051
969394
92920
620011
311004
83912
219355
44641
134480
907318
783796
386928
391417
413011
118501
569487
55813
908200
551806
236361
7814
279833
297043
824778
154274
566322
139136
795167
782589
79573
207164
161369
232444
62403
298566
853573
139469
201485
659052
996002
462154
371830
188405
414418
577393
431993
965356
811148
902664
637638
54212
908529
503255
179201
500320
604194
702045
857818
985035
981525
92019
36978
716117
932440
129338
508151
802243
710170
820856
925506
453275
742105
854340
549983
559747
931174
657380
959213
256688
925878
552089
127902
176890
803779
86984
963713
126975
706589
930304
453978
132163
944134
73987
34239
649997
5106
881972
687238
641370
225663
278341
311009
887536
764286
352127
524354
858369
384981
299981
360480
91384
596231
646208
402371
491377
680898
824007
295355
149882
218437
497571
178695
759849
526221
453717
670144
817370
455943
206129
325902
199614
710298
341439
366996
500864
230541
235128
422846
297807
478399
755084
774647
681114
323598
124201
663767
177940
730588
985474
409171
42480
663283
787738
786951
735988
157323
509715
681933
433157
833327
421896
861317
42529
979539
345598
315073
133302
205191
705865
648327
408117
885340
60871
129273
870020
190362
161973
49207
489469
968638
271968
185598
100898
238866
657085
905767
714653
793305
99233
928262
496349
455511
676421
207379
930047
265226
132540
832184
623655
959244
111682
697265
529046
400129
818624
765218
792088
244318
946937
696840
600246
215347
908840
462224
169918
982926
69893
331765
352046
791960
70622
52767
288397
860689
68087
585000
677631
601719
747749
618955
204832
624877
106929
578281
87000
959316
617595
553889
508826
980769
617198
408359
720190
818173
349538
269806
413087
842866
586481
511088
256505
562229
14074
339951
235869
811889
596401
656739
653090
91764
593198
467779
180192
486609
229528
149791
392326
961513
982698
596196
753443
643144
714665
936864
313651
86004
950009
29327
16028
563628
284679
285334
755305
608258
566050
230615
403645
237987
691905
210225
969565
617373
116203
688086
715458
136415
286429
574120
638818
288431
408341
524936
901321
139220
590050
554822
819672
56233
578
699088
314821
549153
505733
450784
732386
574296
642868
2086
410534
265664
793338
598402
438944
238182
842911
494956
115211
846332
275240
477909
173194
156299
698933
693251
981521
4987
659026
626012
764010
298291
168591
129165
834753
234349
872355
758549
332255
51415
569724
608529
223632
225327
84637
23684
985445
773473
939705
681132
987520
289164
843058
968381
298674
397632
739599
933658
841074
48213
837893
115052
918795
437864
966091
194654
748987
654418
583813
414943
89164
12562
786770
137247
225749
610703
436256
586076
906190
893611
53459
897549
397239
623531
656633
507474
867156
853291
291206
587891
996078
653003
32507
329110
682982
471611
71993
784556
605375
518416
656065
360056
236623
882005
177234
941755
206745
961669
107289
46324
935222
838613
187862
359009
107497
171443
665617
88174
740539
861904
915103
292871
430082
718846
726934
116673
992580
585282
753545
396676
201420
924867
976930
295034
546894
368590
351294
703198
534970
491773
211981
62102
797665
119932
306417
409257
507560
311988
7473
58094
715043
448554
928479
126935
343169
751380
963369
202729
302218
578363
118099
914530
465379
593753
410450
998797
639759
159400
976115
178437
996873
513974
481242
764194
433907
692414
113717
116585
208947
298492
787939
824109
762644
362119
86818
43717
335063
3956
776650
532986
364344
299990
144220
724865
576399
949065
589078
722987
340985
779001
342170
731412
585642
900245
777544
74008
804720
675943
403296
625886
725050
962637
661797
57712
510247
501955
369434
752175
162903
230521
163105
500376
908079
971974
24715
494834
947702
497432
217156
2708
781179
155877
615354
37112
830130
941748
449272
783329
352232
930656
14112
174356
226770
107138
848098
368796
222794
949330
943567
136792
732296
778124
733873
487666
896379
841701
863023
352117
7075
264846
795794
442467
864789
379749
286861
539045
4915
310282
93485
509807
693916
656123
410419
338841
220903
429712
400715
175185
502570
400900
733670
497276
877196
397999
214262
397989
980346
781707
705237
418861
669806
418674
115934
138541
78747
998460
746326
811814
699403
938438
88962
324163
357640
959345
182368
192868
649582
493139
170568
571499
602476
951397
473544
986355
643170
564287
380779
29958
320769
306949
3297
711877
88757
939490
192090
547292
361864
403536
572385
563153
312949
439426
460024
300931
836436
281147
329125
102970
710743
582177
628203
730055
166879
427748
851991
459742
119372
310282
203769
908961
856267
719700
972732
823020
828256
147404
135671
35500
159641
402757
203323
718841
340696
686619
658440
16794
542855
716786
421981
232901
495611
85388
63241
732991
696588
224427
307166
174708
307957
561702
888451
450989
987331
938191
689306
256387
804700
989121
394009
191108
848389
576349
138876
519644
288478
401853
683749
52203
279144
813132
791373
659171
124379
905964
831798
804637
426551
370390
980261
444549
738296
419079
42373
116719
816473
336397
569994
51969
10462
229803
659485
166406
112428
197809
637568
87058
142924
798114
356429
324883
249123
415677
151661
631514
326364
536363
906510
988842
512497
874137
65704
852022
420738
9308
708582
434670
60984
495904
793220
322612
231272
474257
685977
149197
121149
562384
487291
269498
19055
150531
745066
412669
362349
244146
524172
707450
851144
176905
690400
46179
952257
229917
837345
214572
319808
163388
49414
195325
447868
377266
656249
669355
796503
612911
659096
264312
550537
124275
489020
440574
181401
275543
671501
654644
194512
878119
663374
304562
87228
420268
244404
663080
311431
754580
327509
779788
50393
14934
931970
571816
598838
138417
490652
22080
231077
124932
707926
711732
614964
939913
648950
634343
746761
850329
490652
294790
6464
215643
22758
920018
461859
341089
761687
44968
577559
386142
965744
10187
292212
886544
890384
333277
323102
915821
778574
21341
464517
784841
581801
885686
12302
337013
160478
167330
406482
860679
124005
379553
821408
149141
172408
475368
632496
125852
424510
28139
787233
583176
261322
593391
601528
451161
958819
811845
775368
98677
621854
73789
174330
740305
29969
73454
904108
196180
999020
805977
709413
188896
447193
245527
878224
154502
81632
678341
199451
656276
555520
205420
580364
459533
910841
510724
454113
870728
776192
230594
87650
746548
441037
627869
929379
571994
818079
422440
648624
935603
268585
312254
623217
369700
880109
750591
382413
726507
506204
864125
773019
163260
515431
563066
554743
654920
255369
614792
417083
964297
56253
65611
196654
985552
465845
891430
637618
674382
978930
388839
540473
89405
133662
40699
488950
930119
570390
210240
134420
419743
77986
897423
693118
307001
93914
255690
568636
730958
383144
524303
958086
350240
622590
596652
888718
578670
732087
816855
69992
590563
556597
85383
323663
418940
671522
701464
690919
330454
896939
642658
143740
800610
51679
828289
115437
975382
997939
514798
735658
996469
172552
687494
27785
842629
205229
751736
594387
300624
137905
7526
284146
20505
271338
960874
413103
60979
219816
100568
332782
335641
332986
873788
194294
267398
104577
503065
608609
588847
579855
309644
724707
840844
748807
820392
89286
508397
949996
578043
635139
280693
791135
903670
553973
918812
989922
159974
984867
218653
780292
999661
604250
179471
562793
107084
539651
850295
492587
869303
356036
193787
857818
757166
256262
775779
141832
796676
882431
753000
628503
393788
185590
703129
266500
59396
313832
259540
805938
168944
423262
156345
327715
230576
467020
511584
736846
356250
904056
748056
536951
907816
454482
364120
111312
818013
87025
76449
557392
137002
38490
511424
820134
259158
57562
76455
505325
771231
889563
735565
261883
924440
193569
265035
730644
256942
445934
919794
643773
443456
57122
12436
1748
697064
290519
687002
175355
216056
773981
850440
128398
311261
394921
400504
711356
837025
13321
363616
685628
58190
635128
679368
394885
138259
156078
20140
813965
225445
475288
517338
246107
613569
744327
414092
855922
657250
685529
220105
355280
284806
389133
504952
637506
758543
192427
395412
63872
809876
541272
179706
269300
472216
215112
5629
717187
958137
476511
800177
744187
94211
832065
861758
188124
417991
139615
75731
956728
422564
898500
953563
528244
884289
541239
621533
460538
36273
261396
424635
756999
500166
874419
988818
867114
510880
260967
864410
298021
599654
568509
931300
21863
73598
801953
314112
148783
964958
6018
214136
84780
897252
221734
14972
827370
781474
716475
151170
559606
442630
243060
155784
962024
705353
934301
586578
302241
963858
390786
144911
647358
684007
925039
215254
437754
888288
600109
97849
494146
146585
931435
505917
136083
208896
753370
664831
844007
547201
845713
70856
230573
92323
685228
907727
154828
503617
901447
947334
806906
603944
532691
311206
613425
762838
618609
698652
968705
896789
45420
939448
485028
632756
675958
953105
16245
866479
180343
464156
813087
306880
832315
890967
391823
973080
201681
770805
230263
631180
728360
71655
718730
93739
627569
943596
997325
799948
671686
911904
899811
964015
190313
773627
331542
13681
259338
80533
36725
847138
165295
44702
464727
193309
508648
410040
921585
387979
714523
513492
808516
903955
957300
494836
61903
541657
119595
771285
26996
929733
398753
487819
721155
448658
202713
626186
178975
348737
280387
252714
186081
6794
981893
1249
732209
31651
721204
15562
891861
78146
350446
1334
401655
508997
139592
332145
251117
86984
669976
656689
843650
864070
394081
140683
978971
994778
129289
659830
384272
394766
512603
553253
24575
877478
602537
781754
52630
874932
402731
484597
965744
471570
805628
975825
600498
416133
555867
590985
99237
205731
599944
997036
958408
359094
635623
654093
418037
542398
646417
640667
275026
565151
208755
665216
584005
467986
252918
119085
720808
602086
719009
625354
571994
259431
790366
717766
317260
887429
467399
70427
264832
687320
569899
355252
15867
590259
335677
385669
695648
448843
497051
246266
876239
66507
710103
484454
748866
670418
388082
676045
510646
763124
333224
781047
867207
926039
972722
616205
520631
291201
812314
173474
31374
732555
34029
461780
724563
663077
307540
577649
271167
901553
473459
993488
984392
389731
906951
431159
701535
549117
300740
529088
488433
100827
723892
647910
343558
968663
640487
122991
422834
657321
350811
166899
395012
192826
344231
590866
455379
970688
747696
710002
16341
165846
103912
136480
325353
107050
291966
122100
269091
819651
551860
72644
645651
2451
334257
610274
132703
809098
966166
514444
612099
950636
229984
527121
545146
471533
499337
174153
563004
414173
806712
241663
617776
17136
557446
310704
316200
182895
109885
469070
605691
585968
524128
754063
244835
515688
797330
498722
187447
146268
457883
429585
779355
204436
635165
417756
29905
348850
532564
361990
981773
522600
894318
53459
789140
571570
593367
459135
242371
14750
589992
741755
68987
492230
903694
344047
518707
684322
904277
973596
244920
920031
425053
220240
92493
308045
83133
636306
143973
581300
989555
509445
939959
681663
866372
209581
118953
834910
501780
104352
121529
277353
203367
477642
15284
347323
973365
327946
421253
593882
654824
834151
285967
950480
680380
66217
858980
635893
89522
206023
720709
852399
311663
409179
139122
140947
922791
413752
273036
180615
810828
756276
182998
208288
445924
183884
51257
450972
69061
860642
506686
696829
786105
464348
18443
811148
411931
436938
426643
861920
18996
954470
749994
601565
391699
660017
80643
566763
547763
808043
16899
517040
353314
476032
765867
795233
18894
549784
804851
781885
951892
541263
439435
765607
893620
187015
76606
130015
607636
961353
685520
509557
695420
568617
45418
497842
124478
851594
705355
667002
535882
827023
882360
114278
520915
925867
674441
344418
270837
601901
373876
996916
310837
858460
404826
585967
639959
658594
640565
880476
873587
112383
162767
651231
851893
155071
950131
364285
478301
102034
853386
563231
773800
730316
216102
126017
621424
793494
417577
826330
49485
429004
590423
159143
121638
157588
501126
203203
583931
432487
887301
455598
780499
961521
264228
494368
672696
850333
688743
12468
717385
54441
166308
486163
264687
849784
871097
905787
736643
125467
435803
801745
413297
340139
873636
65397
845562
670272
934555
621411
96566
256709
610073
227771
602396
812052
197304
340201
910202
411670
261999
883431
727261
254553
284948
411466
709045
655033
618575
143559
667393
302607
970726
949533
528868
667798
860754
713466
981931
141415
850957
785535
158506
744498
812018
550179
431476
991391
821084
120007
567722
746453
798075
19646
803995
767647
93655
528841
670273
422425
229008
995376
291819
35143
506258
471315
733162
594062
859612
805296
388587
176295
711102
668591
734236
382172
759572
914991
348165
279656
11452
797380
95758
965791
935069
463283
445429
168531
786137
107554
37891
139633
463028
332841
798498
935203
642630
568364
897409
83761
859343
412632
415482
645206
828652
709157
917204
200089
238988
984392
498016
749413
683299
341732
387658
674939
10563
678175
22296
410565
203855
894895
886384
426704
800335
693919
77940
234775
286482
41651
808242
357310
212188
172384
120167
396476
649662
482358
112955
727203
767329
194522
585180
202056
850404
946621
452181
910645
59065
121708
377187
244446
436011
568421
890169
344755
512151
374674
432337
519958
146032
467418
32300
838714
954457
480035
621384
591604
933483
749354
716365
284423
195734
990535
621273
922339
20530
238988
739737
931931
638433
973919
294753
293185
514928
566331
967816
216568
915009
864727
808860
649392
584640
85025
294669
644525
357928
825527
948542
82541
340817
475934
362724
545276
471266
544124
471331
953803
679590
480896
389455
711714
111063
391805
481412
217472
171512
762347
613566
754742
311710
615582
135353
923212
86710
98567
841352
887264
931893
455009
515320
932072
164770
262358
688829
428123
776193
885936
484597
360248
433383
549568
218447
498936
705498
982701
444093
556115
735785
743738
611159
122427
632281
572425
208546
172349
140802
163862
847380
322092
280693
66926
612669
510044
453440
970278
202315
880373
90435
825858
45006
284538
447125
905488
189910
487013
23705
905308
346905
112105
767504
558279
975936
169880
195366
725458
937388
149445
489970
58741
254651
619020
993467
195372
97418
875374
369355
556508
76237
821802
834800
110638
589207
274307
138508
357928
125152
3502
954247
708785
204210
847170
85655
32545
236557
596406
963937
148203
488785
337167
469702
595970
675317
485246
442176
516025
224650
262412
509292
653250
352161
91808
774005
777769
271479
366549
910661
668643
629826
927015
386685
869887
509080
153724
395845
302864
711022
10630
111761
539233
494337
543664
250060
340144
390382
162187
930862
14410
838793
133373
798208
136023
373552
538432
537237
984954
612707
295490
59035
554203
797600
371919
801435
328415
205917
155059
805712
457767
139969
189870
202246
946592
733303
72286
694182
541426
667896
885761
331839
733355
289794
980161
917356
55952
714125
418006
678482
366205
979210
515383
812118
357773
476535
384104
366186
58246
638022
494018
641744
592206
306981
756561
833362
293303
402826
212093
584815
131572
479924
656304
134864
183098
186057
966131
900677
340842
188808
908390
791972
770831
832671
979362
993803
342839
655118
324616
514474
123636
888698
799725
926716
45089
20789
856644
364795
774021
190969
823466
402409
837011
932880
870754
685779
46381
414864
334394
707845
463283
465106
113375
816732
624124
725211
273639
312568
348630
719703
461759
738333
103667
279868
61833
580124
632602
227248
613208
462733
1581
221442
235745
836692
136277
99234
65347
514539
210422
248261
651451
949734
715265
508560
217331
52419
587312
276784
306422
979379
458163
80193
60109
146135
387106
947182
920074
623095
327119
759304
859151
315212
40258
400341
420268
97096
768291
242015
573313
911741
808362
320503
914305
194801
919304
277573
345100
91786
424062
486277
611037
652033
132436
99336
693025
400005
422308
536538
494368
778544
428356
909904
59986
873577
534576
123636
283532
762013
747382
412035
384432
816898
196438
617697
288153
470846
845769
562194
616867
750642
571575
525911
148395
790540
509807
750380
258792
112313
578845
114547
839363
767564
712405
879654
546279
841880
599262
504503
114361
55042
907501
608376
151910
964704
634239
741276
327457
751845
722448
666671
297824
488072
919459
774371
15561
755621
297671
642958
670266
566239
411180
440715
988769
690107
915283
614745
935053
887878
229820
473369
188487
855549
697882
107339
239159
644432
120167
905607
993032
147435
368171
210594
11822
276171
503870
288601
793216
568655
954751
88577
668311
894553
242690
969424
76415
455999
755610
944826
227740
863667
345648
983611
725314
116650
381721
645338
381207
371858
124293
467811
28304
850790
932516
765932
738832
489106
20320
667255
582424
835436
157466
835935
165351
114992
404852
478636
114435
735565
297707
427880
855373
252767
545728
892194
838806
794049
814234
672929
653414
120016
140206
857485
115256
180118
680112
903307
297452
859555
902463
127985
285758
728136
869510
9055
975903
397935
820555
886108
196258
122854
83043
716866
574302
293485
789235
711598
55329
142089
28304
626864
27234
288680
372506
272124
493547
578741
561653
360157
600145
449137
404158
494901
684171
895846
312058
598612
508599
930580
79639
581845
535590
128342
37386
940636
892378
462458
883904
26700
274768
761761
585851
502087
642832
470754
566873
670247
727653
20468
806495
306050
631232
802900
788719
662292
998717
783349
431398
803127
343316
543402
537821
640941
431704
660276
145584
962311
742636
933856
643422
500966
792062
711303
401846
332237
93319
818818
683281
742131
188818
798002
747733
408252
391697
719017
752920
717609
213078
982667
859492
386419
217519
962672
450603
566760
463088
772081
556665
850297
335040
906201
371529
955681
257770
663970
850337
576366
387174
55127
919257
793905
615341
786402
452704
632349
835387
458141
917296
803
763865
526927
337985
271126
205917
596511
185591
850483
792088
332517
915174
194466
668005
102649
704867
920066
756165
562498
2094
9361
865464
79630
672135
496478
850889
563212
194939
30939
536750
265092
750837
796408
429258
294878
332899
306301
141423
707926
975693
358606
449369
588199
902346
982666
8392
97974
537190
555708
617765
379368
348322
317868
321601
562142
188842
90784
665655
408128
436457
237857
624456
298492
930421
435047
237053
737007
559134
984328
870681
216641
988731
767518
159570
4324
178533
470849
86440
760546
287361
387807
21934
567364
294579
129398
544258
403210
633324
286849
200771
475166
846845
173803
935385
205366
912606
87128
585070
473369
872326
631193
169173
265296
900440
845564
327851
78860
476715
749828
250778
136796
14750
986986
638450
520605
274395
10202
325855
669417
328660
889197
509338
254887
387198
903857
297622
304408
679401
477327
546760
704438
80407
108622
352562
576838
830375
612155
382643
979475
532564
590766
458128
508189
349619
943809
273901
218070
229156
422678
954141
891213
528665
716967
653114
486339
218906
752074
476496
476826
985091
389319
616225
492884
909766
607252
318135
783756
932497
503823
705286
723885
335981
886981
175977
307325
954763
468189
521770
122427
66923
612177
548278
547292
106161
821195
623702
336820
853307
625235
657788
192517
700085
132969
983833
334009
210594
668239
678080
359450
50543
258236
319189
424426
542201
612429
366709
131939
933164
131162
666430
180973
153935
543176
666404
458441
878186
745831
114246
570115
247275
388696
189213
845053
658472
95774
455084
367708
429581
14687
191130
867753
634086
186738
639769
961323
226596
993990
553447
262797
697511
29853
485404
352976
933774
399009
743620
191166
154604
444572
964847
538064
174286
113904
382051
16761
135630
455754
403657
995634
103132
969371
732019
30176
159928
128791
16120
129431
937556
241915
413263
812893
56641
725131
932023
233957
284525
294654
870751
85881
503787
85197
493387
657994
637038
840555
561065
91236
405139
594505
781106
505857
676769
52471
319242
419649
174157
928112
322119
991271
576325
578205
540487
470753
904899
837766
719544
257776
26044
695912
574770
949999
419497
924319
783930
550072
390235
634965
982508
625655
630262
445123
33556
826362
627337
407076
141842
570367
855329
980194
235383
827726
759479
127053
750552
526517
369737
158039
824222
516200
25305
465581
903711
220905
222504
952375
69021
667552
603401
263481
102764
419916
87990
650939
85479
910716
622565
104298
144502
695575
906451
936515
853364
481661
379106
654389
937403
807299
424169
431347
87293
913974
64334
255563
400957
142941
270822
218446
825180
455493
680396
624941
141660
600109
222580
503851
75032
901454
213943
813029
625139
683566
244146
332145
323872
929784
72863
92800
626951
151190
416296
78801
689649
842448
82703
390305
27656
614789
78773
440488
694034
573574
511906
948271
634331
469529
497539
555575
337789
913236
563226
719983
247148
987917
937418
931991
793305
828095
589108
44801
214655
961127
621439
890798
883702
286841
612420
766163
920117
11142
443143
547144
179544
698633
61509
623988
268197
480472
572712
101065
626463
598596
526475
344251
834065
717709
981430
902821
31134
495841
383178
767907
823627
862057
73625
722089
970726
283944
240197
730825
148405
189863
667610
904092
358227
232775
104554
705104
204819
38228
290171
653264
100921
558447
79350
868972
140032
565975
236504
734473
351367
253447
996473
720909
482018
336864
138074
715217
966254
318635
847013
505363
390459
967715
481378
495283
978278
534258
403430
557989
391595
599221
659764
78705
964066
566254
151925
214081
340630
103861
402950
242841
756851
595850
526954
461744
297519
69807
169276
315684
800538
134203
287905
719689
972204
988241
604453
288540
828156
805182
530982
650658
582313
135604
525552
346088
137905
845921
992886
888367
469053
746138
127376
264565
834199
434899
616114
996960
126010
707597
300126
889067
395383
117632
236962
16603
880744
153640
818712
231
177055
596730
74184
662881
544855
323391
601540
197445
636592
226096
638726
561268
448514
468276
524647
856315
90051
829298
942509
957326
363926
787707
316200
524824
191373
873156
822569
173042
706735
432811
522661
437337
560234
121324
615301
352721
641895
28943
861642
471182
976325
664732
545251
253545
143405
438147
549864
959803
67506
122113
294123
809165
242650
951496
877765
279057
470892
108760
51841
946382
659068
418940
714235
657620
714338
652845
905964
230674
137383
799245
115615
956628
449169
459040
638159
942527
518455
661746
394856
179588
177128
838340
747050
64872
23472
497494
334475
227841
568663
433984
948539
589825
910928
259137
936070
363077
964692
605490
214316
459843
799912
784648
498783
876079
10105
705544
812505
747424
388752
17398
975733
253107
718560
291281
578509
153644
273430
270386
795159
729047
547611
675927
507607
403590
197609
997494
629950
463347
435442
570256
758587
402378
75566
53656
27104
874951
848201
788006
576388
706609
933717
128264
306700
771135
824200
997781
101065
688164
620303
179572
330624
930279
914787
42586
130703
26809
277980
396616
38598
730701
734103
870146
370912
752645
474670
146609
491111
533143
458437
492080
932540
916578
952766
575844
859021
913811
604761
542090
573936
412489
182485
436438
904358
523885
535016
476822
38444
363587
704558
153831
540217
544216
760094
982728
550688
15438
100487
929211
337910
800861
317260
200394
174311
435118
35830
511236
827655
472034
877661
741813
805239
728732
746200
608186
593325
166275
568534
971460
605826
724615
973512
19231
609188
234411
620627
567946
471713
645591
490635
932848
190540
690799
665604
993200
992698
17772
440553
195771
79826
287022
948073
650217
285652
493375
835626
877408
976058
162287
246963
719218
943362
396230
690946
91380
661454
757461
368161
40386
71840
501209
867501
147013
826625
366538
447622
690257
936638
843146
307060
218935
749222
297907
219760
379570
954652
154921
37527
261123
694040
238634
416566
539249
684630
110791
396654
535546
527645
250146
633216
276188
619442
753662
16344
231001
458358
799236
615537
357632
692939
333146
280154
532682
496499
270267
74952
398849
309647
300250
815337
735256
466406
637835
147401
861944
717153
879933
652422
226412
59362
336061
455799
844602
968588
949109
309227
606878
344295
77317
213330
821050
681365
32596
506278
86727
328574
538918
464800
434036
574865
979366
154525
458204
12733
512573
545855
91103
215633
906999
547194
197615
27683
61397
194029
842398
492612
718551
178006
601321
16451
48385
879572
856745
715073
633455
325696
431978
234303
31579
699216
298589
426242
708562
194817
179864
101629
687238
182110
826089
22436
262021
967459
780557
798744
794853
753863
144441
863057
414321
398932
743841
636105
23947
449238
680353
18634
486606
271273
577407
903699
16970
583579
39326
486069
440433
167416
28662
512974
358956
736015
889634
826863
63530
475163
978691
578664
603864
922847
902578
175919
636611
325663
267013
415197
498534
532203
790820
913107
184732
940731
614032
876582
503851
13964
421437
485076
537567
15182
300250
404273
25031
727382
836355
446776
53833
37803
929279
93244
97367
86117
738260
748483
613363
233704
852189
406108
860845
808038
495042
116336
736463
278571
8685
108390
283718
494358
591146
619410
44512
606673
513959
126917
321713
844209
823910
381043
428443
161826
598612
674106
701576
839439
637582
840176
637921
441498
673288
915811
197130
264627
201518
830914
990510
422695
28115
256083
857507
906272
366549
258024
12511
505934
904240
209629
695430
95574
783491
775104
691165
527426
799759
411466
803860
860755
389430
967608
435281
682719
757573
789340
864541
876418
458411
284051
744924
694075
740275
438133
862193
654064
993451
954267
443592
795568
95025
534139
363359
460472
807709
526232
808450
419828
969205
646839
187251
240678
427315
641043
595741
534406
921990
770197
584108
101707
717298
156851
932866
796035
62615
381983
645196
656942
243692
761163
941851
873162
945886
555254
109742
495167
974818
914705
184857
635874
351543
102649
224630
772202
53630
476833
354470
148495
150460
498412
91620
878075
807063
970044
926763
790995
731689
689917
304787
561660
876000
651844
326086
380879
568485
746427
11301
7642
282278
225644
899007
848310
257321
846520
319331
39475
507607
907870
633687
601376
201514
91337
170979
964747
152152
961554
841144
454388
868617
73387
38806
995179
973937
614022
660683
300931
303443
11990
21693
837125
272879
698438
792604
892443
12532
70551
683918
598765
239774
259613
401225
104299
272676
61508
741300
79523
912608
736513
517510
998862
807063
757232
193134
664650
306886
779114
276439
754492
706371
77334
703976
160853
460004
44964
152125
550012
638742
318111
478073
597515
874482
81884
827120
555363
247799
351776
59499
916815
802817
757012
687540
155796
295985
749393
256923
169789
54961
318707
648410
888510
784071
14264
4923
788630
423869
627841
191115
850941
858689
944257
16077
478096
434031
297769
219854
333921
4750
513299
437134
49749
121289
408410
128130
901515
856214
280145
1859
224359
496976
920820
273133
306192
153084
180670
86764
547934
185828
724596
127647
148004
635695
316168
308412
705510
74887
537204
632115
534745
554754
880535
644840
987971
920856
649870
867453
983417
996357
773300
109465
139542
978568
860091
880000
300153
293821
295973
827568
882935
692533
728967
595894
330513
768081
586310
338225
157158
303054
617438
463987
740752
23949
110393
956364
748470
855191
356672
85536
92712
834233
709617
337473
940526
422265
13927
407672
342148
611342
890305
550037
310092
894634
915820
613777
113827
459914
615862
34580
168608
280417
437592
925035
985757
283890
811464
42437
714988
244857
705261
687630
793125
38915
690582
696550
869130
515071
122478
118990
98438
241693
98133
856722
889471
300488
570115
897150
430428
964450
935850
110213
265111
110876
249212
306920
291522
365165
201851
800188
922633
847999
124508
827830
530992
10391
181449
147433
700405
758470
372174
856618
515500
465070
545202
20320
346759
912675
71572
11450
701563
30106
17220
984650
563081
108727
215269
327136
790352
897822
519372
657257
428312
908917
537415
146074
368952
564103
545237
178786
420739
291323
602415
235000
636641
389248
682798
226569
289755
911221
394676
490045
885229
854774
775896
950755
915493
500852
444914
787604
570765
997552
538975
554550
928347
299074
941410
606739
948350
342766
474646
24731
284206
41646
338541
182842
945831
333505
483942
295129
109835
368172
541675
558151
529359
459135
154624
857369
264322
191435
11784
184752
930580
556937
717790
507712
450738
994649
742098
148389
608149
890467
786310
917053
533353
558144
442208
473588
373248
99025
721649
685328
167470
517040
56802
198381
63644
129431
49892
950141
793509
248518
304431
755934
860580
574926
128174
264312
883355
113898
953027
847660
932771
351865
711301
142532
539384
284342
331852
20916
805385
984954
363120
425027
274635
903421
415789
669342
832754
631337
556280
479370
680984
977737
113961
62765
824280
593404
473448
300661
217381
704582
847836
628827
314596
766621
798537
9525
1051
703131
956956
405228
281751
341570
913304
315653
775992
197843
422677
563891
87500
356249
152213
296840
406228
184158
290505
586649
684311
919682
422382
519285
86625
795453
278808
298373
661349
303313
995030
866279
226071
501706
912302
300768
153338
1417
161596
540426
657987
221232
639249
731417
56682
464916
737265
645400
347860
932961
230659
691727
578540
160
229820
190896
627734
531124
679043
817379
595026
683117
473588
456151
519208
660731
291477
353908
768284
223632
458141
203323
827294
594516
31044
460889
816981
635923
200507
814469
505274
546864
278936
449233
49892
309903
578980
166358
979111
61858
737585
155927
657352
605170
266958
405103
462035
740366
585129
288527
874083
931222
985428
696423
391271
858837
585798
747091
894878
330686
829020
249931
375905
510900
918240
86206
361924
615248
364340
124816
608520
2826
38153
897131
29697
893301
621719
771429
151679
217111
925511
285334
963650
818273
934457
675995
405435
263562
848647
217787
633847
602073
33838
667723
390930
572107
67141
136740
813153
452023
58519
552404
82011
331159
638728
451060
772777
111686
360716
640345
360991
970726
592793
882970
493436
887399
451194
787718
917216
378744
197468
594839
190458
666074
989971
128614
21762
710710
27965
896382
216328
709342
576600
449621
922404
443099
477581
25730
583865
971547
766368
164426
579826
969167
165571
101096
158039
44013
112417
161323
91458
666664
618928
970782
632838
151634
990778
555694
716399
648302
371526
785163
808391
648884
613
285047
11140
372993
166251
402731
400249
486836
371940
724039
46054
873352
213460
400004
629964
763010
653886
682077
727720
928608
765002
605545
698057
112718
607635
896694
570137
228171
819956
795265
287208
958632
574602
374068
291458
27576
506994
107025
785439
556927
559123
686526
450720
405368
618502
375984
591403
29526
149261
231671
517423
209217
294132
558365
977310
821260
269987
244167
170699
66730
91065
132563
632189
17950
751561
769991
650263
853279
369444
588622
296319
775242
454687
768054
597699
833796
83747
346905
134178
804018
149933
331567
840524
14414
715479
41041
980778
587957
321321
954665
575727
494111
313016
682678
258742
191139
250650
49676
26753
697526
466142
230018
464159
297487
648390
571735
991547
898416
649215
265954
563951
936751
730079
562340
18314
624392
430153
988192
448395
65635
855245
234186
643610
729338
196471
27465
481976
188933
109599
754583
466180
616375
996782
559054
824425
735172
267801
301837
690341
945426
902951
74346
433028
296152
570584
599651
894370
815571
455836
263984
564786
341618
692979
980487
697735
60984
345360
376728
890452
998769
488512
452021
924212
980764
192592
863851
102585
106270
354240
690802
253714
555771
766215
940723
511447
666883
993038
665306
197917
327896
521333
930379
588338
859841
557372
190587
866996
444754
668310
77048
127050
664018
66452
59891
805164
781755
46187
420957
372302
249697
218740
753379
128610
580656
795318
184234
283035
762690
362296
753645
205827
853806
519663
105999
365415
114295
74592
501702
935859
436433
975752
155222
80280
457224
569945
999020
840682
297771
887186
282792
794564
811411
948514
380846
408503
828874
242555
519366
776163
808620
301084
494045
724745
59468
665216
554746
564952
459664
809008
499494
272072
892975
35331
397475
39803
309569
512321
429598
151688
340718
634756
666945
241743
279023
974527
628153
600068
396814
90716
56470
323665
210617
905200
814887
481178
751065
702591
268488
517412
837837
581573
557286
676748
306016
347445
968229
143792
301091
630386
921320
525980
299514
126109
803712
413468
33105
462395
1724
951010
499337
390231
303110
955548
816270
317169
393432
147866
532296
135422
195605
898477
561080
889519
333565
575780
147994
289356
319398
348939
299986
561495
821260
527786
32453
659424
459573
104193
613491
429563
985951
794587
411445
665864
796907
958990
619301
516111
240916
893677
585607
211469
355556
372802
471457
178347
270304
419614
377321
638422
289790
438301
511940
176932
733907
178362
11485
490075
14754
301110
123369
483540
146240
94277
310101
799416
396106
343541
221430
249706
978522
561719
92229
61040
350008
112830
713221
285553
874951
826345
630953
131453
839273
379154
639882
982755
743240
266048
408045
457652
317025
302372
977315
333269
943045
933587
731774
550032
739788
130656
398245
375880
383214
470408
608073
318159
973589
457457
170635
957355
999133
761011
847952
794070
824889
646101
267401
563774
574568
603590
241293
417474
834455
557655
387640
976568
571740
934029
544012
422571
883349
227744
528334
937363
5901
235347
747379
610530
927478
527410
948425
176540
300144
668156
369312
794164
371190
719242
874934
47235
902218
639198
571903
55996
823271
304595
162325
288181
691995
7048
866355
814124
559361
861907
754391
792121
714425
220810
684490
572109
433081
560973
151883
863357
354913
955987
878015
934284
335858
395288
178243
473222
982755
874197
321303
769435
47319
916247
378397
612125
371743
925269
655109
182988
480177
978697
391038
748443
316761
765814
887662
629826
896582
956513
741817
318483
975595
570603
998367
809694
262344
286511
467691
589135
476640
984317
863320
777485
266349
248183
842176
373657
155727
395304
580206
71920
50029
734007
59831
503229
910780
895209
129525
108927
320985
822812
165734
508478
349187
618835
170453
18764
342933
788643
91550
159745
200528
17024
626907
798478
631984
962714
875253
515345
732544
155033
620270
928780
822483
391761
657625
875531
230441
315479
166800
577807
944379
384086
825136
447720
694786
78733
665139
823277
498107
125827
492249
800727
567569
679081
58792
114562
164110
407979
207487
248848
658343
794699
98251
33057
325209
116582
1761
270723
221924
599639
560227
552456
436238
987263
314112
321273
844354
974239
833152
847453
715958
168556
748092
774119
613363
699680
213228
937141
412049
795627
600033
135512
550975
611563
820524
354250
863637
646176
271714
517828
510616
413582
317946
786574
968747
569994
427371
985118
529346
627697
141245
310622
736491
606273
296060
303030
731087
383665
392389
728193
838312
52378
836804
280421
253085
911651
525530
83619
77858
927580
383416
299060
621795
370828
534149
779969
809483
606079
299940
527800
802595
810637
999020
988842
653846
247732
160609
448224
27018
960995
323940
525802
253514
326705
26809
420287
318831
744762
669630
574423
530227
145125
927786
20431
987412
328685
924124
394908
275149
13583
371669
690024
193631
123620
505744
111611
371164
175388
224124
438901
140255
425090
463306
412245
149281
924287
521034
640617
666577
327671
233699
963161
682201
650158
275062
124887
803311
205966
919783
451825
925641
548611
34995
675883
863096
975689
112132
468209
471182
721256
501253
951664
242479
995808
310357
643878
819939
322092
919275
304089
501946
295131
765544
452579
923814
3370
601740
636154
837521
667311
259672
163196
724002
811952
500901
919743
678370
39550
7483
611065
710749
369007
547847
641979
746036
752398
922236
888239
461415
574693
835543
309193
420745
714134
861478
998526
14353
659775
888004
78612
707596
470291
100553
641386
767237
707540
404826
251794
485015
737844
493935
933560
435838
230361
566292
337995
304936
235501
396790
912989
282436
931212
138041
5989
845375
526116
689541
372541
467467
82254
843045
29392
209258
304333
873511
513342
422846
459141
325698
452155
954865
796481
907195
424111
31506
332262
657641
296222
875411
187684
709131
449453
689619
44891
407449
832710
24638
897857
397989
485170
853932
573644
330685
14347
970491
839337
625122
925035
522116
887875
27507
356412
289185
903383
892395
927604
392874
495207
327196
41341
867860
246058
593429
923172
146696
841099
68870
915949
490054
915132
694889
695875
679830
801487
462734
355300
540299
706731
916040
111983
673514
780570
510701
598413
124521
230263
251875
690799
984644
861419
657673
112122
606608
470956
238031
693764
33478
439058
840565
606269
928921
823273
813903
621661
542340
255254
229953
302992
236797
921908
359013
260234
129053
358606
981124
867025
164265
363369
727671
983303
696236
967716
253483
948587
106620
578113
745626
262184
326427
651276
37848
42579
567705
100319
333201
765827
112292
348405
108698
327116
617701
234957
969139
418016
114815
90281
857970
511252
857074
987212
407605
4694
81229
333187
337067
258787
875682
661437
455493
50025
48370
779660
433527
743868
594035
160295
374615
907419
541513
283322
737479
138155
838284
407029
477475
928310
229592
726377
637582
764723
525018
405015
635642
712864
679107
651247
394601
768813
298291
736537
352829
907054
147675
206966
20611
375689
587420
449169
980448
516572
500063
423854
689292
11296
695191
457568
861877
702523
437920
762153
791030
426874
165846
670803
707421
971701
249761
362579
587312
992167
566067
290609
397775
422000
361464
478536
752883
43066
918768
30340
151752
392616
763443
855716
36312
61536
913801
402603
745597
804142
34725
844624
262487
290405
48071
869982
21602
3559
298937
296780
780970
544208
325530
732239
894833
539945
793358
50952
441240
803323
159649
359097
530301
940341
823224
20366
81182
905699
637014
866052
974900
120369
396149
91192
314692
747377
17449
233530
302858
433501
390061
15589
298501
680263
15562
353823
724712
753204
448719
11292
737007
610779
831959
79547
542508
900877
589578
567017
457543
760583
459612
209824
370328
480756
308036
444502
58673
293320
890943
847573
980215
48247
811732
393195
158928
551881
973515
418261
86677
125293
622410
719695
768930
274882
150427
792698
689801
882744
212685
308798
149941
557637
918572
178248
491070
261950
86206
380274
911904
122120
691075
142533
69034
928107
894679
752094
698358
501070
822827
994571
46292
727627
132556
260497
763351
159502
108765
62580
201543
442600
168705
349389
23074
680832
877359
489125
564170
560299
887913
162325
572928
20865
294108
221818
914179
218763
686348
872224
79657
979254
682173
86662
580077
747703
221775
134764
287031
341041
205231
619184
715226
454598
848043
806691
738441
856583
82661
910349
105269
181385
433398
849191
956768
784741
273358
667597
348184
84685
656689
669772
300084
902126
737811
153091
49052
403159
921532
49471
570083
874673
419923
435276
879275
634558
202783
575308
653886
214373
174288
154310
132932
104787
690633
146152
301855
865889
770253
721126
698665
596429
347950
499180
590406
793711
620270
715825
216741
322799
955759
457372
585076
455912
847659
768808
608690
481766
612952
567206
392980
483956
823813
288494
902398
352482
997548
372485
266866
462116
707966
514412
936848
678887
55171
788500
945235
651351
152483
177328
831987
52413
728065
357887
85565
507384
757528
943370
737939
354613
770025
957665
439285
454215
868780
716622
399268
675880
574842
902204
613545
965317
656092
566784
347594
959309
715642
721075
527418
855030
420557
250321
303943
696653
432196
878532
876423
914230
483977
150486
640935
356895
917455
555503
451449
121289
74584
885084
743712
749242
819036
257876
922241
26952
843136
980515
233314
15924
829291
994689
576892
445738
29536
166742
829039
323441
882274
820788
90789
104305
138478
821228
668546
399483
309474
403561
808043
280132
366697
436858
278688
40035
611037
422495
344186
995306
519048
585153
510774
241902
656794
243544
236030
295221
344593
591856
744383
357353
697437
305399
981751
218417
583870
526461
906242
535185
616979
906653
108029
277125
452641
707007
755160
29179
581074
734366
820650
165861
797172
966481
411732
829871
80311
546830
972875
964179
104160
691363
754061
278506
13497
313520
873891
337307
43688
737150
233411
288492
63244
259191
142326
65277
469069
651469
403409
130976
682123
293157
443479
127292
286489
348683
172518
681751
304989
97336
840977
410511
176925
940532
570961
992601
198058
74470
163093
653044
85602
177693
314668
910768
313981
968060
214270
145317
255716
400414
76105
510354
60710
750478
925567
193309
275914
152008
147421
801392
771053
69652
158233
708012
648314
673822
998188
936954
490114
716250
17749
312482
958930
683414
340718
362288
55861
174684
518826
524614
744298
10951
61914
150668
430353
223499
11026
2255
627308
585191
632055
839784
767687
239831
739244
782575
324788
355106
386572
161500
488811
815150
500892
231068
653264
49585
136822
112685
552907
709218
321057
951982
431683
567335
537288
839675
898632
87275
193563
126982
185605
348986
608070
158000
806350
873938
761459
899304
819372
939938
477888
888446
402935
287915
905964
284724
819986
927824
749451
511208
941799
879718
703190
29669
84070
863348
213704
175524
230182
41230
983058
383881
758340
844294
760522
505765
748487
73139
615958
594685
274677
306134
651270
121379
492701
649051
330643
515409
350560
647824
893536
522457
387836
309431
935830
210022
421559
394774
103826
645560
836678
275175
53668
92943
248677
399451
736513
699697
211915
56277
760830
771288
180985
961932
440652
710935
558434
324616
679155
294165
257869
75333
479216
93049
796920
472125
154427
257245
294721
203705
917484
769786
372671
150004
8335
820803
101864
389189
253395
986784
649521
394151
929606
511152
6025
462276
123413
379176
949700
297097
135423
770035
612782
408014
359609
931316
640898
271610
795080
500456
328474
666799
80675
955987
529982
646340
435504
959456
230131
365553
760863
301969
755545
815666
369231
564028
918130
2929
970720
71905
493174
233623
502956
202983
990371
803278
160221
815991
145677
29738
623684
424044
428134
513647
308816
679194
744747
704621
36648
407824
928672
721185
944833
686824
761166
974176
963348
755584
686121
161833
453727
677129
337122
59731
743956
528749
964946
558592
345347
157320
268649
902482
676708
982698
685954
403651
198776
266226
818764
8431
142839
431117
953021
328892
34051
308513
380050
40272
952629
711105
237443
27879
104600
422276
352210
600160
888922
739544
182632
195631
115127
971472
599525
736421
969490
823095
825298
605264
548202
124862
531223
514138
409812
526068
462701
164262
658106
760127
472995
215207
149466
686975
679864
917013
96474
975647
591594
275897
21180
611266
407909
179480
318466
562651
753000
372226
902966
718029
154958
10200
584944
886401
198971
258180
63347
242006
854927
442050
159439
800560
149521
833164
132388
458954
590157
705058
666566
240099
579452
861707
297923
121939
291288
188254
73606
534790
642968
913592
85663
902736
168721
909723
706139
702559
565711
104217
434385
459004
662120
814703
335411
723196
435559
279780
793732
537367
585342
106452
270233
573090
605449
109228
847852
446471
572472
723486
111243
793036
221947
900492
904169
309385
377563
473819
905622
510719
322760
237106
160205
70266
223829
2067
290326
610816
709564
535803
98379
202983
539256
621283
846573
294042
360736
915527
816098
888515
127442
599061
201241
298324
504188
861466
158584
816588
699253
256978
91804
473898
7961
220220
981258
355122
992592
46749
47995
272544
825668
983282
358110
653779
905514
135840
899226
466033
157644
457134
223647
233125
446994
524232
558422
67192
736932
562743
299264
389316
41479
746040
555315
535512
790956
105176
568486
817836
368817
579762
537922
878436
892886
623990
503153
564750
820716
577988
971794
776730
8300
724700
935273
144799
715008
759346
21755
105199
471944
417477
115696
997991
805942
218399
370858
87517
238523
944238
623381
720309
902045
317457
230541
957896
913543
267903
854832
994687
842939
793966
298910
225567
642958
86057
855673
89635
158350
773684
846496
271659
347333
640597
605803
439058
845465
558444
456480
378120
292009
815157
3021
765814
225892
536612
41543
76885
953353
198962
636127
305096
384661
609034
425135
641089
257494
877682
489799
78505
751829
464878
553980
32121
205844
741183
534372
641836
346521
784117
515943
369633
316575
342729
401837
315478
862976
401526
872528
254554
511536
350660
738887
468274
40247
508132
715297
390847
677321
155640
476496
972231
966778
576879
44828
926755
498623
942454
693891
678758
125130
196658
25893
510616
868317
614940
76012
705653
479216
728249
623641
637714
620290
38699
489508
249899
527385
572108
914601
731561
679994
998696
479184
748594
214661
721230
511838
588570
969574
734719
451614
700270
800119
88372
358221
596117
573210
224149
304576
831492
566106
853915
448629
272206
972400
947652
374408
186500
22231
852420
246780
792455
321565
172128
393491
586076
729069
558631
250905
848079
367988
135390
833898
227499
251725
465846
634453
724351
334717
346500
600612
73174
917905
508015
980607
296145
779618
608638
128686
184685
805876
950626
664723
953105
737417
192536
931393
381422
684876
14935
63053
848961
153943
814315
81365
42125
459384
868328
424602
663284
614022
983951
457568
801793
501511
253762
310652
450660
942996
901059
238805
293836
835766
118919
86980
870961
148825
811587
227573
760375
870351
946323
889344
264994
71548
408244
412845
654839
274409
477936
960972
444795
609472
991668
817882
80151
43309
84166
414987
268980
952473
845216
444409
362203
298246
529517
104817
869350
505274
306675
830771
216736
221264
326022
805156
423888
217787
147462
352696
585430
30720
850839
335006
241615
141808
756700
47733
834998
363087
980593
623343
441880
650172
961879
693295
726201
225129
408796
522615
498576
620409
940479
561808
12714
995558
812223
550689
997497
386724
204568
79486
393971
906374
812149
831249
362848
619981
946145
37676
948770
217
11954
168100
667353
116256
832086
47835
400472
76595
456461
241345
480481
677225
845250
29580
672653
668946
499953
570545
770819
813883
559830
894017
672657
39067
762729
376710
307787
864022
237118
864761
688773
552556
959343
7143
295921
954459
788387
226185
547426
987654
734236
579328
150380
346747
984472
550914
803166
516347
742019
966203
589528
996176
786389
551080
802301
74887
276126
882641
599383
862281
34520
712572
363429
208628
655892
550793
928192
189657
434736
527834
188330
227969
368168
829266
343478
957735
356835
731306
521668
730200
310974
875259
6984
834058
11669
377258
674723
582674
175979
158035
739562
548417
89627
996973
107176
420910
499
724447
838705
524268
812302
310792
240144
814169
34372
22182
75170
741702
88726
635296
890351
293696
60582
386190
514606
986029
271576
425288
694404
685661
328089
340805
893781
375115
394466
237349
531005
558299
588047
853121
632678
442265
38248
575482
635692
741039
950916
958295
360902
369909
114068
425555
640724
855980
387617
287817
134486
688294
630879
870684
501075
489706
547417
583581
879537
605554
552349
855209
818318
425221
676495
122120
674729
96414
445082
344159
1634
281473
840461
949533
300391
91153
264768
875402
34864
46324
159548
259671
34554
131757
913782
161184
94336
648435
986946
261008
913292
916727
100192
411180
486035
132682
621188
30157
580387
509530
110363
697553
174765
927718
386956
774314
11289
365747
627117
870508
256222
188544
150489
585006
411613
734148
421531
250313
598946
694962
86078
290023
572906
732661
173644
161907
88156
415118
679802
174711
691542
557848
859432
848446
183946
498663
706603
172674
592784
383911
847653
573302
138225
367832
807099
410642
242863
588902
696720
588435
967816
279698
763514
4547
912722
365890
950376
514295
109044
51750
660308
40654
706139
309585
649257
583086
842442
801322
717676
883475
508719
777966
919603
555798
859789
820480
145752
353951
501334
962649
115514
114474
145089
745016
45567
443782
540014
626849
537477
917719
455851
561820
876927
223307
217058
377191
768540
533800
892948
949779
868283
761559
771288
808742
222540
48835
309915
11776
825475
894625
364770
721525
827480
135646
141887
196914
379102
971879
297522
787628
556762
118187
769212
250971
252187
592197
808711
339800
817465
430905
434917
873822
16521
877661
956072
828122
885076
140206
603907
870732
964723
499542
656823
257556
182459
749953
295872
909072
268472
814941
383126
962092
81602
798621
182529
911443
36659
745923
496843
523285
428497
542713
143260
761662
549717
987554
790670
405646
794985
101010
654510
588093
299098
284461
714314
361146
556325
458204
691149
421519
435418
60549
315084
710649
348528
895754
820545
4292
920018
894277
475399
435857
818023
356489
680635
211639
134416
575089
902406
977763
975434
927440
942083
476293
813370
467568
151182
355242
655804
451449
192484
999718
725139
463680
956628
257218
85688
184075
792666
243007
877469
