804007
794382
537610
495856
143525
723855
748467
89817
333179
557922
600925
95464
294141
720102
918631
173565
597277
625280
465182
985847
582019
178163
661226
555629
750792
592591
272130
915181
358769
981238
140726
793296
58658
127056
251782
724834
325575
602551
578899
164259
4967
853745
908118
168684
597443
529123
728336
588865
624635
838962
88716
987993
793532
426906
939952
68731
352549
76094
163942
286350
51751
681701
396429
801885
917880
892409
267245
873763
141169
835196
683949
74060
155887
124882
368078
618978
552096
398867
711737
873143
751638
573654
517435
463053
999939
939989
971388
707247
704435
595110
624663
915728
978932
529915
772867
851248
622311
342888
369720
121550
75024
266397
697212
760044
879622
305012
366288
148683
612909
861043
736453
131602
150752
67516
826609
362871
310618
89505
771477
430629
752937
780444
51131
536799
58075
504353
44952
125471
598975
778430
870360
344721
557420
603546
457451
300009
342278
112534
178493
483449
189416
197438
862819
65325
265051
706257
714659
787480
891665
517089
129425
561093
748287
360555
250863
254127
338570
357200
465102
137473
594457
131052
362914
932051
55923
67831
240281
206955
278674
801483
239544
320059
663284
499752
266451
796722
485866
60902
399490
251944
113228
721068
886404
997306
837248
470674
345298
99803
298001
956248
678512
258720
463580
523183
930659
536410
434496
996965
382454
914157
60324
198577
612498
245895
907305
466236
327879
999130
174378
647521
477365
881352
610598
252646
610215
693708
784800
174931
284310
522268
203826
441451
231100
442598
977544
607164
641573
277266
219054
201970
360398
707477
151400
892867
361674
127723
240625
644831
879189
156322
167029
420155
703982
183288
363232
818211
296729
696097
978908
92088
663036
114081
12853
80857
456065
292731
742936
738937
835289
880938
571881
778226
91900
351006
453250
635308
35325
652310
619437
459501
99654
998070
938763
841059
973656
550747
447629
69989
752761
43120
344086
368505
755372
722631
635540
62453
744994
953931
933701
377555
77777
362308
972759
486800
737729
687167
710318
552412
883560
88923
283946
404685
577687
256223
728350
395722
206534
248319
650344
783020
57687
343346
92269
780889
498056
820017
462479
697132
554418
250387
63387
14712
369408
547219
111818
155433
911965
41096
649540
195651
139085
886605
505518
447451
173267
911790
888104
822725
991195
43576
150212
113425
379698
852969
390181
232415
648718
27350
530010
154655
951013
998605
505838
727279
440552
179014
81976
44123
462325
35965
988927
329215
99897
318412
985627
850259
743442
252373
96600
69421
976205
935036
311004
759433
78400
659967
576252
333521
140585
208058
390032
690942
438773
611877
296323
396563
195756
65640
159649
121779
895607
726123
206564
715428
878887
804528
200669
954943
45309
671018
931828
163318
848485
933267
430869
655487
890639
332586
644526
326603
548260
353442
921023
740404
319006
390033
573344
832950
876378
197840
173778
552079
977301
140226
308667
431059
430348
160875
191943
957391
872616
148462
503520
741624
418960
149427
769778
284172
864148
156599
123885
108912
228667
6153
51154
167067
330312
5843
270970
713927
635714
500110
543688
649540
430329
657059
248838
780152
905344
967284
359617
999801
84294
613161
866071
881951
660268
726111
528005
796626
188442
273861
501887
116208
206584
781181
187184
361071
801118
389612
587176
636279
919294
108804
346856
274808
740426
696744
979912
139935
856233
173851
401489
395907
402788
43735
80857
961199
463907
476170
480731
350886
253160
21971
860515
553795
152031
698514
797449
684947
710710
645183
8489
32260
654832
345375
798655
828108
928365
352907
942988
541003
745098
654495
785277
294385
929190
810349
959469
861640
153255
672362
137706
439691
501910
79602
558463
729307
955532
986485
222358
151823
375900
4746
723304
896162
804370
826313
760299
712502
634037
550196
929638
241428
468875
7650
74921
840532
144040
514477
748900
569354
391038
303599
813742
531738
997690
602101
914844
276841
987406
700124
928524
356416
55444
238151
189575
141427
51623
339311
248722
553991
995520
241229
708873
684593
763077
994368
987420
799843
308328
171441
82755
735380
470003
101337
677515
109248
955941
40521
735
49594
571451
90069
546427
341400
202245
645860
284362
84829
464646
716399
869555
355811
184281
428170
226212
536056
816720
654860
436249
568184
367056
349581
962375
488618
108395
116736
567755
814578
877540
989786
419311
905623
283235
677515
93484
812649
472279
394610
205112
589737
812094
843178
192161
22103
176015
448083
783208
985489
419690
539993
440820
214078
475830
180669
135048
454872
33428
774180
877431
415952
541323
294360
330907
19782
415321
938824
385016
80684
933835
409388
876322
764482
872714
990391
351818
239582
600207
617571
591536
691266
385846
934731
830942
968403
549191
530086
534031
24964
206564
869141
649268
255929
554282
979587
93427
23586
426859
970989
216336
810473
44926
924198
550549
926626
681568
427209
398445
978408
706571
848887
277913
202764
175889
562089
517737
56947
112704
390802
801285
878646
277339
145845
636425
32782
783908
376943
701326
674280
679581
409074
16802
300406
479049
686640
189837
349040
238756
116867
88836
54243
62937
518462
412094
70858
162260
261347
942084
188971
123632
567763
898640
710216
192341
750257
468785
808451
949865
428997
991397
673166
316502
851695
349670
789730
108593
170849
344019
984444
440171
391604
229625
571320
973106
656233
374916
123944
145469
472573
987911
494198
658959
130450
879729
628097
254479
345336
639060
664413
580053
210326
238691
432599
173413
567735
853395
196178
823167
222781
675198
959913
684792
636082
475574
375802
934990
556066
302470
65654
740331
802686
988102
145278
754054
661292
882885
58355
626157
509209
864700
97205
856127
639882
799625
628167
661039
516151
21641
350896
333930
860926
835439
824437
898326
793578
424852
982958
759468
405759
98212
168709
353442
594558
496181
259555
77982
868992
670930
163025
53119
157973
902828
405334
490762
897973
550639
646839
844526
909698
570063
990519
295721
560715
13870
951287
579436
621422
360939
830540
97246
199535
296945
559827
61509
728041
786039
971147
557667
573469
685529
786922
842257
670428
723191
999171
901816
803852
132814
977738
125887
640104
168454
908845
549766
258508
98777
351992
958970
606905
777279
893453
558675
822978
571117
959212
998498
14052
889907
982773
259554
31266
631972
518703
924966
169794
97582
171513
896864
691027
919870
515518
827892
4419
584911
556832
126341
300878
574955
417574
414644
547959
405341
178209
919124
820739
603078
872270
10715
355236
246859
800581
500985
810608
359941
398093
232009
6816
207331
700556
696097
259680
762322
887100
965791
460650
210945
48102
610233
975746
271145
918917
762516
191112
352527
104062
741211
945183
542713
222290
917519
394601
963912
817418
318819
658240
839235
221363
427424
544568
199240
407883
682766
44234
522429
17217
612241
538210
905406
334419
319083
100823
447061
69571
188861
201703
828460
607067
11526
232084
614832
857542
7227
157552
92692
967180
28174
577352
305701
902397
379258
164327
492080
788641
681986
431057
900410
17150
647328
665426
359240
203546
57195
40822
539760
988488
930468
845463
928755
969226
489072
322420
546191
629081
213023
82463
732629
297245
937712
324188
985754
849463
427196
365121
55970
198208
116619
269272
607247
987813
472099
143164
296032
456980
772305
810849
916577
477219
356389
373526
279122
352272
16065
781320
483419
159088
228135
665667
277934
200056
385306
768237
28555
189741
298796
539739
706611
173832
31187
636307
677293
650547
908051
954453
900747
560176
308755
757825
730699
934535
666001
892648
81539
916008
857904
164450
534533
778832
382589
666598
443545
262975
985373
926307
226335
207256
794215
619997
184414
875114
518871
528239
546684
75399
667680
660523
119110
685794
842620
726506
997451
491137
55517
674078
163131
730493
786570
931241
806647
778879
437957
518133
550410
433575
684716
808027
551014
84653
568927
824330
673923
830924
670601
44997
196687
904568
967503
721794
978022
704672
973159
448360
167553
289259
900072
73021
744212
33619
188020
402433
751180
314765
927700
329103
308034
984160
465242
757515
935298
346701
33288
161919
547785
331885
351737
202790
92919
249818
560798
770168
890084
612438
971908
293013
967157
443688
550183
212718
499846
811343
561660
514185
435550
499495
259249
692457
679291
85761
523142
913559
764200
920713
581185
495742
990722
904817
845040
505719
904872
696278
752103
810276
131231
335981
808209
669736
724847
40058
552236
499484
48338
444578
151347
824688
930153
991843
330864
763643
133971
843480
985131
174378
490257
318173
820726
234191
555213
601086
496209
481480
613819
227926
416624
613224
709708
41454
865990
979828
507325
36145
311330
864364
649457
216567
515043
691580
460862
152127
368675
814395
168918
820148
194399
89326
651725
588886
313686
253182
419950
973549
193896
780774
580492
284130
994815
650562
785525
854878
205584
819506
408590
271387
38783
665973
317056
536820
374840
16934
564969
937509
503669
513640
171339
686145
826868
342855
224196
619312
30919
430436
343585
225277
377412
599181
319573
573478
161420
33576
950991
267816
954745
757512
708904
417162
84304
52525
566301
383896
174591
542462
678931
610260
834948
521096
251961
40390
381837
644169
50146
144105
434887
869894
880650
979841
832049
672284
422299
833078
970890
897777
390051
920110
978628
582482
700403
708672
677179
493883
99488
764778
752178
540594
951453
664974
356303
62673
848565
493455
776660
751109
983152
773169
217922
297842
395720
368373
849151
949486
949113
142512
365157
124926
202414
165020
334387
555240
564003
27132
653631
941325
734406
795864
948580
668854
386458
333599
134479
702460
824156
767327
734123
610052
547944
870926
24285
220388
605149
566539
89403
913124
293143
226730
795440
546075
780944
993963
621569
667640
162727
215292
744586
832921
634334
520820
929493
449794
91840
78600
975609
756143
628242
605026
354670
17200
22362
432725
541238
39224
775079
213791
784800
79930
501605
169892
300850
750792
868506
23110
584719
563933
397649
150839
750550
941250
852364
237814
845023
814362
971018
6755
961833
152465
875468
874889
507888
56205
698365
325217
300062
70480
682058
51776
564633
993878
337739
438719
655203
125251
359640
952019
858502
938942
506279
726245
397275
888966
160836
633267
185637
519100
488788
855621
752245
296652
788481
757881
680753
700475
412542
657936
975454
944235
462567
397482
858274
835373
217411
645655
434076
124647
896160
760586
735288
972083
258508
578468
563899
81880
702351
401153
583494
110550
186432
515619
776826
561902
657728
478143
899909
973725
270330
314015
525009
930726
780922
978206
100433
764618
216897
827357
324130
980998
989988
123654
143631
217642
356223
402318
183471
984876
574757
905904
841668
38417
424300
774715
891283
895795
78916
311752
303599
175073
109384
907666
334026
457916
556118
785918
747482
905876
134032
854434
306241
2297
444321
644526
760505
968400
543711
466536
821986
616195
61673
138230
819235
526748
673046
46592
132569
514804
319418
180890
464485
200225
395549
528630
693246
825691
763471
17512
309242
411062
53906
677689
216509
275220
450740
392305
841315
24744
968303
706879
701773
582520
509096
614459
973207
30379
25278
953766
503846
693159
761139
839652
32669
458367
973739
292344
237682
551938
447516
356771
864707
973031
955409
882637
634487
878590
593730
643428
581673
659478
114009
691552
990915
238960
130148
430719
195594
210523
206828
428608
693476
239864
874017
432696
613968
278854
957084
952767
118598
370593
811343
360255
697698
916612
396016
847663
994665
877235
610164
455214
930726
498847
602438
890050
90413
565391
586320
985525
279655
102832
772477
520173
669824
293033
729570
739611
952937
846915
152137
436609
781360
44084
281452
399207
333612
566129
710864
758455
437645
436599
182742
466512
818708
893582
262347
591693
619107
34100
813097
794787
213023
599237
615284
806266
694859
989945
894335
403657
509226
248251
215928
964853
457110
526956
620905
240992
169422
610784
372009
419615
41604
654276
75793
303692
753289
404844
755826
919458
565621
344971
199492
294872
323585
565734
464620
319814
389352
773485
17892
742660
101396
920364
439136
885056
146918
18413
328532
151763
394875
371063
483928
837455
75527
716585
134208
343248
312492
323075
926594
229123
411697
927046
947130
995556
851022
630962
524676
868396
654685
746460
196613
675160
682096
534327
103024
563290
401607
708218
838934
633098
559445
417031
904582
735280
955314
777129
177035
115696
875892
123697
921365
668551
91309
841806
14967
316705
923513
830776
8294
37868
726160
487825
898326
93807
277004
395472
250466
939999
215822
593425
162766
426901
693996
857258
782231
252896
713070
584415
7374
545208
18064
624661
671702
426623
414469
476845
224316
961291
563365
690903
776347
479136
819283
857129
169227
497193
105210
716219
815313
500727
5526
647783
737394
279278
748867
749227
897408
392211
640416
221671
97782
550909
976091
99560
377787
644218
137711
795454
557534
857541
882203
829066
753888
97158
111798
750823
375938
289556
391145
908972
952330
162209
965875
536189
9885
469684
302501
186023
374300
489889
345586
33487
200442
402955
345296
397801
425955
367411
544666
604547
253745
516488
406423
980203
581789
480435
91694
560748
952460
959911
20713
69896
238256
655689
988643
847668
494144
543711
921149
931419
630911
325336
528792
721879
647657
21897
853770
974308
593554
446871
850900
208484
119594
726176
321487
876552
644645
439774
63541
203910
894815
525296
626873
651415
878404
748802
305327
760747
548166
718035
505175
852729
626911
18919
206613
990993
309329
741822
756671
229273
505249
124267
212972
748001
880375
512795
127261
41220
414455
688022
570332
881957
298960
708058
753295
671848
888106
202668
35162
909228
420014
898739
343431
777367
822701
175561
68906
528846
944812
922872
800935
231392
65021
389666
257585
360054
522100
615220
26112
206212
834775
685144
797783
665478
233508
133215
431435
337807
928057
116385
265167
611277
303706
226550
321527
150513
163868
397166
628961
401852
865953
113518
691838
199946
973225
707952
530225
5500
51387
810107
19809
194958
841435
936815
52450
333650
115231
629248
644170
141465
344579
743914
333408
487839
323895
710386
128164
484152
535377
174431
637662
685783
819957
982083
79919
205293
953449
28220
194097
327802
193202
636716
722384
448510
305628
773634
100053
428133
67435
140574
325696
754872
73771
165538
721807
331981
947532
326136
439414
333823
443157
382454
16507
924442
57791
68984
694943
793126
178492
222922
603353
396790
58161
157237
973856
13898
610731
893213
163835
621872
757881
401882
896180
76302
605426
645481
633365
53376
95810
859989
292097
311883
47853
674019
963144
651569
412861
894788
27664
848334
681289
536981
325973
419382
36729
186697
657599
111333
339558
524986
14337
624281
680818
726252
684593
25281
917812
701591
768145
999990
791297
997265
132007
392918
51246
953449
389453
520366
740426
626706
109432
453856
205522
305330
277677
417351
626596
761391
495880
560794
668489
42267
614124
326205
405363
5011
390773
861326
641079
190262
829816
153401
140638
670491
136252
800209
688571
841166
565687
48039
902806
942070
728653
183035
252762
780895
94333
155233
906111
675457
470686
604582
723492
349995
894502
532688
667531
135612
411422
618707
857271
779874
536583
55094
666800
527290
202593
897397
279933
36679
912329
897129
593698
360317
849776
144197
794628
243969
388608
231794
385456
625597
728350
252596
42365
111352
290720
4574
144590
452721
275075
236445
768097
603308
581154
912139
598334
812490
358380
350917
444764
507784
365101
147669
67566
895789
674809
6477
957513
513137
245448
730088
571694
34577
450916
976715
332604
629044
811715
545093
794010
63934
721994
892007
238422
23926
356355
430333
174113
426837
255365
586299
182269
571625
830086
845334
798047
814523
351303
320087
662892
189352
826360
920686
210711
437628
412076
626123
144402
813449
732686
327948
449745
811386
355835
921757
395557
405628
79002
620904
876793
377619
446016
459906
507542
803498
541787
1160
669268
420124
880900
541045
823487
795224
444327
100461
970304
406243
906470
361234
908741
81848
180817
37069
520867
893033
221099
942188
235837
537209
678608
973022
614317
980779
325217
500110
761822
549161
603348
789762
39517
36112
20520
402491
659000
744222
273667
275769
863593
77408
237851
504143
855730
835996
913292
174601
849872
884670
313187
213432
690330
663854
787456
520790
590375
633421
634610
771882
436971
301159
975130
92254
52433
80573
877262
880912
39341
173430
58378
334659
186811
921940
661912
626474
597017
760179
230173
209204
719333
354845
822440
811640
175339
956391
66894
950118
742946
887625
223749
958559
488690
552048
891392
515983
225407
487997
463999
982643
426058
995448
720117
43735
418479
214647
939122
452638
331141
364808
425122
260361
755576
646798
968270
124842
484644
990852
32448
407551
917709
739230
918862
315461
350524
540180
365547
483419
516799
486883
449437
264493
209938
271097
394716
706136
850494
801626
558313
929481
606040
832616
297501
413007
838958
165358
924959
544599
161585
629349
847776
979884
663358
337984
939567
21830
191006
461116
876119
936543
680849
754261
982888
166028
874422
4357
284418
379883
6311
770391
299444
236340
414808
23318
881281
505935
728547
93788
15939
479025
189205
546075
928220
333405
562293
844433
91043
42388
555969
346621
459363
942445
618944
499252
957963
779671
946409
133782
538073
985469
963049
955009
49009
289454
399109
788247
980347
298576
659040
714581
359070
803755
86291
15271
331071
177695
424042
665211
621458
746855
800458
257365
734978
506100
587094
988442
863398
760183
765200
44226
10772
841109
500662
35994
677335
448929
656357
937017
803087
584099
542624
880371
720276
915823
398592
559284
988182
258890
22104
945499
903335
532039
456868
594303
454184
751161
743761
565435
260642
718463
591570
975530
331481
637148
471173
739968
29290
540631
857783
738087
788658
216247
460545
648963
419622
223788
768379
228201
34353
463907
227722
622292
75581
622370
793898
766803
345415
808248
424525
509374
670185
52743
222104
557173
193428
419021
456065
1273
850676
61477
358339
624281
669411
865640
94087
448609
333823
230436
104792
170306
215563
554689
207171
564509
348680
977729
886240
488607
951875
425013
693311
267661
193182
891604
409392
431687
446424
374245
993200
757435
565586
455186
180337
519335
68250
65098
415449
360155
670744
922707
878935
688764
840364
43973
836202
742607
346772
212561
731060
328302
752088
651063
320093
206189
824862
564059
579007
423359
908929
1702
740662
187182
326906
200771
954075
234014
296758
279331
345260
649131
938481
463916
61461
131422
700689
671316
164993
544804
578471
943410
839910
347047
534461
984649
310157
995125
578239
15509
30179
76559
989352
858915
382479
73719
174360
107520
474232
324902
692623
254543
51064
962944
155025
615740
889918
749082
12994
446316
983384
199147
279222
877282
984718
891304
185417
902181
893913
920523
867801
436993
275789
121303
993011
696401
811641
238578
688058
665112
103401
247919
57850
931573
851991
666775
277666
337282
831189
980773
519675
33177
508050
497841
299862
523696
665023
213721
992824
665580
707896
802229
979984
719609
536231
953364
485126
606441
738913
513743
107854
918330
961086
250743
739547
518668
621030
843674
537708
378361
952115
714475
621099
191598
394078
144972
100337
803635
279641
304555
268666
327008
775080
856666
465232
600930
785284
568515
960205
866662
459255
593470
47124
733142
46958
547895
179300
936020
895606
440361
984961
79399
652293
652472
682136
308485
622504
137174
217505
727867
160051
506094
178751
965087
120959
71027
137672
314350
549231
195643
308649
72273
43391
806071
824128
637829
309376
63884
744445
272065
487119
881970
575449
82433
779765
983749
772950
143233
152583
988880
810911
458152
75448
457893
92643
729912
750734
12635
1953
380354
891342
138285
800558
630209
788030
537399
705961
802962
859033
554292
970697
430445
940785
776307
818616
262281
985843
543065
934161
777012
493363
938481
886825
717196
43504
711838
233201
588748
877213
691826
959336
290926
281415
152060
391498
217739
485575
59404
257925
66685
715656
453663
878639
577424
420634
309590
811109
309341
610055
690823
525524
213353
95207
50438
230207
304548
692420
142553
790123
746133
842102
787786
27222
323180
657812
387993
651521
461083
753888
409144
578163
939489
268151
747321
442794
356114
317008
25783
795454
128589
477513
840860
697499
146087
882026
207121
60093
851338
546994
564537
640674
33818
774360
396017
967033
244988
36507
918733
738856
978491
66747
982211
841469
624069
394208
498766
481238
250246
818231
431007
141424
17892
595462
350216
253578
425980
993129
476245
827038
929172
8585
218263
962714
228546
792622
771295
673223
959940
244299
388162
177963
97487
778290
938888
858968
311574
268262
737726
520119
631129
545136
628063
438135
581342
834138
14426
282934
235655
316502
155062
531509
720247
365849
936706
635210
917431
124008
329604
852854
79579
956538
263796
4579
51714
901791
174405
484891
199527
135463
498139
68069
999251
672583
233373
498655
110167
664351
599034
34022
736397
510366
128577
740404
602528
69274
364166
696338
86776
925681
893038
745222
815246
535403
614390
588951
340158
656393
660410
455849
931256
611649
445536
267473
960436
931241
20790
789614
184667
996759
416161
390793
176584
285495
35228
893523
714015
583656
887972
937746
788595
817461
97783
55937
329565
84341
203510
633016
56329
929013
988589
158194
275674
591774
481361
624835
707570
331191
749416
771207
244542
558902
958675
442602
82792
88904
871300
192794
381795
163925
507706
15137
115289
801740
502341
780785
945388
772784
737155
799358
74467
875446
658894
663329
855439
302821
159046
173092
446225
87182
556878
657729
648621
476224
305677
750513
869413
781330
834383
444427
639288
293103
744219
909870
774245
473990
588289
837547
600189
273611
186401
113597
898939
795021
585903
973681
888815
526446
808082
96101
93591
399036
617826
539751
59335
382477
260896
588030
381975
991676
333444
236019
189079
27236
843535
392078
322026
109654
27452
752378
39277
128735
942569
347688
372417
770906
390966
725662
572612
421634
550910
329260
782102
547032
853909
255438
645619
837539
356442
258125
824413
269459
235884
49685
61477
238987
293869
817048
363246
582529
129394
740626
515495
895421
342725
336966
273653
420652
9791
847455
810407
874311
828182
625950
296638
946451
98851
719931
19951
561186
144445
96060
588771
296080
274629
579942
766058
505775
570773
731816
339489
81716
423002
548771
723883
970079
738872
562690
828565
108596
654498
846066
624852
708223
667013
608283
104600
39244
803591
824377
805628
869233
54556
444084
930814
61813
354919
707284
328197
454266
769523
191626
826724
9112
74982
35367
304883
718956
112342
310394
9171
770545
729172
830086
555081
213522
55078
203734
789281
853076
172141
12090
993411
254975
270048
760727
611054
316830
115621
788708
158907
320466
334890
103749
235211
370610
397929
878040
703355
382946
375501
274017
796037
394241
884388
728014
35969
210523
620236
762898
439518
467524
83167
400131
544664
108870
463929
959067
552564
892729
175759
549269
261204
456043
702570
647850
238407
630120
939718
205303
27966
505962
305470
429749
358039
816949
23143
276050
381359
422371
135644
289796
954656
111232
771137
741067
304880
129646
370329
680747
888309
962292
571783
428815
458915
357223
930899
556317
467348
333824
419177
762569
748451
545479
679440
309959
750550
417846
215707
543431
893474
572341
20680
469062
901474
224895
312264
423639
920168
464083
471640
32533
882724
69921
39538
765305
940053
408012
464545
584123
136274
680566
387754
546575
185695
761127
546207
190467
373987
429641
603432
239179
870609
522860
729641
770281
807875
388566
560999
548660
671218
302813
846848
593433
220065
569529
222886
292860
388866
280932
738849
37099
811775
781049
532626
232435
475743
500667
188623
940766
656221
934871
223307
102322
181044
570021
92930
971301
231554
461271
657363
20713
878665
134228
360939
58827
37899
239711
116200
238174
42294
664244
902663
95086
183056
984887
469754
771169
776746
216769
363336
414304
344155
441635
305648
361255
842724
226844
307751
637272
319596
590413
153173
366324
903695
578560
257892
444081
571320
357016
382852
937471
430315
551394
93377
614424
715627
493693
7256
276708
357290
476936
854394
878651
719808
854741
421143
966807
445536
973022
567038
948821
679707
342711
245845
960152
328707
19332
927715
772490
741920
293282
268342
917162
83392
105817
704737
907772
550545
917494
706422
48158
758311
337730
536097
457884
189965
463600
366498
163556
761326
718570
899463
261985
403328
485461
405808
360778
405334
227684
101479
395877
420759
469330
101161
479524
943670
104832
321206
366304
578673
101446
236004
472503
851226
831743
922738
286344
691594
698578
766932
681150
545093
186505
266369
197875
37265
383457
391870
38876
427709
348430
958970
254324
176202
697468
858612
771200
424843
503281
664248
350051
746369
942721
476317
611586
824209
442131
738135
502229
19611
650598
138129
743944
634278
202374
218858
563357
374220
453846
735663
165889
155459
246069
511315
618742
533371
393560
135586
470733
534380
55857
535479
723334
134
450630
142805
99047
748967
644413
421547
750375
29602
32448
139993
344086
390217
230142
740094
757764
966929
996813
711541
461273
929710
661286
36153
821604
730141
199695
439283
123307
63581
529214
102806
185147
872666
117735
230842
377158
41988
861465
840154
63355
684493
760811
181945
874624
549269
77517
640260
134817
833543
493996
900539
137275
77883
445991
799713
22190
125316
416492
53471
53789
714821
476351
301488
932151
644488
483938
935984
459548
650399
593142
605499
394656
501603
6440
922830
228154
749800
826718
334890
132516
155879
702112
842049
730139
962149
387054
386434
557545
904906
555361
933237
465897
367039
874987
63509
646815
319175
732612
982562
200397
270575
548297
502913
904468
482765
9380
351239
731203
98516
861680
18196
770290
288455
60480
949154
878815
836939
713598
65207
371843
499057
884043
469066
155849
377330
721411
823511
615820
343130
297164
364051
441335
433190
424968
987683
994487
461452
640029
472043
678954
513762
982357
607109
164081
368761
499433
260642
700848
713585
146136
465640
904098
595844
749565
877318
832326
900845
166211
973454
892401
472149
248213
7731
215306
302180
56188
458915
877017
626820
338375
462011
576741
87221
819313
674267
81456
502424
611290
122688
820239
681258
291381
454182
220666
509288
958210
210657
290166
30958
657420
675488
701800
590092
589144
357793
862767
665826
435160
209491
271805
84463
732780
944262
19135
386023
797894
467565
656806
453074
644491
374530
330993
298629
312378
10671
983206
995136
30336
934152
640442
98807
196910
460172
336446
969101
11010
763040
304444
27137
301555
875012
215518
498056
66942
842737
357470
926753
381297
874317
878128
422497
841183
126254
796045
709859
310957
257674
204258
246642
318321
413768
153900
951899
848112
59357
781351
412392
617588
841933
932368
196613
8912
78740
385129
42262
907595
784828
25926
116437
678350
486521
378543
737447
12635
216769
942190
181777
315534
223573
698699
765562
835838
832648
760672
284203
126172
314666
549766
329612
11734
337485
999867
975080
544674
960087
622630
155833
796461
831894
421899
484079
549070
418332
474277
217437
922420
90728
167420
383290
997355
534752
894886
475537
538028
210346
111577
946679
265538
171609
784615
380159
583695
369793
775861
982798
835307
54992
294214
48695
138141
230535
455213
836528
135998
608384
982976
881250
295081
880727
81783
46136
90494
330888
599249
400574
249459
637471
391157
899123
453946
178552
370851
696357
603414
860208
266369
76181
232764
132910
495185
898201
168089
210350
120831
795801
494198
221067
932578
601669
955081
787085
378581
786260
904052
835608
366557
977817
143825
111381
446660
553833
178637
340772
243173
408581
724278
438153
94383
931201
646888
797871
345196
509288
573265
915906
15934
995104
678152
320261
360496
584042
103397
567571
505029
938240
6924
655999
296417
95996
698931
260375
866176
195605
267245
964621
830299
6440
162798
577317
454615
301656
840661
330447
253471
396145
967352
29334
240560
48744
284310
862264
440049
668279
449464
663390
785277
91787
478353
717904
722670
897103
6784
136618
183962
316830
767010
833309
203084
20619
549440
120615
149631
308305
218383
698522
379742
614450
808621
418393
342871
943623
181534
294691
689118
698737
686666
954482
996623
632217
139506
527138
467970
592260
569482
528328
691685
906115
289097
65524
224781
359240
277272
649660
608433
75574
560349
213154
468283
752350
816493
396549
75272
682743
538388
217696
252164
207408
40884
946517
724053
902593
626758
471468
353955
140999
39176
797092
375798
971781
901566
715059
411964
257892
284189
87463
922567
613348
303282
412194
669020
998758
584153
692331
575653
153469
559234
88565
318477
669848
746758
573826
807752
563765
389810
38775
996376
107841
781370
428015
472180
475815
755648
900152
154272
162297
540296
100886
217019
949968
65651
52525
505081
115586
315885
372776
518140
105201
645717
951899
540594
104473
445678
941825
505000
448119
488654
402407
449613
295368
570682
415829
150313
328407
728869
732745
978456
85615
373889
448337
531152
888104
6440
669983
198369
498892
706680
240812
776458
33964
914598
139618
440557
988323
915412
457757
348978
224766
623960
964045
421434
20794
38863
598973
830666
328710
398803
501560
211422
666543
385642
547021
312243
755765
411251
73131
955598
401100
2446
150659
472593
473347
432423
362274
31884
948447
278186
306611
312689
110372
943282
104492
858713
970568
530366
47014
340915
520543
851188
612686
157180
905734
237595
326309
581466
863960
113577
807273
522268
445325
308187
607372
296552
334187
331054
276119
835115
20169
264732
445266
221555
970157
764796
687065
944941
321697
776538
458365
768462
30618
551005
450001
601436
649142
318089
561093
480915
890382
880431
256857
641768
838577
248520
490477
152527
894457
938330
739558
23143
660926
856588
447868
845808
280409
35225
113803
212416
700550
908763
384943
776700
73206
234448
494840
352906
441290
817892
383459
176151
520820
723630
450581
87842
61484
283774
105739
287121
707858
131425
530796
889316
71605
354909
678614
835396
442713
633234
341068
697929
140119
285611
201265
883513
211874
561844
780332
800330
992316
150036
66895
354999
829249
857420
830924
394163
276750
310577
639438
726429
482577
538438
151763
164116
609815
517146
703903
147930
549632
567431
676489
805667
820482
396790
384755
662042
524032
123872
951528
362230
65098
76990
299635
751083
325098
793018
227371
984036
187934
407038
437348
192878
411407
954123
505000
743079
187869
700775
82252
325987
428432
529439
35039
974195
192149
69868
469267
311009
349702
145276
192838
643356
208776
357468
123387
282530
103533
734875
666679
876897
285921
179008
129839
166593
26316
634793
230142
739823
487183
712140
866634
303489
817740
304214
995067
33084
570725
394903
658656
372417
53898
273649
764841
616313
684377
981673
41706
9506
746064
287871
121144
594442
509738
183261
732499
145535
226212
642948
205112
152144
818317
252899
92707
773853
178862
655922
231016
887100
147043
306385
795487
554262
380137
646130
806971
718551
541904
225889
21807
281503
613207
750091
255496
157769
464371
720703
200114
537676
221088
262828
102305
3579
548466
302712
175855
713142
394868
263397
266081
677635
732612
739412
483875
50032
280084
607917
461783
99772
157195
796474
312463
630089
663178
924122
357808
568000
134217
546789
986683
110545
162504
723678
785359
725971
273223
576521
444516
449395
810981
217411
649142
811328
460067
420174
958951
62438
203826
996908
668108
559953
108502
757776
293067
242249
903509
736716
159501
360898
76401
339646
621099
556063
229898
716809
372821
791090
278489
199703
183056
737112
461608
303620
665213
634082
354730
413802
78559
227999
936425
244690
662300
895629
219090
151095
520345
612223
918566
251887
618311
587076
569586
136937
441006
171650
174540
660763
269406
954946
733329
530132
494353
703693
443615
800452
164681
