882553
696130
652491
38973
618217
429314
850042
499617
544858
125043
643741
855605
784926
277595
231656
410858
277139
916991
309379
584103
956185
852785
627741
380579
896654
971024
563124
334166
660693
433094
841839
647166
130447
99304
358888
920659
773085
528154
84084
190719
88541
101488
585988
615771
800312
67750
979027
132126
13843
375950
914785
71255
927522
127271
192725
3186
969858
618721
135640
890996
122271
859528
959783
361946
30174
432760
6311
555334
436501
822648
260764
937734
364064
489353
312369
966676
302718
720160
345369
191709
744799
970108
709503
599659
572329
303956
53771
81370
943713
124665
957839
423094
238580
453976
334667
587354
326940
839267
617598
698482
301760
332081
785136
610927
873220
171633
479534
551514
244170
50944
726920
590950
86866
363602
225242
610050
549080
747926
650021
836734
337095
260669
886466
45376
465455
234919
327475
404006
193842
686263
792045
269326
858667
919344
850521
712947
281418
315325
187911
213241
212215
222325
82601
945100
910006
59518
735675
271611
211504
389586
639974
590911
804347
491066
785459
785228
867836
353932
928113
850405
578438
719802
313007
61442
510678
10800
127271
671981
734179
676843
334310
509865
691805
405323
146755
756901
860164
772231
420891
959582
107944
859950
99310
605493
186546
914942
115235
296956
558131
412385
643113
16410
230050
769037
935951
947257
653503
731294
687541
470323
777119
488517
609359
496216
794268
674044
593063
114614
31670
515328
829072
313684
156592
559997
59870
864537
676731
712775
700472
387456
547954
817147
517259
116853
483212
674713
371378
910141
223653
738233
144880
567498
438159
182466
551427
384580
172284
89248
460646
168664
430807
680930
302937
303748
539035
343548
797085
290238
281270
695687
851125
516051
53470
106537
575319
929974
910355
841082
425616
960470
231667
44045
249367
725102
626149
493579
759999
59733
398716
898103
394618
406170
944094
441239
44042
472702
552469
361059
721477
499268
639510
414876
220203
178512
302547
43707
827000
395862
780602
284211
239047
268163
659752
217064
725692
229308
54002
105448
269617
455989
429508
891838
259105
725456
411430
965320
835412
306209
483650
452063
245133
750840
133898
207816
417329
923066
309178
783513
351134
313188
974734
323953
426992
701140
883921
594764
260308
227728
561503
536418
390938
810918
192724
26173
919317
916436
578658
985849
685825
834402
289111
999352
800332
877143
651631
402638
340020
191871
688282
774638
940535
26906
342814
926020
230349
513814
749013
418046
108835
255096
939261
65554
337644
413304
749436
378292
431374
794078
286822
829908
819404
594143
547622
780375
278427
47113
305812
615664
694625
823807
390821
228428
620861
109950
165864
25499
82601
623483
827981
622545
208764
473791
894177
440546
810392
366242
898801
223198
782142
369256
158251
450813
226449
613354
661989
30049
536045
612884
814906
569285
141974
62226
498084
740254
632413
832377
905804
333369
617933
140842
250657
822584
257683
293867
426839
735045
476344
613837
577337
967622
460883
468449
349033
48627
470497
475874
662498
658308
175217
223482
375815
230661
521695
643694
43264
689513
961356
462020
788925
229236
642872
142287
749040
944360
870812
969937
713274
767041
84131
870283
680538
944658
255886
836443
926737
888349
365661
848438
587870
433510
248698
877810
726293
499162
268088
524786
128154
415127
417539
865723
197557
660106
660978
724260
867843
473720
504266
59155
833419
433205
712222
458879
679942
721271
751432
719331
117438
785609
675405
266932
670119
818253
991797
111453
530084
126114
898022
613642
111904
922803
180278
144249
751414
726728
563505
425794
724471
961599
414267
154822
785628
254796
986951
51664
774000
518293
326825
494395
535995
771148
308262
821363
750625
561396
125020
436536
23427
194024
611371
301238
243827
437059
989646
430361
858594
332018
593876
408196
244939
72522
403050
958011
698528
395654
120047
758717
868967
740
715334
872308
512804
611382
959499
189119
804569
276336
620455
534503
575087
710550
454062
966743
338263
275161
423008
209220
366253
873157
149515
530765
168741
174856
875316
238725
195657
801751
249896
830471
242895
9932
387248
64592
485549
980098
692777
843142
563083
787243
579411
523412
180541
101137
608744
541682
538518
540080
612721
561436
944679
632134
767104
405741
978769
576122
533277
640862
207208
374385
387059
257673
281444
654212
576780
888623
234208
5805
914105
332825
677889
619439
557523
340514
621421
852904
233053
398993
475716
499763
277499
70219
32166
326825
190035
801580
960703
657828
37893
788981
592094
949564
91267
543000
996449
315499
593238
717530
187538
780470
993021
475827
171966
523027
662213
558977
124265
626995
788776
377921
186803
174455
875113
548922
135740
643131
560892
229590
474469
276128
911827
122788
836128
831856
31283
264097
909832
181669
644260
856370
787305
300927
265034
719443
77980
947888
388943
324053
257537
948726
767252
412317
154595
933377
871840
701610
112560
587531
789623
271082
986477
517572
226008
487142
942596
710774
216907
106991
177948
121733
546246
688771
339555
811732
421608
82277
481929
10104
250676
170092
620610
125319
874292
323901
27344
943900
424856
578335
634527
259160
372760
41559
577820
327413
912900
392248
626366
376572
377253
162970
441794
631751
907817
695779
377215
157780
913273
222502
403619
381883
866090
455390
604234
505086
794415
92345
423260
256097
530542
875071
414474
416497
908735
479041
239914
475982
480160
335489
742323
243429
165338
164223
416374
290528
919123
261994
726496
407027
655218
928594
528160
429911
585611
656447
101181
931680
531110
294485
595674
162125
174451
754214
1973
631141
498796
868847
67686
131153
854032
159483
509583
716594
692475
8546
429199
114738
450771
2019
296229
490681
945822
573136
294223
576563
127564
156110
482218
530562
261971
70170
628359
314102
173299
471982
603749
249892
191603
30595
101237
498583
61230
879958
923939
702731
347012
755074
978437
61045
305419
685178
828872
592178
224077
636475
808192
745835
943503
725628
234461
845842
287804
570818
362188
629780
576488
702236
118482
384847
776141
434618
315895
350314
933408
435930
37116
72448
63678
97199
995145
295705
265795
184394
132870
487025
733361
149333
17994
584876
103600
663748
191506
929665
604793
905588
46562
767928
939465
719561
710372
588117
544752
171730
509099
928337
45522
617437
399054
549416
387697
971692
417734
397292
331561
261509
480670
928568
370227
184242
590192
494214
93126
355537
222931
122211
958913
889951
257332
269608
151514
585198
17259
955568
500319
239093
992553
717171
573308
167821
831462
5321
471307
856270
514392
109500
778873
839937
723370
44744
148825
967363
722410
525741
383595
