737088
579759
660779
152584
7994
448123
816974
296180
309275
660424
775364
2729
152730
152211
553323
29104
201158
448703
589981
47223
971947
51151
48677
549853
494337
113627
995117
514348
69910
857907
22999
71253
317228
631473
124743
863827
825552
4884
376964
180330
364118
150652
84579
538710
734985
803460
770460
594742
154656
299400
965069
58335
328011
257726
933499
561182
699979
378716
399508
538069
289550
368493
22161
4811
10834
191309
61662
275029
465580
439347
926367
405472
31814
56057
584063
81494
145847
444990
845974
654310
748544
711301
135113
964904
694813
329748
464001
545652
476127
655101
940453
836416
26546
113581
236550
782691
421063
589094
524922
962599
590492
956109
677273
100693
265594
179841
40314
636710
922981
871642
5677
339544
355071
899864
73636
919159
87161
696340
17110
476531
241251
417320
50726
711193
57975
613122
715568
289240
707779
777629
591226
654329
887072
729000
581562
966778
918499
315669
931894
522800
999197
405518
404239
206297
588593
547412
274155
401523
501658
689591
411616
60917
379299
961696
517516
69556
646462
162180
58673
95983
579759
290569
581527
537399
565884
517742
493969
150405
261190
969809
681398
412437
151944
10776
226522
868203
975404
283500
227007
262524
476253
101572
663354
628269
157160
395707
908218
130831
373019
443158
630830
931253
491646
809994
995241
49571
429145
242222
458956
849730
612494
502734
42369
755029
492614
250461
51348
377456
810160
394891
873565
65464
11006
633235
713316
848671
765728
488346
398677
38089
788653
965187
317911
41350
304495
746611
3410
787957
969800
455579
966759
324198
945647
738768
502567
496974
41409
630298
804482
749513
777302
70446
922609
152195
157687
75184
688074
679174
11714
330147
366691
251005
179450
461926
454792
257737
15238
309470
794990
160192
752637
111919
922481
417955
106658
790017
409233
76630
216858
690566
996363
262963
348246
26286
333265
592329
468082
28514
270743
501933
757371
609530
30797
853697
895304
763780
523553
787143
346966
672165
796794
684862
333159
449874
80959
370060
79304
310226
150947
228829
196009
585351
384870
361468
423421
329677
226260
350045
489663
769458
374314
433598
493859
564452
961104
256778
514777
709615
241187
166177
382467
988229
227056
35653
371385
528537
277611
453782
646971
702585
58456
435206
704160
513852
195792
132699
673169
77355
218616
629690
698911
414815
622926
325026
610348
356457
582353
149762
256632
221507
501546
567747
747710
856042
668994
723520
249342
429773
736684
9408
589755
385391
916465
689912
109896
640502
295664
917817
414366
138879
290587
351903
601725
536666
773504
264095
740094
477524
755477
664124
578242
318884
800386
572494
293018
566368
524241
401165
937870
185721
418753
167008
762738
292390
117875
445106
285052
416107
636460
557161
566497
57272
700851
22028
144607
742416
748762
385614
89291
399931
896564
436417
28020
451875
469069
119522
122316
166285
53697
896481
196823
144906
305196
25050
767030
960551
128721
15108
597533
603140
727023
572313
78995
43485
380785
710715
200950
750607
906699
620215
13030
272059
734511
968026
542727
12827
804043
958014
184965
16932
153678
211250
305729
865117
214282
133893
344339
3852
503206
76743
308889
66518
33225
382297
94278
764857
493311
737519
31078
524161
188857
20186
736092
343955
737964
313004
409761
19777
84078
623909
964308
750316
379858
275970
771673
891703
976732
36743
234785
322415
102653
974812
691396
439093
488457
674851
991483
189015
37619
117364
849319
66810
149536
902056
166189
861071
952561
779607
908144
996587
92876
964107
767485
869490
337525
369532
400766
857135
549028
786321
194836
375984
688913
403907
94706
606604
804113
100954
182050
226854
655406
825220
954046
778068
890928
205950
865684
711141
529775
450654
764547
131777
159971
745254
889425
266398
533006
527089
723668
918766
96735
95737
444851
653013
422180
630528
468386
416822
697599
281480
168995
695073
529411
237928
504430
351412
619836
925547
144398
132872
35504
385784
445106
776668
35386
456549
572636
510642
82057
702239
404349
339655
555054
7385
173182
617712
205187
687469
137091
277688
830857
609234
350224
212854
878819
322427
425310
482686
885552
627309
877636
737902
105830
211782
46319
600335
352758
373125
780744
954312
119197
997745
512988
860948
819365
569541
298031
756530
38349
416104
16171
550197
306824
32459
841893
874880
628372
105139
926483
749046
441908
885210
352494
101127
210745
674410
235993
454873
333714
713792
542582
59488
666388
234345
341561
492031
895415
801702
147895
904592
386887
410007
634358
903674
270534
333265
504815
978685
571436
185563
34548
726844
15571
946220
258790
822604
984105
257372
452517
42166
133089
580939
552052
643075
668436
755004
689335
551703
43714
116475
215194
92598
553339
131564
965867
899159
342531
881553
97330
773368
571914
471852
324074
54106
185162
175400
504317
507214
101412
175569
329848
461605
175291
158536
777284
580627
261113
793530
210833
367281
564809
523845
969763
656379
389713
164149
877121
646333
550346
104736
384225
154885
148729
248044
497032
856874
277724
33205
369928
743277
257928
711276
694477
218671
974200
888138
702847
901370
630295
778017
141794
862241
989067
56141
121678
614303
769787
290299
849472
775054
73564
84112
412074
346559
685102
272718
251220
476760
56021
793490
420901
147217
399259
301854
555754
473895
351278
938744
611793
178945
589850
430536
103578
534064
216840
231941
548281
147531
417397
278103
320142
35712
9171
288062
486378
770460
467999
569848
315530
985897
871331
423367
989001
271259
637191
325715
282333
279468
368819
406042
133070
318283
444095
222292
610235
185346
399606
300208
763048
223096
167008
846606
160359
919097
120427
282992
444320
630642
37203
557863
803866
893659
112127
561454
956154
981524
352376
586071
290495
699014
14487
124215
715914
345053
550705
964846
526804
841084
43189
716570
475045
268163
668726
340346
979356
901279
43643
909466
797947
65228
180798
412105
282352
805825
918845
331065
980468
474710
388419
988783
990627
164496
218986
37178
996887
499777
582348
184505
663998
172073
244380
166827
636386
664124
417200
448933
36847
669691
439093
178588
60744
422359
683127
302165
184412
106608
559714
161874
485256
709168
83668
852624
575924
815310
661671
504941
652957
423898
902013
711764
316063
901008
26776
961652
533191
55931
731497
759906
719576
188669
944803
732881
784229
928696
647200
480562
783722
384365
664750
496378
245379
754554
751455
386068
796667
951780
5514
779536
597637
169016
862133
684775
580418
821827
331490
568809
813520
725057
338153
357212
630628
78458
335191
283411
205421
430397
201798
324298
448690
827204
174281
733145
374002
716149
600112
513666
739977
651707
833775
986325
114744
462117
401943
965230
465632
858600
122743
683835
491734
500715
672353
107313
556761
162662
481525
530984
524140
586320
700532
706443
299704
842499
69525
995777
432758
26245
545397
623526
360216
739682
364667
988480
815263
319652
614303
685804
333889
197718
782824
804900
473568
967752
642672
751349
233143
816210
105023
532177
393393
720646
433260
164577
728928
679388
53267
168125
659242
907670
97670
81296
207858
135902
157067
658387
782886
564815
784503
742886
494481
521786
831980
403119
294734
436825
706942
361207
545801
189433
99250
409233
443627
134907
376612
136619
826453
536627
688252
208743
551503
50403
774840
166444
509411
641631
531369
557753
818263
619641
318208
771677
821281
861811
398346
27409
850212
625194
235629
126971
159015
274033
165211
507444
615058
962020
109618
201921
892889
344410
105783
407081
438776
484892
710790
104334
39406
11664
176298
471069
320703
998547
105910
917000
887108
834416
458956
334654
380205
158146
187249
66994
904096
363648
681706
379329
437910
783614
376401
811074
830253
314365
237847
742223
238256
267660
664929
523814
335672
771858
554626
782035
189393
376269
683071
109316
435053
804319
834289
595600
495530
251002
73479
742750
461297
679603
525585
196393
983974
229719
947346
874576
452728
381558
925265
4388
452833
359101
467539
170345
285940
105159
237229
81905
527507
174700
423152
138417
921064
816211
220694
708018
654709
934298
138447
54493
352993
935263
75410
605815
582125
941117
154875
816185
252065
56890
739954
701683
573551
814333
63917
933839
775373
934195
585770
513827
286789
622212
31871
617937
443602
671114
587796
159823
831612
793863
506775
521786
28238
663697
272495
98128
434883
296074
381227
133906
14331
138577
138418
303576
116679
240857
173919
169796
712843
861474
242268
989988
263653
665785
568704
198019
430446
44419
974419
153017
935386
756883
455883
444373
29742
574893
861027
17599
432591
942776
141034
707663
330352
154020
44755
398609
831612
651478
271236
159007
24855
712699
718140
659995
752160
158302
611937
346993
430419
349758
573151
706023
434700
305088
281193
252376
321290
617084
947615
271931
171816
565674
889458
986130
560867
38824
535672
662777
639183
646438
19290
743818
135087
506376
975264
562286
448933
967013
641135
203665
660681
656358
422451
177788
256518
377094
396000
165757
772048
111840
206810
193508
73944
855229
208731
582794
287480
430501
289311
825580
126001
736030
33836
80000
619326
330488
538535
185310
409858
317858
391964
735382
61758
540661
607468
276553
237811
933705
619830
775456
174700
674851
287881
415580
125101
948740
189679
574322
48857
384491
822659
445324
227682
707763
72811
873006
69808
321676
806205
620143
681939
245615
605276
429151
680706
75323
675120
733344
10891
248387
919239
310227
603286
897891
382224
328276
404630
476365
931136
261545
805793
338764
992197
349976
410517
540492
536162
839265
898915
827747
182677
963893
946075
924987
720234
560817
442532
961270
385587
587199
279093
66841
801585
594280
530793
581884
555835
12064
902026
649375
816861
815668
583688
12290
973453
519443
661198
401820
775894
266424
668156
949806
716589
854193
447134
293024
853061
825827
68108
164128
341773
248430
493912
989059
257481
584121
745566
588175
539898
790194
633297
949512
177994
737364
601213
148706
33404
631023
107351
230505
873583
172786
479891
522855
670966
390742
466595
900642
879528
622725
517077
251676
715896
203599
704322
133947
553165
56529
822530
866150
681121
514837
58399
57711
593758
585077
339113
119743
874102
136819
555819
255024
121940
904781
909572
503023
465516
262199
227927
929735
87462
535132
474658
962389
62850
275899
881377
155914
421614
439613
598683
371528
604041
631509
206067
205258
555768
440260
354511
235599
844201
471991
402094
299259
406172
414666
981802
542316
458891
192315
701773
823446
171
298994
513864
542971
43810
156415
927638
393396
297812
326824
553049
144949
882681
58310
51519
237080
410813
764070
488307
994566
693900
870982
677609
863271
381736
788021
664366
596265
259740
881260
739829
819618
530281
278195
479990
998917
101999
910142
471315
202498
240440
301981
225837
513685
4628
626146
8006
182130
218474
56358
451086
567958
465853
781454
57072
678856
249710
14743
248024
632161
344382
575239
569577
155782
837386
321513
257268
692925
216224
132955
558192
53522
651392
240751
842505
56862
964846
198554
398680
199526
27141
610460
106107
646360
77732
277637
642679
378384
104444
605953
519489
554579
705218
259573
65845
179920
436568
989970
201835
526289
910030
902278
388822
907364
183866
908441
498917
938847
813576
368241
872236
925399
345733
790178
403276
346975
199378
527947
722108
81629
265782
770368
782104
383052
937052
883196
907582
271363
247324
434196
281124
748484
28861
249966
603526
216658
466748
80936
152855
440142
33133
396271
428209
638406
898753
242950
343703
468569
827877
786847
258671
187967
333645
504422
826263
515311
288807
877675
532516
609165
133894
762141
244002
501062
869585
492957
252560
270786
703788
694350
815565
54038
445651
998677
362353
477403
811241
299043
26062
444263
656761
988764
22895
638451
202086
250738
725181
55284
654389
425000
778353
231941
18379
721511
473536
114214
880234
865341
989671
654551
820251
937186
16
362441
981673
280310
397148
441290
635799
898101
103292
666978
744062
767504
924040
70832
116592
830236
871331
837306
601139
808307
791225
748870
627182
45042
194778
432693
413132
921747
839784
607283
502151
56794
769518
752439
297875
55903
677766
576565
449778
472929
143795
95120
912073
769173
708070
625612
98259
59804
109641
820728
591763
926124
274048
141384
348050
832365
55455
79662
695131
232486
710537
95729
637652
733690
529104
889974
549757
465444
353195
544592
479724
667801
77905
731450
93717
580822
835351
472742
631399
234482
587120
79169
532332
285525
744546
163667
633637
219944
632679
470933
775894
770561
296249
93505
166673
99205
35193
199082
760741
906329
95510
345436
818484
190252
945375
717337
871521
434304
764001
602344
935582
594836
236769
109133
766488
173870
825827
104396
617762
350400
855961
936313
823191
864742
581346
103279
998556
341570
988852
345824
937407
725313
646821
596430
262108
262182
617742
667170
315700
949239
508610
500621
90441
577954
958045
301405
50881
494761
367580
366313
814094
396832
146197
232180
88884
332465
177940
95790
218347
537851
985393
404879
275521
590493
737442
827547
807140
606420
492834
960849
124457
729607
546125
839127
385130
416348
805327
493010
87677
722110
908957
715763
481516
101502
135215
471249
260618
735644
980471
488964
159404
557100
971970
939247
285799
596115
620918
777358
379080
108496
563472
134155
45251
923092
54976
668284
195258
590239
398404
141940
907937
900098
756599
760414
997575
766422
970760
693348
216471
454330
830890
915215
256815
945875
60026
998656
724504
762726
107589
600833
503914
37354
938944
272212
422712
843189
120333
343811
11199
145575
207285
268617
777690
715023
682101
986207
124575
415627
98561
35616
553678
978093
565070
972392
196670
350626
302228
977069
833118
760390
4406
364141
160891
256059
287280
385102
999873
65140
250885
769020
28376
683087
521192
824399
64535
383961
55649
395179
588399
294528
17322
581009
69
882390
670259
897578
954351
983774
761308
429018
44224
856398
846632
332839
345228
273211
821250
166313
543483
61812
791995
321241
294336
621356
327959
851698
158006
709274
805569
667111
387132
980977
770785
913804
387274
39962
927046
11637
122612
8127
536181
110089
184076
132721
280806
324214
686288
747764
468775
983298
707808
791450
869568
717474
51169
241447
268907
159501
986325
49705
200242
605078
527350
892830
500031
570152
911441
595607
804303
596925
854580
169514
341668
281581
620682
704322
826342
604131
908760
666415
320821
513207
946846
552995
462023
189204
294313
908853
259218
435110
688675
20180
554539
385989
686342
353654
782002
610942
160443
610001
80570
933026
509149
341091
803032
299067
413290
968171
392178
43159
766865
333441
655006
17854
906457
722419
256059
636981
123161
329705
8160
942809
46182
849402
284669
765856
419973
617422
347640
258368
850138
757689
469813
333883
277276
134907
285055
411342
213992
305511
898355
612694
589094
145003
903213
87357
531751
644858
655323
466920
528692
84721
756090
681869
759980
637974
117249
661666
420832
698029
900087
720135
332196
719576
615718
929108
856930
709293
128743
736728
89816
918323
433509
682191
609820
39792
972150
793468
831745
347237
810950
780939
175837
378097
653984
374203
738955
510876
944252
805573
773456
934877
269456
456289
733344
873759
454930
130718
584411
918365
772260
709455
601171
41744
491031
797334
441272
125545
322481
143461
268748
149961
329188
241758
665665
184092
704717
496698
668267
26742
756296
867418
722016
34972
536039
530750
207343
257302
148594
942073
191096
260249
155070
439364
228792
74355
619297
269926
654375
541725
749007
115482
770494
690921
494087
184766
723916
897528
796682
457131
870257
970894
773171
770808
31598
803141
650750
295144
590750
995686
194701
378002
256406
135684
68765
82218
979396
562965
440316
886063
819111
750913
829628
891807
366313
763916
838921
125250
682037
734904
515623
238885
345698
648317
659278
430775
780939
874155
258003
361871
839270
69602
274570
455944
14534
739629
324393
689452
813321
162341
691139
697539
931584
711986
663447
186831
10947
493239
61944
953482
4939
892749
739704
14778
810275
630503
378618
888129
698788
818522
177439
660978
871062
83343
594331
907504
166362
886937
328142
191193
121965
923129
32335
529452
235279
757531
755934
908742
92903
399736
772676
426645
825245
56482
800931
326473
548185
299847
794732
616192
190080
354157
107874
509872
139821
245487
40223
201973
843214
785897
282016
953554
712405
63271
593042
198851
701785
105039
61064
544664
992949
687744
550033
571200
563645
205425
678405
23806
948053
311071
263874
226443
773726
798991
521323
789181
544692
863153
93227
798433
995863
850219
480647
772353
294281
186510
652928
863857
594260
342039
243117
156825
271816
233653
694482
899301
72402
244561
613579
577304
588750
742768
371180
270030
652688
564216
594164
123274
889260
919528
570132
56263
676324
265409
780877
546455
326343
207556
236487
380488
829691
565806
734396
990134
821878
379691
846776
817595
984649
584676
967929
656401
871952
174276
882259
328305
840807
478283
432626
21986
15816
198753
13820
441191
155889
411998
196909
28507
389522
721557
370200
455650
737934
620345
974381
583604
300817
791088
460022
379852
980438
540037
566075
492293
174983
596337
743602
360164
54978
204469
56952
115033
870106
392817
133802
714523
620891
58364
333554
993522
498978
427609
115594
712672
96482
603781
742784
964993
456407
154338
10820
494702
947234
987511
691189
780250
440452
958062
876155
422780
250838
238531
827911
90170
673785
418428
332196
93065
959581
110334
293350
102757
292152
137227
725613
716759
766459
487011
340893
15951
673279
705928
513196
165848
785225
711712
4933
363977
679197
272376
517511
575223
475893
714431
374791
832754
638284
744912
776213
695751
799293
680813
906003
466442
511444
521474
767986
634306
585347
601251
359457
110868
835086
448841
934162
349224
372807
194480
295443
968490
582309
997601
716992
901319
264683
360227
728269
166285
151704
12835
367179
788106
440843
592113
199576
161216
583887
580293
67362
660252
764524
333219
889880
253273
319461
927934
652144
745448
346710
634428
56259
43412
859096
718265
738398
93064
709293
859301
559099
434957
370977
738950
82050
515517
64993
601000
877251
40674
854762
229820
883987
510049
848864
568607
469259
921235
485881
341966
578133
514642
560041
575253
390831
651342
869969
84741
322580
665421
242452
463554
779150
981112
568492
579709
24273
424737
555815
589572
342270
316567
92393
849541
804850
485313
242127
123457
786261
648087
994311
394920
456888
925502
501305
475260
502527
22596
89026
242810
44156
825844
647719
795776
911143
478989
422500
391347
104930
954439
164188
384314
567941
424431
714034
345012
601972
757319
21699
352737
18677
995241
751197
405448
539691
846694
126395
227927
454312
181046
992761
519343
136384
228045
690585
843611
610869
422017
622448
533353
63508
710715
257372
537322
65193
199648
455026
192748
264473
143161
231405
62037
806498
287421
957315
365151
280618
721571
529642
149933
148873
805377
945513
218708
398698
503196
875474
262138
923394
141267
500621
942989
611617
275003
862894
565276
815667
194527
311562
870310
611605
494926
76010
992591
196328
338994
120782
525423
782762
157730
601626
853195
48965
657312
906922
338358
290259
463086
973126
340421
842059
23032
114806
772311
513189
371528
280345
610349
991657
240784
753338
722873
500642
403691
397485
621685
868957
80632
86573
812657
276172
933538
251175
398073
270560
487023
176366
56241
508206
945062
784645
403300
836509
400441
214711
818866
627930
23387
921907
176362
721112
119159
103551
872375
609363
327739
141869
345893
245196
648326
190221
612262
940941
408118
662535
730041
263025
683236
782630
547221
978001
407081
789241
428687
399114
504165
632908
113371
929811
194679
787738
623123
145587
75982
77544
134085
573939
179238
850618
420910
695368
803319
192444
246545
770490
178588
89212
724119
207526
596278
870211
746470
30710
319417
331714
825245
127674
791519
584415
965298
6087
192810
316179
264148
887999
889478
410011
250126
103292
722408
294314
215867
167828
78377
702746
589968
700300
236718
639557
509012
126065
342522
133905
843296
109006
87317
726186
636836
815824
944222
645438
376734
626369
698478
426583
179529
612356
556093
960333
14923
944110
301911
880615
55313
691259
573394
927172
660708
60742
332719
256986
109373
683486
49155
364685
76646
466446
146011
432217
555248
314992
60621
854102
39582
595264
296400
113284
839464
568026
338157
628368
965208
906568
601060
840531
680435
358901
45690
486025
101631
598388
513791
809345
708639
421964
585049
800699
172225
929053
144827
775541
971360
495850
561387
318377
773088
171276
158563
521216
866873
933170
143230
417853
944390
486614
643956
488283
696156
976272
775718
653211
489623
299636
285051
462709
667910
499177
17996
500936
831579
286754
98744
343990
147218
483173
685333
664098
850038
469210
413266
482577
748388
953389
21443
696638
165273
128743
818905
884821
44402
67243
769123
643791
940388
953564
739567
680647
766498
94730
801154
575922
308278
649057
405448
726159
924228
949780
906959
722880
12053
398098
782213
149415
865245
551256
69881
417835
555472
923305
985873
332880
144034
170021
509823
218067
444662
344830
994317
927853
33883
518539
86536
392509
704565
796959
741788
355667
5701
750345
588540
219516
90438
829047
865396
496217
298889
398696
569848
539423
779072
623887
472724
955264
578963
830481
354739
948651
466871
589838
757386
192831
845814
4140
634663
830085
371086
890671
118415
58118
542022
62037
558044
526870
840026
197033
27979
402122
128777
901837
300432
621944
347945
26134
399217
806797
127589
962120
694143
216234
312052
992800
658078
5404
335551
177411
699618
234439
584704
926703
358076
601390
702264
131711
929886
849280
99697
527867
493499
434814
711375
438315
588727
284633
317377
25092
212133
627069
401062
563965
943063
722708
835519
524068
169712
405827
37495
362686
280200
27133
126840
234142
952158
946956
90646
706402
490903
683254
767483
595279
147012
802845
79696
993537
17114
703915
230050
968605
2453
341146
674095
112248
910140
729317
825336
669935
399490
12415
465695
910122
105830
418013
721763
367295
891790
716403
107525
570349
561622
926018
741742
186686
215779
498670
280419
681657
781710
144743
693079
578697
50338
830458
631691
243331
371845
930588
395860
381785
356575
927132
283418
595190
344895
919752
415323
173073
161664
390943
503465
538175
993326
407035
18762
538856
524294
549161
989414
651189
36311
525826
942190
579640
918568
364492
103667
389599
589316
471150
685430
77065
920527
22538
865996
476515
227649
680111
831594
628658
307862
352881
527149
630131
189947
118152
144038
127175
842100
633859
736353
640978
703652
343966
18832
88915
614778
558821
984233
75982
646856
954995
800065
285897
566155
708214
866272
630063
260294
625420
691447
156416
372483
781890
101028
162240
523175
567391
329176
974450
785715
224233
75184
601797
725724
901531
726831
13772
654808
911516
2399
238543
330823
472953
816316
755645
156903
350578
319115
163627
492980
585010
790643
568848
826227
921210
496657
594776
786652
47586
20551
131477
732028
843438
128157
444719
214531
5343
763730
919280
877121
884091
113822
718841
110050
653093
4358
287600
56187
407991
115950
168624
278075
417114
23067
255998
761602
610509
207800
920206
453005
596771
334660
392837
296358
413563
822680
420256
709896
41128
645954
218907
286057
595348
458067
979131
751614
138323
266613
193049
197094
168449
281228
602349
219771
220090
930088
14938
699950
340765
794533
48573
420590
153544
843383
999976
575893
619575
979148
549560
946560
219791
684811
862590
390663
530547
38548
574068
692392
90981
904396
812340
712727
359825
358671
627929
323142
493910
243508
996382
625029
881993
691264
338809
48327
607933
49803
306806
565095
696232
723933
15786
109643
793268
552340
575296
652144
46115
839202
382512
724950
389411
542002
254196
343942
72079
332433
69513
453857
16037
701803
418873
818914
378479
695353
757964
241038
175205
590319
776653
981452
970323
360322
347431
946584
970116
591688
24895
686073
398169
547499
843896
946447
520116
876436
660391
823924
601223
17882
988726
275696
284862
518363
104171
761806
11491
53433
333462
646809
185300
326663
397582
778597
856049
433132
588924
191022
144478
449957
284045
388806
331156
257604
497132
135015
538443
8567
945548
344690
272931
781921
253301
29764
94250
925548
735033
105317
333778
498588
654589
83345
809750
837191
308831
615385
72687
716183
843909
626231
646236
666188
513455
367836
25239
10822
565828
774181
630076
451745
172853
137044
332908
803045
162943
519661
482864
710943
935542
936313
529236
314296
503780
120922
125413
284464
653194
779479
116527
473075
254178
687720
82305
477391
75788
833464
189930
366959
561386
371246
484510
504540
735382
480255
902761
694278
219619
754412
468315
467542
353411
891724
897239
645103
875127
576056
711402
632714
48728
426591
883954
360079
842189
495358
119883
678318
948734
88151
176181
705499
913766
952796
68097
827011
594300
69901
688460
135158
218671
654282
353176
756215
916107
767157
916578
765728
574270
676826
299443
26198
296418
26711
827772
422776
486606
633707
344883
388166
965943
391459
762664
17820
372246
329248
203780
805333
379770
544637
577772
852465
930553
45750
57740
68106
139511
740169
773990
331024
837027
20791
443433
219570
314388
233155
320519
38347
854807
116679
709256
470548
907723
369862
986268
513828
578096
145526
774480
446726
27188
709380
845765
98406
778945
473749
966260
161699
163853
740036
623773
833773
107550
295889
454437
294577
149376
502442
854792
225472
60624
593670
493090
672894
927603
713530
439705
282986
520535
475098
236889
869788
751783
67239
89813
511759
369872
932053
409295
809010
183910
544563
490463
881909
611454
395577
354452
287711
195722
502159
849064
120440
694594
684589
220308
810284
610591
940136
222719
710983
469459
26684
372807
386900
66994
269849
518007
846687
119847
787415
644855
954488
169217
152148
666741
891110
567271
596104
795846
127810
491245
526224
548479
555468
310555
929458
613843
910341
133484
332305
611607
823166
700555
962162
198964
510003
179146
517034
355498
310532
275139
424482
314024
829083
245207
117917
639992
269801
346736
835523
406163
646103
89845
323540
264323
629368
478537
579405
653872
855819
961430
292628
968980
186461
791421
846408
652791
978131
553327
76710
821610
735903
454447
986682
825199
224703
756340
725708
406214
174482
27789
220445
39567
97102
823090
882925
84638
780569
241936
837214
89918
148578
810835
643680
273581
180720
146505
527719
195892
907286
65414
981468
345254
632201
451690
483671
726509
350648
894820
662226
526148
450451
443169
642608
426681
582981
237776
11668
483767
786792
381153
362907
490318
270545
432350
390937
496972
664115
448695
433750
95560
620117
126802
196944
958119
531837
784540
512610
298556
13237
113547
680598
135795
241824
894917
735611
372874
813685
954207
437070
314728
869943
125422
604984
372205
597198
578685
326819
59773
192717
422933
812124
235925
164164
830383
513420
773324
136704
420759
830318
328641
338145
217524
774494
12140
430106
503316
402094
596393
304508
490786
663015
871926
333708
30900
976746
877676
386501
613122
45873
515547
983012
215619
152231
413031
776062
298441
736018
784101
284642
316070
63539
471679
96200
405556
188620
659180
702677
380249
539960
116660
370
904354
329689
569486
871952
946560
239882
502471
448002
69668
878064
314539
336414
392806
152549
1046
21905
58279
407701
110642
473172
833184
433084
430423
555114
173541
446977
928
243540
238825
381246
971708
256705
791389
31746
204198
712290
953766
579420
534410
637211
285329
374636
939777
439787
492176
738387
112051
24330
786363
592248
267325
87007
250740
726474
464539
620795
162009
950986
699140
837638
806747
383295
460333
544191
200672
203386
178010
628444
738576
398761
919448
53279
991376
788774
553808
282135
788885
195195
742881
696682
962019
279118
498101
285297
262767
48357
468709
85978
367128
165667
745084
730965
408652
334660
809658
798137
558028
906003
968111
680134
79533
749443
272133
519390
782665
472658
752250
209753
299667
245672
257109
870673
40232
558086
349338
374523
13822
507237
849984
160641
456804
30006
674436
547441
550140
399544
516634
527229
784347
629067
576271
98065
351811
467827
896546
988724
81742
839038
431422
746843
876403
814152
463550
333159
655853
608158
79184
866024
166504
768078
298205
786157
724944
441327
236912
524649
435255
554110
820145
924126
956115
381532
878917
896604
942923
934020
276339
463188
240728
743219
223709
754842
514763
833140
352968
856236
487286
227824
647792
92977
699810
633708
521889
449053
186160
309067
260690
570553
312810
290866
767681
16623
836067
101867
961670
255371
260137
978187
5734
10714
808
353218
590714
58426
579511
467299
466513
772840
39420
17163
285253
696677
629816
106613
314435
478804
870823
777487
543449
198434
676898
340580
502513
229086
509925
846232
361856
760883
812397
506531
445258
3638
57366
66699
470367
1203
597391
879281
976760
348049
300426
936916
824089
119943
250483
477583
150899
714954
530263
483262
708240
257044
465430
682815
818084
412799
804003
452922
615571
317774
548077
726570
127453
275171
920606
358610
258703
375735
932656
170109
307556
602062
938944
557801
702280
445954
492603
512857
354062
317246
691470
864213
765798
316087
809187
441767
914313
98297
619395
65055
483624
435632
351927
700861
369558
116876
212545
488952
136619
465196
775293
343616
242452
651165
821277
493348
323550
160956
877048
441166
204368
529411
516432
149217
962589
834285
440917
336215
644667
123714
261592
647278
37373
200650
146699
467495
278097
773151
553049
785231
70997
978506
236383
282077
322458
588784
758197
298492
113108
517258
947682
182188
873102
541914
745078
956272
52724
288705
827668
355342
530476
41266
824462
30077
827054
458504
744679
567026
939982
347907
185409
984409
642873
31511
250591
830889
981439
340067
779746
952482
472963
959362
688737
113379
533336
161115
984767
205424
46149
452066
641307
53268
45311
892353
310111
905656
243984
223456
492549
172693
871647
149921
219876
406392
950945
100971
436825
849862
243458
451184
860314
515387
977555
794486
105466
572468
982278
501202
725110
924884
20827
591121
495973
260883
783879
628561
184327
238333
452562
592043
337784
756214
382068
65790
370942
780164
197711
611114
850398
701977
504318
112110
256796
280404
362358
774682
240791
761327
344042
241036
728891
198158
374020
139468
666740
981894
361642
233712
884511
155679
903083
816159
377554
28169
798218
104832
941250
618263
289489
540142
104736
415142
586945
774258
656915
8424
125788
548291
967712
48147
445708
851079
260258
84153
806071
540573
101439
464054
422500
39406
984544
582878
115533
471719
310215
928695
497193
123717
246316
650877
659322
103863
303982
697048
912475
883196
704591
496346
295761
373806
66854
115877
493038
752533
815210
146184
892923
554797
153735
10462
191278
183439
475621
137749
731700
174567
364800
591614
10743
968590
687035
877217
589244
322762
700261
674095
474896
613220
958904
477740
646088
516767
383918
267510
462593
691936
733869
524597
600531
698133
87940
407887
691898
398017
833082
872867
904765
414366
247531
162120
916986
936149
342722
44360
78064
815847
420174
301847
159469
83392
795592
355608
585448
8226
894069
109324
55136
657786
711111
295833
35504
839665
747166
989891
377806
589224
520053
192046
23073
116385
669360
348202
839192
205655
932926
784823
162771
130282
976241
414951
57540
423625
479330
101468
142485
317691
505551
904811
921505
780802
559192
418
556569
270289
197594
674582
378916
14476
193257
714164
262602
598531
535204
62865
514159
434326
618250
742293
89838
566316
341961
271236
785763
773262
73292
564922
126944
988726
966220
186740
375082
612630
829449
144906
8477
534600
995791
77857
11392
380558
609778
291546
56445
838820
954028
682849
816783
373973
107301
877035
808163
508671
781512
685319
467190
105264
875028
623442
463309
531751
712494
691396
585705
853243
702669
415493
367810
49720
813292
151941
289757
44478
791675
569174
434780
532616
905367
780814
424509
932059
245233
714816
142162
770552
804288
230419
354539
802410
1957
66866
834181
995204
431205
329742
656270
515324
71154
86829
353442
470770
880337
291028
669540
282812
917475
59709
282189
578012
425839
300080
72184
634663
89369
89369
889891
981389
461104
233801
844793
77992
352096
122544
269224
349894
155342
946807
743646
131434
819322
370649
636845
176126
362485
461506
1893
208074
367540
528792
197738
880562
189457
279841
42762
148099
682224
290817
89955
275977
668153
779277
111779
234902
246560
57721
10712
257052
943738
725957
740694
600555
464111
180635
158457
561567
884213
933754
104205
595559
887444
735665
231306
290716
680424
807128
784767
669893
245462
725467
971360
131537
873847
388457
126661
83290
462023
445304
996575
928318
132845
515762
967621
871346
634336
194058
786002
957741
831695
148868
128219
632795
261798
808460
336247
998149
703625
31158
348942
670258
750727
538188
653194
452408
51263
167476
4827
375501
58347
59227
430978
824129
6347
244130
148340
591388
746009
133342
388780
271112
646928
911380
98731
67983
997325
21395
323546
106613
237854
814358
78309
712152
273403
942622
291183
272345
669376
86234
560962
802975
976732
84682
464438
800591
820320
170932
928996
935061
228196
458891
436549
827482
768018
236458
5057
890947
602095
771601
489742
513677
434197
877444
465936
29032
70759
704861
925375
842800
686878
270413
317906
866968
550326
154678
422209
624174
763872
72596
951746
614858
971740
360942
931389
485425
452758
907516
683774
199870
134506
253653
848144
214565
836805
266838
355660
466422
833249
795918
182185
276330
337888
344289
223861
674993
78472
20582
628374
883307
934787
234285
48632
626880
343253
641194
165508
810737
73467
27500
818866
558291
31394
135949
822529
571062
829293
44580
458032
98938
491918
540701
603460
769552
468138
868546
485005
916885
664528
544163
335801
40304
149443
966198
500518
861653
804086
82003
558241
292761
161966
291895
820251
615557
969728
278943
928937
684471
404372
759674
988670
686873
14776
588785
758274
653052
609967
459206
960338
306382
803828
294149
188111
918776
161952
388469
351336
367480
90592
160700
216684
372716
617949
704048
610973
551048
849606
373621
377251
911810
404079
798815
405132
404239
840934
627817
770042
997745
395282
694165
386368
424
451026
865371
365738
838539
299505
648940
538986
959870
615351
394824
288807
939066
714273
608141
52271
312969
159206
917973
853113
535413
947385
657903
802863
89513
567067
565521
530475
493536
519990
569064
665149
673075
118315
666545
254404
31226
317563
990724
30860
319181
469916
564506
97532
308287
907754
514517
190343
140993
77731
369710
380308
694614
901199
873953
152977
940327
114571
101341
16850
726931
493945
878786
203128
877208
68786
758504
631279
243015
146358
330647
930982
214411
267982
881947
863409
646132
367580
825809
586927
832787
877990
650067
661311
534780
265943
46094
354698
462509
571589
99980
64476
938259
829539
364836
206295
454526
710760
430673
507574
784796
205494
607517
224347
112554
25324
741707
725260
973241
527999
359991
946310
296893
410594
556392
954454
361314
201206
375645
715840
794277
240749
69305
684413
102372
319506
686878
301828
388881
146106
626433
433283
228905
495733
938521
552500
104773
251847
536570
711084
396713
852208
249724
321365
190221
433321
308886
792360
469026
376714
304512
452286
839961
634339
985145
417049
669002
470191
916535
499027
494402
179262
988245
35334
975617
908073
908259
150263
621290
343072
555726
541632
934704
674017
739682
244450
170594
472056
150809
199927
29564
129796
534708
487622
525202
644201
706501
454630
224985
373828
991142
774485
409255
983246
788582
590478
517971
305203
336678
62074
999791
470292
848408
134556
338935
305197
143333
658421
959628
920870
916184
378419
580959
689431
419643
302563
273989
572415
329437
222092
350725
333428
497090
315225
475850
111675
981794
354698
403409
314766
334770
373341
586616
445093
794388
577697
514957
270197
724236
100428
47586
280585
802264
847046
86414
854264
724370
613302
47379
578942
350626
561722
887635
245046
772510
298419
605707
144325
13048
41362
50511
244731
618388
890060
553567
983259
395304
431761
983694
9856
969723
299666
525271
538838
501404
253007
320250
582125
791796
233140
427679
244272
402290
385412
885309
181517
793029
149399
730718
344763
887846
322237
427116
286269
365441
853344
540034
115074
344367
328388
845613
501393
455239
776711
987923
733047
856311
676272
437178
442753
878249
150859
967973
822238
305379
130832
666569
433041
982549
685866
491271
197848
180820
257391
475098
295340
166224
428169
735695
310991
105967
81177
346038
989383
224640
783582
498856
367836
144195
817104
26295
686974
662914
927035
136771
615515
348115
820050
956701
165920
928908
898915
583257
498123
452769
707708
779791
64928
526817
357887
553955
698716
712180
605652
86052
433952
528361
954454
930145
169248
631475
186774
790813
367441
991201
253107
272737
299841
658320
280576
479635
565590
631212
955894
603219
817655
740956
635433
211183
190535
546531
489299
596165
186256
300993
955677
448086
152911
386775
116269
741483
830526
455223
367749
541508
825605
994767
521131
287692
298453
511028
502206
751064
925081
986240
270215
314546
111362
695595
319462
374146
941987
601136
299025
289427
279281
981802
474668
260793
172778
176994
777721
909997
412680
403281
334982
366482
898716
34077
609560
648232
173901
188014
154017
510934
687035
307384
436872
643681
895184
389937
737128
170046
492914
783720
888772
109006
624326
418488
589704
392970
81088
195427
16436
254583
875361
311378
541631
841078
863811
678103
252976
552907
252568
941678
158392
796406
648125
656839
671309
603257
119692
626797
17310
899480
528498
624381
244488
260441
690163
795130
145038
657281
867243
156985
398868
387073
66810
954920
126545
341399
919641
623872
500817
567443
161534
805500
147721
329311
583486
841710
772598
351160
353411
485511
497994
196706
336494
372386
397003
643752
458072
806987
803695
662096
151591
238880
693226
467999
869762
492688
776182
380517
820013
956825
591824
876456
468898
448284
897606
776174
616607
507499
603809
8865
999321
744501
256875
33745
861278
61102
288818
330352
236775
259275
857963
792562
313237
255356
65205
466959
352469
335921
65375
313984
983185
59253
345376
821596
862350
376494
827785
162467
747401
772376
486144
902297
783411
76726
821689
839622
209682
93330
475330
38596
315838
327356
955778
896401
541792
977377
830197
305088
331524
881626
152237
736697
803761
688258
941918
418360
696360
38596
912605
33191
393716
715918
568685
878322
315009
64502
907647
771349
692849
559117
560755
22417
7020
22434
58765
313152
337972
586101
46192
477585
217089
158057
630066
455087
952518
202784
941981
798341
959126
342838
172693
230119
236699
140886
360160
76405
841855
411940
924442
8304
85381
106710
650801
673979
646827
537272
974555
573042
612931
710036
561195
188788
307612
115778
289683
103034
131884
38067
766268
772245
281847
335654
11172
233926
336587
365664
821287
813376
312095
216858
402699
307401
879694
845153
558150
101522
524429
913450
695729
714840
353518
848457
451202
669357
435556
17808
87470
387475
495342
766477
175368
502571
405793
939695
880190
37895
10859
590853
244602
601489
633605
325569
9975
968430
417722
609125
819629
32562
656404
924737
205425
402260
626524
495068
477756
356779
58466
547504
813383
495854
650915
33167
783606
988764
333332
973662
746099
978324
26204
180398
419216
837528
403626
186034
360347
257003
95491
429849
284957
639032
225008
237048
365884
787394
714330
728769
222092
775012
837462
319116
173364
3639
367540
483322
622517
152742
407869
279058
259468
690645
156958
941913
889425
173614
34834
378097
931827
135899
538175
973417
343178
498479
779045
176054
871761
790643
989001
386237
990600
56681
750701
295200
467572
883308
22161
508803
575982
674298
104981
836752
878091
821102
297698
498983
314920
3051
768146
431881
512057
425819
3954
253749
39037
493664
672952
290003
628508
116720
314365
571228
147607
184060
851995
106636
1050
930073
464118
499895
634049
375568
863621
865592
177919
648834
720954
691081
442231
759726
490505
653027
849151
365783
123351
642330
425858
969315
965811
179411
784906
181709
10261
782761
820846
13346
454816
978664
378898
585012
275489
294422
133274
141189
235591
641221
554194
251931
829535
120237
426801
918582
22281
22086
548366
822462
639923
385180
283800
390831
107506
194385
806332
374638
707796
765063
92554
650474
80567
926272
64873
326253
886490
292145
707700
403180
980025
811927
375780
708706
355518
457901
617260
103864
731627
168801
442889
925512
997675
680462
949526
725581
215557
270518
142191
61766
407319
106484
575509
554729
306721
472122
517829
625966
163858
739993
979556
940161
924564
457029
421359
379384
940909
114778
44011
56482
657173
937583
318501
155664
501127
908258
655399
17767
696927
915689
331776
330346
28567
945398
945538
629854
862260
983248
732066
522966
609493
703371
876480
999719
571062
846321
899301
93490
404922
220816
658726
612168
930387
419207
140823
664961
534891
212184
922329
805297
61078
615058
502475
670172
863857
936367
275309
110884
15138
949168
491271
852234
392206
663265
379691
717384
292628
189982
857335
85424
990055
277029
91120
569928
628058
754224
737071
278499
973662
763618
973726
553438
371866
35275
13772
195626
619369
136669
873515
303985
258618
158564
597580
904098
477773
208360
714865
639997
377174
237706
532468
297232
673628
863685
610865
969770
109148
145704
424420
155955
998870
958904
266825
849280
759541
401912
325490
884099
647932
20164
805919
955874
595840
42167
68188
344944
11250
894876
219367
817431
197003
726969
15149
507979
230854
262938
482628
255326
147765
729116
858960
538212
457272
695231
462561
120926
525015
131020
562852
539523
235703
375879
587038
88083
63268
728936
761631
200467
339238
433296
432643
603000
174069
184927
699278
153123
476937
207928
454926
450888
23744
137210
319888
657667
919364
38228
613623
566283
915482
217164
850650
419491
769552
429957
324058
692951
218311
100370
936563
539968
40258
713126
771506
379989
932849
149183
472862
806104
575240
358498
858246
84906
968252
615715
617937
103292
123795
20448
164149
504134
696000
312276
889760
231854
151086
742356
367666
717977
986534
740407
965884
335464
825603
249442
761776
698209
234315
214499
468936
44464
822773
137654
940951
85977
662105
758705
125260
48865
109347
112471
46663
159014
880854
4904
519907
830894
431166
649941
658840
610363
97292
831902
3410
745223
928462
893689
170573
909105
793139
251263
562386
259562
573446
957721
397582
338389
358312
976374
130533
162176
465058
426080
674785
534788
892655
229560
525661
420430
372250
689834
700710
559713
61131
189367
675835
304990
485178
213045
180617
685629
219626
891872
230203
194706
702292
805573
300842
820502
766096
747884
426680
679388
422996
177209
283604
259928
319432
709931
320019
378687
522777
436966
311468
635846
610796
976268
599369
615410
543828
83655
912014
861612
837598
261219
589524
689215
818350
542956
891403
263008
547523
258670
688821
720131
84103
345234
549691
702730
382297
744494
643657
589498
826315
944014
972434
296800
136540
275475
26621
373090
45613
712418
726071
937959
839961
507399
6087
115186
466238
926848
30167
938589
922452
431681
99447
547533
809174
289737
403852
965506
753490
781440
2629
870050
786778
528509
146197
510037
132505
931494
720441
393101
756340
475371
757423
533027
496185
511172
552272
747052
114928
609026
296567
533292
996074
943494
276278
132473
466871
124743
926703
956042
733969
589945
888117
813955
108097
125281
419410
67221
898021
60983
102469
277596
917705
107874
903978
941700
837378
359389
902554
204889
617808
935871
745371
646516
622385
157614
179683
72759
301590
871427
316356
180863
698747
122117
497366
435193
814199
455339
238118
81562
381692
731572
919051
865684
724504
220554
493172
713825
110047
45528
426419
638966
609357
944548
92401
771394
968643
847819
785811
312482
274989
346508
282184
20614
683904
180568
361057
75658
970668
291348
538694
350093
151130
211528
706176
134597
212067
904490
834229
482110
930505
687733
445780
408610
748065
727578
803372
214925
777417
593418
705398
809391
28193
70832
576939
78230
333562
626761
593230
52031
92134
474176
475026
567250
276806
114949
895508
893634
430536
416765
22076
93378
960237
631665
758168
682397
249588
391710
739454
92657
565677
601203
148811
956295
710219
532429
400272
311920
550471
691505
906749
724132
624992
218667
877959
284919
398176
620865
665264
959909
129662
135413
617019
254520
78385
13032
281124
393949
497476
502254
737894
131898
490920
820972
92421
807740
792964
465169
289758
935210
557377
478564
634285
519928
960174
323178
303855
734602
891845
354482
262267
790135
762763
811610
385795
570545
262138
151595
90520
468037
590478
676352
386025
211673
665762
681517
517516
534126
55313
191096
401030
289550
984702
796663
801702
803709
541792
52357
416777
916235
756639
655933
28053
856210
669808
772987
389060
989840
43938
289112
963868
868260
121940
509737
205701
669029
79169
702012
771662
553102
50403
546531
835200
248597
748673
740634
976598
280806
560310
217629
879254
89484
809498
672676
379145
740957
60879
498320
65474
344148
630661
146632
980573
688551
439272
646520
146566
125142
357665
637711
498355
144063
385587
23785
809822
136257
984065
825876
581933
46018
693702
654446
371540
854581
827693
921445
80000
776985
164481
148624
338912
513341
315397
935963
262677
317283
505371
365035
521466
772251
448025
18363
572926
66568
495835
380863
742599
389804
978028
884091
7442
985097
732696
696201
483997
193437
271747
413294
992423
223780
362758
415951
938890
883137
255560
485082
260800
954393
164315
708612
215424
593599
789578
731686
798027
723023
362917
418667
351909
963110
60774
278023
559114
549558
642210
438219
123175
252564
563023
178404
857208
881786
652431
903529
725677
753568
850739
365855
680721
583921
655115
194467
438752
241599
77297
720073
679969
903055
285628
9680
426271
91823
865800
703342
636793
883010
186360
361082
191518
594588
76505
663316
290223
164083
628049
421261
68708
894380
990215
924136
123659
562635
509917
182448
438245
655045
533989
79740
903967
642100
365752
333719
794111
896758
106390
663881
214898
966656
868887
260667
892589
712812
980977
520344
991229
914422
352580
859955
269483
399606
590919
55811
377986
690307
420519
247591
624480
224851
676089
36084
184189
609157
863965
694737
643565
322458
739732
531734
650042
592660
329615
822126
816345
850143
357182
99278
607161
471520
843369
825757
539785
651689
601223
474939
798207
570260
907350
446628
568704
288588
932396
566134
60339
960147
963351
79423
95444
480094
57129
862459
317717
877013
646045
765458
929562
650394
434409
429158
851929
563394
98074
281934
836385
964226
901904
343096
905427
52796
843040
297030
783815
811498
387185
121725
807118
597512
208362
332588
308557
392034
942528
55605
561152
978032
64715
695021
366867
837185
664029
25517
813325
812209
620209
944223
917703
607430
757595
402658
350168
796422
701244
47600
782713
207232
31730
547606
754110
308596
958366
306769
52493
453451
524975
179684
161943
455353
657203
742094
196140
228166
789444
275914
283023
583556
725251
655150
694737
648317
724116
35067
813976
853004
285438
386200
625192
204402
101684
685117
63664
329116
455987
406303
800826
706379
41234
612793
500391
769889
287771
797877
867370
568142
896198
444417
600222
478325
564922
963818
318223
774755
958809
980633
42716
473290
841260
32029
525809
343811
61458
792707
46540
693451
854102
312027
1150
273329
241987
135411
912766
884497
868659
985869
970992
560745
537654
318992
743920
668848
417835
154384
339149
34093
673668
760685
190123
286309
352604
639718
83486
973308
879997
952611
310507
152065
721162
433895
163141
82888
435005
333539
211825
130555
477520
392292
266954
854193
259924
695871
732230
345574
472112
628622
623768
236759
619449
964067
332341
508671
89918
707403
676536
438549
926474
736675
981995
72454
173676
457753
777134
957703
880277
740847
258403
2147
219399
147016
531461
524241
782072
298463
677935
65055
527198
179683
343522
609887
582386
509037
934478
14487
388030
723742
56674
431201
775380
432451
251278
16998
873248
611957
472855
334631
152677
120882
317104
343757
870448
397826
579108
66505
628131
265365
747563
816119
731662
57366
613658
164211
76486
638067
672737
839732
459835
667659
530961
852002
444088
120818
74694
288479
476104
174661
48988
259099
193713
257861
100964
764826
157632
434293
652198
524154
315260
628928
876517
745607
917208
49147
645745
487144
817628
573421
787393
990813
907151
260712
756767
822148
373730
492946
10893
634615
268407
565766
574305
839477
537136
558852
436527
382110
344948
728325
280113
339594
890671
98258
299720
582003
655039
354733
797165
943111
339735
561119
870448
126729
59433
417835
153678
740183
220301
184777
164796
966001
980742
3994
500873
695757
205388
281156
388461
696847
900603
91612
90743
71862
596619
6290
657581
634415
447574
681760
133720
823075
792751
495890
902815
204182
884041
90736
652491
505691
293453
809249
500905
588877
938668
862944
977405
65643
538695
868094
174175
317321
821830
654094
439556
286351
640436
650246
769020
280827
671063
8094
667391
307109
532893
449561
208263
138852
362084
147278
57481
181217
423024
932958
395991
378401
336286
992935
883302
367823
688908
764886
161706
45464
126802
384484
567691
771124
426371
35557
159585
493348
641739
171760
174104
755774
925525
979190
659658
215927
559092
930462
565703
702286
903828
833680
847362
897763
838236
774258
221826
56346
674469
242766
145825
555515
370509
880475
204696
645218
888293
999318
435991
625924
677352
330991
562796
79208
936572
984795
313894
780810
454977
929191
914043
957972
249505
229178
586375
688253
651347
413491
790605
297842
411744
758300
289524
228056
274719
186338
452363
203969
771554
455131
10120
483531
86023
916642
815599
301982
882663
70761
349886
74721
37421
112276
805159
484085
504014
403445
127003
105050
959668
982976
293731
185165
83764
612141
376175
707828
30311
389682
260440
179718
288695
679333
163163
990163
981981
831486
503591
467999
661422
355091
624326
503565
783478
454459
245563
136504
770065
174100
99412
203688
117647
26856
799306
292901
444446
234897
208082
247383
657274
687693
1546
810826
215596
2607
465828
840943
839665
38604
217811
963264
810578
215222
795809
976686
277190
824093
382573
728195
455161
97655
250000
371227
784001
467735
578898
588080
67849
508541
47203
537647
56860
752515
398609
678029
534600
220497
712760
843388
2034
714790
135899
719868
277676
215824
996224
952161
375597
570565
328072
370459
362056
624904
699618
565430
211385
100286
153920
746607
460180
436258
93974
559527
756569
670395
87161
28107
463966
492481
810103
203425
810921
90840
838258
410948
983240
495722
842086
42222
104541
165297
831202
550140
150902
60089
332554
441605
540736
498132
29975
436172
66376
224233
950196
260558
798544
647822
867944
894416
110602
896023
172559
550050
610589
87693
583108
200192
845097
119030
804796
433798
152252
934211
509407
934770
982915
870725
126565
258230
788016
708917
838289
970
798755
763957
945512
978071
699427
970054
450094
553580
480806
118833
44078
653211
598783
578519
193764
259207
106484
328605
275358
886572
193316
563187
420045
535426
39826
675027
837354
263265
558407
463937
161075
817955
12068
1428
446048
829409
63362
610053
566571
261835
313200
386788
535524
740722
273098
579589
919309
640546
971148
758844
586239
690836
627101
27342
752611
949296
107354
257537
734170
372226
819539
420276
666659
836415
105332
167108
467231
485660
853384
487491
935871
671132
842071
367054
68909
704127
454947
403425
600367
143386
110101
832346
748545
401033
234658
226108
808933
985051
401024
232793
975612
775702
884105
533943
610196
293439
133158
140278
611550
962301
513657
156682
194059
272285
788992
559076
700949
741370
582879
691318
965233
705968
171904
649573
287451
11717
17230
762823
807712
753029
414121
299668
773090
658573
505743
552702
206370
166480
269427
478643
233975
862244
195479
799735
928432
151939
721501
555114
701195
310994
499023
360420
609798
121829
49155
236550
676590
809194
456706
737771
182212
115671
971102
800354
837785
518453
963683
663564
3243
267884
950214
576390
682535
573818
155459
709067
245734
77123
939728
10072
128803
10524
120178
403670
176107
529876
280994
53621
358747
65639
580448
852801
340905
715024
260975
440048
119096
186714
421329
945591
849338
202498
107624
10602
869023
199164
361275
656721
842310
614940
733060
160550
305551
383017
524219
309700
464350
370791
547563
891338
955954
490544
866165
296349
92357
907802
716503
431678
467700
332657
431374
174537
252033
619469
210235
816873
723735
207044
541681
502347
232669
200926
720856
97165
674358
23551
437864
294568
915924
126764
44531
445943
775330
57306
563472
383859
101941
149994
758820
23165
570067
587290
136038
848765
689458
341058
768903
474204
243299
942880
838012
728926
665715
766587
739096
719122
151118
91120
416945
344350
570949
25150
374283
344077
379379
267008
188185
188286
252899
430392
457989
953623
626575
633869
900362
298886
580626
869997
553955
873980
38432
599938
571574
614135
859756
526502
381968
189520
224855
404296
271881
127925
840091
445226
723265
694034
336698
839470
486614
954351
617879
699567
531081
909220
636925
854579
49588
67269
420510
203799
484254
837933
569740
835797
576069
578779
140567
150896
402238
257372
854392
239776
998903
482120
561472
125660
639280
597208
145104
362927
602261
65667
78996
983865
772093
461056
432881
787748
59247
255753
815370
629955
937107
345037
657113
720911
767080
515244
692173
755538
993213
551270
113460
395226
150440
294954
274880
568777
544062
659201
378117
739097
783894
569208
859959
215814
304446
256737
593367
648995
692162
199593
438819
348240
770340
111721
790178
671140
277226
514633
810625
402986
350115
80453
813878
710879
499689
855994
866577
538352
492980
624945
348414
287672
991763
189451
634139
10529
639140
468337
780950
104950
982535
111163
696077
718344
694358
789608
90120
179710
270268
883140
742702
861466
45889
462063
534228
863041
496113
672423
567878
144133
799793
369817
13421
361759
316596
493650
690566
895565
377011
381164
488524
874427
380308
720795
531138
841913
886263
893061
742437
816669
673479
903908
913035
201179
559076
634561
775425
62539
49892
786778
423020
854274
642865
672777
728687
143330
424583
497000
222210
931584
756366
821345
606604
862273
757183
211776
644201
510624
677296
746009
106797
13448
518348
889219
221442
652536
144281
937898
776322
312972
473593
773445
725110
211910
129322
231313
266033
191284
980865
848722
235227
128589
823005
548928
440626
444816
272762
506040
508749
811088
250930
825552
136881
172030
308841
539555
308763
834577
808803
416812
404897
200950
593230
728971
259218
900790
25443
804565
474455
693560
690664
318600
695111
692811
969063
689125
187363
98526
538497
639574
699288
261146
761992
958438
382446
262327
726968
332950
825761
237271
749001
225466
858413
535065
971705
454533
798024
70154
396077
919905
603225
584382
805985
625764
658719
377739
597264
404895
958026
841795
281200
31984
399706
156155
258645
713874
57711
368196
84713
177412
400132
512344
232847
393167
516109
800867
32214
936844
31412
226152
7140
46837
616738
905743
706000
816135
850708
387475
248207
792453
757809
732478
39581
161985
236432
241298
802826
79246
175834
95868
178865
640511
796388
946403
919047
142629
476739
813727
634748
687603
683290
104672
116975
844613
475834
144133
56507
678130
859443
364268
143418
567445
435206
498503
866597
29148
752677
295980
266121
738450
750388
465512
46810
327673
423689
335066
892417
901302
624875
592838
217467
305604
563125
966896
772848
64557
677431
334644
351975
981931
810735
851683
93559
743121
312037
656113
884288
781908
544834
986436
766872
226915
440907
399187
225109
844208
269797
555914
558756
155501
257013
808627
941299
66570
14778
355221
984972
786092
929778
548236
202410
954798
910480
466000
551270
104858
152058
31342
736836
457356
428378
514265
381940
663744
946557
556790
608018
399318
26527
599275
918949
173417
115862
824693
410366
831664
789637
920002
871118
840317
360136
269019
976535
427887
523539
94664
759131
580278
507151
856888
391549
31119
130132
56245
372958
84599
729594
250838
92527
961926
428286
996855
568087
682672
925181
328756
38119
566062
625290
306817
857413
519854
790605
665128
434304
162341
589725
251790
711688
428819
849710
65110
504948
355173
556555
123718
263894
276506
378282
299975
659858
544289
855393
633633
817087
612737
957824
695865
757690
347226
223898
204827
806190
241164
653937
111346
759960
189291
329528
217524
406408
536963
427335
809341
621173
836415
996446
767280
544713
82376
874132
598289
554299
146958
82888
302670
587788
984423
324176
235235
860313
75242
92873
264622
503421
156138
318093
319167
863969
330543
651351
671053
60803
580318
267035
253910
917454
432837
107080
174599
328936
669862
229071
686833
331352
705561
28420
249265
529501
813629
659147
962322
562217
881002
522064
182115
375511
785736
944223
62128
297620
472890
559282
929493
846412
968719
408908
660569
934767
677083
275418
9998
427461
662303
180857
722358
775561
710285
402929
17513
374051
411139
441461
9070
925851
529384
440455
474214
925254
918166
135030
949804
399907
716872
385374
488603
470395
302318
564342
474539
606783
29926
590792
828462
739199
882236
539308
575146
999013
867819
866194
349627
179726
920315
998027
720795
752290
608177
897222
252969
199900
860983
14968
80534
409922
374438
246974
256362
918159
19693
449997
300025
369695
321812
736412
985295
465000
91282
328765
636346
935734
399944
549394
224065
960407
920371
741037
918247
211539
318021
260282
533055
517128
901746
700084
789590
880950
402044
706932
651635
565807
900491
414432
779882
678441
60150
608188
460954
836691
772863
63485
377791
716570
381153
494926
482180
463408
815737
867526
15197
653167
688193
900869
237537
318085
874714
277277
326115
602443
245438
581745
62366
246722
957549
983865
267058
341089
257660
599426
291240
410750
286609
370867
765126
980045
445110
137253
523452
148449
661169
77371
301439
375494
754274
357413
990612
933160
144588
657392
407323
408264
153778
161348
934015
368593
952270
522070
181125
881302
75468
695231
510586
443713
876292
967731
723902
765869
998184
801139
149971
309167
927911
762700
216195
51725
999047
312926
732893
992732
182700
976763
222683
961811
212349
346763
457719
83174
422687
171373
372010
305628
222375
579234
80642
870131
853409
84153
467263
785188
632030
181450
755308
718721
461425
538543
656906
611603
146057
133184
675039
218118
71406
796807
145577
146149
886590
481782
674294
834110
802079
617306
260506
128705
436323
915401
230058
867551
921948
580319
360402
19290
346559
229580
549493
100645
235735
256986
526370
81423
437842
831295
231839
982641
349262
127923
913729
527530
56012
137125
12448
48728
623887
338956
743771
148921
424811
776603
464426
348070
215671
895883
819074
182049
622434
384248
778652
238993
351416
327174
368023
842132
522286
139810
668687
888422
207381
13623
168918
588331
702975
630102
634952
813663
552773
600409
113780
434965
280880
693048
478199
180718
363025
887183
604259
105523
862007
390877
984647
632467
180979
721112
579311
693134
563861
951746
260430
192849
248313
261367
730317
847805
21080
803887
979982
444880
846776
117726
635260
105466
495286
25169
398462
216726
779138
466748
138454
188543
987053
625608
873448
653765
356054
904509
516973
42703
717890
756014
679939
477849
531478
241333
411940
709431
173708
824868
587566
873164
508787
638207
760340
727491
584290
204106
283433
674110
321832
77913
225300
505939
924190
465461
265133
219570
416626
680294
521549
716183
864275
491103
192204
61239
406699
803761
357377
87098
559981
655234
391377
924350
408773
311091
883186
565435
912694
466929
760358
869774
228656
500525
362998
436564
252995
497306
442020
688007
299776
425103
447365
11317
658941
243175
300032
301473
186393
195649
242793
427125
254944
649673
227649
317359
924168
661704
634655
507036
776174
255694
984513
578432
208070
660772
115779
423626
175829
2414
622888
666917
624875
169582
79103
144804
577408
918739
915661
323526
562082
852966
998458
928147
586646
890401
24891
315402
602122
107917
347864
203115
964438
667755
184210
699990
646203
683677
510246
279058
574286
769367
695821
975935
627160
753000
793183
219756
104944
265150
944046
476520
109726
831145
643804
273325
144524
904089
449284
5995
915106
672388
511006
303869
80589
710596
104832
241447
623400
839669
377849
353568
633144
555379
515800
672065
612187
291182
380145
612010
952996
698660
989671
764428
598036
817941
184771
293617
985224
469684
688472
243069
426055
3486
787932
155266
488784
542448
695565
492263
68151
797364
810968
86046
525644
625359
899556
355978
990313
641398
861690
772610
906839
156513
841867
849862
508035
869305
31169
639819
965659
897359
561063
687114
735673
85434
873846
820196
265934
276059
56165
515420
50505
617767
361033
413178
190958
782340
10200
472885
478326
937185
373060
589224
529952
783582
147637
760714
130831
650065
734163
811095
182049
802139
811781
523982
538916
281921
558391
301886
726241
316200
171046
796022
653400
168393
820277
741022
465149
500985
187920
757697
39366
254262
820406
346558
760770
877693
20084
994032
404899
298408
567755
147372
618063
874427
669055
140030
535486
736306
924246
521044
648969
69226
819193
603955
635375
300502
143572
175806
124776
703180
199984
539371
579777
477748
274505
711044
81621
498988
613843
450133
780876
192538
540894
145806
707808
746384
699642
146908
807202
496522
424146
69184
54132
494012
348057
390282
610399
257807
944016
871045
701090
364383
475394
265522
404273
874623
904279
443266
683296
459959
813801
663822
751183
343465
783671
880476
835050
454017
145526
945370
179780
39624
194437
179083
479819
333030
465888
656578
101411
967883
783478
150903
363941
413978
526250
729861
399385
588737
301171
953158
309541
305586
563051
29914
871574
74451
114830
687097
967841
180964
548761
483496
352304
126900
662473
102176
277797
970766
249771
817403
505566
9055
294179
257499
663226
490334
121810
261222
153569
740418
918693
219432
764633
673974
589250
865190
562649
977938
176436
922951
840940
659201
671232
192713
820481
680137
639581
102591
919635
627573
406532
92231
842651
382446
5682
529104
297800
406653
517258
744916
265140
93064
408983
24291
790785
135988
368697
285320
807955
796371
437691
298331
816066
835896
566230
68013
650875
293806
13201
567310
139409
965287
640580
538321
754938
756623
835289
307679
349081
343493
964325
724371
159116
17767
336537
579867
676068
565380
234374
503675
317813
697430
894661
318950
170016
750957
590380
819000
802615
806490
74099
953800
69086
74702
217751
366057
208800
274723
690373
469177
392274
257686
722516
206297
46270
475508
17700
623491
554220
346887
655853
596619
657673
326622
613832
295384
221968
670827
41511
896367
782919
993889
937082
164641
596594
438954
834709
613680
455903
86027
220917
191616
821794
572995
129220
556730
891260
881826
114778
503523
318861
176745
699634
771114
758528
734523
960647
913187
854762
427318
511232
344242
260590
67554
49311
960069
482584
53476
201736
284739
987842
271925
32028
463414
177902
471759
924287
250904
98604
36849
310112
972342
442383
372390
531048
295624
192373
652636
945938
363764
434700
671357
601117
755880
352097
45779
457072
61937
594634
220318
735909
715197
566525
865228
483388
828982
392535
746552
397177
354236
156227
777434
356988
313240
39197
117914
815560
312848
843810
751212
812141
426426
20007
838947
422981
451813
663368
309645
968871
64237
799565
174467
61812
344229
888870
510841
137274
750366
764681
413657
574648
183143
133557
977027
605898
33225
439959
469869
170917
173582
371064
86932
16548
59297
176457
500489
147725
659902
433561
719912
491681
659561
771973
284468
769382
26338
76170
234513
603140
375589
335880
855838
730572
555914
564344
563632
870677
839520
972378
416823
751741
427600
59751
2777
303756
709466
108354
327739
178881
889425
459560
22820
931121
9681
52255
537185
890858
830312
109007
270684
208461
411348
647769
145577
95850
736054
820155
561584
893400
521346
935041
368123
296060
245207
772340
810021
82264
75788
261239
44856
946113
967694
186303
373838
721432
49872
191712
63662
979336
426501
391444
166518
274905
415296
719377
173761
418926
913102
498571
893883
169180
572247
415039
12541
195408
50148
968617
209232
387971
454882
997369
12851
124541
688835
814368
323356
868595
800120
170396
254264
544890
649458
453146
444548
649870
904283
832671
429653
369948
410524
520892
25970
669195
782031
655382
76470
739199
573151
742607
417139
377849
440765
835328
794304
217246
616861
224817
966882
245243
731350
91936
228554
360459
124784
588080
638622
910972
163667
909559
283261
946397
808593
110922
506619
569270
716437
742967
635375
105724
211511
668006
807497
330540
927939
511769
105724
900169
220131
396345
413666
729057
539944
470849
251781
433588
999379
671140
664366
222346
863153
719027
282463
846082
464512
134383
823501
488641
259123
405883
951776
769520
469763
264996
919948
682389
527636
416185
778585
773090
599138
117918
710772
550793
808687
168631
360669
468340
513341
889216
647021
179535
480176
10047
320373
97962
95398
495798
615113
246412
740177
387788
132248
694808
886844
176213
38176
866165
69799
180178
157816
789893
921213
885768
343798
357866
773137
854167
539125
341417
881947
437021
35874
993698
148081
163575
681177
218490
792763
933704
618693
770981
898139
985869
20906
403506
732589
416947
306220
966484
652018
395622
180970
351121
882068
548366
912842
611310
973935
824093
603545
923438
234142
966580
521732
515623
515401
964545
712727
512979
390373
494475
578140
849280
219944
310112
383135
175166
254066
382129
25319
464001
798544
889580
281248
362656
203613
319302
131003
191335
149600
253778
394061
527485
703431
30488
902728
370659
568091
963150
354199
335227
104171
709824
782009
305014
592940
164187
353367
776020
482632
146234
291740
692621
84904
927729
697587
345414
317856
294353
161695
316143
340977
438266
936532
35166
144034
797667
784200
894595
248619
693158
275558
117321
779226
371711
89176
202230
112348
77737
950360
306624
613122
294311
859743
513213
699102
114866
379390
779756
543058
469591
690695
921208
947763
494181
783795
102814
50386
442593
420414
283620
874329
818464
478007
912612
33015
15405
370106
380674
242938
456414
531209
485283
415709
413246
185044
518061
672686
802322
359749
264148
699737
125090
841664
601756
613825
729576
167970
433454
153058
775674
444654
892353
131117
854579
885705
24754
32210
839736
192238
442919
126950
3332
419977
706628
751041
676156
224436
775607
500276
23272
113159
813241
58691
642679
299517
864177
538848
941852
550346
47399
252686
343269
392652
82791
47042
822489
594350
941672
376665
473752
13572
525726
465411
4362
901904
257616
189928
631384
298408
298819
490531
567856
947406
565001
543225
128081
848543
16333
971167
594928
796663
97795
298408
31492
108818
913226
70443
834651
993900
626597
350212
57043
491567
674807
189129
118291
872905
501052
445138
613832
90939
49851
84906
86860
187545
5229
416111
578086
624222
161920
111840
781928
818377
501140
247212
335446
566425
130325
131314
576572
834986
356795
94701
291296
683957
84560
989310
952809
412577
709623
966627
729438
454488
711110
411719
998833
967864
444095
132619
123481
38349
245584
30610
690862
266795
766756
588211
538967
290707
434992
679910
856502
919317
681780
411636
180748
329938
205061
158443
327604
231205
294447
647338
437417
683707
695891
839572
882831
47097
117548
137935
212137
761389
135783
810686
900039
120185
791163
998217
225557
3311
826563
115408
442511
289814
917640
175902
211582
32358
160101
83694
631399
570569
436749
417940
957974
269157
150290
739682
471520
383295
470587
725302
462922
864897
407074
541290
970919
669824
636258
684707
813777
536130
893560
792836
843133
504763
149971
816731
576249
431947
47315
888179
235582
76396
723677
939843
108029
223732
997538
568136
140476
95149
800539
356287
843304
136536
460233
300953
67
799994
162612
890288
18497
372897
30661
815324
78565
406131
794248
810300
245243
324968
207609
630605
584305
339945
223010
432926
295586
107052
625491
192302
606122
677157
442865
615086
559376
5639
638085
913046
961600
866993
310070
312888
774942
69925
467511
788215
513885
25291
574033
779080
401903
109505
806508
539281
551994
155601
64645
205499
340546
254920
111562
996606
141566
581167
411748
188614
974739
160215
63474
868487
41985
115320
994910
494152
521529
955894
107080
618542
564807
276522
174281
93442
30488
267422
253889
120365
381107
568412
421447
680280
365207
869811
665734
476341
160145
55967
175592
597878
512867
369419
25291
108167
462784
183232
837400
621547
253395
9046
907507
360697
96802
943643
927989
918302
793994
885354
912127
897578
272833
381340
658401
406003
642259
104242
133995
410076
936702
850017
652270
173706
77353
885839
651203
126187
708659
898691
710053
278272
40369
309354
217804
47143
827054
757091
126401
74198
455391
641758
267219
274832
778208
466140
118291
745977
305885
235252
175408
156798
317439
925805
630094
199934
979708
182282
481624
105989
882315
825329
626880
635587
252899
372085
819752
601000
375538
861718
410366
788720
521065
385326
643586
239787
138533
627647
508228
662973
903121
628658
808220
84988
657341
745445
655401
656713
466692
968256
233041
119050
788771
752115
130879
947510
230119
790936
340347
173979
187711
36368
614682
103730
784480
12593
404826
329726
851173
267009
630991
662208
616223
792439
131125
292796
491707
337220
222368
607043
308439
482421
769770
495193
622781
749950
391651
187428
349100
94026
861914
88047
789072
848108
60848
967167
552040
922999
648298
569890
386998
719579
515932
285072
662092
353284
622088
37821
720301
440924
168965
160095
957867
298880
471099
278745
227657
890858
181068
198606
69988
182916
580493
824185
619065
925648
111162
291392
142501
589760
688594
860948
32361
901865
988218
980081
702791
763048
343755
842553
804233
545269
656653
681040
122904
942052
664262
577149
711301
699571
141126
474742
428242
287377
695751
802157
863723
569711
957159
523897
718140
750602
824779
639858
339958
574543
671181
124066
446388
783637
431844
658142
373554
482214
884008
969092
894030
287314
43774
851356
790314
262494
900618
487308
540992
854944
157739
659243
907829
684391
720094
770058
910275
446466
629326
127631
536422
370161
396132
392003
900332
587050
57283
818265
301472
320945
500682
889796
825720
463265
316166
521948
239632
119753
367903
681451
718227
445833
2788
670292
819072
514567
776244
960831
34794
900554
370406
577940
190884
663635
878098
171827
497518
987158
833654
880950
280789
935316
922370
167256
800118
342856
17990
626716
949823
381466
793296
728790
407634
656267
328164
298960
957595
936480
666550
911773
833890
361560
269041
661002
296100
214564
137237
65957
136497
754029
955965
900354
336903
135563
987740
17960
909395
58254
120572
825104
19176
121839
694448
748014
497474
213920
386705
665762
418126
138852
95012
711052
688930
131683
903470
279585
732124
811547
747342
702886
797050
155109
305552
590996
59503
383668
107924
52269
10363
146184
7046
107717
306393
497541
92182
865052
182282
168945
832734
915722
658945
921907
913661
73732
729438
178454
756206
175538
770689
523792
778952
332891
3836
845765
304719
259237
534465
629051
915191
53809
517034
452539
337525
113660
833694
918384
101028
414663
367080
563137
779303
543229
907670
288853
165182
502590
969040
979438
195577
731773
17253
896251
602196
279255
92450
173676
753554
924246
246613
992907
673903
985143
300502
875534
784628
448343
113730
780416
880315
375424
680137
545595
605900
295800
277070
820145
351097
985374
483211
490702
767258
733502
930441
669886
909090
285059
411470
524117
222203
649192
569680
98647
493198
499010
745006
74941
502887
426668
323419
511603
20927
533425
160042
787125
734904
443045
734322
420043
8627
970243
674032
39636
233239
629077
865098
751618
612466
542569
990715
90677
437716
629725
761849
36607
695779
880635
108030
618931
756303
663182
946845
544834
485936
996162
997776
779799
302826
308833
335878
581128
450001
75775
475663
595108
37373
486928
39990
673880
614740
828076
82138
962553
225524
723735
687428
799805
881911
29636
372574
569321
343259
746895
297756
867584
59967
284556
141319
556346
131254
944799
636296
216823
568009
6961
612018
244130
752679
712975
646888
886268
45311
185479
212909
507008
256866
34853
188711
786234
560755
583766
115349
106359
349894
134210
232697
389030
399392
740899
929681
520252
602621
417435
95463
985303
803137
214743
810242
91936
560876
713339
631390
30941
357948
683371
789993
585096
309803
247141
375614
616225
504190
210141
268574
354106
733735
489579
903337
176986
869893
681482
326448
348966
833590
733690
661255
810069
293475
263108
265365
320016
112127
248428
183851
499048
614235
692951
390676
645841
632281
740332
252051
867945
179701
744845
847310
957327
526283
53592
843059
419497
536713
42816
312287
797617
405179
595000
54961
414386
578787
369069
294313
427913
135642
907790
847204
677727
111921
649500
235583
111490
75911
692465
633832
887710
427769
531751
191919
672387
954236
126854
45051
709678
714527
569463
681653
498525
901510
94847
125752
60325
493487
179170
212500
141807
294878
269806
455225
20645
257539
433287
474938
447613
560168
618496
305620
966882
156957
842082
923293
444648
133911
269838
979940
581278
978086
966627
801361
227770
628652
285814
671527
899873
197864
397450
558603
350726
698311
767343
170950
488662
876273
118220
325974
790135
491103
958218
814324
554908
83486
983805
883256
495471
996528
328062
291791
367666
967012
804159
304865
526913
407035
143979
794022
675120
75975
525094
23266
600204
628167
160736
537212
791655
390618
547587
89145
908175
988636
250126
193915
306210
261181
339358
924083
574499
870676
527348
30139
839522
588737
593542
184697
662080
663913
981691
931434
960915
33369
340232
745497
159954
409437
157385
575680
809143
556331
237232
115394
863117
122369
550031
449833
211511
658889
562020
601456
571712
492549
800245
451605
990771
616178
619456
624781
785475
901869
88821
248319
954767
114017
214442
382711
165330
644756
907210
340112
438805
385910
934347
997750
755398
890371
363774
288195
350638
638264
123841
736072
719330
803869
334625
111916
337748
308088
645861
199082
133378
396093
8216
431592
663221
64620
740701
219185
884391
265269
681563
869103
578034
315556
490463
513574
879213
727317
917922
325209
573969
412609
908295
943626
566071
636784
886991
869240
322782
532306
744062
150625
862802
365179
744961
211283
449130
670208
778957
910242
10231
614972
477593
528509
725939
76455
476579
905271
920203
609825
61412
249011
871328
453845
716765
473776
825757
394253
404644
524253
843698
916839
183279
850967
713469
541492
186447
318304
349792
186819
421161
862583
403419
789410
213894
907623
316999
708236
931837
518630
931880
6437
230653
94378
570531
971594
943523
451310
8509
404166
541371
619585
924582
107850
694026
687879
854193
838139
732661
282426
653644
552896
706364
261727
76572
699213
537901
313705
118054
140103
513649
69760
375010
626562
441643
941485
885765
647138
454816
811161
979940
333127
51529
707735
275521
498282
194386
289578
769404
457686
778148
852738
711415
567085
657343
53719
932881
671509
150403
453843
439869
842283
475045
628111
805138
120116
895553
154834
665649
540085
137650
602115
455786
293475
501332
597009
249527
950430
290905
14969
342483
202797
526352
559123
936195
981995
273656
354106
347897
5690
362648
662657
552452
20551
826350
451647
866116
522723
668949
812512
875076
79539
519975
656297
213607
573551
914832
461573
83479
343337
983097
435624
403739
670925
507387
720313
20559
781937
784020
676722
78546
872891
967591
500000
465894
616759
467999
602499
973795
9309
810627
681131
511096
734518
981916
512149
780221
527857
809747
175294
130438
297000
396437
888171
556275
776002
953444
15850
596976
420733
272342
20759
90297
373476
805938
174527
677455
208791
766372
157126
747303
128006
752301
257428
707233
632115
790522
432008
688782
727790
159908
634924
432473
190334
639681
453427
956726
416731
397698
174669
728315
365499
86932
536089
34689
295942
111362
251771
228443
83907
540701
662565
637522
840773
443503
883764
297982
538321
543198
65630
76709
200242
61667
901
996727
577008
412779
888912
813526
60525
726336
274812
5004
469945
851353
354721
255184
924287
17310
45674
131249
660335
240969
304773
201344
721722
594741
712722
20766
214323
135616
366177
129475
792278
459251
682446
202310
387422
700775
986293
487516
452217
870802
782090
630661
304018
325912
143096
222387
169530
542182
357681
75590
545897
224606
186886
527287
154910
327894
502259
263353
757691
298713
683424
84240
911646
805117
330300
263108
4268
499451
414721
935792
92437
373973
362620
589774
206865
527498
798837
399508
380752
314878
140751
268282
939080
757897
811264
481412
179312
6322
47076
674210
810114
779926
65748
868075
468684
521524
920136
981323
317239
781105
512703
335220
746500
569104
838292
789282
26951
607686
947919
662181
79481
164128
170333
418637
142258
821004
663823
719025
992199
103577
521984
242967
928764
933922
602027
796507
30517
239770
238681
51640
724569
750127
711348
62472
330364
839393
186524
97948
561805
124469
391982
630488
425844
147661
527127
247258
338845
110338
927413
681660
653872
171453
200886
141360
834716
727961
357194
141970
496750
762242
513251
455903
122190
776979
452102
947644
432713
33494
397762
868083
575925
537845
454792
301153
234354
618962
137555
683652
560362
935966
229974
35195
545368
770025
784205
114177
729412
207533
639819
463512
456419
91487
674004
284693
95620
315634
536823
73872
986077
383919
512228
32235
934354
899372
615237
640245
341492
199109
637322
64825
939787
247786
811895
22908
517880
983042
530249
537033
731088
171126
884697
269455
447890
996311
175166
438394
965288
52855
577218
396223
772003
363572
310741
682037
429678
826180
755351
304205
702588
759234
413761
228987
646009
475751
710869
553931
261500
509823
258148
830925
240822
122608
694217
338541
404789
451199
125121
962946
541896
700917
682587
811640
623398
883318
194059
553996
83592
601252
131996
391408
669533
319341
644947
535486
471922
952426
651468
846925
286530
156963
713950
409842
747488
582784
281121
204479
495408
504083
545848
28060
603551
814368
796673
501356
713615
898699
839470
58864
853191
833876
493502
304827
138470
728769
214238
373677
188275
456888
856488
383569
388640
978310
906039
75870
352151
267988
557296
496346
944390
299400
532163
682581
526410
874668
854702
482620
691377
736441
450296
504771
642355
961838
502918
195085
657667
670916
809959
870896
115821
608177
382140
610869
472442
517516
732636
366400
988861
713975
215731
152584
16742
68443
494630
980688
552452
170582
479658
190615
186645
608295
738664
601119
555317
938518
736602
538543
279283
434329
972950
405676
760179
1854
535505
467792
186843
13540
562901
428700
449210
960947
159301
476968
297678
137135
303715
670632
927934
745632
826872
995185
633797
108885
799930
52255
991790
874356
543912
808774
914422
22989
851681
40289
518328
490463
632885
497127
365008
859954
410044
397601
705404
959503
463461
416518
951727
79978
50681
17505
861205
48313
803039
271923
904738
375207
84156
435192
77063
946098
592383
164734
162368
279513
807094
868101
439031
896065
276166
116164
120573
260751
994442
49865
820907
719865
966767
724711
714993
452055
851536
616915
878340
133036
441094
74380
431405
588531
1488
171453
420393
443711
212717
776167
79481
148084
944454
586516
172806
581043
474315
421620
440580
456290
20519
412620
265852
282359
79823
894204
218673
46055
15723
907773
120728
902006
847538
988096
326389
831243
863297
329301
6471
597559
787965
508233
124410
401527
579867
957802
915261
590239
711494
90592
835462
467231
482610
573034
738391
521303
990654
73475
83668
408781
157752
710357
123679
337158
588764
214416
786058
504893
627910
238370
2317
604545
407042
996727
115804
488142
449684
189520
501939
694396
448980
765014
868047
368572
755430
180906
40239
623683
755902
107843
530984
194778
663162
665384
736129
20712
563
477088
975734
509405
591686
965205
169303
845581
722430
765686
377318
548366
320540
35987
397485
396497
966728
13984
633609
59326
897606
667033
387944
618094
343735
484964
24274
559798
13372
309836
141969
106797
701200
535440
155075
543312
156912
350980
216876
626055
251565
795100
405179
922112
375494
807671
22187
4754
128560
122369
84473
973179
122033
771394
520235
259299
714671
170535
611215
723426
156672
481632
474333
171625
830776
459053
360305
970116
509407
81742
976442
866977
216726
263580
28206
698492
805733
167806
518717
239656
575178
320562
871062
617786
811114
161068
471623
219918
657108
269814
235346
580490
340857
36849
875130
18671
208434
427724
195642
636108
771554
552
843799
558680
629310
830459
522861
274887
885210
609697
379187
760732
514104
968357
366602
958200
800931
891991
742844
515517
801084
234358
33872
942909
9554
40959
950056
818194
788156
211108
521783
598567
223017
876302
569786
979644
715203
854269
167284
645059
41314
114948
128568
951254
78973
83524
938669
886559
704271
480588
858064
285297
973603
878826
155887
257923
534787
498283
234896
859362
393757
951522
422808
261020
147070
1592
315228
312139
734557
90955
517557
348222
599030
919332
789410
122784
363521
97033
298582
204113
288675
165376
322762
222346
264429
321205
75271
955516
83603
868325
275252
537873
940885
180200
19739
90391
567886
522694
374304
544477
250745
846590
960873
946469
790522
61182
527491
3127
745010
389124
147100
178328
91061
366451
354698
346975
31886
956236
894597
580690
301823
203424
826180
272712
679197
370894
67756
488085
908094
342152
656420
505723
253662
21803
362939
42779
236602
555613
90004
358354
205685
839110
659216
925960
658883
468555
443892
5442
315088
251134
816504
936213
547024
105783
645843
225471
497236
389575
513686
862583
187967
608767
79095
361449
817863
709470
844783
126140
987241
802298
115697
687978
134848
672249
966635
750593
457557
104950
625071
502889
968578
936913
870105
863232
559457
852825
426966
319292
1328
232922
248052
804827
612964
903083
570759
935713
52646
518383
696720
286207
122483
990071
714816
96204
573561
243240
624650
336612
152674
581168
646019
76234
857464
775666
843482
250029
361225
855404
171225
221684
244351
754797
811225
560604
562064
678010
373838
463819
399508
45733
737266
290760
761769
478710
369595
528066
321521
712972
280027
106153
643001
511976
592983
915650
224430
908402
690952
817655
41313
421460
900392
850143
619897
144339
399187
205533
925127
37537
786849
106350
2209
323625
929968
620540
752123
727048
743400
548739
89731
136269
589935
936400
141625
284900
885210
545937
821272
335862
542192
368029
547839
48509
535217
3516
559784
996922
876988
790638
738651
32047
790411
938722
291243
512425
483711
329063
429855
883764
801015
630830
730687
156962
414210
150081
221464
651168
777284
403998
190044
493217
639048
54115
615546
345588
401030
981963
65455
380717
637652
567971
740889
792389
883673
886937
536666
215974
661949
87335
997430
286237
363612
231830
159823
697457
402053
870407
334929
831306
879036
944345
267530
201859
703468
388180
936807
653019
233556
962672
29264
82067
296261
906877
857746
378389
206309
517799
944959
400746
302168
633424
341091
821326
853873
160359
540383
421958
345080
360933
54931
531973
642882
636015
511216
321832
815844
845316
595986
501635
115438
599720
533812
397916
791049
586889
429464
102067
273881
810826
646458
494528
963669
571552
249465
118745
978507
28264
144160
141125
654287
897358
942767
633235
832754
528551
662429
638935
36145
643175
549943
669234
360083
700881
746320
998359
46749
992819
689612
444549
938286
900251
227629
643657
885072
574867
601616
259133
118296
116077
184638
725034
180216
858360
995368
340594
120922
546520
652235
261739
270578
250460
864327
629262
615237
108355
114008
527350
429760
371382
56952
893479
557333
968354
573972
274271
122157
449292
60736
335672
717869
185346
806162
970012
165168
931059
968128
585748
752756
406833
993369
229857
427769
115475
294199
938381
325814
144272
73332
375652
176232
302601
437011
378159
8560
561568
785357
585446
43868
385751
639301
348112
591984
722136
897020
759526
450332
68176
313599
739015
23165
406750
886140
254944
870773
474854
436723
851346
407172
177411
939679
108321
116264
137050
699362
12679
285940
649141
685358
642762
129625
894245
987740
410769
340541
820733
39570
509349
322404
202242
119229
717311
714150
599303
26995
441937
590226
700091
600408
396168
134876
902026
469997
544876
286521
931588
209620
998838
29707
886117
882841
794353
767509
980608
534136
165963
778097
943917
913102
157170
591604
598914
649844
201721
738636
648212
708455
793134
864948
619337
546858
788239
677989
125809
870851
246319
369928
244299
565971
211483
193275
108759
336703
560016
834203
574681
914679
720256
535219
247047
153431
989945
456607
78178
779851
938315
146908
388965
179772
657496
525188
960022
71852
449835
382175
79135
282812
117799
911474
91525
392529
135953
448442
795473
388780
724415
876437
299698
500985
684745
983471
235642
25519
218067
430877
742526
758356
520429
767504
182577
494707
863827
173919
67477
722607
899873
309054
245719
345647
756135
403569
272120
743015
129090
684533
43886
110854
41559
253905
685274
2716
400140
5755
726847
203674
805159
773322
391886
858749
159494
894545
89879
970570
535992
828603
42563
562567
302782
750593
445041
102525
489789
617698
240682
580769
34133
432501
892781
943
982466
916416
420643
311376
584282
185334
744660
512823
638036
912132
674263
437328
599806
367793
205698
876436
764849
599242
844165
637216
147544
1214
615947
407721
916535
59066
715664
257352
676385
445242
369948
54915
520143
428025
478756
125901
662300
52688
576390
897169
904010
821631
517529
55923
880904
322580
602315
944665
122421
604899
942628
92421
598156
102707
903505
963495
313704
656947
608262
63461
838932
307604
714814
838913
312460
48434
900404
136434
707828
541203
351783
820280
356243
128889
916753
698250
579157
885036
637861
832402
131045
323761
485677
490597
111876
997297
431226
573240
849662
833293
854263
86698
423986
28849
508242
434538
752274
644063
730353
953895
650124
446856
848344
428966
616808
570578
950610
35564
787623
516661
58411
617350
260997
314453
12195
303941
620491
476525
818809
266558
590656
635581
691522
83401
734393
719041
889765
319735
210743
714515
475374
523440
394974
787007
69184
737230
389214
620379
619087
227848
25111
734560
830228
420674
150721
556730
536633
315216
446427
895934
819629
238209
667488
27199
466715
186338
870067
640171
52241
804003
84538
243371
348604
533879
353943
578621
609445
852030
768467
539101
139340
546455
425326
54705
870879
440115
259165
84192
726129
276711
273208
864556
473061
468784
849721
104434
996215
673479
749416
989400
954782
196440
921113
837214
383316
463252
887753
553926
289478
74256
216362
663264
845395
780368
635052
489761
287102
129627
168372
85819
658271
633345
172253
273532
952481
807647
289609
355628
350931
156518
184394
725108
332054
379964
222477
726069
786967
208719
257601
598567
587495
821860
799998
340318
438932
569001
117498
984115
959171
482956
944931
339735
823930
994115
445446
495361
759856
280517
409487
860194
138447
409842
684702
898699
117550
560294
491811
887845
190706
905325
945574
174937
477217
892527
78614
75971
2387
883900
899927
141829
568958
23582
160313
541227
626389
682226
907504
837800
855498
750162
859244
997288
175670
414473
774306
39026
945147
321521
667419
35981
414609
662813
973439
444203
281228
860749
235586
377086
603595
766824
113588
730232
625318
966882
328472
244383
31833
114033
463863
860427
413978
582794
945128
449833
997416
656459
220998
184613
935300
970705
507581
297406
122259
712699
28350
937186
931973
387322
883343
74198
2105
849289
594219
592166
731088
422888
490854
159053
66035
945559
753889
438805
99538
530859
86064
796793
589162
547891
441467
174790
84563
143190
548271
590714
954935
453166
494622
801402
938677
930793
981343
177206
317231
327923
132639
242328
690511
684277
177422
422979
961292
415264
882410
548755
513885
521165
427763
981454
722020
726517
703385
77600
72381
867397
271525
30820
493621
277276
918703
960880
719437
124516
104097
49847
35712
524939
188465
694421
87280
942654
934929
60833
886486
396220
2802
251496
136748
441529
834344
800089
297704
693831
201654
296289
413740
324765
314498
884817
152825
432516
998953
367773
249607
825543
819131
312876
212508
899154
176398
77088
670570
515039
589423
134633
941117
462922
447295
288566
841121
19421
591520
365712
622271
658248
253172
972198
597313
657630
126704
215255
685591
140726
962035
211183
318936
306171
368020
710219
59288
440066
978696
1488
137135
261775
131249
129577
646756
496005
617271
964545
134575
142191
70545
565703
288185
373971
430977
977746
891588
937820
481070
899079
504640
929372
550399
321833
161510
615154
104076
350846
821056
18411
952565
180500
669195
965811
679280
818905
407079
497190
103251
686700
308171
946496
77624
947206
54836
42861
129171
221457
688749
804672
320221
427859
591335
4904
445543
453500
404146
366637
213202
870204
761619
293700
616362
910461
580510
513620
361499
696184
18200
83143
204945
26865
455407
962072
332629
642668
885164
797620
888117
958500
435092
988054
396627
520537
848128
947949
272780
80932
530602
142968
784702
890256
923533
534465
721852
919579
506733
648112
330147
515110
306538
724629
853977
20100
251180
337051
245739
895837
635708
741431
820783
700380
46672
663929
272187
767611
618463
545999
132045
89155
150765
530805
632161
606012
961986
706162
561641
257605
879096
246006
246570
656485
133293
789612
513176
513502
187687
786507
104120
796709
327550
716376
282713
308007
104216
643993
522005
820948
205947
779810
439674
329000
460089
494834
634194
932969
832690
18497
465037
566517
735213
357186
792856
554577
7566
530741
249710
30426
633374
197829
884252
215907
443407
883534
607975
54493
344073
264605
174726
149127
696573
340206
472242
899256
389134
317348
183784
174285
466788
888179
340346
44278
755596
219000
35386
273891
841786
941913
335201
223548
855786
488549
77505
243072
354048
655977
709960
278955
451820
968204
505669
250433
142485
419643
774133
389393
994624
110733
67983
642728
316517
994667
19176
665450
265743
403467
711431
578465
348715
359431
338445
918219
683603
682330
67939
363030
39792
591287
90441
853691
963336
605535
489389
137188
497717
875043
106893
110222
651843
383530
386788
39834
210062
954595
917832
61235
396000
759062
639193
163308
831662
381165
202409
926041
909183
637587
494549
859921
437459
698935
487215
288826
175219
127218
43755
412758
870650
731661
842779
290956
958411
365790
660400
650508
291546
504004
319168
948285
268425
905472
396454
141970
215844
697952
468337
159547
917789
410530
3720
824234
51174
379384
633424
735658
621043
733055
514709
116050
580950
951460
605445
617762
540465
760849
566284
136382
988887
65399
72917
953482
7110
342384
304876
506040
71807
66253
165741
616993
180500
140073
753250
279609
901309
903269
35140
864899
547654
533102
122429
566430
799764
284581
520225
812535
532520
522909
610460
917008
533520
77179
373424
914910
303229
800836
178931
535702
912132
106731
87280
37215
539756
896511
319365
648763
557218
206987
369766
677902
480657
472270
558647
126086
878027
630678
262810
155064
319491
538324
334903
54507
873890
978804
927343
174700
59709
556545
896060
773090
968182
835369
591542
293978
14823
314556
266210
712972
150413
263794
299551
761253
807631
597713
722123
611817
617937
18460
424431
999150
702165
962279
165876
240504
967230
874251
23528
395476
744912
643231
34727
751159
567760
901468
589478
398812
168843
717561
98861
252320
905325
283433
923204
758966
808369
815599
146911
481098
595720
129565
150765
860307
706000
25135
424177
990146
690221
412886
839856
710596
863901
590940
233394
163503
841704
933621
845461
483767
426239
846938
731183
950986
155693
150449
570250
500105
131392
525599
276352
850445
742663
836788
692685
188970
110700
586455
30162
142546
316592
163588
554442
662950
745412
500578
273666
594081
871598
520919
418593
640451
171046
128636
515111
662865
903067
91581
916569
136748
360497
417617
508035
456112
815355
202717
124480
596825
207494
735336
82264
279562
896794
132433
88690
505255
15744
75371
845165
661222
213620
956377
23744
345766
1173
453669
826051
298009
80960
967119
718930
253495
234004
733169
35633
291994
190754
325102
902796
376147
532301
570767
152531
117243
937663
566298
431857
744517
33000
87143
294032
943640
407135
25533
398708
173974
45664
233109
81551
983391
54964
811629
571200
688552
40528
574804
972404
773032
587049
488519
183107
74639
780744
11394
454951
44476
747979
20252
156642
283093
837309
803584
738818
707816
394344
336199
635283
191243
510667
148107
45797
474966
986778
836153
329641
394432
963937
515341
366683
78996
885586
297771
812067
347179
407589
20239
418749
285628
923114
286208
186426
815347
445362
260362
693357
671354
559245
342967
144909
314592
317170
773943
11364
397639
405070
283788
668687
582450
957834
301879
163842
19375
322382
406066
193845
766667
262235
279808
609279
161633
751325
335062
866625
838692
572386
883298
918418
152174
119695
346543
438117
966579
577489
490920
407219
618340
986708
986013
412181
981261
47531
386078
975729
64416
898506
465982
585504
160890
577499
852788
237672
751292
213894
533773
184939
281690
146567
973222
178120
388363
94997
649500
43927
948998
591542
698788
263919
185609
309613
501464
873842
800125
979934
737525
703192
20331
621835
275660
260778
780487
27844
633313
438198
732712
509690
220116
490505
251510
205664
141466
212311
72959
844954
621263
857063
171061
505957
955415
767080
587069
145323
851191
274864
702549
754771
945517
221894
792896
209333
378645
64573
352080
631388
283778
281510
941780
56956
756365
979283
932607
6012
790179
727086
285049
176423
584573
722131
181041
833935
261638
540798
621205
983030
810432
790785
607869
115129
560948
41485
14856
297962
523661
248801
918166
686170
840503
477995
558845
539738
620864
926071
84051
287203
644109
980073
718131
155640
837914
164569
936916
855204
655601
236448
369466
111148
194488
779970
843223
569131
310209
457763
718337
145079
562421
883541
811142
982576
216366
728364
417218
464925
116303
658206
149909
152230
627647
431359
671234
758305
716390
566174
288066
756981
207307
119359
834045
242420
118436
904189
20653
154666
133132
208306
