639851
61315
584684
469297
145294
647431
87085
630397
507487
678473
395059
991422
971169
354578
845175
610728
964786
335719
22739
625035
442891
612782
101332
389582
11766
794670
933002
11058
387369
900355
863595
336649
91645
615660
983783
69126
997777
768426
955215
320506
124962
534079
349394
153777
598214
149419
70702
656122
42090
256623
642235
75751
171524
687043
291790
511941
253973
926438
970573
68429
944833
552332
799010
130822
919659
674245
343572
380456
660238
371672
1661
167628
902472
227067
787620
676227
876400
309488
36804
389044
22613
312927
626596
268539
938302
233580
941543
387971
170438
691254
749745
55638
984913
254074
661923
943811
256122
204563
75674
977153
716158
667234
934424
171219
945490
309347
51791
426507
920953
695840
368899
1760
798460
191881
952329
936646
288055
889569
119369
523119
368626
904542
259592
379380
579167
138195
513559
687660
602266
358156
116575
444084
227358
94915
298435
310504
524265
505335
189713
602682
595248
54472
229733
164541
682771
863928
195940
791799
270943
856849
54588
49146
462216
347004
534331
193753
342198
974465
740435
384769
986358
556120
397511
290464
485312
789428
865484
525888
187142
836252
462413
908536
956778
545572
70824
980299
921945
513260
940045
956262
885026
379607
598443
985371
683057
644759
773869
995641
910128
780579
966235
142248
183803
234148
209605
924557
147109
964211
234588
901581
784797
977439
242862
601680
387471
940038
369347
881760
147097
336513
395503
7105
395288
498739
758268
489165
773261
692068
595943
230863
910664
490157
324430
592734
823083
434749
475789
401264
110425
315834
882191
230159
61312
883650
302937
837093
710525
804764
506873
460354
626200
434341
74232
208752
322045
93468
177747
310605
752810
213279
511040
946054
190046
239456
921143
504045
335510
789918
717595
85764
840302
178684
829584
48435
795282
23633
34148
114664
950533
486415
666758
283395
656817
506775
392439
159604
784937
470446
129993
304503
415454
920155
520831
447224
671817
735632
131320
237089
279410
467181
865358
586412
309488
629986
611371
754956
472952
164252
267439
838290
768726
247986
931713
81882
551831
66481
654895
663612
652472
19383
825469
864019
654538
218469
438017
664098
639987
76454
508651
431570
91524
75736
417600
186449
237827
41679
544427
151079
695248
779696
257252
228645
215791
100207
162394
613778
188302
614151
371177
637911
93289
249267
739962
255050
471099
116719
50919
962875
688721
192495
388088
39258
694622
835980
289523
639490
655466
869262
488786
663382
935645
129421
251784
920340
409999
329566
527059
506255
582292
639971
820438
644564
341638
821589
399517
473764
84427
654131
159915
644734
925262
850198
824927
870294
105731
161267
384870
432495
408539
451737
260877
554818
112877
970717
520711
691499
231620
625570
525854
245608
10871
196251
734281
9940
378700
808505
20681
371331
344570
659005
211118
266837
620136
796683
616939
235140
990020
124162
997454
989033
351503
460224
729544
340506
292363
511798
465699
646916
690483
266781
696335
748159
618497
695012
234105
200349
996797
868794
842695
998806
742633
850476
250012
313402
506156
557769
48840
72181
19378
497196
356539
626789
59496
994649
53163
589480
632425
650433
325412
452904
230079
121499
870268
952005
734008
863065
286171
165226
286385
711049
978249
45493
219443
966456
545853
417934
236104
310282
927204
10429
648233
605521
632434
458264
157205
126770
156157
772883
56242
369053
893354
664504
892539
988019
269789
981293
415459
818522
283285
279944
520909
329909
239928
559129
315718
556379
900461
773008
804662
924487
900266
212351
684103
266025
688436
235779
251892
391202
456955
32869
383300
969164
381036
360530
90367
39577
832549
873798
472755
301333
409612
131205
377322
517448
426503
107743
313249
971908
138705
799185
67837
65036
126089
727884
143786
665966
24020
936229
61649
105144
331916
9499
486442
732211
819956
679632
158373
551678
979815
79321
954538
425069
557032
472486
193312
369826
413429
291060
969136
831922
585090
780735
753658
519944
262306
991407
481463
239257
741157
988643
31085
259962
623281
944647
132175
284491
575433
204038
742405
455578
538178
175096
875568
859101
56705
184051
940364
511976
530261
861655
731983
700182
821841
298649
495038
451549
939865
739440
241975
188070
391617
439441
125886
974543
887494
395402
671839
522091
435820
313323
215313
908542
415820
986773
865440
5453
821241
476274
435767
955589
114616
392451
631235
951823
137515
367343
787517
998108
83331
945224
393825
141342
600409
142340
324667
631143
261049
783518
798983
991256
517971
740284
499625
576829
251653
662184
742424
425130
946780
904634
968498
314377
804683
496803
60707
733297
270500
703792
359873
242641
736618
462229
555566
355728
657950
841200
852712
281163
52795
886671
270161
442107
335066
929549
205975
284608
886770
97248
829993
655288
214329
706383
961228
66623
59759
699259
984257
108313
469684
117837
350944
834724
183945
624702
316172
172933
118069
709540
825165
988428
409880
749426
459057
819412
270957
281255
745330
924768
13024
665974
958197
647245
204563
707738
519944
667283
343437
997595
257143
463741
849794
462481
525731
705840
795460
636264
180526
151016
456017
178089
832210
742723
201133
402568
297832
524937
177287
721952
35297
774882
910290
198297
758284
391891
524838
23236
546972
819780
270132
38114
632114
331501
891391
139672
661836
682621
23601
982315
130592
518104
189739
600334
717464
224428
541057
657854
21126
858761
73042
141089
30467
973628
475319
505466
640562
665199
537020
897236
279144
382527
269223
42093
84036
764539
922851
119323
251033
256819
806404
929530
299737
687140
380277
61194
829093
192351
843357
426400
499076
172963
541520
691590
25556
908030
45846
39426
209116
329884
339754
480618
471361
472839
470681
275420
301678
845047
722494
772854
343773
761644
113006
761362
367930
642592
713660
111543
465228
136497
526509
484557
910210
860095
748311
790638
441628
541466
211949
364708
542053
64351
897123
209753
298754
930030
832276
194706
97936
601750
83559
12779
706
403272
614058
184010
183406
744142
512276
588059
873092
171228
471222
892209
450068
371662
321945
422342
564424
692039
758976
781682
8029
964775
102461
40876
527700
429751
406743
119744
367961
453864
503587
107645
546491
53828
306792
852257
526623
863714
154607
304748
9794
743264
881139
830839
370005
705599
365592
300158
419869
42788
659815
70287
84802
290678
712989
794178
508442
360863
898095
934141
272614
381101
598725
301818
150404
816166
314663
85193
437560
89117
583176
869503
374730
449494
557768
947007
204618
943411
631843
934889
531690
882035
327742
209059
908695
74056
319190
667883
498953
982318
369685
213821
782297
239269
35706
11354
744606
156868
625129
677897
620418
362165
928443
256137
656802
969805
921860
229254
767314
865197
650431
563094
319911
815059
700129
258514
27509
478040
304762
664790
749953
156202
139432
306163
807281
623184
667474
690802
361963
930538
555341
594654
917971
968272
128784
679409
636616
357059
711051
437189
200196
385171
391120
856482
127684
150463
769679
979461
109161
997353
216629
305506
639643
695403
243330
275889
96048
769825
63501
18217
948814
71645
667814
318336
741317
227570
476410
164976
20697
353552
574006
684157
785433
577155
199939
122834
418638
321148
547538
787038
361990
909315
519210
757265
854344
274068
648550
331738
698605
684984
601400
317226
434525
61480
664383
277104
583237
180749
621347
57736
714845
282998
256777
903688
371942
802588
305069
697191
328964
443176
563202
358688
187856
69667
578121
448352
549224
9866
400300
843221
363987
740521
955571
186591
745609
773398
231355
831484
971947
848833
709132
454663
647035
90898
714854
267399
633095
740574
242522
762004
512289
269657
300810
273188
784516
932348
336380
348765
158761
989731
743887
515392
640848
352824
336188
842977
74127
782966
329129
173676
484584
332032
682083
200804
485791
784958
901132
20215
439315
91265
535487
696045
842383
257361
527649
150480
957458
888760
825489
26750
132967
891781
696151
576458
908942
31541
799447
165083
578589
986910
492132
96141
954703
937932
112059
652899
260828
840045
42678
361026
348915
855395
762075
75003
834247
915226
485837
29886
697452
487452
278704
254273
726496
582065
314836
986710
180830
157106
133630
366438
941308
379188
936537
660213
47463
299095
432658
359550
52366
20476
881205
692048
374167
716629
939573
470052
929889
836401
832157
864355
225932
611893
963434
323168
320227
457325
192435
571654
575074
222712
597061
555894
74917
904471
792644
385253
90761
798091
325821
384450
85003
379021
36965
803859
497142
963710
586683
366043
449886
276230
756362
857614
281844
141992
217580
730739
602794
292909
439957
251037
753073
982163
674227
744291
239231
894904
432210
73864
188662
467937
630598
322045
701438
889265
16705
367784
329344
406012
375113
536679
912329
618016
794198
539478
450944
687941
350485
801389
156587
426693
252523
415723
443531
842036
610845
620822
461018
356157
443209
734137
912171
9732
319540
337255
681672
516854
225920
376039
610426
194583
205625
918421
765985
407571
646357
354292
229911
114664
863375
195528
392029
321713
887016
223040
488124
634473
532310
578635
833971
505701
193925
399527
240576
568723
147303
89279
701131
649020
208912
818341
496233
507878
57420
286248
426507
292714
517643
929678
706998
246204
533769
840134
79392
779089
45795
658733
437739
973918
525116
946836
769679
276433
923956
542943
725298
569313
542250
113185
419741
22739
290430
313051
152358
278272
104745
204963
725441
727783
367994
332187
62365
654184
198710
208304
827983
679971
180008
352958
537805
265188
941688
539300
300158
305071
585382
244665
154750
185049
696473
500765
44111
937311
808825
790125
530945
138767
312563
82391
306050
51402
722651
831948
571674
562430
791586
840075
665086
883439
711043
937800
427484
131271
427828
431085
267399
65162
973563
656073
327330
924319
466732
97775
597131
65976
964590
391078
596281
246352
688156
250547
840781
331077
683289
885370
193768
2082
344570
604679
258593
515046
262796
789110
587522
891671
209157
135802
236919
194793
626789
290618
873986
927670
21572
529624
3636
698612
323961
420046
73206
783419
152967
86217
594068
62332
360111
212473
567162
530174
542861
457212
601621
261281
758731
176541
912004
739778
364923
527863
258239
567319
57149
931451
264984
695706
252250
735791
75597
681392
818039
501753
505246
945906
185481
188911
302423
168675
841988
180089
487281
598509
912458
97302
384135
489042
420096
480721
846331
358627
940481
659736
620660
107285
317395
285579
561898
388055
197986
587203
344256
388200
376997
983583
636588
63802
721391
894027
909701
908893
654241
998790
644723
387258
31546
70244
282577
897658
731225
24860
248259
792630
360297
114871
170385
193235
178926
853657
466829
759275
988816
532824
961283
9706
225893
603031
725820
600582
229353
81753
160833
271971
821698
616948
912649
992026
123396
861162
813425
736555
567815
130830
145342
700587
138617
173325
908167
385109
908409
190831
466727
600042
465332
740068
2152
653894
295624
138886
366286
740098
438238
693050
378657
485054
94249
913023
37786
204974
268213
73175
371707
417476
816310
787011
577267
192189
540232
992971
950037
439886
413532
250436
615626
864923
493187
181150
226405
746966
208388
36068
672177
901088
118659
102370
596117
650111
983298
898124
952678
50918
218796
594456
797563
575384
904419
677272
549915
413848
966086
346695
630637
808854
652621
112704
327070
490779
105022
234935
648419
442103
682621
70837
528500
95078
644537
641111
548994
359301
365461
895639
754090
119092
510328
443170
181173
336857
63634
244593
605061
582924
964590
282655
908399
435874
753433
660327
195380
712501
162166
733562
595257
927378
898730
718727
286687
644702
297925
766613
545447
756417
927363
503782
161794
384179
855970
322919
960467
992670
256045
498619
986965
476297
429408
694316
567109
713432
746211
726728
65507
351705
465678
226824
485268
440708
38965
898605
205559
928491
318343
337158
7616
111904
368133
804852
191034
516706
854733
130757
947969
102174
830924
862378
46153
388418
264132
60889
796503
321960
232884
789364
739863
398370
105786
126653
887616
590778
754315
749232
24850
760987
571028
772762
651843
168066
341798
914041
630765
927505
811116
838578
181063
226091
499650
298953
193046
535532
105747
948953
604411
696711
666959
179796
435770
335100
592037
936081
120223
498221
89798
464702
91276
680520
878071
129387
639539
122002
376405
818111
426568
881618
93910
326948
135026
814130
592421
401740
766276
907727
63099
341866
602342
872530
800332
249106
124272
565976
761170
680452
75446
177158
5920
525127
767299
717795
862448
395032
759078
192787
967134
336543
874518
52915
440683
203520
353789
907197
955905
761877
807349
38446
986965
27266
239151
743773
717349
394867
78325
904549
891060
557007
687735
619385
812976
69927
671195
342926
645523
398517
957908
830922
468778
499752
236337
772790
90032
661309
296471
319291
238182
140626
426100
902977
256718
385501
853504
811626
59641
669224
781025
298565
736280
801130
564674
128702
647044
137957
973363
163570
193365
127195
922042
693413
691604
393333
695265
491646
549096
32959
656932
39678
403096
772560
616660
206289
80984
451405
615567
192071
458801
377838
714160
137204
963099
447127
730115
941615
166475
10410
736981
132301
378822
824242
414968
29466
37261
422170
885931
797946
548905
336817
147339
181060
533769
260406
168534
775055
87907
316383
15020
427129
683549
872590
950916
569133
26077
978464
760619
439650
322864
991895
825352
701326
984931
547381
987240
633881
973513
565668
459253
400013
878961
390104
164511
971169
522453
644581
326761
418551
486493
815549
397715
939479
717583
375225
393445
137581
555293
288997
233333
621765
845392
760643
405156
90948
694042
548125
543650
283211
415348
696042
962587
255157
277350
919303
110021
525374
625772
922084
873792
292807
287835
331484
583647
564440
192767
442240
937728
288709
794456
640755
400788
171824
328128
187856
326571
677694
793419
605597
604405
776149
377357
647332
522805
171099
15334
73212
925496
963206
694294
933604
957161
382952
254951
835659
79451
921307
790910
106798
487849
84194
120044
441855
801965
258040
222029
701958
994703
751474
982506
617533
796050
825513
465551
530310
901614
492197
20906
518428
517033
533977
467296
856690
920110
218189
554707
13758
778052
95665
739219
521477
519470
332762
195975
652686
109679
264740
115672
480730
864889
939573
363995
762482
441010
286219
125377
14196
969266
808370
837326
272944
747157
752700
570435
52540
540034
343250
225860
315841
953930
929706
581367
67386
251305
867723
503624
841251
236614
60648
269915
506276
465441
430587
807053
462918
264313
614933
617786
821946
642975
960529
286398
155783
249979
806445
149917
67254
109390
30848
585490
677739
810554
605521
349118
697565
529021
825547
577309
630859
283350
874595
884195
181836
373773
519449
618048
966567
53498
129617
197372
297085
251005
116903
737035
956492
361244
822342
271218
234945
634329
137736
977460
891916
247301
793252
716682
481649
450117
431667
380385
230378
786009
919721
882671
525251
10768
51223
91448
955006
1359
348109
992202
840792
435640
182066
378768
706401
38654
190148
180036
706470
308832
797657
346867
974
859093
432798
650289
211231
850460
652213
526553
159222
12860
904313
533769
619543
858124
462604
861655
670419
34227
801584
800573
4113
169255
126030
471418
842213
864938
442359
116719
38177
397993
276158
261774
265930
201097
120218
353137
906831
275862
200529
920927
790872
600046
828687
324911
713568
991765
762148
6868
358654
111072
482788
200487
857707
50782
376952
175339
670327
455211
283749
280177
48995
231526
650797
795133
304081
688815
989518
486216
353215
541127
260493
72590
911355
183226
945764
528808
314154
918285
946612
631202
29485
289615
373720
787941
535396
499917
577267
706304
923190
615388
441223
437479
520820
160087
679976
761275
857625
587983
539305
997286
25596
683378
316687
283437
268213
706606
104332
613636
972476
683625
973234
974226
874784
625842
440852
194989
760607
259219
932899
284777
54190
8698
89845
919019
636425
58474
874120
371498
787316
875916
988444
8929
609602
20854
709449
492251
986097
872045
622861
886477
563768
200014
142624
226238
297128
392141
307968
615286
989586
724764
91515
767945
723521
254143
812288
855470
502599
121170
83588
125876
339704
584992
468241
203428
64574
540721
589765
226661
695614
495799
596889
916293
27823
114122
984622
694668
208135
61353
890410
313137
404161
832845
926995
605330
312401
240224
615992
575139
822889
88659
296810
905721
482792
204456
229785
334577
242084
638404
666585
360962
209821
291300
220112
149042
211422
306076
22169
361068
958862
436526
319412
618775
320625
44286
971329
995644
326997
411489
107519
326282
568299
162647
77265
326510
574307
768450
854292
962200
249456
359832
233345
724744
73662
326436
166488
806516
255970
68027
689915
266138
145741
987589
427791
235971
767400
539328
387339
570480
527848
592403
821527
181836
317173
92206
782651
639109
964146
905963
751950
629314
716284
296978
35803
964021
571048
699003
779918
688073
144462
986629
208502
473227
801991
91183
588954
362289
186975
635607
681431
61693
409978
543606
426547
355627
808572
277557
504634
122713
916253
439867
288096
93717
769527
37677
727945
554762
816045
172421
165385
902877
687473
695536
285792
694834
794178
557695
516403
224245
587872
198001
970737
62725
930739
847531
951700
640258
140675
664816
505450
209627
83858
150345
250509
58387
485660
939684
364569
54258
513655
277757
589284
491522
417766
718649
227044
689796
329553
834551
737782
893354
924530
406903
933014
793268
439455
133421
868269
139239
441341
863046
663786
641287
689638
241603
203796
215298
421513
208993
244597
193542
547605
808777
146068
17412
203013
197424
81495
98729
508678
506963
608010
94369
171284
140909
152897
875539
195374
542050
113156
834159
961928
428649
679973
708848
443941
142602
119740
555752
830576
398818
132711
858783
266341
162415
400009
182591
274998
745730
766523
207990
274384
691358
758390
424557
832528
841232
10571
329762
262944
717743
762730
474383
204421
290851
965968
78478
500817
843839
181881
726784
776401
893975
393167
834244
260153
448282
313487
671273
700611
887003
397889
875360
831262
881757
340080
77967
510036
280223
869778
517319
732866
395994
954113
935627
299778
685589
181469
855701
463636
864531
456517
653549
116475
712540
577955
829151
536372
69677
68785
31590
949948
409100
365021
321910
562028
64892
146693
150463
677397
16187
460480
304917
450813
254581
669053
893142
285304
824679
799107
656087
902941
722550
686688
996099
964895
405371
180196
757028
208216
169259
567817
344009
238613
314544
631695
4902
373230
437598
470464
299043
858784
134037
42846
269893
820493
52088
981797
682085
398772
551014
940078
875976
76467
314065
304155
296042
331848
946479
833094
406100
948167
302969
488716
103392
507665
80984
524346
577717
168654
550892
880854
473180
848624
860856
576795
214054
854942
915836
794155
92390
185504
775109
319695
517755
413317
902731
720354
348537
436259
373652
273548
522141
696262
864766
457022
743492
87697
130788
984893
673063
844082
918127
760747
760435
684747
88445
74914
74100
171161
102975
442431
328616
357938
938661
72833
336626
579410
910400
714433
394958
769675
976144
487860
877570
970580
676274
30418
921970
75068
832878
219375
846418
846858
546747
789750
850752
190726
21133
286950
232228
959698
336897
164802
416448
549466
391561
336958
877014
453451
603895
483134
299653
16838
386207
41163
116607
538075
762419
303449
219592
146853
858476
533128
899756
444163
979433
998260
384494
486709
378255
944946
98530
970854
189739
886836
568297
763444
75736
56765
851089
312421
200767
86588
221893
299013
53172
722190
226310
471921
397551
704843
102767
504397
739439
245208
793836
940005
97466
206776
543713
984662
671273
256231
169141
578298
67509
130784
374445
680416
251653
79460
744674
910900
994573
620849
737086
864107
112353
960432
695452
949011
538848
247015
502952
966931
491946
875613
397353
675030
173236
692796
227489
506066
984282
205902
578913
736630
820530
387858
93932
90972
971035
896980
821681
698793
339003
966936
4843
832549
101306
147292
185390
61873
186566
480301
324600
412054
135072
428341
390956
666368
690599
923686
534793
526385
66393
217016
946563
73312
684305
211809
165776
411006
470089
822455
237692
580030
782854
45724
755400
256817
459844
97248
554962
848055
528958
223932
971048
985542
290730
849552
975310
556074
51805
201599
842380
926632
660379
704256
347278
548543
271473
69273
805131
103072
923547
115533
804387
852017
643025
611254
315640
681517
247318
365680
344539
577250
136779
668090
328246
222995
142470
310072
743773
181971
211843
347263
305303
999390
614322
652293
253585
660692
545407
189295
946393
554882
218227
898949
924383
554391
921168
631059
454162
646790
722575
224411
762768
20923
245761
383664
339570
611997
25884
146951
84280
215510
75391
93449
78816
876154
340020
14073
548610
383361
737039
29158
427298
832085
290678
963521
269038
701636
723203
986938
34261
906101
3006
457257
887770
13525
811395
956856
786357
987212
248435
535916
490434
634564
778088
634591
285292
446720
449226
77890
985859
608854
726214
712220
739322
990615
37329
673397
241542
915742
47003
139647
594493
161818
327313
363514
308742
505025
894711
95036
113430
294582
497073
127043
851719
355522
770535
415073
104237
437695
590225
219779
774994
818626
577696
613182
531859
925136
115278
93717
110388
981284
823026
639901
704326
52627
592403
727593
116627
918455
370162
721835
344935
881358
976037
991491
751453
488711
783878
835526
546084
523071
760341
781347
810857
759177
366332
690441
223680
917003
419944
138195
371245
687342
364654
845422
656671
233580
819065
377052
701333
770655
358024
365012
679636
755976
397718
607371
964409
404690
598291
762317
911430
763602
128933
223762
531220
297924
550206
519114
645520
275799
508675
399704
504403
140982
353470
888036
306486
91090
576749
962875
110214
134234
886080
260708
645437
639502
850382
365775
807174
120898
879979
570143
360520
162160
444705
401620
415981
685245
237329
288832
89467
862801
662798
494195
352657
777979
234125
343096
148161
524142
98325
790445
739975
483119
241449
924204
503952
965568
443470
787002
326812
184416
994587
979660
562092
138602
725151
519677
984304
22741
17610
420106
765370
419591
566031
36806
481581
287423
251869
792759
382890
313069
247809
851731
608838
703269
486300
295094
560663
922481
37836
288417
776629
293103
569983
92150
11116
546515
247047
897093
408442
98451
598001
807756
195525
219183
195299
178352
127588
288631
490257
206857
572921
363535
651946
936262
983987
605610
197139
455824
184011
633211
946611
925386
196206
132271
279123
715751
1635
782201
927040
27656
142844
895388
982274
786896
473932
988455
942504
39310
799707
397232
953707
603574
139541
874038
332211
503985
826943
661859
453143
118073
424030
757935
52664
545401
28042
932134
614915
993437
988241
23178
195169
218328
439867
294295
9908
154758
617410
960760
773544
370991
773835
243774
750620
318655
812274
826778
389886
512276
395813
721259
960467
565990
952278
617002
979599
820052
567838
232997
568838
589620
52368
51726
789746
650847
526370
480263
331136
432158
26729
849138
380844
986717
362731
435944
845885
213696
766084
160230
654030
521698
687608
537344
561540
371539
915857
886602
136715
136977
742483
943480
898018
293096
4134
259510
40550
696735
492023
427700
282906
717843
492268
841808
172768
987166
43110
39420
233343
549837
318722
889262
485164
48084
666639
251712
762081
917673
822637
318007
847807
695122
400723
724864
887512
784544
513599
656191
660339
217316
244859
919033
415710
777865
30778
621091
963147
836076
275676
597964
249584
849794
126133
734667
413248
978494
849721
472259
489480
905338
522848
313558
393510
411051
459690
7224
750976
663665
326613
482411
772898
93327
788278
723809
743080
883938
422906
429109
840721
510822
177453
985160
388271
621372
22475
126295
681149
675742
313565
113264
292387
580785
908508
218944
555121
455576
265145
174383
386300
27042
436933
235232
23755
652176
896152
77088
719974
73838
732801
51990
9732
880777
568190
522197
276618
958800
24320
802174
633056
740516
239140
133116
398517
216627
912006
376407
194105
814392
727679
692788
372584
629152
522179
265094
601224
224428
310501
849904
578007
620768
385661
270187
930167
645794
534255
369206
826447
727007
9981
809952
908508
570509
975240
97915
152905
823908
600927
920155
99694
157248
619387
984640
907117
438666
654516
974621
787411
719143
988597
820397
574184
554007
996839
706737
700938
326598
371052
111868
416448
49314
612766
208805
119806
267143
2899
546331
951602
399927
167306
472978
10724
596255
441348
838172
534791
347024
10152
304947
97427
600074
954146
977489
570292
780024
800229
525467
840214
832404
587331
714811
12086
682991
30622
213142
273182
415482
596248
66548
879607
226769
794184
40688
709891
651260
799452
796038
553350
911649
981022
852376
47615
439591
743634
822898
624015
896026
896342
612917
859985
78051
727038
620705
377221
290623
190794
821350
282906
747365
55381
486660
325789
913547
290372
125720
267069
842580
928721
722651
241109
343798
665614
549138
767766
623057
822881
547660
991156
444064
626427
778832
478490
215653
267099
981660
933912
634235
117809
503985
428072
729392
548853
802820
687006
224127
358691
452108
410938
940039
829948
220587
946230
190791
577083
95290
29464
209486
551294
110409
269279
54569
617914
573435
257010
780798
503587
244432
368631
585561
569837
954341
278714
351942
270186
218116
887802
129942
312610
955528
154686
609235
887332
288418
733874
83689
92791
768684
22967
116089
37697
313370
837477
794714
926193
680703
574184
609322
462413
517700
265492
309950
165009
465057
891569
548803
643612
103155
968724
496122
154139
91281
296980
792646
97575
515008
989732
862888
907465
908646
358302
743103
702597
503872
985836
45632
125870
457088
66746
594287
675530
354324
481303
28883
561008
114448
785259
409831
73506
868798
663135
138608
169551
402564
204988
276323
247924
491891
581909
3860
138401
435967
309353
797538
145559
988303
13388
610918
239071
641726
461008
760064
483245
545780
393190
49690
261648
380931
549591
137816
720362
190273
499937
495606
602523
450084
80235
306005
607359
20506
424262
985266
154614
336241
342664
206586
598689
628463
320085
611806
249326
911899
351918
414808
23220
538773
171900
329027
50420
200807
417105
554905
996839
345096
660929
457587
428057
987773
898232
495448
116997
506366
180417
794531
169523
96257
246452
610063
163308
35789
494001
872333
453659
865223
70592
659631
713924
554970
732086
541621
283757
771014
653934
459908
867579
794673
352018
869401
592926
600582
297093
917377
854181
877378
175184
359077
960843
270618
337068
632677
358202
284722
849904
849410
42625
861391
40676
213023
481575
985268
820980
219479
686601
677031
943325
205550
594423
864699
158919
894628
169239
244887
543463
984025
70146
568170
506486
958704
208491
251056
494252
354882
694863
318982
602506
748669
213050
904961
829582
653626
239145
130746
777621
785547
568274
287643
340678
312513
625484
943455
156191
535811
506363
369126
99957
328284
525577
522307
289579
233742
799985
141266
707446
345037
174274
965986
862976
856586
289565
142955
820074
167012
526990
36277
732538
860996
38177
866827
442767
28400
680454
182731
352151
666162
877482
410826
664161
122999
549874
277350
95594
445362
606741
42310
393891
511642
709053
471547
315818
578416
94574
712335
94678
231769
94927
295459
751646
971307
947329
642235
789740
629732
562517
813314
390204
920425
569804
985604
382304
967826
316027
10280
254706
660334
245095
690210
858850
966243
702255
963563
8026
983264
533836
462607
301872
769287
567421
494478
93910
415266
670293
764952
329579
700338
995034
838732
536
4812
32551
169079
886036
459974
421686
562356
464286
657982
65507
387932
704724
820524
372291
289187
20318
116996
707673
368535
757211
208700
799635
460721
215511
647065
787911
900900
440470
289206
428493
314194
851676
314607
469407
395129
504136
463102
516466
716988
14544
121333
795338
374900
794095
435122
602161
627904
965168
853011
634701
271490
416708
111984
254493
587454
420694
752311
223335
466450
883707
756737
153563
162817
959240
431482
16210
709405
615923
904376
915754
277319
732783
770838
165
731593
546166
987302
811217
673080
836628
569534
617129
457062
855470
422307
801428
623296
645768
206226
367690
749275
259482
77064
699974
61242
36709
771324
711347
989207
780974
819071
12860
140660
429449
675311
757192
925351
602682
561452
458673
532512
70623
567997
685509
378200
156818
830608
741142
855728
711611
794054
144931
334564
136069
876391
199427
564581
214271
890144
974907
838053
985290
983465
777583
387674
663456
572203
363000
351169
149774
90134
163451
158737
425259
820815
779413
356005
340022
739775
475140
766155
967532
613759
511072
609593
632354
979087
329395
180995
827350
880763
762013
941002
379918
963775
943012
699132
375862
123397
935594
793940
555562
38543
216737
254579
671302
66499
642109
614078
31641
432541
869601
415415
720078
566619
165789
191805
908545
937578
417713
851623
573789
769334
899374
766871
539926
782714
80302
832669
441339
713748
42343
11693
109860
24798
683289
447573
948886
880153
429272
412209
280642
192051
687842
987396
892488
978415
211601
772346
9455
88608
814144
402076
674179
773035
293755
919573
547377
352350
361040
658984
979853
840087
458749
606625
967906
94564
366253
258439
127935
562866
940124
623323
741957
212907
872246
978835
325704
20033
632726
339852
557949
908845
775167
279393
677934
815561
280279
164325
377300
452643
23652
721524
290685
887901
754837
147003
652280
617052
817680
982749
151834
752950
552370
208970
80326
260179
799590
123873
756917
977911
741899
697946
940551
516398
105913
911037
999611
985509
111159
532343
99036
357084
901784
860978
990450
502159
928770
730152
613085
561026
509332
717101
994970
410869
504439
296134
121689
814251
890795
102372
594299
378023
613402
970916
337404
762561
665510
244637
483834
225278
992989
531049
855312
152513
157724
798107
476926
738668
638787
273251
521891
731218
27331
872687
610628
465655
561531
735605
197493
223510
681780
419017
852548
327259
95834
600190
909701
44354
358790
396229
643234
445955
709337
872852
699805
507211
842345
684678
675574
160765
484667
758172
629993
147954
4949
465501
444245
424885
727038
671025
186854
517278
475153
532465
713242
332596
38833
770431
60057
343891
403484
306495
70918
530461
954090
161022
752682
683117
71869
929686
338143
923823
935488
957328
175785
354145
864812
718850
842103
970425
958066
46310
895817
546394
91209
920676
181652
229308
756680
176721
648149
149669
967293
960168
752697
701688
960454
924295
119168
912886
980998
239477
453839
189771
423749
552793
63640
364616
398338
475013
377967
912011
72977
316296
77108
374072
111226
189074
171824
812817
845579
911960
265615
612416
463307
826637
873625
541361
366626
509720
295641
129165
794440
990581
757284
570214
316375
572033
748609
824994
317353
611238
921147
160733
44904
529136
983734
671984
96578
258570
573565
7958
554830
188800
291578
155806
15490
479938
84369
285262
266791
843940
570262
294453
89467
650283
829760
142413
131810
66369
798800
588658
807682
804167
20561
285643
712421
168285
709865
397640
907197
224568
197371
908778
186315
130199
496533
974735
854106
951187
574522
662263
818315
352311
97344
120052
446060
127210
577412
454612
436892
445503
114553
591178
668830
877160
983039
40209
850691
941338
776318
507936
609689
681798
71704
965647
627484
648569
354882
45501
460015
187763
654651
117748
787128
532537
493604
275476
219883
196402
922770
19228
96564
601585
415454
647265
180111
812221
617257
40502
865410
116559
606199
412560
633113
547831
476584
658441
60841
738137
715939
807614
973261
479390
808416
49630
505117
401131
723808
668428
619108
960666
462337
522850
642696
103844
438371
71046
14696
418506
401758
304633
63447
876236
664098
5775
304315
715084
608547
957624
277525
13667
567228
574741
340659
916449
144696
407237
925773
146234
925077
969071
577267
551539
5882
354324
981797
256533
410364
385171
594401
671650
465511
55654
735589
288337
379986
697151
761342
393275
503933
41527
277475
218257
300697
642457
77091
583112
160118
70847
44373
882788
577333
106900
415129
711930
50631
984280
626424
480958
470964
178260
452817
985127
310621
921970
267071
745464
553988
83256
557819
806333
567564
396305
617084
165717
987330
45488
78929
494646
881939
530311
753479
918543
269522
137415
314653
32405
59947
57482
136660
302993
181306
155429
426550
755794
630482
891069
995570
421145
166540
840937
144261
561583
20625
223641
437542
456780
544107
521747
462987
49923
397739
663883
325789
988048
805863
794460
644295
354951
246857
69434
503286
58841
414784
870495
675461
372515
690317
194047
227089
120025
937781
681541
767409
712288
392462
604251
770065
50395
972207
87065
510309
171048
26752
130073
66237
167752
620210
431516
211928
228380
758083
978456
645741
671486
353783
426669
880910
193426
354423
141297
411607
717013
810775
167908
620950
293704
642506
860880
552935
842226
808950
166459
745140
506642
841208
436949
436661
685118
801802
595154
860929
349284
595223
491266
626363
667826
24735
46743
436673
351893
293971
496867
72931
698567
526948
490547
522677
589371
854230
189724
343567
222278
373027
647489
966642
829136
598397
551045
15478
533313
334585
239782
271236
81637
396269
961773
488762
991194
216787
529498
904881
810454
685245
549800
64703
836356
250198
269284
499586
460939
784015
455868
114503
839789
30012
874516
123450
282258
155578
622050
337116
921171
784835
383627
859314
574987
731670
659494
97459
425675
907547
165152
633394
659580
309571
529112
150145
526372
258937
427821
23171
427335
301253
266693
151875
795727
742424
534408
263556
5807
490867
327732
345358
743427
704608
446287
867440
535847
300353
707090
615451
407651
298697
239550
660445
973124
268562
922924
925499
425940
425989
887024
21126
388147
613764
211743
69970
150778
941156
264725
690957
971329
782966
790594
441862
879628
462041
319339
368699
6329
515765
788343
662486
283962
859324
500665
309422
750208
868333
177073
899442
930143
368708
205770
547517
361475
835659
861228
51702
619523
863065
459043
230829
317568
569437
942695
8166
281314
820950
345306
735737
387018
718512
98199
507373
246204
651793
457505
401057
634063
356987
153087
97758
583041
993609
626798
551324
384599
882274
379700
273103
186101
432773
503234
130757
762482
280172
539641
246517
405165
511037
876541
426089
597309
701068
954584
807130
730675
764931
28881
791278
647111
763907
522677
403983
373961
286233
659607
351701
660327
258952
256298
187365
925519
803146
757393
865314
660365
411818
100334
601715
364968
854679
511729
938417
264310
761229
1024
834845
436566
561366
578460
659358
880378
776338
980230
575059
428281
444769
551761
834314
152990
371155
90355
647675
224564
494298
136330
863841
989502
783478
295102
502406
289977
939130
168655
605236
963557
20109
420814
895828
859434
92559
456459
576777
669897
780220
109886
252592
327104
485073
570760
520133
139829
177073
542977
279680
321067
880178
784741
748482
708319
212987
6430
441125
48961
122489
926386
65264
380277
44963
329319
108242
265662
513024
526052
73263
75183
234017
633797
306644
277757
585923
793419
299316
1854
686696
16992
38868
424362
730051
855060
525362
885611
946563
659229
404853
172129
639109
780823
417750
811446
479177
700467
20253
584907
815112
721085
730581
503190
716067
696458
871966
290763
181269
44826
624456
685924
206263
113452
431263
305929
716108
587706
35534
74393
166788
614684
275673
707229
890491
1106
590141
746079
328405
473770
721998
292556
821321
224725
991344
892354
730496
449438
550462
317744
417578
839075
411228
830113
424450
58891
235242
354790
149463
660029
782474
665342
879606
414915
223072
581077
961231
780974
453433
858596
89698
467894
183332
793079
272698
933623
651879
143802
317058
742670
738668
630439
300386
527234
932627
9015
372546
767280
349836
611668
870392
883696
941321
233317
95528
588212
904034
501746
20125
959394
481473
745763
617245
974079
677934
629912
981593
254534
377159
963976
556289
258086
637482
531753
515046
369381
526990
296431
828820
738198
524389
47188
380497
32489
613326
362233
796587
274460
807542
236837
978400
537302
287657
363406
86202
440515
777729
205577
263009
609659
357598
196409
941788
950375
623744
599925
425940
283437
801755
739809
695662
790125
850991
665093
181159
273189
592126
816426
683110
379304
37518
251560
168804
593398
62717
275074
508504
539305
811031
102625
677016
433037
88096
444496
807014
693461
315633
131013
298825
607814
582144
996595
383805
234214
387057
337858
631812
617050
45808
715059
683497
45595
284205
43148
6507
252966
524609
653624
301563
721606
55862
769939
98947
528051
61385
390756
955769
818928
900032
613099
808852
913900
871801
636232
407629
19797
356030
927386
663869
854544
682
868937
722520
268197
441766
603684
912271
551856
169100
871609
511488
40380
479991
816573
167453
629720
134151
650473
784185
291696
195051
595710
162485
422578
357869
664098
707890
702694
449341
990006
351281
143622
850030
961814
97280
196435
371251
822227
964222
152007
26188
283168
902073
135883
620062
737324
644283
382527
125938
352643
78436
599404
830013
380218
106468
352853
646076
429926
316173
541200
392351
379191
18060
306974
91388
630474
305787
107918
267705
510295
731706
118357
975252
788317
738397
331840
850678
362149
229388
897223
488762
863224
986573
179220
439104
164110
570395
980206
805713
405788
474438
864157
658146
641638
523960
780081
220647
908217
542462
544117
811868
529021
796618
755830
139189
803670
595715
332086
118242
879799
159364
253577
30260
386939
463386
98978
96072
387721
638550
57856
637902
394522
576634
970043
548974
116983
811074
229077
621559
606246
910183
766256
614876
349986
567109
21373
591463
504730
440857
181707
920258
600735
884030
256333
282858
943347
251712
847370
584957
483111
853261
387914
518725
20551
510014
86754
923190
231062
986514
198509
806353
708841
173959
963332
572099
746084
841828
336935
119299
252008
823253
992321
720586
480145
586788
312396
802318
695295
15400
210131
862427
936101
789319
886159
72085
807145
936562
856481
800992
530552
846887
149124
31067
469502
426451
62565
32115
516617
317395
809398
932947
217111
688788
195768
188426
458690
993504
60568
17613
561222
624525
504519
181064
879851
373163
712825
876079
471083
419550
152954
689816
974339
48636
189434
804583
64610
64490
134738
859620
329860
415493
307119
328698
755694
611279
94422
702212
681421
190888
689573
949925
474375
229168
788623
414575
130042
430555
816145
334577
377636
37264
940510
543951
269223
16678
312535
626751
999332
461643
365999
250330
82659
355171
288830
469680
569995
264139
835133
7810
955204
100805
526261
143542
575483
289983
839234
842554
269528
896233
695265
568139
236102
564475
552041
1103
98285
751983
967887
17995
657750
997574
26676
443941
571732
906523
704780
594153
690957
105653
46813
482509
110425
527287
853194
908591
21577
222785
937528
800774
961226
192216
780774
117973
247230
430136
775109
211485
892111
347184
355373
194015
990158
568490
502923
873530
634298
25490
767729
195964
179877
982901
701811
902004
925421
212565
162535
339591
159764
499545
830924
575570
87924
884670
361297
995579
310924
829533
375427
451966
134346
326842
965774
792945
212469
291145
360767
616795
479204
918347
886492
895266
98505
125360
288960
944830
292120
909367
57204
863602
197831
398509
904846
705596
725437
675780
114747
392622
406059
469094
323805
664086
972386
600622
918272
264845
16291
5675
80040
428997
487512
539592
459338
923330
779761
345934
864413
866772
526990
579631
609659
582195
983083
525929
996621
248525
197369
138462
527281
751335
907749
747651
718234
899329
259184
572059
115536
881048
330333
122236
824084
860656
729826
804250
423063
738092
308009
367995
662613
129568
839571
524336
427059
36027
886462
957256
579167
475069
826700
660334
287790
231972
627732
749332
636578
743826
5026
385617
343130
832500
17279
855193
938648
553566
49125
923849
864473
994263
102441
198154
447640
181137
5882
725435
103038
843368
57810
232645
235223
894035
664516
899446
506061
72063
397006
795953
776063
712780
891176
810484
164606
461453
62534
898343
683298
49627
351430
820937
955803
792959
339727
688564
906905
458212
72467
60189
529237
110906
250066
862992
348085
342076
35981
958385
645520
950978
170223
355301
457161
335230
59513
674773
156020
750734
458910
984029
858469
688014
209081
359258
446238
836167
797331
99914
147584
908498
928223
786326
755199
46140
909703
309496
408896
578572
443610
109412
939529
842621
532574
639793
352600
955571
42449
672014
117374
73482
855180
966458
435821
353153
389149
949263
515486
32247
818530
407651
745956
883303
516895
487040
662361
280248
456562
505818
420390
339373
205965
585420
11902
824309
773274
906162
956730
655642
1219
646950
519449
739693
57625
530647
527097
197718
674597
458410
371639
33100
461899
328152
92103
305586
701979
550394
451053
984637
362421
672637
566403
151690
530700
603998
646588
297801
490085
532777
944833
289776
798249
295974
163062
491764
747157
415951
311887
598611
760100
963584
403585
726460
138863
195975
862336
693896
208956
486094
505991
196050
751555
656955
490742
638549
577100
450560
288979
222837
770610
515822
842865
833182
429955
227324
102438
972517
458904
833613
899826
397631
929549
776076
290330
308148
706955
223861
959540
204276
141297
78418
244965
603176
435622
133016
578801
146239
360912
385501
531711
333045
988949
646155
558543
264701
17613
629497
430415
708292
872030
309910
601585
831303
479334
705166
154408
746335
25406
163532
708500
790862
253238
788186
591094
282535
530141
294029
191064
12503
750754
239889
171462
271418
429935
380463
219825
88116
856481
568691
443374
685211
713957
867193
376448
179185
146432
81224
479924
591797
50060
969164
221760
22021
237993
931638
986597
710835
350755
782222
747735
290355
52086
204909
857657
565487
272751
306366
61678
796712
910088
399585
859090
371662
115431
176020
877797
922254
798226
440226
498905
423440
769137
77423
562952
975806
71680
88175
351227
699569
79948
19736
393580
994617
361040
25185
918958
81760
627196
135219
567305
689786
153222
334432
861933
769751
641601
683471
2552
567985
852055
445903
966712
508352
648038
431882
352277
655862
144931
10571
884322
122002
189592
912498
767430
342958
427804
599168
819211
531690
788109
300636
517435
913373
206450
222890
217675
5631
150836
203613
790789
335173
536965
740835
107254
659002
210715
187019
12649
888880
454427
918579
322279
871133
379331
839676
928850
25585
406452
647363
481474
205320
67653
143222
437940
400819
774307
629309
562361
232695
130934
274742
195860
713917
533836
348022
682806
476738
31343
650056
425283
726914
724001
548735
102059
46670
397038
205712
844288
308818
957677
587826
298306
52042
578450
389995
517700
946074
96742
115089
807046
311715
895593
507
219133
743376
59724
313519
817264
594633
384426
633053
380931
841620
184313
542492
169109
539958
828483
189463
265457
351909
431266
422017
25502
801257
15636
391259
152358
232153
453469
344877
537171
974503
293387
985655
782087
463471
166004
22471
142489
114048
804357
852437
587102
986722
652654
297622
738699
657491
159335
178119
698275
271112
458673
958640
861501
724265
602952
978024
686834
659741
915378
898542
744130
855320
573579
825261
880288
470219
523825
463922
897867
134524
847914
581418
607008
332135
297697
544816
420452
641867
669864
504136
264346
35576
632751
543492
755072
31684
542123
47966
387212
775116
417799
168965
790492
774164
686965
793618
396411
980299
975314
867870
424648
883502
949923
57573
801676
593343
920136
841222
501581
170340
464771
692180
218270
580998
818004
414693
135241
370034
433151
297997
172414
327358
991942
458273
259991
694537
538869
304311
340316
881727
799153
616082
259322
351841
346084
289863
383382
683055
422826
160079
89451
987675
588859
79640
246145
152383
242156
394733
434417
498424
616697
169140
85917
975913
836672
609995
602609
382278
590869
478049
148768
603112
911875
908308
375756
544550
736276
391330
700589
804896
924877
598935
985381
580428
619889
651617
76658
703403
993901
45549
220451
996903
578273
160279
792173
596819
783431
389442
638595
416986
872392
244167
824228
643632
75440
754487
196550
627997
774586
305178
497490
926479
310487
707004
490367
792136
17450
327739
8956
119817
574522
910609
824228
448368
426313
890338
276631
381215
320444
890043
769444
139838
448401
584052
667375
900883
346967
650353
41418
680819
823525
253412
553258
838593
542857
984239
87595
488109
791476
385578
792990
284213
958101
399744
657335
496080
894675
958273
407163
193768
117771
34320
566292
132664
616699
301674
31790
768541
637551
413810
150745
676870
559899
139698
348469
522324
733752
228587
420878
442418
500665
50948
718642
881762
367968
701432
81760
934529
909210
880839
205320
655529
352843
637989
122816
832185
520981
462065
321807
589133
277735
207
554905
960078
321713
543256
927431
813522
786808
105318
111818
656903
495532
708656
187579
607578
995422
418567
643383
803414
512487
250441
78719
803089
288631
48233
334443
935493
672766
982724
502091
834845
492714
78275
151079
535274
906134
855955
364615
864069
905420
989414
558527
532512
374963
381053
103100
646557
549081
154402
93964
862581
35512
994124
734392
934629
955461
424040
729310
896361
216627
587211
7416
736459
930263
999349
80363
223005
349656
913715
20514
191074
627762
326714
965670
818253
869310
71804
816213
15684
332753
779114
505058
483016
69003
639616
706876
653397
191241
423797
963208
113497
881757
717991
412667
62385
205249
239770
126708
11719
250951
147895
585968
505117
886956
693104
824485
27740
770697
948359
810646
175651
839558
497085
226009
406305
266498
467432
963446
219672
774151
643296
972912
658150
75003
662073
193235
842554
691549
367030
845453
440719
661761
16348
213027
368870
126908
692591
999426
640396
77800
801508
481308
518006
407544
656289
531857
51099
109454
48092
409415
802837
302307
145781
235345
592147
688222
2840
876593
265220
342549
170788
78759
995298
435852
560167
272859
898559
350496
863110
560511
689247
905124
553743
435158
721998
98215
634024
485905
740880
602745
893237
42466
580877
326155
965242
814180
875710
583221
303208
99857
198808
54047
136015
136225
536208
265407
391556
205338
35009
531838
427461
882302
972744
391696
766444
557083
735737
6115
329380
365845
336209
717467
751302
549746
58934
120499
369469
343072
421362
356003
225450
795948
668766
258365
568998
941430
218935
172546
495186
350443
922884
169307
715939
978180
187101
795252
758016
276433
613060
972147
143114
278024
648203
543762
832046
214627
16468
128492
819785
29743
53284
184498
966887
266502
264752
257622
510787
530816
829207
177305
673980
695361
989208
253317
360946
470885
47050
580475
306254
938478
846370
229520
331078
311422
556149
934850
216202
531463
998402
34022
77033
382050
193811
369186
570509
529319
444633
24981
975618
558509
940991
839575
912064
358717
395434
50423
71523
887446
957753
220306
723778
649581
589345
281443
998387
168189
846966
892432
476064
819178
754768
295666
412915
63886
994191
971417
797807
886603
792808
294247
967519
433323
452730
881805
752879
1922
768807
244562
52536
142176
850563
392123
810639
406743
914127
653413
553458
519557
48532
702873
923639
59058
395091
616366
889829
677694
769003
995570
694438
231559
207334
259002
757400
850563
513922
894101
997340
269959
565250
839075
470880
624401
876024
1081
848158
516603
943078
896280
395588
344799
297619
300237
417570
381877
322593
756182
256205
684062
14490
930660
514553
547570
965309
235010
253509
89048
655277
879500
614507
929228
323305
749830
308110
424644
611285
945396
125495
308908
150399
932283
793874
825401
237139
514594
623531
514809
996153
950687
62529
965556
582074
371068
886809
129351
442963
601042
876739
146518
36901
827534
780912
239470
107399
26917
257606
933470
572375
569306
750278
895789
255473
792339
826878
355551
951939
628779
74670
771071
252264
233425
756563
777187
882005
362797
526025
819598
759324
914218
547453
753809
327525
769095
743254
643666
582819
987416
701531
643085
377021
419307
717278
390179
533587
81795
513703
643296
397038
629158
553473
663078
833841
69162
50782
919606
855403
719302
118304
732567
865196
853090
557364
376628
40496
855172
940970
718628
879799
358915
877726
168192
656059
386147
556188
234469
69976
307535
584511
547827
240160
304482
207732
946119
992760
36381
255659
759292
15684
316431
153148
977052
546793
555002
77204
24665
267811
512336
883754
801879
25374
663729
204776
923326
47326
372890
191738
386025
133458
918024
919162
623724
470240
647234
683202
222524
257775
165367
980423
600312
201794
139086
116284
664261
590901
272361
253152
619890
245229
375351
959965
597493
630147
993483
743747
929628
535891
635105
739751
817579
815642
772501
337009
340074
650822
795856
253876
210448
569634
352947
747965
519930
877304
576620
293721
949300
211389
250356
607349
476051
611298
158746
68840
23682
809427
787700
670858
788305
981055
79091
946068
387664
622420
451889
221780
235470
219476
183609
887069
91272
757333
921062
33086
682069
114410
747533
180749
837208
739749
937903
751103
947665
199429
939834
274762
147326
778686
877278
64489
897288
555045
406723
62266
959944
225518
489804
962875
530531
863092
976366
958431
740889
187468
934567
706494
983164
308610
469516
846098
191925
455040
933247
899216
268627
134713
968472
704844
97219
789250
142850
986832
449494
317173
368456
9311
669846
235654
840593
604029
515508
709798
108995
255722
346083
16566
376928
135193
726727
11763
604507
561676
104872
547166
759543
387271
183708
360475
929927
962121
372533
444960
849731
890305
724113
872246
529227
107941
972460
52250
202762
337637
648451
12575
554780
955114
656036
948889
215210
677983
768532
603662
961465
761882
474782
518816
866440
891276
598065
219918
96342
857611
118037
244544
486226
485759
571029
648791
197118
872474
725406
616312
660997
738266
439864
726743
278633
569608
700514
270983
875911
956024
726882
560908
424609
607053
459752
254414
191805
898643
306920
227709
661727
501089
528881
65218
179178
375259
602485
672135
509210
284499
274411
839001
710270
580937
313137
503469
90586
336672
201564
447334
585473
256328
805454
372571
346248
586198
528331
672253
328534
912953
848600
599368
614625
212371
492879
779820
190673
28594
403987
412209
600948
397121
24571
122555
307810
248633
998368
490630
161086
612363
365718
63791
555397
144098
879628
532232
818111
16549
416958
508678
299779
286219
76514
896691
465879
132257
625422
665397
793031
851855
9632
962695
496934
650767
403836
432315
206122
405443
149308
626560
173055
721827
791572
978879
133636
130136
798052
955042
717798
567229
62331
301856
495291
486400
421178
861862
85879
225240
985062
124732
871709
74786
76293
726914
768006
959535
367310
710906
281848
954331
184812
446469
508371
708172
503122
469082
460209
689892
366312
122802
916640
431956
665349
193889
89343
298860
240352
317339
664671
911438
4551
991493
427965
177513
952610
879063
504577
859866
862998
884116
982210
905461
3521
797787
883238
626090
888861
127783
38050
296619
11092
549364
973513
213254
194717
751452
48866
85036
611008
773635
262499
663122
692548
136073
657311
110948
931312
733286
255949
381239
103295
946965
658980
150477
789045
485889
820778
47000
737870
370775
801130
656245
524650
467460
898596
966045
170124
289977
718537
132653
190998
521866
648260
470009
53596
268244
713142
503093
895348
386943
935389
593864
780112
166851
149095
673973
607183
616638
726268
710936
770814
725556
547012
310105
425455
82268
10453
151985
413067
286443
27053
544572
590694
917036
135593
153826
775225
378725
879896
612906
851821
631127
620509
462866
186253
777116
793679
630449
101674
646817
222344
359382
861933
644003
425393
163626
983764
769241
705379
428662
119587
429792
564260
987605
373320
540004
183054
667975
479205
255460
442107
685240
115589
47718
937971
936148
76467
245750
326873
620721
799460
862924
897197
518247
653007
589800
670118
27525
997470
677574
565884
367519
34460
624157
416219
937107
25490
715038
350591
823026
282308
420248
666177
432489
577529
14531
509616
76766
833841
240851
699529
159208
905716
845759
600894
732510
392026
746329
621336
316080
389709
239889
777847
760084
640454
634650
162067
945912
496921
786884
93805
618023
293844
721985
861227
485429
998172
873669
326833
821301
611367
253045
303451
761219
713204
114636
516469
27605
394845
703809
105832
30459
833100
655337
942491
462694
298005
305477
493081
41282
430580
180173
630423
485837
968381
360169
1464
326475
389219
495761
771354
431620
697588
877652
803342
784191
701080
947514
570631
475945
84256
662875
260779
130486
9706
879971
71603
596920
836548
513087
306457
759036
943944
646528
676589
988194
227029
648443
853914
190430
162677
45595
426679
321004
287574
669465
132465
420798
983983
349155
3317
585515
198210
703381
991732
711198
231889
808966
129029
634043
215757
569011
58109
733620
63948
887439
70712
869346
242829
762551
300587
610015
787
675996
491360
265768
981216
611409
313060
447813
416105
331385
155524
861261
201291
796052
200501
636636
35955
271157
295245
416973
980248
973057
438628
741916
631042
392319
783352
663557
216990
666746
86218
477246
112922
141662
534203
256270
409794
578548
849959
138585
20858
992856
588926
255931
219000
14748
478000
149200
404598
690162
309038
621865
786580
736683
778532
426451
580663
830014
79680
290705
808324
153967
794308
773135
600630
205244
67500
384847
955089
297961
507588
155614
99273
188738
435718
402643
528424
107504
888989
908359
158070
894345
348022
279292
208993
804440
847111
422823
575809
382952
250831
70763
952371
651490
306957
714324
207
50834
417065
557500
387238
280767
497835
176054
686839
860610
201294
845182
948373
228896
342124
481194
620221
754567
262955
143052
312287
177602
686953
705018
650862
299276
383
244869
213244
260089
362774
101684
269600
390615
291417
961970
206487
500405
631059
656952
917470
623968
600882
863597
563075
576489
446735
311352
361562
454262
674433
113465
523127
288929
954005
169780
692672
773278
212560
962031
343297
840570
813352
242571
736923
280728
398150
647092
313313
301904
569995
696723
73489
7958
429199
44188
565250
184179
455387
559399
236477
573203
559744
878516
158253
645540
971329
2794
414909
686898
285332
90812
669978
777701
534305
200263
288812
268453
938243
924448
187368
549443
138217
785761
737371
989614
87501
417556
232884
67742
474128
816645
616992
83517
109721
371593
209823
985629
104429
961355
381306
689057
675829
203644
723963
341518
729082
347306
583495
315238
35740
606809
547570
408954
820997
836852
60052
162774
276094
794255
302395
294884
80785
22136
215882
896148
350198
865134
364254
436655
128660
388369
251116
503482
698856
195821
370880
314840
551162
463589
556838
820734
63799
167908
418692
854128
295377
681110
828948
851621
431106
879896
779324
416034
87981
282837
276159
866835
961786
688239
783603
406829
327424
735516
26856
400212
159837
224404
7846
853544
59382
314274
60150
232377
967712
862052
638223
92519
772124
179741
723449
154234
477187
348658
569176
389275
751597
344739
567250
239503
785891
188382
903285
9004
751054
865508
552436
910878
131881
884859
402847
691176
490267
636260
582836
659898
563429
421789
552800
549420
367053
682119
603575
142995
656334
457559
705437
919000
570461
879853
656766
109015
52456
924424
836435
697725
472573
12427
503229
844228
422559
557364
854736
612521
739160
79690
956378
541466
76417
301571
612741
217524
97069
379415
106440
49923
844333
695723
550344
176570
71111
508892
561020
893424
321582
377040
605741
750933
277689
78250
189656
107314
391516
290001
8741
378930
427925
156434
358292
701426
867844
868497
804104
86229
931100
806142
363247
924850
405805
168958
187772
598509
179607
932609
968870
232304
642849
729079
262202
369505
73446
301136
479759
846379
994149
602891
45683
424958
469911
242120
610903
393268
580343
825242
2189
476805
853139
81838
110911
605142
754564
202475
956381
87725
629874
417621
960675
997884
641925
191771
673365
528907
135346
889092
879487
721382
760842
194450
686833
440941
279539
174256
868729
760970
633406
453878
989097
104264
834189
237692
512712
561186
687740
407130
114929
460762
382924
174757
121248
661886
703728
354904
332172
462396
391556
199509
228502
815644
321545
148737
221751
472059
517601
638522
300978
422038
747388
572443
848673
473599
363932
802108
830557
169206
155830
739452
866479
369473
435460
279458
820460
23626
958862
266762
848379
550089
158770
998758
140803
663634
305787
248674
8842
607640
915145
504544
587419
936725
322313
476586
988375
180901
801575
697452
527
702854
80456
599408
524142
366049
792147
587419
694768
828121
500612
177402
372452
594723
468339
788475
398828
293192
96402
353494
704665
931906
754529
738946
393969
894842
34134
852591
390286
327525
102139
938567
79896
756182
560893
581299
358259
133523
935720
182342
401931
32811
330315
267008
27601
99017
456354
198704
928326
162524
882654
337288
199576
270285
886523
348342
955829
584693
269604
19518
665117
559963
225966
142069
60200
704410
776325
450534
187210
288357
97070
731234
147606
177919
305114
125885
936458
6877
704245
726992
207704
379393
979524
622188
727196
844867
598397
824495
550574
145342
747101
721497
211441
378325
458495
816495
319485
402081
510617
775715
487389
731593
644477
152283
683591
593565
213679
417712
882272
970045
677448
57948
601525
536624
302178
333650
474626
256339
320784
191930
636797
462834
547012
287240
110399
370505
167382
458525
722111
606069
577649
306533
139829
64225
678363
227122
468716
257891
261918
640375
770020
205759
434949
833054
939695
398553
900181
826998
419202
156408
162259
805938
750820
227369
553208
541160
175157
396625
513156
276286
793555
115201
537693
742065
464149
729689
78900
483182
927252
112570
162514
535993
227957
550971
932184
432638
336075
367228
662886
546191
559864
503060
175666
73054
735475
233842
928506
73661
849924
517828
233913
663453
907769
251110
527636
892543
852674
725302
12064
459721
480248
497393
796196
926142
470993
130049
699668
429076
3800
163456
826153
37264
338294
447376
858633
66862
56908
18752
681249
910103
805401
127733
126805
186769
826211
472736
144529
548694
393767
231926
903716
656048
247077
522427
623227
282533
459948
950080
81548
983783
983767
619727
337978
33247
900899
692024
18060
547641
328246
568950
618363
262288
987697
253015
50391
350885
734972
161988
952809
917470
839146
537456
38671
168795
640235
130977
298281
336965
117196
331898
54669
420740
410438
533110
584762
862305
801554
191816
636524
922920
565382
190767
409999
67986
121964
840448
535205
620826
84111
222143
494994
186803
65712
375635
454885
689297
471171
470970
399258
649042
776841
880193
268314
877616
21209
697967
965868
30512
777139
750586
768887
94933
900496
554051
323725
213176
446958
324035
631685
935716
79690
229937
558020
313788
478757
763495
985160
855065
626706
630450
961472
431591
996886
108333
538328
533280
764363
867240
396955
481601
595322
454777
396534
421541
781449
635022
750688
824126
422878
22099
965986
192137
978376
712001
478471
137823
362466
13054
23004
362358
622093
325788
421142
28908
76784
243945
504987
879149
606542
97915
117701
255000
119975
194680
361700
640345
283982
73912
766955
954122
401589
845277
512379
818714
809085
468781
983028
740449
941281
958040
62917
758852
451032
688721
517678
65141
815717
846553
309605
66519
181764
785130
434464
8798
27466
696327
916141
341072
88074
562353
54279
274600
933544
861877
231682
507782
122311
916935
136679
538773
544117
225625
168519
214476
551108
856210
528793
839116
864851
363312
573856
384769
6078
18878
289681
863257
114406
248613
734044
420042
861877
220376
276863
749725
90351
587522
627852
861195
834127
192941
203984
444292
788968
19051
435448
714270
720384
627592
657118
902942
501954
587517
244149
377748
475385
260345
427520
885008
881037
569410
600354
982259
660926
698963
495164
177682
457641
488103
914263
410630
300108
111255
38036
75446
871363
587058
682775
650433
130553
767029
686230
323305
291474
624292
213407
233300
717635
995596
141812
583714
208572
126299
767938
532900
402735
330102
674270
228321
156931
679139
499917
191708
828943
910623
346245
349211
206358
519399
777624
471878
686920
674319
884534
766303
13787
93411
756840
569069
683395
516076
147134
537370
947125
722969
595822
758233
893020
970881
686926
145301
323948
535229
81726
813179
643260
264266
175731
879018
389034
228819
750015
234047
2100
378811
356065
378208
719462
904662
292968
302937
669405
277703
361404
642023
973514
366131
346036
193673
572569
886401
893908
709730
728159
354112
588327
606315
72366
232731
140076
534468
632288
312102
409699
545660
611565
573557
137578
343004
363563
847303
813108
667573
960225
471179
227717
373667
573438
461495
881869
668863
641005
65816
571780
730984
12279
403903
958046
849596
507164
81903
36066
912169
339134
874290
556669
453465
563913
258681
899921
74320
30671
130074
635662
957394
54662
191614
968819
14677
908937
326009
587802
777189
608741
82383
516600
482913
611963
407160
688671
229475
256747
997437
243344
484241
862023
833319
417026
721382
212555
752765
325048
404203
57365
133706
5810
898614
180372
538522
682458
31948
684103
758390
643784
74089
675325
515090
729439
775497
318043
575815
731679
121483
557858
988418
587758
729881
384198
596415
266245
736386
821356
53602
932690
874672
402925
797866
579282
937365
821050
576618
71365
217815
922219
552422
50859
925963
718234
495226
564034
750532
988026
267830
462179
495581
448452
4390
281084
783702
310195
323352
353614
942613
89632
675021
609781
182034
998759
668040
149227
135083
29405
783309
469809
716867
983647
31083
944570
936877
224336
131569
735564
313627
358343
341825
481253
549289
270197
926665
537713
799180
649468
678553
751446
260708
231009
23806
944530
34934
32583
126907
738601
431288
362018
583054
253894
383778
421708
882738
964562
752513
689832
890269
733705
547778
93836
128905
698496
528175
532494
819613
209467
390814
402565
248371
831729
336833
238310
18885
822113
852227
123329
275869
981288
107566
214610
99454
888667
984418
702538
231535
671820
577203
264253
146466
940585
188026
301254
182066
210915
529357
326833
737438
279258
44228
675850
553258
942543
333693
256150
889369
387673
340322
461264
576099
769986
511731
792353
177074
491152
804548
460556
860894
105653
466000
543350
109000
89846
890522
265289
242532
305141
952278
270000
971582
352347
433814
834254
324583
7975
545106
859879
879286
844019
404440
969981
823481
490176
435549
866241
321714
329460
270479
738515
42999
152211
365672
402735
529237
735056
996544
395717
73263
841774
860794
129709
259768
288038
35455
497792
623202
447293
715860
103700
565447
519862
700740
820651
865813
21133
40574
295600
71603
78843
337079
297206
890971
873585
313145
671547
564733
647010
306951
898506
941657
781453
783793
614176
241493
896693
997887
76514
331194
463429
456759
681233
289388
240191
575009
182761
26650
792176
504288
551766
267081
833062
231009
296531
683195
858950
5671
734676
733265
16551
268419
23992
603806
44777
21716
494994
402128
518658
258423
17750
291234
690764
490779
704069
853619
788077
851863
849453
708954
618592
180111
300106
549684
748116
169815
581885
190451
469194
101464
314755
243232
318140
894099
397897
43083
423571
111624
396581
596281
358617
114820
854141
371106
975647
510462
163965
644723
963747
681676
247189
147572
617210
115178
601064
523012
198240
844343
382097
914570
22021
813906
919776
227577
89150
305355
662948
472550
183924
685410
667975
952754
758799
235731
3552
973696
415629
536662
482913
459394
999304
186758
600260
959711
576248
58476
913190
401382
745629
397705
888261
182493
754604
759595
327190
342005
932082
712191
303236
240752
90027
657943
317622
259042
887217
880378
46127
518584
827247
226734
4882
554697
908084
69323
165670
421707
764462
431092
530385
465821
116165
857708
971642
6995
211176
817240
38277
553459
758025
815619
441061
946943
567649
130182
736816
558844
299423
636351
435093
950673
362704
664581
703801
363283
515423
31342
431588
267261
940852
504037
974141
804194
139146
92752
449995
930547
204721
632645
620745
269550
720478
464506
57089
104343
524810
225974
869224
155840
329627
400332
902161
944534
224547
617071
63031
611855
285478
305156
770391
754604
850781
775335
796154
879224
594490
73454
976836
37714
889657
256718
355875
473591
195815
516881
478914
387001
170706
622886
838448
562143
112092
726949
150401
134157
22107
287554
748889
610475
485477
959652
462619
552146
669176
859879
463725
636991
610824
193665
48185
11205
4947
755115
888491
975089
65163
859570
54807
759444
808941
403757
529561
47968
563701
151147
742150
581742
911016
721681
232997
449096
349741
749984
704938
569146
160354
128466
451873
509089
206378
483873
940527
451098
256362
651496
555207
882191
241957
105911
744300
965745
90072
875573
867463
678949
311195
784687
23220
557822
596344
342839
859356
978223
372068
499297
158746
221853
414769
991909
800359
686065
930167
356889
920747
512787
347329
574580
471096
103549
460092
284006
291552
634235
569178
383878
335251
54092
608860
626061
125885
13214
998371
547377
481809
878656
526710
788307
153012
571047
282351
308474
5996
425761
734582
533445
355691
610509
292415
665678
466909
966861
956549
332123
515478
3318
80807
636134
634961
869866
295398
355752
599889
676806
327075
978906
932984
335793
255599
696836
218902
56851
326781
952537
891481
947970
346806
630078
296875
339221
58876
710945
741934
736893
754245
331576
709450
879449
288535
601288
792949
629455
181926
796513
148094
285571
249025
338541
173106
285593
735000
374191
540685
45087
800411
998721
637056
678683
564579
879371
329398
620763
174180
570502
345149
465495
54078
483344
231377
695662
638365
172308
145164
867448
556526
249094
149757
838827
280833
220690
116503
358160
146466
674915
428522
147415
648336
117797
714591
305293
224684
84748
311566
210259
559063
253447
910222
933247
301545
22185
454383
298210
905285
167604
701469
894853
240873
38365
233978
230525
959506
421464
919439
644929
301837
933657
137720
911537
828512
964775
154348
592813
505490
360336
781364
278714
724149
71397
896575
780320
485256
394514
578891
819661
755899
362805
32212
459286
671029
394441
527411
931052
320965
244988
701190
595318
275627
714538
713447
925262
33747
739669
105656
113838
33839
78843
168651
883840
393445
243100
652176
588091
774897
385301
57063
693853
105114
321086
109518
121856
963578
131488
148517
904927
993689
381640
128267
436892
880349
372163
24273
792640
297056
506313
94233
155904
312609
356432
792391
208288
414054
109209
927041
225860
727871
588430
908518
408131
918543
502749
537022
276995
447814
706827
806790
729034
672582
306521
659607
672263
619778
352585
640808
714200
966390
525492
794050
904544
269697
421117
678388
304882
150808
736760
748918
12520
417308
102128
919336
252208
926723
130746
725291
385348
529230
526459
8551
984301
893642
93231
481069
603539
645736
675588
691065
580908
413062
883005
784051
101461
883557
356540
95390
80005
539185
658336
622017
569616
482704
484432
708944
977275
668425
342069
326182
163845
56883
153486
351687
883298
773861
435330
707740
457956
144676
647413
374550
640530
295090
446636
271470
470139
958622
270433
158940
501771
633187
30732
154362
230567
133694
807437
361681
22925
240435
749927
453667
12322
699183
166632
999464
151480
149869
672803
632991
889898
858990
69509
567967
463720
607342
916141
23013
268688
991674
235733
983767
730857
852682
388775
960350
477343
642762
424601
844237
505117
669235
801573
324092
692224
194548
165717
461814
255134
671646
935549
893481
902561
223407
723688
341910
637312
183902
942381
819591
760110
856454
35492
917420
65316
126095
985083
417990
814265
545659
756745
96089
495799
682617
551369
524427
578458
978498
509271
751478
603238
32014
63288
642042
952253
308599
697043
358717
913936
488303
581175
514344
63802
875456
630913
503908
864382
290728
643342
902254
896828
612248
738364
363607
788984
628976
702427
140825
397440
310331
835150
443063
879071
835340
647986
21002
305502
930468
632726
596446
465807
767398
910492
286245
156723
103984
108024
356281
994661
306486
968792
671565
444751
760206
346060
781494
466458
680738
398144
601503
396913
476866
812138
334585
266874
489943
757284
311923
154052
368298
756157
701080
88727
493162
955671
197702
921143
557625
687714
988143
271890
661785
725497
906036
998797
138228
822227
702223
61576
689891
765311
35256
799924
620221
877516
907517
685006
570420
189156
168132
351753
904158
579813
36490
735618
945558
748217
747681
833763
535847
360930
368543
451588
914525
440563
670316
165792
960071
22979
989897
273950
286283
311475
793521
151910
39366
753481
997489
393368
210329
731376
914787
210006
895500
876944
954897
534730
388418
947705
697221
780169
952371
105726
990942
65599
97738
457222
665226
114639
930623
321287
689235
84361
302098
441020
768796
388289
538869
558051
71918
470179
620645
933919
495406
812953
383867
731886
420579
40318
796291
610993
299523
588317
117722
849394
457057
851478
180359
602084
365801
513856
993453
686580
38895
968046
772705
885200
425596
516732
367920
609991
354511
321192
159827
374255
197108
520107
690898
376927
355413
587912
547719
13064
186299
986418
491531
27331
870720
81242
158785
603262
694249
640996
762709
730255
767684
357830
316289
292994
668329
222648
752700
338419
142124
252022
550154
748232
445396
30602
567488
528958
408109
820303
925121
42090
63754
382047
494802
417336
186975
374105
245667
381722
369923
361260
758290
469059
11663
963202
545039
54662
477602
84295
26815
989371
67613
791830
467086
183703
603915
208188
749729
110035
817131
23526
377967
379420
117406
748955
352437
323519
741112
298890
152149
57899
120272
948129
927081
566487
232740
617103
853016
605843
963558
954394
394959
36713
400851
292980
573230
596617
856642
556920
481726
983921
285260
362143
296061
96146
443227
694692
625447
646189
888238
821340
642594
90246
29670
406956
225650
773100
738543
689462
494056
986622
627502
749504
825339
269223
755398
635748
184921
85939
879851
554486
705979
113504
532863
149325
146688
401821
607562
796272
576450
939587
478279
969831
817633
661845
888952
757
496233
110010
54342
874454
108477
443404
298248
823458
709388
465877
488916
19630
1359
121383
941793
776017
887939
484204
672706
182324
971660
495240
486774
789206
800123
573917
809950
559778
892760
598899
637163
602211
753932
551336
311452
144319
771412
295935
752569
663496
824159
619251
359118
145655
885942
480659
294720
900946
834215
35420
619049
837151
448066
832658
617055
227018
135643
370285
53163
864188
381436
795134
289738
565805
471905
948262
60247
526821
31253
845338
440164
653804
483326
837208
39592
245490
47145
174486
702814
431056
638108
132702
253894
943344
766333
872454
947631
640657
337462
6231
455398
354790
122212
260027
545233
71046
863213
384655
239713
670000
702996
344688
493696
810149
241185
77091
487860
252383
87254
334314
47999
266293
956498
359410
148023
182713
661116
659895
609570
57625
186872
581296
258365
982340
114081
150649
144388
190430
239537
268954
610830
699519
496717
558820
141415
220468
830748
488590
815590
451795
166366
781482
961849
19255
529123
638223
114562
258235
876034
160034
984952
129570
268463
138987
640445
853827
771358
576254
161786
414937
518246
259195
313973
627274
844355
629822
836516
432618
504671
863257
383196
228262
308023
984191
836607
452479
114438
634602
337277
983179
122274
821997
132880
581262
556115
966823
160476
344688
473618
946904
486570
497465
195036
115990
326973
588954
401799
778481
887943
900072
199824
259377
204370
900554
582924
785420
610455
835272
594123
277235
400984
758557
993022
688001
770639
273021
548684
700979
716558
166827
879500
880641
940265
993596
224427
846041
465245
653040
808761
905247
938301
346352
658437
964718
369963
132081
614155
561624
632396
649545
212962
314850
633384
785663
323790
153976
827562
209190
224788
92051
990948
272093
970298
156126
761754
931556
308028
143315
86495
77140
455784
119106
471103
249882
186177
748445
745328
794344
592555
663382
378692
483950
77624
115100
278748
672883
13769
421660
304379
692526
153793
546378
68970
945546
670044
222649
307742
821408
916927
517822
650669
963926
222895
246044
929200
739093
426678
821067
351051
125479
631442
22539
491583
154245
125702
839705
926212
944127
646421
290678
719937
394564
767995
586384
558820
256001
222263
980555
648979
708637
9743
874942
967284
10429
172317
603947
916165
131053
66801
408954
743634
352500
323359
844913
872208
890334
681624
420389
188687
199219
941588
98407
230281
14253
318896
554392
574166
892090
41663
649176
549419
427788
268040
265720
314923
585826
563068
675787
452873
200075
465161
408586
395402
840204
816243
499917
109785
65845
461968
865256
680631
87874
908086
857147
368082
987007
231060
195069
630922
720630
524294
918277
634876
778610
198259
560440
299276
264555
250376
871371
476035
246842
685018
845726
945562
817615
417846
890858
859402
498362
656108
535931
354574
778182
295745
156547
840556
254110
398553
315611
532013
436678
129592
54020
714477
436903
24694
896578
107196
711732
341939
833397
690910
326256
622587
445313
64213
764773
419268
366095
798327
2220
313789
618072
346435
451460
740393
805410
15384
660752
934853
959812
27528
329909
968991
876512
384838
91799
955163
129520
209184
261095
418972
808286
789109
70439
349165
425628
108866
913175
936553
352729
534032
567859
63243
699783
805685
827775
808825
671882
785982
95301
224754
468999
988224
420082
57668
871875
673973
793864
481194
609586
285647
688140
385779
310831
477629
997820
247339
607195
347929
360912
770610
324262
927059
993961
91446
352245
418730
458707
397310
925088
142918
744285
200070
200841
501603
435051
28670
756622
566969
385390
471847
800324
85193
572278
152728
906607
373905
859295
774104
122451
927165
358343
788540
284652
176283
177874
622863
147343
486492
473130
543896
946651
577412
857363
732835
304636
550097
183249
602817
205536
616086
518630
785657
933524
728685
85462
270683
155625
969897
961290
602789
934889
18047
748022
405841
656340
654220
885898
861738
998023
695493
685708
191826
988250
425069
337574
718737
462473
49646
176212
31253
996595
429217
373293
178089
150292
82639
189395
2302
430702
238760
736261
502401
280899
86565
892477
236833
790789
163388
813401
577510
260674
230131
74468
701432
143040
158189
97460
459895
747617
54913
989778
675157
994963
742762
842581
425857
191674
35703
701154
294076
804195
874647
727726
731176
692251
124059
197762
862624
531129
72094
480742
745828
12830
479678
146773
548992
393310
682231
132235
792287
252690
650189
626587
931117
336839
438067
14104
411362
540132
431765
962526
354945
93667
547703
803551
823212
257640
335559
151629
918906
617965
831201
215105
886604
584615
73836
896326
510309
602716
613975
857516
737000
694650
416650
504882
848780
94971
622388
979122
32869
355256
607359
753809
794043
413438
701105
898964
927199
515486
373338
864402
347095
832077
452441
381239
241318
653213
415094
407674
924040
278932
504510
788056
23015
234525
860772
913900
912833
338445
905389
674934
390902
721415
531399
954458
170444
881067
80613
667813
770044
464430
838757
32341
754673
115712
155714
712789
708987
879964
710171
953403
342255
879883
185852
428997
674915
258246
269102
79802
684179
786924
128491
868692
925484
345379
50537
996154
611565
605663
330063
273635
32960
892566
774997
40493
122866
921702
123085
771487
199359
867808
312381
561218
912268
619130
776554
466642
160095
680881
102532
750520
494303
910413
79670
307133
582067
659492
717778
373689
32557
146029
181652
239970
163764
128645
741164
676846
936543
661190
809172
753855
484143
451689
777662
375767
634202
706818
254715
836516
242411
823070
675069
414450
374395
750273
161585
676986
663653
750248
632978
449824
785259
450465
796446
505412
112637
657612
780363
719411
241013
729108
223114
27548
119525
316411
971232
501746
457212
250827
110568
703120
425501
652000
843754
787175
795530
779300
165754
421944
396744
240335
596845
634699
846586
921518
885679
916115
407026
953279
136095
307428
890447
609411
184346
642278
853355
438135
70997
543069
432803
698111
302465
505545
938826
639617
355647
647354
679500
131373
837846
340563
74067
290845
559214
22824
149927
445489
699636
531572
714685
48806
352460
497985
177157
121040
95079
252757
1092
756917
722510
111084
194025
361866
660806
769246
191799
801200
257318
60768
815234
168288
310664
935038
787653
692643
137715
441002
588925
438941
296777
153927
139901
891312
364616
519649
799343
613387
451155
975766
532417
107645
470621
564082
768438
665679
912329
794204
588308
880655
399507
110214
142708
889092
991975
825054
816294
567005
630138
414223
934224
976694
160030
789173
250175
610372
228879
454694
694544
891591
86991
907934
466734
868554
416946
812385
32985
717274
48509
800405
343839
203779
874509
238216
300695
583495
183453
766344
558656
46975
658312
562719
918024
619702
479205
372683
305632
19010
649830
288793
909089
315676
88748
815457
921018
666526
892733
110706
150668
566358
276130
77751
425283
944742
895593
730073
866504
239500
438914
72575
632369
354112
626266
267206
237160
140306
394499
469340
732698
774268
806100
327898
739739
629041
869467
199438
776174
232558
601518
198472
99135
577475
854839
195753
25157
134203
603190
28295
355358
892539
966114
134382
37292
240836
166855
728778
671413
505113
117647
28470
415384
591525
947965
375352
502962
698928
248446
739739
556082
33001
212053
498912
362774
568476
451067
686333
763543
868168
233605
174757
113596
479676
885921
167244
648344
561531
93213
213163
213442
151626
639082
985496
3616
701438
94481
711684
177276
725129
475980
838059
929153
499933
524579
735475
338202
743233
33862
792417
303301
736854
759719
510617
980870
266155
97216
57149
594938
877649
550920
738432
143890
597974
475629
159619
887207
142925
561729
978535
440949
105335
852349
774400
891748
706870
417772
730970
645148
258764
139433
443926
950749
583208
754205
454463
815853
863048
165169
831943
207680
786399
619829
695163
789516
83559
91536
646989
364962
721540
18409
715347
296086
389311
210077
198513
306619
168995
638339
236324
533445
808520
758047
430180
846225
889482
174050
814663
121250
746634
297047
498803
907887
303962
92486
456816
670863
374026
820289
183848
74146
617346
456646
144298
795882
565312
506316
312261
810853
549903
887295
997390
634239
315017
432017
680525
853719
539000
704245
135249
499586
387664
795578
214696
406127
301496
162188
26658
927441
665320
422481
961277
166163
847796
679288
364708
834745
190992
318488
278712
389065
20006
402323
605961
781205
819109
162645
915333
5072
42526
523660
529337
177364
105524
816950
443435
26063
78450
388089
697315
100284
739270
94802
633652
965452
567625
735234
36435
354319
687125
150355
927660
224588
54986
647245
4709
510667
406852
791543
10663
507555
110706
654449
52187
861507
868316
77916
414337
119469
630863
590114
959076
507579
516854
171113
511224
803992
707744
320934
273548
38544
127830
561997
738715
512276
593976
388487
939136
634623
338057
594122
814567
544449
481820
138040
59828
38918
731976
5425
488363
363238
413169
454762
414836
973366
354576
227211
587331
227070
965014
897582
464772
420982
163483
944022
66862
36521
606217
97280
517828
890119
356338
518530
976345
540328
873990
415534
950795
265164
199881
191814
546747
475634
402381
259726
443829
640223
861942
892039
703798
853329
429322
254212
397671
485430
949517
520074
720994
876512
735632
351012
399023
470626
968637
810907
804963
703208
701053
176013
467221
71436
276992
588668
13208
583867
823706
415486
343773
121333
929244
358547
487795
260126
817019
170551
57958
154607
911804
907703
191851
128989
256707
309731
91424
999921
306995
150255
130374
910132
444542
967069
968412
95284
437974
79851
797404
457397
47998
414434
833901
742184
21614
534405
880272
100111
201037
644401
62291
431316
446407
947971
751341
469059
865623
445291
875568
116718
438850
169324
938327
988644
563436
329934
780305
639340
198721
471287
789315
119881
185089
760706
140498
58689
233804
817484
322977
61860
53395
903951
374458
739662
7720
515374
862482
217622
561306
737958
288373
189577
325086
526990
508570
621340
746658
875044
851679
174032
720811
715388
228446
57715
345242
541380
574810
643296
355780
537418
970173
811513
958289
755305
297619
33925
217675
868332
149120
339786
954852
857430
457442
266808
830468
352075
444998
598196
343713
906205
955547
766209
262263
313057
779320
806401
512068
996571
388282
371145
347707
287296
980230
757144
194087
842872
120108
901047
875029
377870
434410
487292
822902
109692
340242
975922
870586
826091
986694
232633
167065
918599
276868
742874
438914
316338
764586
555729
376257
934832
843903
335422
942739
328588
273503
672472
248326
292898
181544
291162
251451
32682
10428
324556
429621
77703
876557
681223
88445
179718
261629
431652
353298
694463
414054
404843
875015
43632
217629
385033
993517
120967
871538
585606
390272
793699
395793
412337
985390
177773
868755
107285
422307
358490
894065
909631
52915
634242
265423
429913
631522
51536
660357
977939
381304
181169
799661
283211
268690
411255
849637
777054
256387
227862
424989
262130
275856
183496
189780
966399
597287
269835
949693
323586
571928
403678
362636
919225
713274
931189
818523
27098
98728
325816
245201
40004
646500
463643
812000
705279
339292
500368
473209
635062
800494
278549
896817
104713
601911
794119
916022
755179
958674
454897
378280
552912
659280
162006
37819
155471
845614
702347
182255
878178
124300
135002
549436
639254
256243
779031
302514
714200
891096
207518
393663
853261
597986
618
66630
461145
211954
828288
47304
635579
438373
471813
581511
608632
628543
814685
895425
510978
168373
807732
358097
741754
857979
736519
783235
346837
313215
208340
109685
976161
22943
617056
801570
297319
815828
221852
931238
785206
72463
167762
920561
314681
392029
558263
63407
416158
669922
126191
123852
469800
349797
880528
970024
132271
52525
36045
994545
546660
308940
101267
707182
304824
183745
168944
479372
1822
831949
346213
969078
588199
803423
121578
840385
79510
295711
634742
129980
799025
524739
176351
567694
896119
385821
964992
425679
314195
142792
778239
71468
760074
649026
309155
87719
136388
850317
2392
971766
923500
670141
853276
38895
178742
74317
91276
124171
678573
945530
247132
937645
540452
163033
971709
275688
999158
843150
879202
397525
70786
907504
966131
704665
43773
741490
962526
288162
221273
768532
210761
71331
631438
847710
852008
851628
752346
344916
456299
71611
383805
773544
832185
305673
747557
693470
432058
894486
452968
228215
527140
122713
143469
409126
120656
446407
132465
996064
972245
69186
770802
849536
902538
399887
488109
992670
89248
473837
339924
62853
380090
539785
50710
98202
306076
24895
785848
349607
749929
617880
997004
732994
606075
939253
99964
652099
980349
577176
440076
118942
299657
337910
842527
194835
499676
844052
969772
293269
264684
406894
85799
773278
477574
286837
973927
342192
633477
167924
241011
297741
54080
310504
444967
882898
882565
