665207
762152
225553
724824
652987
186221
444355
926988
101857
277125
609553
171041
213461
383552
744851
288787
94395
425721
352935
5011
673004
555457
445773
101275
460742
744918
760125
296236
558898
409248
248632
314325
734042
269379
149760
413493
254696
260795
384296
442142
303775
801409
707223
536958
317214
844362
597112
933109
203171
954566
81506
961832
410688
876512
823162
324841
625436
204563
780438
193664
114296
849576
367133
393533
217554
55680
678276
627602
73905
376750
246034
846293
338518
124840
705932
842934
845140
892331
385970
491870
628751
228511
2425
831519
88178
738558
5119
137678
366552
65599
656237
310303
597006
69386
725307
691320
926915
670589
918911
321180
517631
564753
794165
61511
247001
510520
424202
347970
832179
996545
558451
544653
949527
519026
949167
878826
33873
875499
350240
44861
872586
31386
983122
557429
93126
916567
633526
887788
334988
181430
918759
859915
460982
871247
260216
538438
671103
937572
761709
945424
453036
124395
456194
222611
284280
960562
947434
723617
237098
383505
873657
302666
649783
983610
518026
621864
526761
669899
750778
693859
757435
582287
108442
357546
813801
951114
293209
115774
129409
835787
379201
1999
239668
890110
944517
674310
333290
844172
726390
206195
593647
398390
22666
609814
456524
655380
390801
133973
143598
5942
960507
759626
486227
283059
776291
181563
692763
819549
325186
531827
909469
563284
812531
10663
666220
773854
245095
910219
588276
225145
92876
185624
289655
358985
278221
932754
573944
310180
767893
346843
154812
132422
257198
898980
185687
724746
517656
841869
21775
741773
767868
734626
493411
369469
357585
502323
969320
288484
450789
369334
751943
753580
907071
923336
355862
896358
443413
738859
720441
954262
192734
929828
991535
542044
499901
423200
231004
436290
337249
110330
206363
575135
986196
827487
444115
252524
214823
763528
410134
212140
806240
673703
4796
159687
902465
118962
823795
443771
749022
587586
250798
841123
27150
824621
421951
46417
806504
522959
546425
534428
818902
827712
698105
946254
634892
824935
158431
216565
751113
177766
694770
791656
889345
429168
628357
189167
429133
629186
5572
469323
737041
782175
6801
778126
954467
181064
541268
600064
233262
416989
434997
831317
139783
991707
839529
915733
170342
930444
251198
993172
115495
103808
479692
876700
605815
941025
467938
402382
653819
15586
194195
7294
846751
787249
296562
825193
698541
297427
455513
776384
302120
161867
822159
545870
257663
43894
930187
642056
617715
793864
57801
571069
192873
5433
543001
70793
752450
230210
586399
410620
306814
491785
60294
581108
587846
418541
911878
553214
498437
605220
339997
717639
953532
799177
265927
490299
713006
387370
915611
433639
106024
851055
312853
713081
639743
421850
603316
959837
257811
302412
558799
138425
603317
396990
305462
292386
439866
424945
728232
150926
667600
982113
872635
260749
895257
839980
58721
364692
651860
950772
535911
567749
404102
502154
853436
76593
813325
635418
589252
282718
750830
766195
663258
487646
816524
943197
743138
962236
124419
339353
442002
486255
856527
36215
313724
790432
924213
835282
543178
597889
743447
310820
4286
830236
701454
824172
980051
771814
923907
961015
923849
251074
140957
897905
506349
631177
978499
517631
953772
312986
126557
542716
78961
182987
881032
83647
104701
282306
512071
209919
272616
10177
331554
223690
37065
415104
958052
904607
513800
635980
450737
504613
988534
474624
675919
410877
94450
353659
927795
55652
864269
181363
53656
159949
177461
199263
27936
522869
977780
214656
824006
127099
90663
727101
21402
701693
750070
633841
777355
603001
283863
901489
679065
156583
359264
465230
194128
603628
873005
965445
444868
499213
345432
85742
504822
50971
487652
590580
433415
708387
45276
768519
939273
852752
877652
496594
244840
965123
371525
329984
488441
410142
717898
211066
180230
709337
894312
615375
452268
832760
137500
173120
772223
491293
1999
153429
460244
42473
139334
654695
129197
201579
194494
340681
911409
339555
949004
298784
943907
724375
108597
738550
424133
626116
465928
47767
771630
24544
855937
99618
451114
658423
313500
864380
471122
702381
588409
331547
701064
967779
769966
474443
218610
990767
624774
114020
993180
153826
954012
352199
540896
704139
232799
255927
118292
419806
550365
333138
244650
405234
591411
498577
917350
255563
308680
529286
797291
418398
751705
260151
413714
859017
331412
441083
546619
320014
151997
506094
15541
785332
868238
358518
314468
787689
808725
284312
571673
33431
756432
1372
303154
796639
543097
151732
955962
780255
460936
383929
769891
474275
426687
525422
792040
63028
569202
175696
724600
318149
445407
550087
436594
425057
435315
918510
398252
166077
977742
692916
961459
524998
439499
555035
473836
77385
321184
18956
370949
502238
228145
439446
312025
711224
938592
699406
471329
295113
403584
872156
793229
919284
597095
206195
743960
693831
631307
978176
849112
165861
294614
701042
611403
525042
853321
816342
442069
693774
154163
974287
519361
808450
982113
701007
490663
738000
26536
615722
48123
986618
536909
402305
554302
680616
971815
110544
808233
255211
498066
242851
744175
259983
247469
628003
815486
154295
339892
422508
459317
219638
134721
128419
783179
514415
1118
954170
477596
674426
67074
632997
795716
674188
450531
145794
902057
530722
134245
368221
767993
468038
981855
844263
624325
245365
447853
371270
922429
525368
836991
982038
278218
571488
336567
49328
965821
925415
327439
894830
570169
218392
896937
659149
995508
375762
132712
162593
58449
611026
573727
804230
5049
202090
421700
989615
391815
853917
97552
595218
763639
183887
786018
634601
92941
739139
348422
155988
650284
595661
263132
485929
698410
849823
590026
215356
877717
149202
515538
966177
305481
322509
499764
729578
85288
554772
267684
866365
575607
404538
469671
938900
892177
186350
289547
807806
288746
227552
952542
836612
341836
442068
268696
693927
941000
752411
597370
31350
547830
912611
524998
816305
819525
187064
411664
551071
14905
486297
343208
340418
893803
753391
3454
747692
152101
792168
536474
946817
976206
594129
576442
397680
375638
493599
338338
317767
574358
374832
904010
553562
165070
891490
149447
175138
38618
27090
973003
161265
548143
306995
328643
826596
268522
461537
119755
689988
781596
713467
973988
82232
489477
549456
312866
470257
962780
485859
732774
308603
974062
292909
616349
598914
454034
59203
204219
639852
877795
231758
784547
980950
186308
682371
730039
150966
243939
177613
160933
325780
485517
339664
383057
325824
728993
210341
135302
645303
356534
597149
250278
408002
855368
703034
438273
290712
85866
444157
743510
773991
627440
332194
75368
134883
966634
141448
262668
641265
482900
597123
808787
211827
857492
275523
465136
475449
175574
911640
267151
934420
841362
557446
264484
969539
137642
431693
37257
356415
100321
248727
382488
943457
610744
573048
219902
152245
968885
900603
380621
520739
462689
699053
467277
919386
107653
421118
458894
218989
524027
435745
361143
485856
495182
859711
231010
696773
59243
589336
608767
93715
213455
778152
612973
913543
612216
36089
780813
954353
927545
88781
637010
359402
57929
790817
824060
737618
152428
949260
681803
153042
329770
895190
448235
497553
96701
805182
457753
299919
215233
498421
842138
744348
126546
4403
482956
7295
204137
92415
26587
886393
522748
26341
137067
133488
192295
984882
586977
26793
107645
846095
942773
333896
150334
642408
827140
513620
918567
240103
129002
523507
318262
235828
597046
650135
709492
534642
114059
926943
944354
297787
837931
357412
242075
793415
5944
460851
432434
188517
84219
593588
98934
413658
274675
439502
478554
724704
677748
168390
610855
115579
944197
769248
369465
970294
827708
103388
795670
892211
218870
880606
13196
837632
550878
896364
238896
195614
761987
673611
194151
106221
895121
691996
212372
315066
241754
336953
396083
767692
484057
166282
912618
782914
922065
255563
887299
252835
379479
281402
140313
578423
597095
297304
222764
158100
84316
594510
292759
723281
318776
636178
565482
49104
402058
827056
525816
965963
604575
915927
746804
268062
139529
930650
88731
237526
655002
596624
556335
164741
874729
105144
266055
283180
538324
387847
934652
409658
736276
720136
599400
595580
514667
123327
238947
970567
445689
537378
333664
965421
239241
182757
144024
73591
854127
855752
413759
523598
322721
73404
342878
528123
643056
293845
878868
278754
396181
403561
516561
602836
441772
148291
953621
686703
405079
117377
475934
291211
861843
206221
241275
100531
652251
668615
603776
16000
724325
63909
135538
639743
656937
773311
914987
960795
365887
488875
605313
130612
790989
432992
475251
776575
972934
221166
930035
476328
749620
696238
638083
136518
656822
820900
878348
849041
350191
950161
116888
891760
586333
487857
997333
911674
252069
736964
607839
503337
688238
613905
542196
73495
957867
382365
647431
603086
867752
380795
713801
173992
721341
492783
733693
642495
191248
336695
725787
675702
688405
11271
615125
265826
646794
780650
361538
715697
81184
222755
37501
359157
758898
113274
825560
158459
5166
432374
722548
138868
289818
939223
960612
409865
674875
54537
959173
689680
528647
473073
966846
902787
451590
540830
906678
328729
860376
235193
70397
835361
899198
749388
704846
656489
373671
180281
62445
561639
672785
399095
577779
458533
497847
372391
790939
660401
200445
717531
948111
507081
913862
851170
837396
140691
861197
546910
958881
617514
729041
689435
267511
8043
332622
121368
833838
359297
243163
139389
544452
204696
306922
163935
597955
836930
830769
763216
424997
720481
970113
602601
662558
439502
64758
850841
878431
579775
528988
903263
377349
918659
131667
747774
273667
115522
203197
13526
317309
497045
838469
86256
70506
626313
344978
743165
542568
461909
696473
81538
355840
110958
927050
278277
994503
895541
250307
493510
376284
587151
213388
554466
134967
370025
868258
957920
257415
763147
877727
470247
52924
947170
14936
263303
980630
578531
905100
13824
584556
326416
324490
206992
792578
781680
428097
954651
221137
559189
685427
910605
854786
526383
799612
722214
435992
619220
95913
898052
718433
654831
566745
448655
33484
823653
524047
735076
220460
78796
665019
357225
386468
717955
91072
822840
315728
294196
674677
812907
419888
65962
53649
998704
244543
852408
545225
918440
730429
187503
142917
520712
248556
294796
158374
95383
743282
976459
266400
406443
358228
814411
456246
313202
73321
63773
832885
900396
53236
655847
297898
125126
795662
102618
747444
543901
864559
156213
86737
162295
556597
89052
600285
167179
699777
618120
90319
300784
341541
241538
529252
545795
56821
753897
232364
448315
880322
400554
984741
134896
590504
354027
795892
835670
141285
332774
289711
957327
222402
615227
337768
206436
361534
719040
530043
724191
753530
111213
688476
770687
226359
185799
88731
161877
348958
371110
793100
219458
930795
198275
409674
170852
547510
16233
740477
139293
713888
134321
580808
667448
514599
488647
922688
618622
630837
238517
416380
526222
512017
635674
667853
881887
77703
239318
522895
809275
454337
301224
221848
378140
423687
228532
130978
706253
823885
852303
388505
429205
798465
302324
192103
409207
553957
108939
585911
525086
632192
694944
657974
206023
319679
788448
832122
20109
280392
89285
553420
402229
766259
839600
459631
838269
38730
207519
539883
632179
855408
730499
407131
139834
731192
359519
909643
199411
480432
832729
403375
550513
697847
878117
800371
14543
740211
747099
949211
137713
191294
325079
829971
157661
917814
663806
473243
919146
594533
454525
822391
267198
959479
298263
626082
80893
612777
982457
595073
558297
791208
439281
120098
521569
463328
977548
344710
62809
217072
194050
216653
562798
589893
676452
851265
2369
196492
18414
997900
835514
410925
794058
53692
575504
831120
155430
351342
645755
904139
152119
746258
242422
600877
402338
907486
247372
860967
567064
276462
665761
820093
583836
789167
666670
784682
510960
336996
334014
931510
388899
745727
939603
978209
112968
729651
268852
971535
855558
147377
281834
37345
123435
997957
442496
871974
679530
870395
863840
25445
185292
949001
311512
512867
971641
443265
635391
677489
987769
436366
601020
287165
327500
955986
728929
760304
585919
695409
188612
353785
428260
67738
939004
701415
444444
417651
404976
181804
11856
550362
526574
922690
766580
166266
167357
475402
114285
309738
930691
869567
110951
753352
51901
709082
347459
57185
418017
91798
292264
387293
325136
163518
746129
257205
107427
821843
319807
61150
929332
177457
909988
180658
933583
673384
837632
440827
384584
497063
194694
494509
868099
964923
583018
114161
170749
306785
454785
263951
148418
913052
871207
95015
420062
460147
876025
13680
165128
9289
799501
974458
952546
965651
992567
54231
379941
440029
583731
192179
529696
518015
6041
275058
259783
369599
677895
911395
78878
674655
963077
254935
341211
400268
867664
100840
311483
484091
996636
548675
182327
88037
636933
618993
522577
950600
452748
968780
259466
576082
736788
439010
916549
440029
756307
29651
265357
585919
675142
633689
373669
850992
48890
469265
814250
775554
826181
684324
377943
181406
923238
763771
10078
683311
404880
50054
548914
559223
115209
71707
421277
217816
247694
158863
628194
75103
536825
785225
973400
858025
902435
22951
796183
299014
464804
615721
966579
810652
302149
332768
886995
850634
229021
471229
256971
139423
106682
642049
463078
401590
240604
130791
382532
830869
412083
745172
534016
304157
305783
844487
18909
333042
331912
442590
849060
212678
687995
648325
351396
221479
666499
969428
4321
789135
519954
558917
150074
935044
486296
886827
251291
149810
218386
137005
379538
85452
464693
687486
795355
268545
320838
939650
677141
552195
576620
905626
217839
26210
717806
779176
526359
247049
159493
594485
351177
181124
542239
778997
181362
68154
367773
452370
425049
176192
741613
63126
743381
946064
654143
571772
510168
552804
556782
154327
12789
989078
732687
270825
706803
963236
913926
779475
67339
282908
996073
102844
393225
732276
674655
561947
222014
815710
251108
99422
779372
247277
565511
704530
733106
129081
814111
33899
31186
616454
774835
182391
702952
143884
10728
535130
112381
60022
826264
819427
285391
807929
171601
531277
953627
951206
934353
592831
373531
348777
576870
407087
257001
187941
851272
650783
25828
39486
325932
154998
627488
758932
943051
540995
451762
479391
213588
119727
920351
94011
16840
457194
120819
720226
550716
784428
163738
742899
639771
779079
567664
760527
24647
125175
61167
440973
23572
946217
681022
896375
192409
444578
128150
973454
153638
313931
274701
883763
705014
147950
655791
538306
182037
609523
960180
424897
18608
159086
567587
543310
233162
35785
884999
612435
484710
131174
91656
961186
577311
700449
606658
7288
139838
134755
717653
686940
639746
855395
422179
360904
356695
805297
153810
943823
163091
239217
152768
93631
157650
537063
667686
960221
976762
962621
74153
866780
667539
320688
871851
276143
719794
943427
139990
807620
656784
261136
988845
603719
796209
292138
578097
162335
285974
133720
453246
377379
323775
954334
730165
720949
497905
447208
462793
82513
780838
672308
33835
466148
103474
661031
835778
916756
897505
823834
486280
635308
296253
615142
725116
101256
491486
84757
389916
662709
845542
551734
585210
481950
969604
510914
694799
808325
750869
855262
582898
605614
538341
411838
769706
847841
220631
417696
21846
628751
290051
714753
376213
372298
532891
975052
300887
40710
737591
863139
373671
774071
679452
142573
949251
425594
697550
845231
425089
563567
25599
351711
330215
620683
332498
600739
942994
497294
740894
201539
696300
373692
340500
237820
816833
48163
277946
139990
889676
63875
552225
935986
980060
684231
649502
654480
468329
856773
71176
166244
863464
864622
992635
226955
892198
273819
313575
891791
678707
742089
2928
882616
610905
489023
216594
867664
912034
56300
699866
144391
920306
677449
139764
336214
50919
198782
423743
723876
966857
756361
615534
969537
226801
775647
688994
57586
277951
916058
87070
410084
11279
230315
741009
467938
310909
198884
960860
468692
759375
466932
52655
164227
257198
129178
681816
921396
717279
1426
275348
213386
677180
399278
906210
117685
513780
849218
847921
407380
689922
776223
816768
65187
253439
868080
694778
276970
687054
368246
70312
813414
635263
986125
675740
996107
303386
892503
583262
778630
565689
165206
18451
377669
428154
375654
603719
688780
132563
680733
260529
405838
587071
520293
98096
161719
104018
771063
694139
528681
933408
264623
175202
190348
169913
303401
888126
249264
946755
721839
707848
443043
867139
39674
484526
283608
136526
569820
224040
640290
27287
659229
728421
164382
549912
31318
249320
443082
140124
498081
520136
860752
643635
215540
663969
878032
581663
31337
731103
46202
967079
519676
828053
756413
270693
126903
537392
318266
283419
113545
928066
444830
551912
20025
507537
215586
459723
387285
635020
959457
564623
954058
410688
155960
316526
808539
347247
396755
529953
361629
501704
382464
406764
600744
4217
443465
122467
505536
413211
517750
969847
869783
683890
291447
740666
761782
466197
486053
289609
292588
390409
932585
470007
625515
841804
835863
671367
775545
422757
152231
229253
174188
917740
861775
441176
898649
894441
949940
535130
262875
767692
516322
441930
257948
430228
423589
767908
269552
105060
687411
59764
719241
322382
893266
668126
838896
70907
711911
829265
552617
845530
992980
655169
28189
590651
877717
600437
857508
273436
455761
798279
249264
805551
343193
499220
883519
979280
470783
648089
207391
328244
700887
731009
931993
89314
267663
393732
256119
497929
134227
385429
618313
673861
772051
494737
754665
11159
685663
840553
647719
966717
318771
858763
976741
406023
224647
305654
539386
114197
573881
725378
699148
576865
617660
322377
587298
992780
795449
917919
508972
125698
166888
123039
521532
710329
24497
152605
105628
94087
37379
901334
237130
99298
552434
570037
197863
868853
811554
826550
379991
225011
183322
568787
168401
420216
474167
97290
500914
589494
31771
661098
41479
571184
954164
961621
70939
62080
205601
255666
740577
794418
765084
513883
515572
262943
510604
450763
332262
381889
627488
752090
784185
570512
556864
164590
390019
640553
697226
842076
45197
278977
73692
559223
726070
492081
251885
331854
115914
88995
693846
47502
435768
699606
11353
991829
530320
579748
247702
106898
437208
984595
549909
883387
532086
528988
89126
150969
380316
267605
606720
803360
809135
236325
461594
706779
99046
15205
635730
468987
14582
998986
289002
548584
40922
948861
612888
247637
847080
626597
244360
952476
380773
731840
39365
100902
469464
518418
71895
945467
159150
373496
1890
807889
120254
882258
762007
476387
271831
488253
170798
978744
810422
264242
48783
938345
359818
213476
95008
359437
792631
500166
702431
83914
965349
826124
821045
448743
169616
538168
587115
912060
400733
301585
620791
787372
430161
427426
327986
932187
112353
869915
627761
190727
901231
139543
153845
349355
777544
546588
383230
891457
389883
755805
131383
477136
609124
578597
661388
159030
610728
583524
894242
823128
975000
772547
149760
488233
362639
81373
316535
509990
973424
429966
348565
456549
314965
567986
689935
752415
550761
627488
781
787390
216679
128455
636754
133118
329930
780357
598616
908814
709791
823783
437032
690169
589249
265621
680826
181468
19619
48536
256185
939216
86492
516034
674465
889437
250867
242047
557416
97252
423579
22290
225553
679721
334498
197921
299815
583243
255563
250027
226744
149725
728626
442642
722082
28867
562594
723510
743663
530106
994754
8234
870957
764341
364471
120209
298983
894862
155660
901893
604832
55148
227085
488228
555851
3626
28535
287469
221963
22621
435832
983485
762449
682110
801157
650261
746565
853762
835201
657149
209369
221253
843667
260679
104198
501368
348426
608462
20570
744331
672096
479935
964312
450997
157661
736860
684747
597420
122002
732456
668485
965497
634710
435831
973926
622521
27391
350262
721112
571731
750578
770474
829091
346789
153777
313933
125479
662545
545342
485160
584671
396892
714795
503019
884922
105144
266864
963732
826931
454010
565154
964900
956039
187432
496459
646645
200446
87183
783904
353470
573746
609343
331066
580535
93822
754525
655526
658939
162043
795893
318733
801721
357873
956978
670981
564989
991662
803325
553946
538430
567852
879998
114254
912793
709640
518459
382850
232458
95741
668666
815976
938797
145509
369042
161991
282828
75253
240086
828379
4137
431941
586603
54607
860076
53673
319392
861836
305717
507997
933802
976674
72025
127558
310143
837697
418671
499984
828646
962312
238211
138559
271410
712774
813343
533140
468630
930845
936844
627129
473960
278343
510670
376609
687855
271941
980892
293158
941856
334987
736492
834415
703734
576558
823296
356203
234838
76161
222695
23025
782061
603585
502665
678243
313687
591616
746963
771725
802161
739764
164575
729597
769454
278548
467052
374098
730689
398652
854496
880226
357056
699240
926915
576263
602786
217366
395914
683251
890370
465394
250518
387064
604586
643509
9219
798045
531294
355617
830402
687791
257919
764847
40727
994993
443482
774062
430984
521775
365427
924444
663404
877675
813777
169076
575315
659232
313279
160730
981196
766806
255946
454741
479424
159947
842061
430505
462552
431757
933155
195913
293677
54780
106463
781964
557499
497468
694541
784182
862488
279017
797115
229060
19287
754293
361289
843413
691441
910164
690727
855692
16684
513741
443864
930084
43083
301570
782863
487853
601238
960611
733106
411950
596417
26671
916972
139124
458702
214656
82255
693828
988848
57561
141952
898636
373098
357926
381688
790511
369664
962068
379938
377078
147137
781680
933775
443119
606972
889086
774724
397365
855807
140659
294150
414248
132738
877138
861921
358456
739914
682409
423590
462755
45462
289488
929480
755902
920371
558612
265357
225619
756609
51076
455993
71901
214008
993728
759878
480493
141030
377500
140997
893356
645901
741540
849532
157524
632982
838812
240238
336187
528121
676140
546301
166374
941162
261620
519942
274568
876358
197863
625945
397467
68147
665171
777743
511068
139024
684037
305495
470740
70780
167008
26386
629535
96937
369438
595438
982571
899144
199276
422449
384227
641198
157460
493661
428453
230882
432797
739488
121720
634660
318555
995259
30321
912458
740394
14573
874459
574353
539719
546057
821476
299234
48519
707696
156963
272865
993648
391854
365666
819996
294156
350593
141008
70880
349719
54512
595177
524998
899638
516054
421439
494336
920308
763893
59488
943904
626750
519231
930476
833258
614929
532884
402932
804285
449133
507236
155503
59773
482537
74872
799331
583964
870297
28701
229642
592424
385002
681611
14556
921360
3979
703834
158319
860153
234832
368191
14195
636634
998506
365212
971815
573642
376149
173756
738392
4728
386794
802714
842931
162646
631637
668892
314268
626176
338916
827811
495939
458387
388513
18521
22395
67956
123264
213258
839600
44875
567466
503337
405010
313279
845687
149400
50462
860705
588836
733051
582722
208858
691681
282690
700564
316344
237670
519614
584761
443861
237500
549074
975673
710381
628172
407540
155722
192292
187604
212877
492315
554969
351310
155246
416964
351973
971597
413890
994558
654973
636181
750951
854571
74324
424350
332710
972353
443524
249580
845440
908987
103160
812059
148744
502891
835787
530193
958539
403650
315042
551619
440100
318041
436265
479934
371115
786184
612096
252235
51386
463335
24098
258572
673478
79064
624347
910950
687881
363628
863119
517897
545879
515927
790026
765260
298195
759843
297567
70299
120541
816174
585008
406212
357552
624474
425057
127632
267328
493757
346513
266851
320200
559845
100007
741622
642399
501133
292072
710550
213642
694581
402797
901003
613607
276960
198547
404939
442889
18694
463284
455704
913424
436754
196068
28550
810005
707156
223558
787261
490103
123627
824484
129051
835456
822691
774959
788527
423262
602388
760170
776149
547493
400179
101857
474004
442194
112094
261113
94930
12954
346834
510274
418090
527330
238443
161162
784021
813638
74700
114610
382887
404328
22723
554678
136489
200304
382089
337954
576169
886972
859441
984480
487174
868280
233555
86285
426064
574355
756972
713081
208858
13425
657566
300583
701815
973269
170128
580149
375782
37482
977063
542414
881410
148129
353146
614196
413586
607849
272488
405288
462947
688816
60153
851298
825289
360346
172162
46861
449075
464128
986042
673327
357005
583432
394473
789751
415345
423522
864220
548234
333021
10184
908242
98730
165416
676955
677990
140348
750760
484861
639498
389713
205287
820613
329599
551657
438909
536462
479473
672401
95305
376552
235457
221978
977534
928782
219725
237311
235072
510056
107731
756282
799397
222408
315820
204911
160649
926789
624518
391108
54893
610239
663811
121996
178681
292332
758653
150546
401498
993233
917272
163706
789660
959325
106891
267139
171687
78283
883498
913363
973654
776898
607400
444576
602920
843177
538194
861402
245250
842582
230044
343916
991167
800482
693932
37415
843714
316714
647457
218017
634627
524533
888511
829897
725135
137984
259149
986497
430312
270206
750886
931308
420489
852619
646705
14624
468552
324253
566033
857567
779705
538259
306297
486841
218482
809245
26054
802192
416006
817725
909233
409898
398139
365972
455586
259970
920042
29060
33929
440908
313687
938264
421192
704293
33427
99073
420190
652305
252948
854579
901538
863967
694059
81787
524973
775041
392907
352320
359855
318017
420331
76100
395645
954703
621677
779603
285081
26725
336947
831273
322834
993632
969165
791389
597379
869894
480261
947057
275774
198589
154179
936484
381186
923585
777917
971108
257113
576825
22307
451057
171491
100969
363586
293512
784173
95854
324156
939711
628751
345861
166335
851193
373554
435530
832144
263891
86022
326766
208491
838501
74841
910551
264289
50711
538810
613729
457281
85902
35963
300211
537019
780175
575988
758654
934892
797940
792889
547519
818133
55224
821414
795047
187143
389432
436546
315957
761605
825917
657374
16671
836862
722832
583996
323242
855643
766259
25174
129318
112227
881007
31251
723485
380514
278158
217160
476036
160941
776804
814670
211767
599151
241625
541913
45166
907557
477958
530965
733052
402229
996365
444351
965172
911792
547382
491258
735144
739645
779058
8245
66428
282306
314093
112767
519941
100060
961557
217832
681493
448110
985739
397441
860182
914009
217171
583691
826861
660950
726373
973174
332075
481708
80666
92472
249098
352235
224162
538909
652911
380539
188489
916524
669108
209613
309477
581630
703171
59183
412046
605091
532720
328273
777816
45912
131486
976357
674506
923389
480421
784497
88618
433188
268311
22868
928676
978674
873195
143566
858342
532042
337344
886409
502926
219302
183580
599918
716030
956512
645368
702177
882905
307199
325818
267068
712922
963431
928330
482614
245455
801392
996545
548628
793372
428525
984681
473637
138146
835552
737439
68792
812262
43990
284319
614095
658833
719129
649104
773775
456524
569455
203591
580137
822175
42332
410000
662411
938858
901060
522155
334213
412906
440114
213687
570833
340061
444833
127431
155797
734878
95925
155351
284738
859936
718396
631081
588276
234377
744611
657731
830600
404824
954938
963565
492764
970641
257554
295576
686341
280604
48337
451024
451973
946945
69830
954317
509465
23158
838760
207073
493424
874132
970113
230520
586816
47749
378906
751379
487893
181762
754900
280894
698162
943823
827393
204197
297431
911701
807620
894228
643433
984055
819650
280316
490839
773536
892874
764219
98722
117945
654791
618618
964142
235137
413758
461483
32933
29377
622386
248647
684737
51810
880251
315740
390545
669451
891950
439608
603719
321294
336247
209946
184439
730697
61504
452965
706670
917495
86318
800291
248533
339472
224645
956731
639959
474449
707920
520638
871990
533416
742225
286416
558641
42551
228947
837385
378074
538948
863728
73006
368806
342143
142320
783343
257228
676377
441439
364266
762718
289584
744755
192133
341539
349567
94032
645303
756789
62927
429071
41639
943379
889841
492111
236432
332550
215872
441412
105147
228152
961405
700381
532259
160075
428154
50852
108702
856048
978081
70175
795987
720121
959086
442696
216282
374491
24568
81893
259002
533759
26066
692581
217410
942635
752040
482601
947234
507916
737941
21154
318892
536316
679395
559095
964684
343838
633863
627641
377301
228983
580945
887667
220344
733621
348592
920069
333960
536503
346586
954086
822874
779344
130360
327116
338927
171068
847715
807943
824871
503623
575948
500049
878053
636241
758581
867619
537090
685022
614125
550577
794234
984130
435393
895820
558832
728086
797212
201485
477410
174980
211468
938300
951326
598523
368225
259476
56785
976583
260252
666675
738845
914279
467872
699034
93604
612916
864822
107734
305116
5219
751726
535764
370436
211066
359831
945164
737028
71280
122485
102831
868710
109240
388615
592852
867690
821408
637985
118431
43879
301241
194634
54462
822617
904081
628866
625877
619678
875801
357062
555051
585360
81452
943192
413920
577329
25006
550089
960239
988931
825757
439454
520792
677061
618364
475734
562477
871546
923536
972037
582749
243367
468894
539703
18370
853249
805850
350940
19
559205
497950
314074
178938
163035
187935
767468
267115
315511
335068
427443
932053
326707
815462
483809
26341
899708
549621
141172
265774
192470
473637
620118
796381
371321
69585
599262
822479
580746
28207
964947
866534
695059
231627
831113
630489
114098
786184
617978
287708
657813
450704
793394
484029
167623
693514
303386
770665
554807
560208
564125
414466
385458
814745
658517
701175
355813
697444
649177
938298
678110
106865
219020
46466
129574
196007
28219
982382
524222
837642
489477
924063
471687
549412
636241
264884
402968
451513
721618
581117
936878
451186
530212
657695
367656
305806
647226
263725
14965
700232
138254
533872
773922
756833
848951
839362
708967
693776
698508
653629
384926
443213
618794
775352
314683
700028
699554
289576
821106
574019
887821
700449
339196
339843
755253
608608
72637
871985
788275
19294
56215
598309
742705
622897
74630
349630
234942
519572
966190
634589
871950
783447
526065
933665
225754
732617
884082
574016
755722
796861
453100
873963
138873
299274
505290
526583
84021
906411
211918
391401
563615
180523
701540
534016
954919
367931
768485
341178
186221
859823
951681
919554
731434
8951
142567
394174
49753
93319
473726
536229
987962
612514
498351
528553
342421
24680
497652
583971
37186
575901
412836
139254
74232
908456
739136
162916
896195
57866
580401
389580
924898
530628
672459
901566
154808
331238
50160
438188
305264
744357
115041
287221
129266
262494
392115
12641
130236
631555
623504
202723
772140
906602
490460
691553
677489
14718
417410
186693
482565
568123
639834
592869
594137
958576
361539
110377
263867
537392
170464
860998
865224
531956
261373
76666
254167
532881
160289
730256
993945
571796
680042
919626
961268
44225
774424
78778
156932
718135
323779
257189
367336
503754
222275
657106
860708
812526
23358
235497
273439
199280
190934
878471
871749
551442
581349
391190
325445
974734
7176
961517
109381
541645
410275
389805
562739
120342
334599
503878
121243
319057
124372
463661
255639
89996
591021
471459
146241
331748
347296
480045
790070
357283
807361
193734
448873
553214
289823
372946
178612
836403
232732
414405
522385
517897
603722
555219
157645
239126
68635
804157
722878
54665
628440
901410
707838
718454
645692
226911
607414
162497
992024
850076
188435
721735
624693
5879
512006
573169
255925
553972
930303
848169
486020
277643
965106
841695
974107
396270
593209
663857
807500
55528
436094
262376
835452
993172
296419
824633
482384
705824
437672
452052
785346
384280
765324
280828
980108
791461
975280
403158
505164
260719
947175
707081
346530
687027
661254
427963
936175
448701
416255
252713
850208
235234
584936
231478
491350
162125
967278
387169
710506
892445
981913
560464
400235
349902
351083
700457
33311
985051
196377
915218
846420
441075
959970
560332
80333
70961
331072
606877
76569
945721
692815
13185
694661
176677
208367
735547
263548
951852
85396
428797
505423
780156
260956
907002
260776
733380
103948
286149
321595
724453
69633
757273
522827
843405
638268
889962
299718
156963
217480
230296
530008
390691
64307
666453
259467
19753
580753
748455
19682
613801
145094
40914
279792
726318
245312
59876
152061
127853
589646
529671
680656
424882
840600
622190
504579
331416
626738
843259
237633
941155
501467
856642
357442
483282
952576
149142
797940
751709
144367
45825
89924
656931
506296
440159
226089
779800
400856
263295
76771
157511
911779
244619
29128
151896
833056
388521
781112
174801
681889
807206
673167
611092
737148
116975
380055
635138
728213
106749
932490
155692
454274
79898
629953
588671
170383
669305
445854
111282
308181
920099
911674
482095
878519
718232
66559
690323
103806
716607
901691
396061
485568
915688
853216
337765
742807
681130
936700
300125
464247
645310
30569
774798
321299
712571
834491
820551
625319
920843
170440
428549
832083
676943
711729
391808
175837
61490
912297
901555
475584
525261
791459
660680
79626
961280
435529
582053
181135
846878
101793
684508
996835
507733
917861
893428
530732
372008
698096
500287
821219
46773
42427
70071
391433
728981
896611
668514
705537
301158
117721
858796
64022
812098
238896
243150
261998
894862
933935
601598
502169
332652
704530
273268
794067
642620
187320
138939
797115
322587
571848
759029
443737
360616
681531
36325
362621
314221
453573
307016
832454
972333
187498
409584
482618
501013
217807
158528
595427
604387
951646
795436
277665
277896
904977
513000
202243
439722
472287
838028
419745
192809
124970
477141
672284
443729
997227
63653
282314
636405
927047
357283
378183
721737
578590
452892
654377
876829
87804
454785
317034
927058
386266
727419
526277
16359
283787
476138
419073
135385
905842
126807
73681
630647
593767
47985
731430
389760
339825
802083
935270
876185
107699
602826
782989
203094
627046
377646
711250
89916
463459
809880
761709
609059
997669
344884
311623
737661
79977
712643
186504
157485
625068
129126
95790
358800
294784
307327
247347
411953
552883
470502
357299
981751
99664
568009
998825
522753
602859
288913
90374
205265
182403
728168
601056
647660
815718
643904
826507
463470
148355
535636
155051
41804
375287
105398
721904
113078
371852
846808
474700
302494
195944
90165
777596
581358
139602
656954
100606
618840
533089
921916
21251
654524
455928
652917
67563
65735
402595
630522
496737
425554
106240
263548
283411
186070
166044
843127
198596
438846
686139
339182
98435
293774
246856
968358
673412
898750
727955
345711
785822
494353
62109
171394
291886
723510
853611
426947
379760
750660
338630
765918
540458
683151
673688
789581
433802
228216
795849
597966
812575
247358
970105
768832
660421
774381
564018
608779
458034
210528
491350
926748
766057
693003
776737
552471
624318
15565
554524
244174
20925
260400
213616
452669
398317
682812
289445
65523
839706
79557
422514
340610
202439
125029
201868
109675
147647
79528
351310
455250
815981
747959
842230
528955
689567
739509
768451
972234
160453
726124
896117
548921
330298
780973
868698
224627
101734
12439
275604
630904
139203
905601
468799
842061
270130
916331
763548
633654
966957
587453
413157
530965
944870
734150
327357
196254
456999
583466
611502
8404
124485
358736
644754
410598
14905
674021
263461
750557
16615
805824
753262
583795
188448
417947
480155
721506
77819
753317
837931
644542
991774
439312
469651
191401
711189
24387
857609
594418
309952
272848
225518
740351
795213
701335
154005
712052
220002
68725
760280
503057
43718
963265
577305
126512
901502
727855
127010
865103
67013
308411
473391
265449
315215
63683
92393
681110
919845
519572
340511
503477
425792
486611
286890
309809
132141
388547
996933
207958
155801
904256
873735
965374
55900
282908
198095
27818
712888
503057
637850
80844
730093
862354
138826
940652
353349
134058
422178
681310
334276
234588
64852
275518
960968
136044
148906
422991
412354
718250
530263
204636
482298
705426
759223
630317
4363
709531
717424
252758
396683
961977
356075
919075
953201
100227
845158
979985
732108
89018
942720
520040
123177
862876
622105
516511
75862
320337
80337
858601
771623
568092
573170
230045
630196
358727
308932
861802
540751
555593
181763
795038
364310
76124
369977
131814
526410
541893
630356
896513
477628
874857
317792
253536
831027
63068
817127
895028
732495
926322
107754
30662
542849
147619
239081
136663
957366
548116
627568
269175
851876
366455
364761
846220
540355
640320
40358
949048
623305
258968
465779
470766
222346
282152
254295
551424
554678
418863
470783
680430
919001
154045
646414
255145
489944
96382
676944
749006
515856
106116
665822
122377
564044
28867
872775
828928
951532
87850
694822
355302
304242
739085
800806
317084
90577
289862
954586
207054
733048
603921
976876
230540
789931
954616
891057
129503
178436
719005
881411
232453
883509
560751
276386
404490
686178
865197
736529
29933
680308
833412
622074
57063
117377
519294
913248
89459
730849
37615
437672
336653
775908
853887
609594
960524
155161
550042
263881
932041
466198
334748
750722
498610
978275
400146
925986
909859
909326
430331
570833
824617
769394
674558
794806
529095
544683
256452
172470
664353
452666
65250
791224
847689
814915
545424
735087
16867
27668
871832
176484
13168
498481
951071
474013
774250
845136
814363
715987
696419
188348
34454
901319
917942
42372
398070
480867
487500
274736
612258
167837
898436
143293
646633
362382
161992
965050
371882
542271
871322
73393
811476
141242
663882
409247
229713
266889
121892
815108
420591
751371
724887
854496
502284
14634
368601
697473
481916
378338
168607
97518
640009
372451
158268
651303
320434
647865
682024
281648
355533
262499
34853
245689
320150
835457
233170
90531
647021
119297
668302
461148
399346
58590
273819
905063
442268
282770
709909
214825
750430
874780
731406
393871
594372
685574
174334
355223
995295
116282
616042
88639
735937
495565
599176
125093
519735
604086
571248
409372
222999
661367
3251
714277
625457
343377
928968
888446
103584
598010
585686
991071
448277
716575
607630
833364
30511
604098
583840
974423
131195
916218
956802
659404
259263
110606
925938
946865
703361
474779
187956
69602
503921
144313
255786
501827
933268
576932
686057
52362
63014
826527
117838
839590
942164
162051
43892
980953
7355
462761
29553
149888
970441
998491
29429
903670
66443
689935
941164
638317
66982
45673
637586
774289
559926
339010
598960
403848
464614
359289
601102
344939
474105
897325
966591
986632
439077
235435
99799
772146
656381
12951
473068
610317
477238
651260
625039
664104
499176
465454
468176
444830
727119
728368
792357
759215
847357
752167
882499
251153
426937
459244
295132
742992
635305
550362
329182
95349
276314
255659
62722
431359
34044
1752
115038
479742
371003
932747
632805
376512
92941
37835
224647
201361
419736
381777
61528
526107
736524
165924
867887
273336
568216
126010
175984
284351
606825
661232
95248
86101
311088
427250
445845
717513
795851
948863
737886
345155
237484
201762
723263
323905
947374
718307
151959
780055
759626
609855
566175
25314
637981
243168
528361
244543
253462
329341
275831
724781
513736
576978
879714
924835
592438
574324
132136
470911
941087
424845
648799
231358
135187
722088
498971
355451
825297
461960
674316
252159
560828
428718
509605
37020
327695
455634
453360
855790
316776
238570
830790
958637
533295
496099
913996
821614
783069
58583
300720
697635
661607
431902
562939
504823
932111
592331
797146
832184
646493
947951
215433
929880
461514
899721
698101
89710
965561
197684
135209
113876
327946
405848
982382
686465
360814
319533
945337
540527
832833
516546
331416
6579
289136
313627
685936
567046
834924
643400
702257
703391
607298
388854
188119
56516
449679
911794
368890
72045
548753
40727
268036
363940
497001
834032
687480
658287
763976
549732
296734
943368
247179
599321
284159
871534
75647
438218
80893
475703
916845
32831
479257
164037
869696
26962
165175
788209
185705
676478
352161
645707
857085
558410
880526
255858
116055
405568
344280
1282
430201
919223
411983
133165
385120
154472
991280
731307
426898
355823
730223
189996
962693
796737
307094
204591
546068
704125
280782
782154
536664
960727
221804
732384
767828
237656
318224
996566
513108
475765
173997
244752
219799
829033
107897
731913
598562
875543
565919
192752
346319
692011
94179
360920
554807
759353
276791
657782
519731
459089
556558
145757
801690
566431
738845
640389
860608
367468
860543
905224
818209
818493
198192
435350
221479
281668
286386
802763
201917
471646
553672
407765
310691
164659
176307
808669
109387
998206
823606
155079
559754
772533
949053
555810
20400
703718
640457
20699
982555
18082
117867
181797
198430
411408
502756
366552
359710
543651
723339
912524
643008
529630
417988
181437
472770
368288
245042
468806
804859
94780
758502
808378
627829
35207
513219
341128
644664
183707
744887
694222
366892
102560
743110
78221
160999
3227
193649
86593
685962
573383
379450
207678
336287
432989
126157
219725
340920
502902
580980
237033
502436
228019
206995
510469
111027
150256
650783
523550
65534
540646
201687
537284
789633
401064
833410
400800
937146
997735
825523
207638
148600
916074
638898
835540
395513
59405
807149
389047
867599
778620
717069
242948
213526
329746
773801
951326
752903
427547
362049
350240
426545
423558
883412
554098
711332
86891
436640
431975
443909
780760
342290
299718
20641
55143
473013
785375
85469
699834
167031
890418
964325
856427
261520
302881
166733
367959
59213
337052
561347
114303
771637
702009
713006
853184
910102
689778
294673
930111
305379
392458
149163
971138
209535
744084
989259
121178
645662
322377
466971
70580
692755
249890
929724
726850
976262
492051
688783
400070
234261
227552
558484
186140
511676
980128
525863
746428
648799
76378
59190
379751
592338
439910
600295
784824
436285
489341
368464
175616
797615
558526
619784
802574
391855
775686
669525
43156
902149
707490
771201
878106
734950
85698
393109
270553
35431
724430
234869
875246
816149
457071
83411
155564
591572
253761
401129
357070
366105
843348
824765
121670
798416
325557
841407
927933
713430
415329
215651
142317
140364
177506
817291
871825
941182
575983
59689
656127
333142
920020
209469
174046
522075
350797
951342
809089
820908
903746
817790
284471
151997
488169
387783
392978
923606
832689
966733
227053
17605
690136
445975
461720
732536
782330
808237
277436
952542
896054
64698
745457
467804
863746
761297
144312
30042
392079
510114
800878
766822
648799
304215
625052
183868
917193
236545
971327
178507
235261
746875
957415
602426
914532
844711
631859
92957
372166
887671
655611
166423
209435
700521
56217
712637
289848
392868
882103
509465
359511
297835
340757
562063
492976
675569
626082
906699
148059
343044
577471
500173
398
299004
6992
110204
1358
463006
290450
511874
590394
632334
542052
102431
434747
223324
213147
691760
309391
382464
230217
886837
596670
878433
733180
818169
454241
746719
122539
991547
278243
895044
695503
371590
784330
730376
284432
879446
347324
715737
112220
226730
4734
122847
436780
269609
591463
926817
990727
927567
687390
570471
658167
208133
398085
744871
129100
948433
257227
357188
385183
115429
50402
857022
216480
690015
497100
12652
678310
925841
830717
840025
285274
930532
980104
148509
888368
755799
169568
309436
941832
604540
537172
580414
356557
771800
694568
66620
339317
516716
525406
62331
602772
280288
150013
447056
240676
337678
640850
466467
266601
657220
955109
823162
779130
217154
739588
121648
90923
542690
280952
430040
580421
523177
885703
174783
804286
901340
480201
24025
465753
574133
783382
289905
69546
153369
260263
428240
214157
975069
595037
902435
949940
988246
983277
133302
723198
687193
858307
145157
466443
864141
917324
975444
961811
333966
241202
929417
816825
288307
826731
766289
185394
301655
468971
115262
277531
644812
525843
74556
862444
47369
51177
417158
266892
14857
625944
191318
743341
832090
207493
540382
323360
421439
407932
238156
218524
432550
988663
634826
643913
127701
222810
75342
853423
707561
7721
964327
451021
789660
725676
598566
154619
913999
751650
842811
503116
336968
365295
83189
927266
238371
933292
259241
660838
844117
163756
705378
872042
35312
689279
468472
475962
367690
154497
948165
292838
114254
635368
763080
638137
624451
723440
722983
311870
202893
109177
779507
916922
989056
791505
206648
287583
388520
701265
772022
67839
508724
412065
222933
888910
445707
569094
114184
401274
869861
565990
168759
803116
53654
993164
773554
102346
69938
529428
697056
43848
221460
639668
77109
384403
687774
365597
595307
266071
657530
355195
285599
243562
772010
498014
616686
456126
45829
711224
128643
340627
375230
375146
476514
450558
518887
655485
963625
75744
486138
8388
15693
311621
355859
296778
18028
150637
180517
266150
775881
477732
807324
938900
724654
289663
259473
915041
446325
706419
288219
704385
999459
717221
388082
688911
801205
567501
744240
536101
664245
794749
528647
759204
290785
451718
105838
285547
567023
819230
696265
588176
636880
84242
223016
330518
339884
811539
510459
611203
919621
534102
769070
368878
984852
563079
794706
322034
777156
113140
608816
34785
486014
6777
280042
254546
426245
351840
263019
87039
376552
598223
953589
2456
680519
644968
846048
350838
366368
12929
139470
834234
742848
923230
635914
172615
698800
859549
95448
812630
246877
480918
707896
769516
306789
158818
352119
83170
13135
789931
136584
404328
797099
700965
269999
606902
777118
543011
501354
16537
914097
889131
976330
435616
96110
965131
840463
166634
461886
24480
174592
201992
786640
150421
327946
3023
402493
910686
673701
23187
445369
98015
58893
847921
748387
510495
377677
397617
133369
510163
78315
944903
151998
359530
78344
980184
480625
999173
156425
239873
411330
330326
3836
847811
712002
133559
652988
604252
772744
956162
642840
104737
777738
964488
554493
69834
45864
476557
694166
130529
392865
891823
587597
946567
175303
838672
981102
497553
525949
859730
730617
913723
309858
805850
121203
161987
539262
360879
625637
200925
522908
530490
806716
398074
694318
889436
281787
583965
678276
469796
276010
956793
491486
608304
925068
802971
233546
530727
190129
741666
118722
784669
904556
174528
29564
197604
457321
323363
344419
427666
490292
580898
81194
406392
143990
79218
381944
290321
13475
762550
754826
230982
322269
741773
784021
650218
87676
132797
5037
878050
350593
918331
57019
386152
329703
838745
665207
927450
705146
479416
101717
404112
152695
103336
667614
671302
779991
920378
179064
434266
27019
643919
504765
449237
313882
281539
257811
431152
286882
118431
216111
223636
575364
417269
727888
786685
730178
189540
150095
763259
11469
284538
873133
868415
48556
379315
943934
267296
897505
99665
913755
829897
331839
152754
124071
172388
935617
167781
873295
78667
657280
310790
12095
198597
188173
669512
221549
568288
156285
519074
601221
201552
972637
299834
989747
539870
470780
135959
401395
175332
549823
425603
812775
254112
655159
809779
156128
327486
429047
910431
352541
949949
456037
603000
261278
650793
245192
708644
30282
310229
441008
286410
96432
861007
301831
119665
174602
165266
235984
923571
340986
636880
868037
23824
835214
159578
183923
16671
287350
818101
990778
225370
191320
983731
532958
49443
4242
928632
844673
965025
838846
165070
239668
823774
712735
375762
42658
718250
903240
99133
673981
905975
500710
958407
616548
706116
240797
366494
131543
97347
34840
976084
706878
96077
894830
750080
449342
961798
18627
670649
574372
355579
192848
802863
807307
553940
714928
96680
506426
990228
893308
281605
291472
816116
674230
853045
276412
957751
940179
298422
753805
570833
625074
553466
430270
800782
388520
792637
73620
4421
289817
562574
725826
288883
812110
539927
924881
183291
125517
614593
151919
81284
257460
210604
9059
730204
600926
59256
141367
785092
399528
322509
560992
976283
402200
395836
195474
967528
255150
678460
240200
348210
130011
401252
831432
130529
485700
303162
973619
655773
664753
977023
557543
443920
426373
421595
95388
167781
910958
451864
198521
826105
22370
658955
969842
672419
839069
389818
333886
305848
389422
882171
657813
930534
689308
901059
293607
325952
661988
765397
821517
295696
608374
814248
801979
13787
639158
60722
500806
780418
912178
422953
918179
444796
366063
714425
871025
68312
186122
26575
801875
78939
390957
777473
323592
73057
694683
401787
135860
389839
815155
435007
299309
835361
136684
623098
750609
423711
724510
686069
542488
380950
210846
637662
50172
685071
853529
79511
606900
362341
414142
748161
830419
670273
461961
545197
255477
846295
385319
798247
941058
631261
146253
467230
119950
807816
437332
66710
480500
971348
937813
292960
280970
952007
397060
185312
664586
552836
646461
353075
548940
521383
372243
945666
759710
407439
35070
57293
718450
774872
109156
674506
598523
923042
490201
355027
837345
942788
751212
959865
383290
425869
33443
616710
464400
701537
41964
343741
68849
123101
878658
718358
424079
825665
853845
493155
794891
230174
784359
514280
188201
158778
233338
974072
69127
908278
270982
351163
826908
817536
639196
89649
933574
146456
208640
638317
905102
118034
816420
143732
680609
170522
339529
677138
309650
30794
602417
301803
6208
429444
618269
740079
801436
762887
694780
585210
175132
637356
533081
857640
573876
201793
354070
20779
822961
884315
135571
501704
162034
33953
894203
693207
611660
314846
892773
518803
246465
886130
105425
784925
518573
969024
841020
113703
938206
779092
531277
681906
230202
156583
999269
550134
112092
859073
737955
254112
466143
943472
529408
955951
41986
677061
803048
632773
210376
139258
615186
662469
582172
222520
366861
346504
475141
169521
645071
744572
97214
131484
890901
175260
450350
965211
495050
845530
880479
968464
904128
372343
711840
720068
126918
423088
349041
950287
554515
260476
568514
506909
678181
398449
745192
641680
789781
19267
764081
4749
227082
220099
537486
136873
594039
876656
543765
251314
959647
162852
314166
263359
493054
694637
224252
58897
576199
182046
613210
357943
657618
645396
784173
845946
549820
928288
452669
969934
956706
914278
257107
847408
721237
480441
176049
832958
910111
540314
593679
968185
591883
627417
622219
728626
538526
169521
779992
54537
470211
798982
636578
995417
175866
329383
844567
785102
420679
430684
531507
299309
334406
194859
713808
913059
883595
895820
626901
963975
661782
913746
777870
855397
396153
108950
586411
668375
379279
299146
123019
21772
287620
224041
281349
861954
491559
220905
298795
995997
729800
649650
316526
618001
428784
5541
153999
387840
672393
666512
551748
772127
353667
350178
363894
17895
974430
391539
831770
928194
724252
545546
144482
296192
118738
130093
892532
493560
574620
302086
339491
147606
937209
688433
703031
260937
235949
733633
214011
126833
774269
201183
410648
889160
474469
197095
14086
852303
938972
501792
433415
524751
144965
680954
524352
307273
981062
94826
76593
960461
864747
587852
398295
685744
697326
826925
61144
831297
973976
912269
473243
581052
573705
824360
792818
253928
926322
745892
330613
847278
455913
206037
902416
161850
357597
624679
90110
315773
452251
350080
832667
30643
87787
194611
469860
799969
178681
52483
861885
871899
236452
204187
191180
376917
482001
860545
67879
257343
947160
318924
135424
400739
651617
833208
633689
53107
189487
181468
27785
638867
400093
408717
774201
15394
663105
258586
878498
304802
104392
228712
935957
504557
531325
789608
797488
261277
454460
588410
304777
196021
455928
785634
589336
7782
363671
976252
54162
349311
978275
281847
256801
122249
736975
739509
526084
996132
529216
306016
560456
296340
855365
641042
912621
552088
842878
650374
530554
981102
424353
401462
872066
625241
307283
91478
614886
524577
166645
177436
540382
474987
266941
552191
948272
477727
381783
952400
781711
545922
45010
51279
57929
503999
955901
136716
857470
626441
77758
828019
11095
636796
275548
73529
478535
590029
367642
215960
296954
46814
891768
980822
511493
305471
610265
714822
673611
196212
541893
43894
179159
789125
84814
617323
692761
455349
999547
489626
600874
973619
287614
552703
684999
335204
704251
825310
648692
446255
302204
258204
459815
362463
542410
741276
966040
421495
436064
524883
192661
602426
418367
847205
790999
72069
860213
158836
233471
177832
805087
660196
359787
535982
356421
876240
135253
417692
464994
987608
184707
940151
976441
361960
304458
306480
186981
538374
640682
852275
385339
725486
972286
809274
652386
404423
26806
345333
222941
186514
805764
885711
891690
343220
51044
380265
591894
213338
31377
993
425126
708657
401636
838892
236473
994325
645925
546390
870815
268717
507271
715186
807862
871454
735681
651676
639209
899676
777533
820866
282385
737928
860625
850419
592183
362388
275567
626801
909456
458538
997327
720607
967243
550456
490926
436811
126301
38300
946233
244438
202125
990919
853506
137213
995267
40923
916145
718365
409481
69012
517864
910003
460205
100015
678485
492694
745172
966542
466235
822766
496280
669954
661036
233037
614011
67074
8602
409215
169685
820611
349676
694187
255507
461400
183450
456147
813470
563763
72660
396136
64606
836737
644857
811612
140612
958634
807609
957951
131782
657276
359519
226732
785193
734404
895050
336179
838314
874808
209492
881845
998072
385134
302540
547747
743610
246791
473246
867482
675526
517816
124031
374441
685459
247078
609084
483333
828631
527718
307238
778589
367300
761278
987465
274634
635819
8518
170246
651307
562932
991369
372660
531592
589399
569276
682024
38014
44331
553152
721499
379807
837502
585553
649222
72698
210912
345560
809458
999021
991926
590504
209748
199103
325104
344735
949894
806305
974815
7928
986798
142477
453231
501885
851055
933401
744833
412636
56178
297938
389206
346270
507347
933037
782953
182276
384093
749950
904098
618780
615343
444215
491764
71662
630996
115661
2353
157327
180475
258918
423482
400990
470766
444691
753097
34553
703970
285655
431099
739252
826951
990072
203078
580898
199261
31759
832340
662036
596546
275347
195090
156164
579777
520581
747286
863967
72431
552515
520792
449750
49626
562479
469384
425584
519651
805692
308148
924358
380927
937994
105052
773630
424845
623440
879449
939314
462451
473585
808232
780961
595158
90670
22750
621476
180634
718044
967057
99655
746958
634020
831819
305426
2913
898731
573
168127
181798
771035
78114
660468
762231
532994
198938
498752
97395
171618
55565
555502
963251
253223
431643
389303
883511
268291
404824
439194
366215
273200
805785
757585
548329
160453
909335
502733
679579
293833
504048
892534
998334
837061
92205
893820
922103
58059
956770
112968
319410
965366
130735
813766
171351
902562
457050
255007
99969
503205
478801
788294
483202
294190
55600
832491
898248
905535
397569
437969
883957
940424
890144
856533
619806
888981
738409
217285
225428
983758
856964
756861
683041
677449
860131
578297
316913
479170
897536
244514
206005
997900
368020
782071
681568
248072
259815
992349
68006
461431
346185
271813
298332
812298
641427
703331
724637
365207
343185
361070
370928
846622
289800
272653
410502
513101
783169
919481
729840
407613
972865
53552
697134
34848
429308
905425
405030
407087
493122
830748
73330
205910
360308
139942
695923
959881
298916
875315
855241
726066
82435
8420
69554
168473
119479
664337
336749
524504
521988
216594
403079
246181
734584
785722
955420
127930
488514
984741
141672
26253
730165
562041
548117
407731
82496
974608
589000
571286
654670
993928
696913
745740
477262
507970
712937
548839
109499
28655
187064
507569
572153
974809
927450
781448
550227
126021
257360
297490
608038
520320
755372
130115
716337
649806
81603
287018
147484
24544
26440
744084
150273
598343
857760
672700
359237
559197
719222
967278
641141
292941
71127
47101
740945
579245
729192
105755
310544
661966
219110
19070
696920
886702
446389
264840
322556
898814
992137
702535
287469
546279
316378
370967
809454
285361
502169
393275
893020
250803
993654
222011
469959
80064
12649
138076
992573
746431
293045
239931
578111
575108
815579
427555
415001
7024
410071
137209
24382
504608
959970
343751
843503
654073
26939
530436
634261
32272
73546
191406
253873
959658
249098
319958
970256
296419
631876
535492
442047
688390
345493
750430
253723
669977
664117
366027
251884
788954
479233
838269
895559
482679
57138
749550
969498
640639
689449
134278
511183
706580
956897
907206
537768
540955
792675
411294
229542
447766
456298
584449
236375
361292
569878
944683
192922
934624
839420
473011
91693
907022
692798
125800
974491
315820
299652
438440
720474
982956
321115
224583
566807
77974
134817
63056
294457
732420
160013
986916
638845
695539
557433
136875
342873
58153
108778
848415
816895
718454
891690
917054
235273
850989
59190
25386
950898
702579
159390
143863
335919
478388
592309
299789
105425
341801
461713
327586
661101
987150
570005
426063
772114
450570
397540
785657
718450
322452
651779
41878
935405
224776
878796
267286
365290
478550
735923
809245
602808
813358
341162
429306
461908
973782
609315
265553
633029
267100
239680
543922
125262
165489
876845
171146
396437
416013
498481
427235
8949
795565
863714
924583
746443
785637
806213
272838
774689
127156
139158
2175
786570
520792
649873
831454
219066
952516
966835
976699
578277
404486
437407
699590
821969
495448
670830
590498
430494
855265
185030
483097
125974
487873
388270
150912
687061
156780
456781
918597
516463
313632
937691
626905
835847
918866
738321
199189
843507
615677
830536
67350
598118
202500
57379
525368
24953
343850
363535
855142
526365
987516
343151
736798
274634
459292
266964
301157
197229
962012
443920
576704
850070
725402
841655
822137
505545
946772
23340
86652
462943
640068
97152
916691
466554
21673
560831
789336
967206
803111
561219
272567
645656
489142
351559
992446
732844
111487
648307
662469
539776
992795
359375
374393
232073
415750
302888
257818
531686
865985
6103
891997
639009
740377
452865
693675
610609
604848
681110
909232
272662
871335
397717
342982
325317
528362
970266
317604
616833
824871
638357
21752
378814
796746
72352
344957
359307
512037
416941
909381
402156
108891
386524
923890
616875
78602
537024
560898
56049
279058
726420
303088
972177
854242
237918
825395
339009
877557
878712
93307
427796
150820
217916
612510
363571
879429
642749
62117
854241
800193
937059
383206
607942
419858
285691
533863
131607
60701
914167
408836
609397
520652
657633
267793
688966
970002
159900
13460
819750
854547
797035
367558
385427
955139
35774
124929
582548
697037
100829
812622
397924
99076
263685
869663
211560
801745
39682
193976
284447
103722
196128
396469
890186
254287
642731
138215
220618
130389
986755
188545
49116
171247
825491
557882
689756
219187
432367
216343
729158
680122
127323
652911
582361
331112
699692
262953
920507
283340
524735
303076
131383
808865
164944
484863
660982
29620
140639
255161
223617
941707
475550
774015
361538
2378
195967
379024
505044
960684
264786
585990
76859
658581
867215
397110
854763
447749
470776
930187
659139
122502
709914
462631
270694
223604
133872
384728
516553
465397
795438
107453
893864
549393
143574
279309
799084
146609
377687
896780
369430
820210
894578
860276
452286
982199
922207
584470
318045
355814
858914
915969
499717
1884
837963
72886
951703
911289
420207
189199
764073
534246
371786
983957
480798
951558
97536
624487
213258
367171
213687
247419
418309
883385
47486
845045
620686
379941
789369
533948
248991
712191
653638
412548
369433
247119
300094
240604
586453
781215
984969
284494
587127
992170
921387
584926
101728
369593
267503
788646
916987
169859
761234
848784
721559
421418
445845
490130
296673
497822
332041
98472
106221
608535
364178
426072
5467
264884
923041
85597
56785
480451
5919
660554
823290
802744
691323
946641
241004
314973
251064
729840
342982
792490
895074
756543
214259
181879
673315
230626
562583
449992
289546
953592
341544
909916
646274
159957
993988
548316
431522
132388
867664
261062
439024
457186
690946
476078
456038
285336
234772
603047
798297
558841
107659
712797
930490
63925
762123
455759
121712
12929
146245
435748
277822
347785
83996
708479
941338
822258
400669
344505
402947
329619
186037
481543
861438
591065
966957
542677
827871
419740
219458
624373
402378
167708
651617
283817
970097
290235
62835
428843
385222
252713
209151
308811
695763
776149
322872
160840
605688
133448
421188
400443
331618
52205
27150
656811
574094
302083
362899
892359
89175
440675
111417
871780
645901
868258
576994
220672
312990
790535
986249
873078
312993
393646
869754
725229
981808
316213
807441
670111
377009
891337
666412
110342
398460
967278
145545
938526
257541
414341
845941
763349
43926
787239
555593
232227
727860
847080
332180
364471
361432
407053
704958
503668
676571
651345
430059
350131
14292
555293
723508
377709
241332
528055
288472
72061
837817
950263
764731
884534
478207
946755
587345
238447
250475
452486
108316
544806
191452
251884
872497
617991
25646
965998
844586
142746
865057
387352
357734
496538
174806
208480
964996
304481
394229
736529
275193
282183
246296
677893
492176
344367
467659
86067
618369
518319
172975
223872
713944
826980
718099
90193
442225
870485
357653
926648
700339
376512
328319
746645
112825
878139
636796
144118
937645
779122
782244
402968
647602
632808
191823
48246
558612
606848
988767
234942
477605
104451
78719
51308
669108
245212
673114
728362
732270
811570
534076
727458
550469
32315
855962
907022
118034
668546
57496
177322
489516
915293
855395
155430
952762
767602
263819
599653
573383
389546
687134
541590
611203
735234
888274
763771
197414
940065
531198
352593
140012
321086
443770
606816
428537
352845
165582
516057
896569
384616
109238
141030
592914
77586
467956
488056
25238
652947
853436
838425
11801
867215
672187
975444
146354
367036
753321
192800
140755
29110
822940
259434
20848
861556
609575
248865
407563
386065
623658
406395
826497
830396
186995
536820
177212
678440
349253
363902
87312
704358
38476
632654
697058
334336
57559
55728
225117
191581
14620
781511
205722
412028
227794
53998
962695
634487
159848
545541
223848
873897
887077
890956
788944
194451
481563
745974
3668
737127
577222
569666
864750
476776
674270
258603
917852
829331
57747
566011
465800
680800
632121
303240
241972
328822
333310
271101
557653
131327
892811
804422
620208
670684
425560
353234
956015
947264
292001
273188
680804
388349
621913
567451
454987
525714
997437
50582
869536
452984
962588
261915
778630
520499
188638
473687
850209
493599
472030
759793
973926
472205
214649
448971
89687
434733
215710
783064
488974
839971
229411
320804
765750
132798
529070
982194
501127
730651
443850
481597
33175
848863
59202
829619
715923
560928
313392
770970
696021
41076
621181
489142
326973
836311
494755
587437
145483
497918
204098
588492
776321
97365
833277
677588
210524
368649
641728
518916
632322
704165
730361
324265
248355
789362
579867
706842
86647
197642
269563
768574
701595
545709
277065
500093
965175
454054
198956
171117
175798
916771
49258
431696
157214
972958
