190402
147894
78566
119319
708689
288082
798672
284782
210168
378986
167605
273332
374983
126389
281119
399794
727220
129935
182932
992494
419425
895999
465640
731131
608409
196864
707257
906116
229979
952846
324071
164534
80425
445271
429558
431350
856327
39448
306892
183538
796689
363845
360630
99246
832172
901149
638897
7669
46571
507814
606451
867567
66793
596614
978492
561047
232222
257691
725682
696693
96933
206015
574064
453161
678097
871254
721304
416316
136790
726506
536350
248794
279218
783567
313993
611871
88275
206306
854400
516478
901764
506924
661112
566224
40159
211637
952106
399883
641825
380100
543675
304345
370143
68372
26123
448179
238064
211060
88691
769728
418274
886410
539595
387402
886163
146049
911755
193080
308016
579683
152878
258043
839501
326179
359597
188616
317451
497512
772798
958821
130406
124401
240652
936541
853307
621513
903553
809628
86112
156995
88393
688050
820758
804089
561400
583177
820476
999271
250848
914968
21941
884376
170187
494090
376840
928400
538002
679727
272102
196104
225565
42500
39936
87349
331734
711291
508852
843451
64773
50357
215965
313430
324477
52942
219041
884594
443978
175687
725723
975728
755399
7001
53862
147217
576109
173494
376712
398031
797322
278285
464691
261811
279064
444338
39610
885245
268652
770527
19059
550045
663582
630483
416089
595711
949774
277328
552887
29009
481485
428728
907547
408545
784121
337435
692240
151929
405202
440492
810400
996699
195356
714382
267057
48350
997147
684556
343001
893718
921025
590570
133815
292866
838582
854346
916835
997818
449054
778074
179004
478098
382130
956106
717326
366891
544309
56980
39339
360072
851365
53854
62338
893747
628170
565860
955221
991504
973652
745199
476040
740617
756530
254333
431447
820646
121226
565263
675878
214879
672731
985703
917152
583564
857688
445706
144706
413632
877768
343794
569645
655167
237158
85082
619770
660215
960125
146499
604449
134965
500254
80391
710207
277137
703126
602378
861657
707969
50983
340383
61739
781543
621765
269031
349384
642477
806165
212764
656782
926085
914901
34150
235489
356611
24617
648919
679785
544309
519372
312069
20934
121389
758805
775946
198758
