507999
267237
933971
546899
392204
558020
416058
907430
503817
29393
784366
214632
940676
159039
524070
815445
115604
931089
952928
195209
612640
444218
134193
241135
312897
802180
289675
862827
810482
252
409552
300008
588571
769913
765061
491206
918849
751624
855981
748789
981911
60535
322115
197203
757325
211765
638658
645495
963598
148728
497180
335471
772674
737209
416577
143203
100939
504553
207443
156802
665526
716950
665341
394044
447232
969796
91140
14925
621401
335628
863377
98320
333808
642091
849917
584419
245295
326334
769220
328858
408260
320855
64949
790855
547035
512511
715576
850507
378515
929894
710461
119396
14602
931117
743123
757823
537102
803797
682232
657679
389201
495284
204352
576436
131955
724265
31991
39727
754670
168424
69458
593011
900689
162509
621289
626859
345627
809976
689725
770165
176038
604122
604041
747217
263696
673408
159416
733955
174473
226827
279590
687360
486563
398220
108075
858676
345619
654500
263708
70944
817783
779911
382876
239423
226362
64086
479856
545077
211414
444519
54423
543737
875193
194880
398434
181416
857222
326369
228425
782444
147226
984954
896076
681285
730069
322029
993540
792327
193879
614846
291859
705554
907164
98674
307230
720407
612585
147311
593797
618833
753971
829902
228945
860960
987202
798009
121573
186560
452082
708802
371001
81337
944843
926955
22922
568316
4407
946625
791328
695056
661677
603393
524606
627971
131574
425442
556802
340110
821234
850408
425806
918624
732687
447520
920898
741713
660792
659719
471954
269909
925933
797236
802691
863407
673357
578337
947595
837603
621791
819575
669698
819785
517303
354629
447082
651675
800583
576362
448386
771867
222507
183063
248680
166247
552782
739413
312868
154172
965088
555616
53327
479631
164432
984515
13769
532183
471663
467585
52901
520544
741351
571232
830672
597438
798808
513268
369511
765080
618057
533631
23485
987148
173959
15953
80603
26933
696142
529350
375110
183390
213404
859156
867544
274482
92645
11956
940421
492888
997264
549709
596256
669774
4437
530359
806550
137686
621009
483401
78367
937654
887462
193934
516382
299166
273440
136397
396903
973316
226119
86081
219398
439960
494810
955556
883655
232225
649322
209897
818713
676241
502485
245295
785659
639892
974214
103982
246396
416904
196326
474338
56009
453022
37333
888900
123105
172980
593627
223920
226614
432613
489834
758780
611679
996474
555460
198011
618231
415064
844407
677181
231707
689789
292565
748906
383054
701499
933431
943380
492307
204569
790147
128626
401227
496657
757834
471452
381219
984197
568889
909973
925425
599566
638720
623447
402956
582107
185943
329479
165014
390322
150037
997313
979797
447098
85229
718868
148787
379570
484019
139299
295952
940005
25154
347467
676871
329584
270146
389512
712537
133191
245623
280473
49614
449168
990603
267155
304199
426063
672088
576925
605000
389999
498919
314244
91499
421348
250253
793146
488521
119219
617918
857456
118087
178616
903866
435757
388473
778209
320750
724435
873876
469416
25797
394759
223189
258834
660258
314504
863032
584291
436095
536640
138891
773988
284799
172619
497643
28373
13212
460986
602980
965580
110463
322921
767762
936824
460801
729011
71894
238812
918760
821196
499623
642073
873861
945211
552613
650051
860218
271898
215966
223974
353063
296243
427748
443172
636927
332740
62737
751812
395335
804650
713954
890142
486525
415498
365617
805758
297284
539362
13196
653038
342552
269716
434826
111279
224819
659616
153210
131148
296496
11865
926936
852204
702392
547748
425046
933738
582029
773104
644685
926500
502464
137273
597217
596347
508805
954501
118172
693314
176149
831130
78422
570060
65977
545583
540431
706229
899767
320687
892792
943531
525336
190616
159136
405875
927926
706253
171572
997645
525847
15830
937007
515149
750840
427552
535170
196896
230157
23521
14655
98825
482893
872579
190704
193044
658803
680220
987709
542369
951292
413011
213645
534090
372103
749567
897414
973684
182128
552712
675059
80790
2746
236658
619923
257081
361693
375486
411790
606894
894576
37770
181801
966554
8173
508591
393669
155739
956451
173194
674061
398938
779185
191821
949326
893810
151769
609082
517617
17381
521002
106619
562489
997483
328038
370749
152170
878928
450371
876425
824370
902102
477603
808722
355935
347992
333024
528890
159770
588154
30718
669745
842412
111186
739518
576393
675583
613730
911397
943456
753073
297232
682720
152810
392274
129302
116564
827798
46931
726033
804889
314136
207659
311026
510556
182775
51639
733362
52163
262699
567543
966729
312854
747231
607321
869366
146957
738321
303289
705985
855074
909757
267079
505872
497754
291100
617878
602377
901623
131331
285886
930745
631073
544558
622595
267597
514349
751337
377541
449374
496157
222106
71510
369272
987964
422792
55226
338945
491792
54282
246074
687421
115084
718045
734136
180764
164693
831220
410295
475403
282040
968265
609718
926062
294715
59274
702601
960535
187231
276151
223847
955958
37658
737959
294005
378177
357816
354836
678521
578374
931023
172362
599845
513314
205744
928618
361521
539779
164659
190629
885749
739107
214021
846939
263422
116972
979537
615732
969981
200543
57868
984465
247891
764936
577078
178025
749616
533870
329944
826046
101158
676070
578964
508842
60808
135610
75842
677662
784032
540788
469416
737663
589356
446656
51116
530771
274793
688186
280680
984648
465433
89230
51617
600518
928549
542206
726779
585393
74640
430562
938422
193044
224448
96789
986837
84873
330754
995188
495700
250538
226701
169175
202958
769143
846144
895395
253434
826757
937502
21833
778054
982491
774799
346754
854449
13985
976986
554569
745508
488844
614135
576158
854043
828999
170853
955298
435120
256010
388385
493096
202339
314234
864899
69828
588851
38289
926174
813152
369474
430463
493508
31925
864790
443658
716705
309685
324948
479511
900867
901789
750368
759776
559198
535925
773074
783800
142591
432642
686474
90845
943319
359763
647769
195398
698219
976507
864661
619985
816889
373347
182212
698330
579209
858219
112725
310875
935180
713022
256666
985110
143019
80847
459619
698425
73636
309262
174387
822687
508392
481173
516369
426064
212995
863641
7171
252094
262762
736012
60483
312221
790425
140376
824955
632395
913111
360992
383405
694052
941491
306669
557918
215876
697760
312106
97002
443073
637207
37035
776433
907521
4916
802534
900954
54854
48025
374482
820199
82461
684642
777744
631668
333566
607234
817992
910348
789367
887805
301648
171994
727724
3877
850773
621208
132723
333113
306117
764378
821063
132970
918444
911241
302644
817437
359792
594834
646921
650910
649046
663326
870779
61996
266321
534434
72177
612006
340799
768243
195002
991656
830886
334422
680926
483570
235280
228932
912734
297813
459576
151333
721136
584260
741500
631321
445572
499769
34617
484606
162528
460098
292303
22122
860960
708824
106667
419660
603467
350955
449825
471813
416943
68915
379353
658101
539059
119526
463948
555455
13663
19690
147370
613134
459943
470421
413860
376872
303421
424685
853278
912955
960222
163419
244365
485973
986682
895285
46362
335809
347553
257825
343459
606619
700891
905488
811768
951465
734240
715003
662820
501757
526740
186922
163416
782311
206222
891540
209566
787035
553056
627252
933738
240594
273511
624968
96602
65036
934383
4081
612716
18587
240412
770595
917775
489106
543789
968094
607036
486834
414238
657536
812123
39686
155207
588913
325495
664311
269716
728348
676198
959305
310181
453046
984229
933055
358398
397887
942102
262923
961325
411264
723831
433550
332134
446022
420297
181289
187892
534011
134676
502391
851093
751966
982209
627274
806432
56576
507163
925663
382395
372152
384424
698134
73207
639870
34194
396505
144684
223752
766124
686972
909191
773706
387794
211100
670273
232132
790811
202859
818459
907059
710697
98093
763543
412419
853662
458660
405249
601486
365561
304902
805044
113700
300000
794700
303424
891273
894088
319025
718152
828314
847232
983156
105436
436834
795453
742439
456451
685879
605890
563437
218568
73026
348801
755088
112475
129197
188046
761059
779403
875649
483813
790147
670952
908015
751720
884429
70723
41169
243292
681232
978641
188377
549037
793510
632410
748660
897475
99514
384273
231585
678788
14603
607781
388968
240531
825130
6977
556003
994134
944501
747505
913305
305995
854673
489547
202449
107802
217760
940101
466009
646062
216965
107943
628802
43266
475115
898262
276750
323151
219132
940388
930923
463053
48824
238165
942722
713493
2029
890469
73987
86336
796755
318616
234427
189068
376872
720817
899465
879435
641486
168938
503612
546357
483153
742637
35144
190032
996607
663239
356627
886698
872371
662244
200245
730888
441933
56350
172939
359763
769953
370905
825400
698625
944808
863609
629445
600545
576804
28117
374724
428485
602105
969796
352094
672334
799286
197556
56232
600566
235366
453590
512915
610380
397898
523026
841189
814832
148000
334126
326261
229609
503641
310082
772187
705380
488191
796763
475736
671585
642877
924734
200861
905574
135539
855222
174944
950040
492891
900569
713188
756570
140862
843811
436583
513125
747371
576404
435604
224161
628063
313052
646878
501175
251974
585301
782762
296289
643575
470982
894653
846122
95993
238001
936010
754023
414495
919601
766696
506066
521418
941801
632139
438692
93305
15397
639379
710303
975917
526779
767184
637216
440999
365989
644227
837426
765663
130754
666574
350630
522662
765885
699790
704055
376646
435861
717046
562729
157944
96652
782747
367342
128035
202581
234070
32092
309026
714209
91918
253811
402007
187222
545955
362384
386146
566315
910504
807888
117568
447808
422064
902471
772015
223032
303878
630165
685641
732858
821245
332371
705692
159301
447259
19632
437285
676354
469955
579101
173396
439740
219949
475532
362968
810852
351828
82524
999148
636889
972748
697732
366455
374609
457617
379790
709509
786213
599055
82556
713570
493645
129003
166652
690515
668841
458574
870541
137442
420558
332691
525305
541584
374871
240942
815314
509757
668168
231691
652483
892562
819294
367911
777900
745747
242204
905359
857650
817101
613977
460360
418602
112336
221879
818508
379233
517907
789225
155625
241282
704752
982465
291682
651651
111218
327576
758835
426733
62252
214909
793480
519118
795133
137185
965701
869799
452392
29644
263899
986568
681083
310126
756743
640680
458364
481906
382114
103930
885389
233090
783737
866619
975942
220006
764378
137008
345721
309092
449602
415674
472554
462763
61748
249924
937580
402579
51356
497994
580373
180907
226458
797358
887695
47558
509768
776470
19037
646125
727198
813914
660122
258627
253277
912298
326478
585029
928476
780630
674030
495190
19388
479073
761790
286255
136136
943735
467395
412333
180318
718747
997936
582768
642227
230749
40381
35364
153717
238023
42680
910725
701369
906291
457965
239376
506449
288860
983174
491551
705690
779757
574102
283018
434468
179922
896124
981120
302893
344797
346320
132564
327046
107841
365540
164894
358313
375048
573923
227838
138043
425803
517703
754726
988042
761568
764860
672789
614946
519757
550838
141475
325287
329611
608724
249864
929983
891052
314900
265872
277809
441912
994317
557955
343016
377140
86741
223305
30583
250417
306197
781387
486871
265775
640356
671537
516223
934177
239281
570933
838747
982280
246818
149055
968794
912668
131988
326268
629749
851858
410799
830835
164889
841183
706831
13132
117725
982506
928714
895364
802162
982143
732573
673827
456980
664759
859430
68915
172182
448421
566508
715429
847631
540682
214737
178004
344240
100057
517310
494994
827400
717752
956351
142304
49148
828870
957508
909280
642785
40173
716025
830788
616266
328040
137564
484956
871559
910062
126612
35667
916381
290422
976209
821516
289776
464189
897450
479711
764440
116676
679143
134569
519226
338711
981039
900967
704533
927584
919601
775210
395509
214132
661699
104961
202199
366499
723237
65180
436534
321649
669664
481791
717732
598654
9081
41575
202005
977687
738206
433346
822271
613025
794821
880322
803858
294525
800262
660231
546978
107314
429980
836532
437603
641853
233468
868054
927310
772707
957468
793407
22737
658837
761632
376543
311852
777834
640598
170060
429003
373196
832998
146527
502481
132448
689508
111623
716528
885855
386749
55295
957186
613493
781980
182147
896602
394144
294256
942966
157591
138282
361875
968107
885236
267963
146552
973308
8249
329601
534200
172627
120532
75103
132061
819914
698342
35786
251762
292665
296432
123862
149107
183462
700763
642469
415188
299885
313686
52729
295217
474013
792629
480646
703397
120918
809998
752106
458706
593327
808569
921499
263966
665363
263325
440594
601780
267725
889883
33118
688768
463043
811760
750085
802635
448346
29403
5399
902123
991880
143285
272138
115768
926969
117710
491584
928475
737215
524172
900658
865652
800874
584364
513266
677134
624325
278621
198922
924453
15554
112694
41478
670739
59526
902609
352359
993619
258029
632315
931231
78007
430749
683099
958461
732147
774656
744612
198470
745058
36686
261105
922444
864942
766376
144516
812546
469108
719161
178784
528681
140416
806550
716554
258220
485361
823654
216419
946752
789404
973811
622709
962720
627962
91586
122088
588913
244700
125171
536943
255113
938125
437963
96823
210209
756894
751018
205446
432734
387142
475590
978678
673567
492929
56074
585824
715950
464291
62649
922299
662734
496369
664418
412054
223338
678879
453078
259699
8690
749111
637040
587121
604168
640596
400430
329922
206738
829778
26865
864188
178227
945745
313179
773404
37658
281014
374482
170486
968952
355274
654893
767776
678078
494789
956201
957253
586009
327474
413699
19175
9876
405059
349106
691786
157042
546572
421438
208330
297972
615484
804144
402596
159444
957356
822845
824118
853322
794587
717772
602574
482529
64747
876860
339338
661386
438307
77795
508150
26856
71725
507163
475595
55819
71787
957758
966130
188749
620588
572580
573861
748484
524080
885587
149876
10260
515753
743489
287387
131526
801246
955571
852204
852664
780822
788618
970297
533918
61433
412087
524100
886311
728147
566477
525492
852433
594237
75576
723272
429350
199180
666565
876401
914416
908958
970811
411264
352920
746738
633856
31110
822844
478292
516262
462121
654076
108618
983329
375417
452900
117405
808113
473411
852230
927738
40716
385012
130963
346320
181777
146720
707395
749996
203627
27490
712240
326397
312973
886667
591930
557234
127861
169231
1821
380691
660705
480605
490962
398428
98450
771697
405589
739110
283577
605282
150244
813147
628324
76355
86828
450992
18604
849027
196993
66370
102935
672270
503700
967488
217949
988754
102254
473035
397773
853269
880242
746316
922618
205490
38140
215828
241428
257598
641938
821796
112406
3192
200472
570550
946612
462802
648106
613160
69471
752088
439722
135977
799763
167121
461557
241056
368220
543734
137398
485033
632823
785030
297138
923639
801082
85570
529884
987348
913667
15984
46301
13986
124456
309580
468285
620695
24095
15546
687807
979178
172265
22737
51897
25980
118211
314901
783412
291967
965970
984656
501757
631790
377350
538431
213043
725746
228003
526353
281761
515877
141330
701631
774387
208841
121895
446259
290568
1955
15830
666644
635996
945071
395232
763955
737132
811218
883332
516250
225093
285508
614560
913169
195821
249563
353557
576194
579634
78105
700493
476155
924818
646667
694191
607568
115486
237851
596520
158553
407440
909398
285782
481996
115121
410142
611273
62085
793407
842407
89958
492373
380544
28172
581227
789864
707314
902741
396443
454603
295769
221421
360599
832347
659644
572421
981536
847696
414719
684922
742538
539609
368596
236552
450547
882099
797709
708824
892041
993951
960155
911154
534230
731557
888041
635521
211023
796530
104821
567135
366778
668980
413444
777985
830492
168538
843279
816787
720724
506622
734930
726790
599247
897707
337975
264389
736992
392322
111104
2888
760344
713648
515850
305144
323460
209107
390312
385455
844977
965651
361947
220244
648022
592234
44535
922329
299352
456410
655424
833485
121951
787462
428266
412937
178725
581698
181100
625621
848128
614477
545972
864070
874978
614528
800361
998222
853094
945483
758632
357842
523863
5141
720937
405848
813918
193425
130434
684075
745068
314181
407607
646981
859796
953230
770636
849359
838519
569929
399356
665665
729944
735881
248882
896215
617603
544282
688390
664204
195354
112815
749014
40687
863308
722221
179546
145772
972417
295149
152396
477014
640330
196102
163122
459566
530047
217120
987652
174641
287980
171008
985764
806203
990081
647018
400954
570689
265676
685960
756567
377231
325944
774871
200878
98285
577141
472954
10281
108589
703397
614995
393246
346910
676158
438276
175475
310067
750709
903050
336125
780488
651187
691818
503932
697619
812628
332295
573056
231795
945368
380036
171946
100161
887892
145909
538028
344994
172573
299475
823268
845733
35244
781683
737560
706899
537171
675789
821791
571874
29569
322366
939160
611733
517382
780693
173943
357113
72197
831374
206933
496316
649860
879377
31682
848601
848756
1016
659616
357738
907402
743367
454956
795220
122438
694246
519218
877121
419670
145489
908495
366856
637808
596440
271193
754419
517803
167679
751316
107957
441051
837491
928202
635417
306246
592748
787343
938549
925945
388266
879915
638475
333742
129087
572055
624926
690285
364209
607201
835958
12825
245084
212435
320388
65977
429969
491692
716124
629555
84934
919401
474345
251188
905898
532847
127332
252130
574934
869140
251280
856214
828440
18001
839944
718382
418606
873012
1553
843123
19705
46263
685344
919875
321750
666726
609718
207500
35236
507283
865028
586105
969347
65222
744256
63402
260069
741405
801419
850550
359590
312972
293242
505579
40515
118727
637435
628821
359761
445333
620467
18904
184940
629043
817649
480285
46051
281655
197257
605623
592471
163816
162745
405569
745574
75900
679171
496383
563475
872960
159301
700478
86314
196952
692146
675750
110851
500654
964815
890213
374103
611767
520054
780826
951406
315473
131076
785766
657183
330621
952261
73970
736200
696526
978981
816075
509721
455567
857615
851129
450730
546506
764858
614190
16772
465628
933194
34537
991063
751975
650312
606398
283036
583358
162128
381762
268465
652547
44101
370301
557466
186404
961169
617554
529118
773138
159039
473185
720985
85603
757000
333835
31781
315758
103439
842319
23362
611731
514698
511645
165517
447237
263920
296473
595594
16217
175940
693333
780774
420996
117280
869179
621009
457495
961356
954668
875706
754360
776400
24789
117568
131988
795749
408337
612874
80611
342757
818051
470106
432514
309725
349875
691896
729229
894973
769197
724631
564937
111179
770091
359967
629834
258331
182578
830475
484772
61390
441657
107613
242963
984771
388979
85679
339671
269027
123023
881250
92328
412251
430373
505765
175121
630912
679238
498099
889828
963684
67178
415566
335529
430739
576184
804652
58093
563090
367407
104649
738147
960337
620080
651675
844942
772703
309624
311778
571302
478611
144515
319253
881400
683349
112283
56826
709208
736258
510229
195667
796715
633132
920136
101328
657
598054
264048
106830
587690
16627
782751
689172
17664
712189
371020
337534
669396
153022
558009
313708
638985
121779
804307
273155
485354
973748
981848
452010
426120
340656
853182
255725
136459
568504
3369
955372
921789
313529
83662
806556
884049
6506
16373
895
262470
460296
708813
389790
44205
380410
307692
838831
142429
586155
363459
509542
755547
444981
156
583438
796945
401411
905053
491810
740361
263636
484231
78771
284732
724500
506733
251202
226524
561777
258370
306965
342967
486818
29262
71834
689731
853702
323588
193890
363268
527343
680044
367453
314900
106655
147853
163138
642883
260561
448272
107993
520010
265915
433454
743502
127817
646473
740719
338601
875689
975097
838519
495686
786497
400213
999506
105841
74900
510007
317968
524409
379664
645379
406750
268257
379260
800158
836342
759642
973239
23870
99645
12158
553569
917164
844088
627823
962171
971479
873969
779236
480354
505311
401606
504114
890452
672374
719673
628750
63862
976029
386010
567871
368991
210738
593890
165336
973191
979701
733569
398033
330014
464521
728559
973662
631929
917405
281570
562833
738136
866841
251715
271933
75499
67915
327309
855039
733989
604661
147553
988196
707888
937516
141909
294436
880195
351773
944106
259680
362084
946290
296970
77270
986055
538383
821014
486322
18742
895668
667129
588960
671527
181399
337005
494828
340941
986868
268493
311383
765001
595401
879243
881781
785324
66188
110621
522605
549145
187539
512704
6841
983817
242314
298569
130079
117704
113224
384282
210223
549128
42200
423934
565535
480481
655143
778658
56698
513664
116425
281914
629127
307536
510708
444860
714166
645474
394906
123014
806425
552211
674587
620828
326538
749811
151254
43193
631355
183680
516763
72277
247585
192102
917503
57718
567883
919411
306471
261490
511619
488732
52883
632195
526605
297015
759397
396333
955722
166459
693873
445201
227712
747133
105353
202190
885361
63830
248910
5716
766554
832981
310701
218363
572937
40878
143974
963039
124445
966921
200341
644094
834531
336103
25611
347102
796882
484235
501477
680841
588357
329940
790710
315179
810481
167121
200472
5029
338485
823139
991899
516304
528040
342709
177451
802871
847210
992044
991233
211320
514465
490788
724460
69151
896868
750960
886708
859055
532702
750301
14158
10057
343191
217226
353193
580150
799672
627785
842873
944987
244256
585774
345250
373433
493323
293761
187643
933326
65185
685155
90623
130949
592451
542054
948610
689779
570891
755052
872096
342815
427624
393444
889032
84289
448325
968385
539388
986506
746073
494755
641915
297990
567351
90417
924166
287961
115449
311524
999766
313316
922701
608255
900672
415098
61038
178997
343818
698025
918034
387467
157774
685900
692510
138376
314999
911764
154784
909877
997140
507206
421041
169910
80286
325422
9419
401062
20095
483915
91422
762517
721999
943276
668194
272157
895782
415470
44440
329981
197872
286911
75326
133695
470000
146856
810652
336666
871441
877869
601360
210415
295894
535882
668659
393677
857017
237763
409674
383032
504929
929046
245942
103308
458332
663331
892363
208543
304368
299251
737911
589783
402546
50388
923636
122224
651684
142328
260368
542290
741238
57268
636860
725726
480098
536248
710719
473260
814421
895474
153267
991877
176030
594808
6027
52769
405571
339799
498714
885597
209691
399055
709867
680247
964107
778553
532362
868960
786698
197553
804889
760766
461700
4141
122985
973419
393914
589400
276900
379747
295972
887788
858695
985585
657773
359988
737416
901824
294742
875706
521698
41887
615051
510566
328411
121862
131811
120308
111834
228521
965716
567688
13952
471371
626119
965083
849451
587235
681560
374888
677134
82553
486322
223432
643421
870838
740532
544045
274982
167590
342353
247231
309984
907026
726412
574447
313998
475673
890299
490793
372106
658224
990311
260586
390797
740904
485531
694260
420297
971474
871702
350879
46139
797037
217140
285142
976122
425695
177490
805415
729661
943988
197304
755146
387301
270432
729302
463814
842376
245769
723927
802327
531835
831097
953774
353018
730698
886550
527382
156644
830294
871414
558221
175475
993478
159169
119719
596341
528550
73154
41348
108473
926159
219396
34710
535824
272026
179394
323136
533938
954643
794470
574979
206527
255371
482640
455682
868486
523174
232476
752181
784961
45054
539775
298311
466851
406438
895181
80299
234857
719228
458175
190691
786581
60153
872152
766459
157172
449149
175690
354009
64965
895367
944469
363598
528293
623924
223079
253496
719974
997954
871656
642413
498731
30726
323161
606992
726133
364117
621804
537731
95637
926911
958491
609763
857124
647657
965457
59422
881547
225851
664417
633181
515735
63636
959971
382130
219119
717083
825754
232342
388347
947548
223003
355267
323654
871599
843987
531133
860770
249319
288057
546994
721450
691536
680391
448789
193440
613924
838272
912377
132810
564287
364326
750860
51064
332883
10945
353229
398453
288124
526605
502975
697626
942596
989003
894019
480122
374461
737866
426591
602540
674207
115305
906553
769924
487487
639379
452725
470425
324427
363476
748582
659719
663260
206628
991100
130725
669945
848907
589684
717274
21336
955104
892960
584897
168073
520724
885183
734930
188149
91878
614453
898319
389896
499703
739308
923612
716566
47258
621871
634530
209260
597440
53161
234202
211886
958128
866184
907026
160489
763729
628063
428492
246027
972315
669492
143742
532707
853179
367453
917301
336542
387907
996497
972275
440705
874409
946736
436661
177373
758230
63059
733469
976319
402974
31940
73359
4196
118832
235506
458037
40541
372045
822747
245623
134416
559670
626145
719567
129196
895783
107092
726042
708513
420323
733185
94938
373724
927584
524611
200809
138714
983038
591880
824842
998361
259509
587883
300041
641786
486098
83654
478577
610034
850810
533352
965257
777285
461844
907307
601644
223843
544636
677135
889403
957660
593465
405741
543381
758131
883096
81975
803706
87222
538432
197141
196629
46379
920198
311011
168372
898006
345245
912839
790727
101870
466686
543843
303721
751456
604961
191510
681992
341779
389263
816595
223024
8765
372647
464047
261480
856583
455958
560636
650453
654172
762169
928373
142957
441449
335561
840472
862847
511333
338472
585225
911074
57151
271942
43736
932340
698928
903011
863441
856988
37943
822120
751964
536510
639746
333454
27746
128931
774955
98071
57505
137358
45263
641313
33118
439042
664461
220665
502975
33623
612604
471813
841996
389347
80197
79684
194770
442310
43310
621309
499471
629029
607980
13036
799960
15124
808897
819528
924967
400137
285650
879055
17541
375856
51203
886657
13110
830231
986675
750261
105276
775861
473139
974732
643105
240555
386659
528213
740140
981120
584859
252094
607404
253265
637078
117417
823894
782500
602631
367533
337975
704309
274832
782903
822707
209718
679249
563842
175120
180061
45793
106696
73573
959212
819047
660682
13788
98501
318274
893357
682886
537110
652648
72226
831310
27584
472638
293939
356521
299515
222688
154971
439898
42673
781247
471760
307364
950472
210223
706997
431225
330937
116083
758977
790636
986832
259066
125172
658499
171462
894228
632369
882040
405064
817450
142913
210254
673785
85425
297832
223752
517917
437265
198202
74528
36774
201683
529776
32792
991699
181066
542751
259854
444155
665610
617748
627309
283214
74298
595504
375661
883201
800154
658038
329493
649996
648504
446080
99163
388415
484300
198470
377073
462303
9793
47017
536085
298476
506467
436084
907856
415331
391573
198425
842085
919579
67594
553173
509693
509698
391619
745649
254539
122696
204343
543078
437897
730771
395830
799587
737866
953700
537973
183539
565862
997135
99088
293442
560132
571787
989056
117210
131331
658524
772552
99046
26856
312999
991000
533919
879929
451768
106134
248395
724601
43664
345032
299308
643324
872857
982918
401335
969398
766856
630557
714870
265475
12471
526954
344258
513246
248395
999842
495170
241013
896750
699372
499641
95227
467797
237002
671493
114857
380132
704034
370440
760585
617993
642590
927620
606437
504840
277229
361808
129611
853054
583454
37721
203281
87113
336307
97581
68992
267772
196922
66376
172116
206473
198461
739915
883247
799441
112264
588411
204238
58998
67732
969419
22891
815244
88068
202190
182671
298971
510755
928733
19266
289628
175240
939647
911870
832647
375764
488780
821743
180772
794159
929594
217280
783542
340572
761644
571123
823353
750438
178249
833755
731684
909194
110272
673664
181481
75093
20125
252493
900909
135627
608199
232043
534465
681448
704609
96829
992018
901312
63261
674410
443205
525840
279534
169337
105838
957253
24150
580112
972596
724856
153339
176196
240463
111911
273044
203940
854624
411650
191959
252295
174643
51271
615929
299350
571404
228949
778553
283123
579266
508805
779875
111407
74086
996232
415098
694164
676322
364999
660986
468313
383804
974121
106728
247523
580040
123207
952576
161242
946384
675933
295557
80518
717721
550945
21044
81234
153552
746050
498801
894585
769663
226157
247822
488957
256681
63388
338134
771142
126602
188377
30049
922424
256210
898759
634551
370870
136265
122575
122693
510959
310246
576098
695985
596331
595734
943988
570187
939729
747051
792765
395596
717941
284508
866969
916044
257157
954236
190220
865897
969474
482098
252967
409254
21791
998119
911276
48982
374787
215875
920493
191854
913798
528258
135777
503456
178008
719673
778966
145329
686104
911151
310653
900997
546379
161839
804361
548674
360285
604162
123277
595843
651189
443159
245578
435933
24247
298952
745495
606777
241226
744052
251668
635123
940833
969102
887727
308395
44118
443195
543806
622252
352803
676615
275335
40461
590287
959966
233277
658837
246243
439721
747373
153861
995134
309661
758941
300008
48794
551549
605282
718467
592891
179703
576875
716002
661120
535859
128530
590895
304948
671350
709824
352861
730217
391016
660408
58385
125725
879974
41730
892163
534370
356391
652402
762559
590549
620882
629894
941831
322142
71678
80120
75865
208815
394763
142426
673254
763288
120152
321171
570293
152365
271878
880832
540375
480200
59511
183739
254121
728406
614985
151240
52097
553856
421519
86350
383586
990965
90510
195899
485506
59425
319677
862557
530654
96990
642234
637519
33234
615419
466013
944226
797677
434608
141289
655385
661475
697833
735179
637171
29903
934958
805326
585452
981483
492072
593051
60784
415149
340501
509826
984539
179212
898795
91232
784374
871943
100924
643776
344298
89036
529598
647347
381730
441777
747150
875528
314181
396665
21210
599571
18058
123345
116884
344647
971086
792835
949455
49910
65961
152355
391755
913168
90385
893279
416365
541860
703296
480718
502464
123143
462499
810746
537274
931404
99446
465433
388040
335511
835884
175743
487837
389546
474637
347998
623556
941265
944710
206604
598026
669104
534231
222069
935671
511963
167240
240746
702784
116441
598369
768912
83232
571679
368773
84657
692010
476143
968418
493017
26030
303878
537937
209900
614950
735738
426716
907269
964712
217744
175280
630867
695939
576479
244213
561270
504301
516185
539527
980114
853182
94529
32786
579568
371809
738233
981956
383069
977889
720571
161193
892562
881925
287352
481195
307277
909845
96829
747704
30546
930858
747022
919411
940291
169297
284632
188427
515877
693667
623842
717928
315043
721359
143091
36458
311749
651519
873985
302693
601214
401391
300491
703438
620868
122059
991129
880235
180990
227153
851890
18377
34181
476681
780385
165394
812876
793163
948989
912417
768688
967562
161713
555813
335965
60808
554882
390868
759643
345847
992308
114363
641609
538028
792374
100776
744975
938665
754543
687166
654716
49070
370847
60019
795932
101071
834817
270352
114109
718635
251591
152625
235794
740437
316196
140611
401327
494438
199973
848568
667721
151871
718796
633729
487864
211882
312711
110744
124584
136960
115070
200294
907091
761620
974468
788267
224293
230358
500072
891187
960560
585079
11443
471102
996213
24848
145739
454462
290084
159130
364911
814570
983810
383444
943337
451406
780425
593337
280294
627679
536103
466773
454565
118832
716599
53761
824238
930972
174674
457357
184538
845997
795724
67815
541264
983722
204570
695446
696886
321980
523167
131850
868487
997692
714700
36965
891000
734669
621341
985110
681789
897846
137164
74240
475410
299527
875900
755880
840416
545028
655515
236345
350137
850112
550286
457708
362231
771178
356387
954580
253816
565200
7751
546819
605360
956244
211147
63809
356722
446075
114536
662527
354570
183247
652173
116900
634551
741396
440394
172215
842785
234654
543325
531190
853922
586220
444244
772007
966507
56552
948023
184905
203435
356965
303936
868852
66260
800388
725300
261250
427678
275408
754000
191035
309738
890357
840726
378092
184296
860295
161695
983024
569533
173949
554082
71505
119411
142059
591088
789360
926190
63221
778183
920626
601565
899073
917393
643170
560552
460245
765820
693131
521260
630093
993528
92116
769324
31521
180460
377478
714878
383827
711353
814202
178963
55012
144867
390745
12101
994078
504200
597835
615505
439250
397924
53513
462581
831595
300831
768270
231735
999901
399573
172433
454957
978618
346953
382892
796708
697154
916512
119985
631638
244213
868458
42390
250334
81451
505613
134975
784554
939395
330108
597839
670516
101054
894426
597020
189180
712707
316966
841189
92301
950791
828063
618852
970219
866678
515909
201401
766613
834214
285708
95233
748755
107296
963695
63991
179840
895555
321848
719812
644065
872621
400467
961593
259260
982874
589821
394438
185338
154535
233749
137645
507639
416493
933191
181848
131574
970443
118990
9189
576233
8432
968541
870763
430624
904135
686332
317016
512570
600263
829425
527827
549155
426029
533208
959562
107034
166332
480989
122509
90087
801097
72988
982469
662881
191971
702080
863462
420341
338641
139959
666155
715223
647564
952653
379876
903004
411282
52141
259653
546899
322389
49739
833826
613803
974382
925096
936855
810845
958939
747159
477584
479309
968094
286997
290504
154823
194779
847600
763812
355045
53998
931721
241210
575462
799692
471037
878284
631795
220573
953958
651816
95196
83009
749275
80498
833155
473139
173448
548158
720656
116676
699012
674681
319043
801648
660730
803715
344797
312949
787563
445744
743455
519555
692066
49829
8295
899847
967553
701398
572181
846179
885187
639727
479327
735490
192062
513616
625244
381080
415841
294047
831686
893354
968370
992056
114891
645007
263309
551904
509179
958019
491308
537096
312552
660440
50170
940766
823467
801040
837468
784095
524746
4323
246080
718894
973135
780178
768384
143065
125535
241151
794422
543953
377518
675302
13496
825508
607713
151613
353186
312177
275296
146985
717836
474898
983068
551936
9920
237651
538953
59747
505412
664023
519744
967379
430328
740940
608724
468172
443185
57890
865728
290518
722198
932507
912000
480287
4220
182829
99758
955153
809651
688220
856266
601023
17304
739971
3531
762435
33208
326207
111155
984572
25355
666948
622197
550940
250043
925095
174686
75201
268113
641932
428328
190586
864555
950656
52729
935165
684964
119776
964136
187777
583527
584373
545160
926220
355386
175854
274112
557336
591220
735084
270502
99242
106223
211609
947988
78540
725640
298021
205765
598521
896107
750981
568545
742309
590346
58903
391959
938487
669892
419376
778818
404227
112744
415230
363073
67618
686377
889036
250188
902142
356425
206737
364078
439051
179422
78227
606784
258671
14686
963579
57441
297341
566648
485747
728397
493499
176627
520793
209692
110816
380140
890645
681688
97606
629913
320550
578067
604178
280526
385995
333709
318421
213404
134908
872305
936676
773919
323154
774439
956065
271878
826100
689642
716386
50142
498128
252498
5481
984480
203951
911639
260434
287491
780231
499479
654227
668840
324253
805947
149593
984264
689010
941103
40501
937033
13855
237221
701542
620075
571982
731654
34427
729639
914197
232567
64144
697981
266109
867288
868861
329947
489115
781282
764427
212072
952018
951582
780911
169553
112224
321269
415744
585182
629356
411516
743651
530007
770611
440456
237484
654913
375536
177974
464966
886455
269161
867599
513560
100941
784210
294599
254970
44896
666926
208305
288571
681508
984253
925994
139746
503482
958113
709464
334759
51271
321544
957209
281508
767087
34005
793146
741693
868165
568687
40140
251963
197610
870622
509279
149343
343253
633747
943377
126146
794548
300604
687243
937502
998100
433626
525816
324309
683892
950512
871593
178015
730952
445259
508406
36700
732562
964687
506082
725982
990045
121884
815407
802506
777652
99497
388066
918559
9041
994791
403468
13259
356478
544419
820855
988442
889300
971499
844776
863498
953487
135630
248998
943654
867238
766661
223631
881179
148677
92565
106080
943791
135053
238554
840283
91628
796755
330999
486744
461984
507842
938462
71344
682334
517552
179393
558235
211442
729145
420998
137685
233761
673507
445915
94423
289133
565140
679776
253223
598653
512097
708860
707838
705294
844895
11376
152373
926688
833155
788474
235945
713454
349761
734919
863748
862965
915433
980053
896036
605903
640351
305551
47360
616906
259841
216719
111020
323312
123746
190181
289367
172146
921094
771266
668381
670716
835024
613245
784237
393857
665724
352679
392821
409241
89870
220407
91514
571270
119658
699206
937898
22885
502502
851268
968177
518337
28172
419986
320484
24779
205562
394763
179833
678186
695618
304986
960308
393494
991844
855832
836636
775005
990804
205997
340207
768619
938470
48311
500137
232042
683457
378535
559019
725411
646244
727510
745765
300033
233231
347484
244837
263742
95870
393422
667381
995592
266629
819579
239995
963339
294210
553110
450276
199982
695572
413338
284237
710545
20441
830166
791474
903962
755856
414734
358770
801895
640073
583579
124841
544492
980372
889349
519814
802414
901291
336300
991446
791230
285937
415651
544391
478168
766248
804770
555306
772202
106830
97575
723360
912242
266746
919778
555683
508680
152625
254206
907965
484952
677937
348704
572942
915350
741565
402137
560817
856839
912173
228672
916798
502116
453697
35739
461156
908654
781672
183064
321779
850566
588320
567148
435542
398891
94618
26506
974982
155310
250353
793505
629182
237172
855137
521122
233236
211764
626024
515149
60735
741904
778761
933273
513545
340220
292406
719666
593270
868054
889989
892324
368969
843787
560095
179637
735017
562661
492688
19754
825235
908654
622163
248012
817628
549562
582678
410799
976652
711021
665441
460080
299374
593245
401866
658847
692303
634074
290825
304433
27340
910433
81893
798244
40130
855055
369535
603183
285009
620342
554812
926130
262301
642595
992075
957209
70825
784364
550547
834706
711354
931581
897156
780363
110983
36211
627304
900792
734285
940291
335283
248481
758535
483190
948055
358595
644239
11439
17149
720873
150185
622929
850049
870322
114736
836096
178928
58714
362908
711335
961582
91451
429713
258313
276121
914808
393204
485679
105700
484093
806150
169684
799861
129499
916377
723091
887389
265308
560955
851665
549563
939425
911132
582244
725693
843500
46211
554177
391758
84147
707191
963339
553255
232930
359106
431794
738730
536320
617013
363589
745286
531627
17967
826608
996803
845057
221763
474267
399468
244755
967718
937189
888651
705505
876400
149742
81046
942577
264673
769871
352642
576330
301629
155075
585738
99672
104466
153560
172788
584787
400068
960743
612520
964666
321729
938200
607038
466967
139590
698644
139249
704908
888799
27092
506573
397073
460746
699934
487977
674245
821890
3931
910545
789189
977733
208886
743473
281036
271601
672847
140173
164907
380622
519946
627966
328102
433526
307013
387842
329110
557289
252532
344818
250686
301685
119707
120865
530493
893148
25043
609167
145067
44143
812650
102473
948768
686912
306412
516157
389711
57481
705462
936217
581746
922434
59198
147507
540323
761179
161140
312027
151168
4310
875947
202952
457173
73286
646247
59095
869635
477241
715398
668319
328699
608335
609231
50786
458563
939765
164362
536915
805528
714192
138302
249227
682648
60781
803920
117605
132041
559810
111420
848090
708110
107477
217944
756326
480767
974698
754299
187130
29200
540547
676482
723010
185323
605623
178351
725992
323476
132790
596372
16933
603207
998729
726502
603255
822162
941402
871122
496878
593925
783859
413860
355762
361910
865407
672506
731654
796566
570867
53570
868056
534280
417201
529463
410381
921156
119203
938300
268097
35661
194796
230190
742326
502292
811392
167210
847273
378433
333144
407110
481086
273689
542227
712158
667509
398986
546263
142530
592417
321883
213387
651405
97255
244297
458404
623447
104786
325118
856930
196999
771948
404611
249867
162478
112211
879786
700556
645221
706671
907309
286677
47875
668231
947235
594415
637622
463615
402734
627222
664184
857189
535258
112130
534671
149613
124279
605890
635845
144262
850044
33732
950931
641874
362630
93554
273458
141389
108233
259101
32088
390336
447906
448368
917883
519979
437941
793032
505383
534406
747918
538084
365953
611280
186273
554100
947267
220235
300634
142581
876165
182348
528983
356855
288700
40389
909501
114787
316873
55738
657081
996607
426813
382445
357940
587153
344075
587060
186792
7660
819007
462506
219745
375158
168444
259699
747712
530047
1227
872379
127215
680384
288156
376988
562066
174857
482336
146485
431215
3440
444513
102607
78945
95942
487556
927930
624038
745274
117720
852599
63742
384732
572042
240395
986279
185569
351603
14575
969311
958608
138695
141190
401327
152203
328456
295511
874991
693431
542553
444084
190029
850810
513052
590964
796798
40038
314757
941231
948480
428631
236736
109673
432336
286204
834317
954127
225803
749955
677318
737444
183646
259360
945243
885127
243354
972315
63223
390490
17700
946074
147292
356915
351816
159450
348479
198490
915096
196841
712111
356824
140031
119447
151873
371249
919705
588041
375486
313108
11386
739693
294354
626619
267118
966596
780970
904182
790425
163718
694830
354596
661957
95634
135933
863736
11982
542461
543525
719584
164784
399001
642877
128202
379732
735680
732012
83180
922468
941582
993307
714010
130051
68348
608605
686368
375568
183485
959305
80986
502197
702986
626807
39473
218354
990666
983115
803706
348335
729643
163863
802362
981525
233487
776037
791025
465727
887873
160780
992664
339882
766505
424402
737255
261434
738343
514225
23543
819002
509294
374773
55401
221593
789838
641356
608366
837527
45332
181421
91499
557624
156727
231467
576622
742950
182348
172276
692724
32669
403673
824161
940301
671111
415536
853510
58197
811999
543874
608069
623356
532664
291641
689705
938400
272355
100487
219111
983256
358976
863498
817548
551177
562251
174813
490603
416156
921135
225488
979041
511517
293329
478066
430819
576036
797946
297103
339940
416129
329255
613493
91629
62797
287677
44010
90555
759405
690485
239637
216604
820577
475104
907091
882598
527903
491626
628389
95226
570156
289663
778542
173554
462624
387642
306197
491229
79914
827479
773431
88764
793081
928740
589692
768265
33956
364532
137128
388061
942029
568130
625544
540057
773606
522889
118826
668355
791762
720624
552831
948254
705727
997611
479678
171097
880722
420400
933789
342058
909999
556364
278887
317226
901406
568494
62270
204098
8519
857260
37122
849725
663826
888248
431835
850189
310195
593534
50798
926252
49412
61048
745374
514953
112794
5552
318448
657582
356680
842712
917170
707578
478957
108870
472293
625021
774219
696352
618577
76455
478352
88847
698351
764230
277220
800876
707123
231593
163345
8310
852346
584279
656380
988509
194581
264363
43967
786860
237238
804146
290874
570280
6506
750725
455100
26141
539547
610995
377152
690284
691212
881839
205707
940642
97601
254423
602337
875911
872121
799297
884165
647348
281090
174044
329539
641915
639295
83684
61942
487530
686275
578240
335512
767216
823209
42597
983403
180997
338254
62570
868413
959526
298311
492244
393857
509076
719186
699323
363156
888860
565520
721986
951634
708366
198054
317614
49502
994419
208143
223380
863177
295125
316953
501479
769756
617283
959482
965035
329077
711239
715706
227119
681417
291533
31334
178092
368483
78948
656991
906595
966935
715081
805783
944790
186543
468451
906198
961879
830231
82163
127461
117563
372855
940576
138609
461275
105699
677279
854021
89097
781276
586022
193334
975809
650328
400428
302232
604266
362076
405011
274368
856529
355267
405736
676151
182501
842915
615093
915118
494073
497102
700510
22645
900441
785475
424790
628157
488693
261326
75329
433550
141439
44804
697497
173996
827331
147940
381272
870636
5786
90047
192102
925152
940596
218402
551874
496545
82440
794194
832297
60322
633275
450335
991025
471196
390475
406751
86583
331016
772015
633200
943352
477241
225318
122614
44218
80352
516615
631864
696857
45470
613167
92818
755390
49040
747093
867911
114463
262372
623689
595027
867795
322094
829566
468340
471780
663864
956947
623791
658012
393479
939445
940351
978438
488222
867188
837236
101843
826883
478007
770359
184964
904083
853631
69819
757176
281914
38627
935134
131398
650809
614297
663382
649634
744983
31093
290155
338808
450657
244757
267433
846251
206822
486543
560765
838786
830682
358454
997833
870227
674587
913110
765192
941921
292220
786245
570994
841256
984114
509419
576804
428636
263013
978896
547092
554546
732293
864932
859669
804592
827350
977145
517979
790834
897825
880025
716617
738562
377230
616622
812475
899198
110945
97577
288434
210744
492231
810278
566793
834109
726107
539865
77516
907560
606377
568191
889690
170040
912499
455028
426535
63472
681396
657447
945565
286829
774791
158208
890049
438568
7633
507699
618225
348763
117657
900244
467138
328508
331138
353249
617325
848808
864188
526541
463734
653104
781821
533236
91108
380381
162910
917701
913707
988041
865821
165395
902471
256425
751193
854449
12618
222096
408669
629853
941477
404806
65289
373241
72711
342451
716140
14861
852942
50454
569145
952720
913897
96017
186027
990527
119985
204068
62814
900275
942886
632148
102461
340234
60889
521633
801884
505838
224112
724728
232121
243287
436802
254781
35175
142952
263299
537872
880570
156910
506330
832330
821949
591847
296708
606177
804768
733922
144544
781865
92734
146465
199973
576475
471573
611760
171189
554324
490783
756338
101356
390824
237808
694660
329860
688844
986322
555733
203135
521112
725268
370811
752923
194028
168450
31494
258072
674909
707364
578897
457230
958128
388239
853339
165332
18001
472138
334643
5516
598484
403136
280560
634645
37770
465694
821294
416329
108513
446037
271578
953019
976649
474620
950337
663100
250221
75917
608732
792631
62823
286604
358595
51350
248574
32809
63899
682420
142842
577633
515833
795002
504668
930275
177467
355906
722441
70407
997960
568817
94423
69828
184424
342707
383043
803738
107373
799906
18587
25106
386967
844337
938089
991647
917115
923428
926303
225873
315862
968286
534534
748874
201212
273153
342969
209523
716427
916866
754023
706717
605530
858531
83980
744487
899460
176497
576330
817649
439028
799930
309171
453802
288061
511486
719039
597548
874782
501695
792045
988643
613905
416323
989282
998749
371544
297457
374844
604164
267229
872472
323110
643895
667439
9086
768563
394502
760793
835713
244906
33494
127324
980885
405883
785675
32221
12854
622738
432942
406229
802840
465837
126876
798485
757449
161143
157084
142455
334512
469471
511761
295439
522161
656209
829292
343841
125021
477259
459229
985813
484957
675779
626960
642061
918947
441639
554074
9419
816161
242732
472217
261902
106887
635017
602185
429072
911557
305851
696081
158903
922053
405764
553023
815174
817544
255033
900355
693431
945517
616688
417056
779684
702856
219943
911973
983741
250792
228170
871984
80060
84494
660852
868792
439581
150837
302422
712068
456250
45630
522434
828063
267556
751331
878794
123135
951149
410779
541283
378214
118990
629578
406916
832158
387863
855120
33588
695808
516282
506460
951092
356855
570337
180417
265698
474131
777133
68192
610641
105909
385233
104140
766137
113845
815130
250350
420857
878294
419220
147883
611095
368883
35128
888869
303520
501802
274238
331215
967474
93591
287364
552384
399758
817625
98670
204972
440494
50469
177450
989487
543124
300459
52887
899184
927310
544768
818803
27707
13148
418523
145
612300
488381
604835
516641
761505
853908
217895
930532
786233
759909
456852
703237
785257
158021
174375
77427
986459
743527
448843
985907
101474
715811
797014
82294
710491
907560
661213
383043
685263
107991
821552
244918
48462
17762
517497
38408
891201
392835
197638
290472
790381
286858
64143
559837
421467
873342
906000
376973
522681
715750
438878
684937
123515
709704
112543
472511
767064
528188
330881
396514
726077
356892
880773
928631
987270
573578
955571
40973
106734
551514
739530
983256
77331
555204
718998
532410
398458
877467
880022
341689
863019
854727
721547
381080
721900
137018
864810
129621
241581
530550
969261
794244
758937
983200
343276
893478
840011
211362
648926
10851
169572
657725
946146
313329
837121
414693
383046
129502
321848
837470
453998
893872
544519
846885
804768
833755
230046
678882
236629
423132
852073
709543
948206
753944
870143
153371
917067
667202
942535
981429
776063
863586
281350
899626
905308
723110
569349
321410
570443
458354
543204
299549
885385
134151
302111
435849
55597
165014
957918
347183
320874
930616
604188
229206
163242
538719
29593
283228
196484
586946
125535
308694
697348
446364
111356
117904
619610
750177
315809
133486
417746
321369
47648
116679
644132
492183
886415
741860
917281
796888
892859
389435
688664
457206
834580
985756
357434
151668
99172
62814
433709
543172
572519
488121
650809
676655
878697
538310
680899
730630
287940
511669
970757
14211
468868
183247
719806
169661
621959
461906
629335
53474
731557
239735
237787
547272
179849
655896
634543
408190
323782
226183
9635
561520
282383
637915
763123
334055
492263
944073
388641
761658
524548
378242
429533
404485
874349
764654
842115
503557
376349
308962
79914
15314
420909
296941
747181
18377
479899
61491
740454
98262
515753
573728
472393
718451
285850
224050
400870
791635
644211
525840
53706
974010
506573
213297
96134
553903
700309
480471
555280
534302
508374
331396
779389
494246
239890
935554
549505
237795
283298
508024
383553
462408
277576
628777
862781
93918
475595
930359
125849
493267
699721
997506
597999
172976
464966
561730
110759
440121
606777
725166
363909
163416
353847
723237
354406
127296
749218
840730
346506
637056
984314
825707
354581
973243
410430
180551
871322
711239
159118
868753
149132
487673
211257
816109
651159
916547
678975
69027
355304
644180
697776
970863
712836
82193
924856
512881
464553
183778
151933
803189
987897
834136
52241
793032
116158
58225
243364
193715
199918
765192
135777
40669
300823
116749
281883
452981
253067
969497
508024
645632
816235
300472
137273
509158
330914
842442
362410
118722
689699
566503
452793
909311
375144
10189
265341
771617
718031
261974
329748
901593
529290
4712
479069
615141
121573
806760
43534
964130
613601
485887
315221
573728
100060
394541
287921
259847
606374
619867
450600
337668
577582
513469
815365
530429
12429
238583
406160
913911
113280
12201
866550
298361
780018
871481
511593
168387
658419
905286
292303
721514
568248
478007
275596
270734
520256
596141
284391
344331
812825
973152
187520
273294
774856
669076
802887
267097
509916
685879
974447
823684
371726
70620
961804
146588
945466
464232
480440
376708
538013
37042
197666
441112
559058
778444
62459
899770
206437
205919
892229
657004
524560
29958
575940
471362
729909
872848
299854
64729
970996
237015
491898
444084
448563
574092
382167
904586
470937
607112
41487
408520
633199
748327
479151
438672
836596
541662
241081
28398
760080
5122
155600
606399
831608
124370
157192
525122
690378
599950
565122
851735
897187
85910
370390
400790
685344
783060
164784
452598
75499
556978
110621
993312
803135
842488
771740
965669
828082
344075
781074
138576
889207
755995
747776
161887
11526
46381
797025
703584
800191
334516
409052
319786
192476
219803
884324
511566
46857
834368
976958
698255
468282
838972
746750
965313
404201
946881
397155
536500
489082
906118
714034
953979
180403
840278
534047
47052
286464
795411
343271
85641
271088
959385
709065
477923
9439
141190
381979
20250
326452
113061
111418
929439
570488
651497
829874
35327
590078
699934
341183
197618
984156
45720
677018
999975
532465
464615
368030
377611
687988
930380
431384
759702
981655
725896
421212
945973
233037
90064
42805
66014
865884
80983
874425
96044
565161
530659
164355
98883
957972
747065
381205
353081
521722
916423
496046
765178
741190
652181
776388
54240
73973
456682
528789
136071
143730
991962
213039
745211
539776
470665
186549
234091
736258
307995
625957
61042
335072
707660
919601
165294
821897
427313
214045
636838
296774
865123
83398
56184
330046
156
638232
476728
157321
88945
144891
421527
143574
937766
688777
691486
530687
783212
865177
535824
808522
951472
280196
740572
152309
717928
904884
679605
767375
409458
689242
612576
842059
786338
4494
294264
435340
805062
976149
682975
996151
575662
240743
533090
795380
408526
363019
832324
189851
818501
787919
495583
142604
476307
334366
366311
803901
402487
5633
667439
217040
177492
351867
573654
734814
48377
67434
957779
383452
217896
530262
266321
637298
1213
935809
912252
577274
536464
674816
840326
340038
669569
496423
937624
723217
483123
972504
367546
768725
969861
856132
660745
743103
784382
298746
8786
499911
237533
395965
467492
74449
761341
472704
63096
101601
202958
95678
654624
701420
14925
74820
366441
176588
743298
330327
494664
720666
9706
387458
703237
380104
635481
237458
984793
953511
437177
217299
718976
711704
33714
123143
839053
84185
956201
568545
274652
181287
742836
106001
367407
516604
86692
991692
950895
564465
79418
52934
255655
86163
675397
880536
379851
785992
986798
547363
66927
751585
480469
784243
735496
872549
918339
805122
179833
766851
684171
441012
693550
204510
199017
860567
525177
855343
116431
462575
387688
83946
957143
63040
221500
555118
221813
455750
345968
533559
782909
255183
880430
930571
469533
688410
184237
515036
438864
116179
936296
949272
471358
53902
617304
555566
366446
597491
222036
838307
144506
307224
889301
442817
335164
591088
998061
388512
179078
291540
497131
540122
993488
601100
624614
181144
193281
55930
787354
620624
26229
668862
467810
65042
575771
667462
385370
843709
772703
735454
783627
130821
322349
492347
892395
37042
565702
634149
531146
275600
216134
925673
515812
668550
489124
554919
923978
664521
353413
494545
913115
80732
792520
761258
918136
778968
114359
986601
861569
710880
523740
860137
332984
485747
416617
203166
38507
731398
528280
699787
561938
965348
193234
394759
249598
576958
579296
656606
908171
339591
403881
236772
317546
237933
203277
878092
836611
744621
783927
324590
120941
553070
247735
149443
664375
143483
183694
956785
486282
255705
593760
64683
290504
742950
295276
111631
193582
530658
379777
864349
265196
81273
574431
915029
395304
8852
721644
69480
781456
132703
114092
280043
547062
721635
606798
760466
665065
188911
245533
305539
89667
630274
82089
967349
423514
77746
74144
952781
613114
617659
905954
976760
676157
650593
409985
843492
122440
679753
527662
744099
8432
325673
269466
793126
618080
350329
213824
802676
391391
458171
55507
838067
204151
491539
831711
15701
161472
255698
188126
723247
263869
535213
284199
56166
988915
940921
783962
65279
287675
822511
558458
498581
388252
452032
307979
325184
511687
599970
364731
515371
534182
606253
848167
281698
171189
412258
181480
307389
929728
85128
86908
966568
210601
592134
160312
283320
153406
114755
475359
704811
726396
772552
440538
827931
662906
749894
32057
699782
245363
318710
341716
362180
607141
660474
309557
76730
827808
476902
640471
260423
376079
171102
473696
218114
378507
61909
854624
214728
979116
501696
450500
741118
55282
897865
673734
444518
67851
835649
29453
863074
401447
23592
55401
466811
259350
147089
528890
399333
629672
575727
189743
915689
539058
790766
605657
123592
237920
444015
474103
259360
358913
568398
786783
549612
149793
785419
679096
440456
283779
938743
858261
367546
643530
342815
170553
763130
570647
516143
997593
485988
645255
977164
347519
674995
564821
428535
935809
117926
509670
973850
646238
122648
283724
772064
361500
144712
454020
160927
404937
671226
331733
753381
390955
46560
870463
495386
722714
394916
764689
723461
930604
321758
998449
448404
574682
309262
416282
698749
589911
582283
86478
908091
252228
994318
742309
130717
142383
465437
931269
914040
155733
580520
837697
789692
27571
78977
621117
466852
64455
808943
299041
990720
586954
4030
363765
124745
340691
315285
616072
316179
710336
881694
343423
659472
75363
741199
789090
220665
265419
730131
969750
630555
568105
864305
376
180113
215229
48462
779390
20360
323346
671864
807755
931755
45034
584021
556271
718760
58906
954728
23611
769098
546280
176557
89731
391595
294848
722430
170683
419762
587730
279272
988549
577527
943640
603359
258377
802541
344369
569809
267828
874658
654428
11798
27110
696478
841778
503932
422693
99111
638254
918624
770926
185622
248481
57893
893730
519226
57807
925662
507281
640472
255117
422558
179210
75589
74097
209876
854599
689324
905594
771766
342119
27568
35533
614560
691869
115923
181983
530450
786016
165645
972547
33588
102645
932327
914309
970617
211258
144952
950219
584749
317549
62246
884901
14372
205857
958609
257043
89145
735866
141354
535258
420066
422693
647641
745135
257789
942866
272044
26442
926031
187220
24750
710563
15861
390021
197418
692639
782594
306282
490771
738693
169823
13679
880022
885962
488208
460272
856787
164894
293779
641283
282545
633937
547760
165343
543654
692218
705032
19556
831069
860221
968529
939677
900498
41352
947712
791883
901362
633356
248663
661557
533592
288210
599064
311266
260490
492033
474327
263041
776420
769490
675178
286864
802587
954689
678763
389682
763272
149288
41569
782500
491480
310624
874993
858050
685341
865736
527355
368749
800324
298671
451017
959021
93731
789556
537366
490300
669915
198399
599331
546360
487388
864293
727041
716546
868846
669926
904810
246894
209537
375113
572917
382667
914431
680378
962963
622784
395720
43020
933328
488121
622838
409602
866678
9814
531175
941744
100937
500137
476295
147173
886885
627583
520368
631823
776278
206694
309924
82370
381357
987785
325202
474772
804766
531868
85379
661292
193030
792172
536033
603099
559670
549694
341753
939922
68311
737497
91036
197468
266370
13064
802640
625778
618815
413255
784811
619190
276151
870653
277965
111279
666683
999529
712154
623256
973503
786197
491302
324596
582285
677052
658344
452857
291178
644632
914922
234252
904586
106093
410083
768384
53276
726496
862960
996590
71335
926767
704217
806216
506023
613746
677030
688979
357940
328827
981435
217743
705223
474564
13036
901830
341000
528181
188236
523544
711994
782693
429542
983126
104934
541283
568987
823682
473505
314474
135053
376370
590725
508046
27278
614857
412143
271775
995531
764239
549258
834778
626543
479711
159305
164718
680501
653506
132457
565937
835501
749542
260808
79230
854741
479767
171745
974896
29164
201025
678868
74886
405785
879085
349636
224531
607471
83160
708043
145593
536887
498254
13378
468005
736445
259942
925359
801298
256815
209878
482352
13719
707539
414697
969709
600506
145726
223220
691406
391168
554998
345711
419499
166596
538002
902982
616395
840135
549179
537259
295741
202571
635378
343323
235578
780572
582133
79961
815699
642594
536569
136008
267978
555546
685900
677999
45403
871950
338264
602896
523270
157158
194579
644525
354607
290358
874748
790534
362833
863606
484569
790092
147607
486322
968009
810593
153572
340627
68504
376190
894332
228675
84173
27584
137537
812694
551936
266465
316120
650826
227625
357970
485653
862376
84785
787118
484207
123430
67037
410869
838899
128796
550799
839906
673485
178025
147625
663206
446347
741019
742493
569263
402434
875028
657874
27283
335638
441193
425861
243999
367302
339752
466354
223678
281212
142182
827986
810799
225518
247343
33445
851923
139012
867920
281146
889510
86794
260683
98655
111297
204839
289728
498752
880090
265930
924363
557382
783800
516763
796715
404806
635923
117222
817003
219025
865225
721164
134736
322318
320754
630637
73876
729263
843779
356808
64943
530879
623622
575100
46735
55274
925077
901644
547290
118485
733736
239041
770759
970529
81046
366159
623471
614290
101772
926500
754356
464693
706671
972293
430443
876352
395099
530237
746413
275668
507958
538387
363568
428266
369243
117745
817904
525320
680290
637140
905009
43704
200871
371501
915177
522168
687120
958186
309501
188012
614028
333715
236873
545925
884966
847564
165961
952882
589223
990704
437285
634253
266027
904337
978597
214081
843350
492790
339959
933392
719161
433951
419466
560633
723257
943446
744855
119988
761944
422555
117889
348046
977923
653226
198904
833103
262715
826265
490258
597695
631861
444427
781271
593132
200767
386231
500072
146698
627860
741693
183714
581239
295731
170253
493401
980472
761482
618808
8608
116364
442794
587026
204331
127332
562547
792812
521157
984772
200223
59639
647192
788575
318896
638963
868108
48084
604289
348547
854492
354314
242673
752221
632140
198665
454277
430017
15333
820577
822468
713281
551658
837516
733484
837577
717452
331046
900191
44440
437325
592793
285476
221872
940136
457123
343390
103809
166156
268199
738518
573559
224187
717238
719214
645410
272102
463734
612357
197205
104983
720970
89125
45718
923051
929801
462019
699447
159586
335204
675756
51747
750170
611800
215806
137821
20441
300546
794816
182911
265157
543274
158423
582221
685867
310639
325104
407110
558434
779674
131301
326730
839083
727550
312048
424306
255049
474971
406508
988102
554776
299291
75349
472102
882905
831986
695544
339985
643575
43678
912065
486576
456513
866056
640427
232269
146897
397415
591364
284237
146882
633741
961201
336865
447071
913408
321250
220904
74650
556597
153292
592176
200522
354372
132115
356116
201996
931127
766961
284845
957852
873848
692543
338056
656991
978441
372392
273931
484711
150461
444051
235356
820864
790831
647493
623622
29616
799204
185247
994914
899331
762027
126161
412405
469426
145729
246935
16571
606710
33903
432942
31481
527705
44903
258949
642610
472009
754818
469381
1180
767985
564906
696730
293697
839923
914818
539669
263869
281859
708506
843475
708882
627575
786880
572962
985955
66147
818508
860295
683594
610389
350582
263920
165854
499090
165258
608916
310830
218150
255359
571679
914032
943855
89870
333892
594323
460685
134099
123589
257975
861073
896090
538627
943759
49052
686710
281351
558195
953847
594632
513321
264074
973592
931632
892208
837749
224923
75842
36633
435127
915808
305737
737206
844860
872961
260673
559788
328726
490863
988273
533738
691362
622431
103238
847282
385323
553057
992658
849743
392195
244551
487387
647020
518860
562512
16367
835576
15868
866575
258972
60943
239376
896214
242082
525430
898633
866513
154603
274052
427683
102312
956142
905389
98128
314588
101353
235602
81234
993662
984656
945869
59882
750847
825874
955106
331812
661063
977551
726185
304033
408213
964558
424894
613160
850085
21336
209077
456195
249694
841662
429889
520246
773551
322226
34106
61333
988695
510498
98122
718422
826497
398426
712758
201350
412211
888431
14301
248170
958353
718290
571813
224892
488844
826896
922956
168192
27701
923857
949496
766297
114439
93731
569013
684267
14479
697550
826644
906467
72659
393550
485257
435865
183739
533820
166886
137489
878242
207390
193650
610000
630897
716999
541036
518813
660294
269783
207828
124681
651213
287449
307828
123757
32280
497629
519235
638029
203511
745649
159666
382017
391078
598035
201067
258154
774619
777318
272678
65180
263537
150037
402244
309287
250300
622929
64895
330333
772337
774958
228256
639769
131322
51905
695815
276711
996088
989756
980483
473107
873275
715267
57491
33031
914400
519926
531736
950023
945845
418330
106619
464950
939224
834048
689036
163731
296323
590906
646127
289547
269741
196796
552988
15585
732027
95113
923878
338439
518592
810553
449243
424433
635219
501198
31744
122438
660029
490034
597927
572413
574725
616015
202214
213249
940698
281654
118125
231416
26857
355877
281819
764610
887745
915660
570091
766248
354412
393134
728279
936703
161916
198199
995851
351102
927423
160632
274264
103199
187219
756485
285410
669329
819992
582707
974209
216910
639945
571001
279613
467031
169396
193319
924089
443043
873876
246041
860948
145020
92036
568265
614047
868364
48108
894636
569088
756215
938219
559245
55803
452365
371921
825361
20372
502063
477134
127679
213108
643199
131311
170258
711487
875137
917575
786093
40173
41805
150037
530439
564811
538982
729454
651418
371381
980896
915888
87400
931886
256396
244050
418946
665665
378951
265349
644186
801562
314088
503987
626740
14035
71375
16124
212995
908764
57811
304576
290841
512811
937739
929886
966445
177403
371307
910683
692464
343268
514449
780403
712136
930923
324633
254806
324338
284549
610772
531344
856709
841834
270520
790948
367989
271302
888198
819045
267225
28654
218161
593854
149613
347509
519442
383722
636566
854253
76338
823741
748901
788242
15766
377176
685142
527628
858028
995628
337011
47558
955057
5865
692310
466829
931504
235516
885130
803566
560375
208815
675519
168693
658842
774179
476777
588803
619144
965083
782748
673
622593
783183
528321
872294
119099
611454
876346
242732
868251
972596
178227
250073
172116
708057
7320
856543
898314
252898
275659
545414
84260
939985
690791
952836
757840
866166
67173
737018
855440
48627
280461
318826
99385
521
719248
356352
90322
902086
698227
396366
536970
145168
396763
737837
100443
346632
737959
264716
401157
532519
718338
612716
980483
518606
160934
358787
579228
419819
791181
190334
308187
176274
545955
676556
121729
950040
86020
893479
376294
931934
269994
439829
550276
33415
490110
594813
655662
48185
501394
980571
149197
927443
752368
280056
373826
752893
543368
404725
587352
884054
420671
307131
361230
460482
307239
782955
462121
290193
355075
946715
664417
464047
383226
644389
793394
690866
468086
279982
359092
149888
659527
846409
388591
273423
283956
627379
957303
989430
183773
743176
926130
370275
4822
547236
8058
540431
357574
51457
379224
303569
878385
941456
260827
309475
522996
280307
637563
647298
902007
66754
551035
952136
649376
511119
950510
189753
807105
505749
534610
177312
262241
220913
754399
292905
266371
231472
386056
277691
231168
84833
437638
496568
96284
131790
187231
322702
532667
856816
701531
621084
388523
366089
261105
228929
691139
511357
742085
150432
831964
681285
870285
972059
282019
958461
721457
262707
90386
826644
395240
68106
323654
514349
711628
332667
41009
784785
715680
886873
702208
847588
257681
901350
416021
120420
177839
555370
229617
861856
168600
383894
905955
142520
691943
512097
262734
347608
388253
178308
855699
189547
988098
119322
252788
154196
19690
523117
666938
186000
322882
223268
415041
142611
840255
498643
411672
302627
493287
297186
464784
336504
485478
682539
322259
246
994996
634222
84243
934203
425661
245162
796005
360775
13028
880144
33810
443277
428862
98567
636259
414356
344240
411340
354599
759662
350314
989959
817906
602621
836402
86430
79388
534212
765327
224122
821145
910204
280060
250902
862478
684805
222912
1153
34910
395232
370711
86083
852586
630895
835723
842553
513801
286956
16038
310839
749467
516641
611760
443528
102974
271398
34292
893273
86847
684398
67224
80603
81331
805978
478498
292190
918089
489892
379665
646888
755587
227703
452563
768294
186922
609758
788522
86885
234882
920902
777537
582604
815765
79139
496498
15277
633446
8803
272909
89687
67543
790499
720560
149954
335787
819264
987791
137772
257681
160660
16985
526023
306582
375924
712186
574657
172228
791567
776858
941523
386475
94211
703910
77634
20546
492740
530707
507426
57362
881627
456731
718970
117898
691032
796570
904913
906988
549505
947621
816109
786093
799509
70864
967922
762027
105536
819002
968632
456446
535565
383051
671701
615423
846885
790911
421290
431626
944501
843223
918165
606515
986497
372088
764092
832540
193648
877616
985769
155762
930305
524795
137691
252746
419092
406508
700093
143250
213973
670760
640589
254227
168182
888947
528291
717060
395192
671066
836156
905918
120920
579758
229506
668144
968947
840670
376895
852016
123841
843702
698025
705803
836187
1815
912065
414671
848968
818688
516049
557234
614597
848823
970924
410223
709298
299961
630541
66154
572474
615484
303980
107212
984813
322312
927221
690696
207951
21351
926210
828466
116455
641506
680209
576029
632521
538627
319938
993687
890933
169690
454508
103347
633669
835893
692734
688978
190834
282839
926911
773714
712255
77556
556143
917592
77794
221998
172756
771433
858457
213984
386124
85128
372669
759234
459806
363019
969772
629116
233797
232443
230448
845306
205884
958491
608210
493431
812663
499767
161435
275897
406063
835854
859077
864584
947297
355071
265904
439996
380175
272535
147005
122614
894639
48145
257949
885639
900529
567057
338345
474046
392864
73573
200396
955476
495109
632268
710262
480397
625547
879985
648103
916272
499283
917605
665598
397960
901946
445407
945989
432514
362404
548059
132950
821588
999581
448375
943022
405721
935864
62482
9083
385128
301968
19348
260458
118150
509114
116155
288535
98071
397772
412915
610060
154025
199956
984010
765776
453994
539776
271826
152463
75336
438239
29733
178344
380871
844901
207957
482793
96146
861259
444846
589509
968550
530450
928082
816046
203975
556195
247979
449949
331102
721159
606454
547393
404276
272329
93095
892505
884245
246810
609046
209803
554235
216749
309685
911905
154730
497815
498254
868384
379516
358322
221500
384136
936159
826851
79167
354092
6661
573817
731793
80871
648497
437946
525080
18993
43147
773629
981479
534436
525492
887331
598290
998623
689731
192953
505235
628933
442626
917780
889437
552679
114173
548467
81009
168664
163898
212466
741538
14290
772435
973536
25027
102923
355222
78220
253644
954538
430979
471818
341649
433454
765345
953280
754224
983951
352621
851380
708911
372490
142336
601581
700403
228525
503235
471384
747953
748996
695600
424903
285353
31854
460061
721187
112920
875601
301264
467384
66754
578275
587337
918905
712856
579729
143019
846833
226782
941323
746742
159240
549028
780403
769254
730413
9600
367498
602290
137263
263667
344694
429231
594291
122355
33432
110450
738916
765588
278630
339950
746865
291516
285954
173234
938364
133493
617219
947697
96852
471704
927503
357412
953721
89803
798216
401871
891860
266620
416101
797616
31169
615419
173794
631558
124093
232334
783377
804029
252534
826389
943369
487192
257225
709603
373868
999578
477025
518885
721965
103186
259918
939894
432240
578964
213047
341064
849625
307118
990700
977608
444764
711820
739660
675416
11009
465363
452082
566629
794258
397239
725726
985382
333454
672488
544527
302954
995375
301379
23341
472811
246335
769956
485043
515049
519949
369845
838732
947134
986797
493157
377811
794258
784606
603259
76313
190874
779895
4507
777932
300013
198117
504884
126989
132094
5425
551243
444987
249316
887053
370245
407258
600033
166636
951737
342895
135106
544325
326449
617790
367596
773571
973246
779067
790397
944273
169684
739971
276363
424119
475100
336508
19952
28398
216356
576194
350513
734880
661483
489666
220596
668578
319792
277595
773733
185551
959763
954229
296379
873750
342208
74785
96585
754392
196243
650895
335599
179880
616281
103634
625467
924725
893902
775859
174498
422448
759880
974195
776594
874042
716363
461537
360567
580021
197837
544123
107450
282761
567953
715516
209962
719391
769953
534991
145772
32153
116676
543569
382445
267438
351321
5775
578317
962364
796574
581114
58625
244182
96585
761676
284983
395238
129302
938650
207065
810154
143236
444582
801354
456830
752033
726469
438001
52753
201396
506638
155622
329152
15379
803468
816235
490800
628171
250538
799321
362948
664373
513920
765178
206867
276823
966445
510016
430188
297296
992403
524157
467887
467911
806357
277061
27568
257939
900804
557441
654227
916351
666222
404539
545173
483996
177365
270240
689817
426891
734539
784625
638349
29756
444235
680854
597488
124643
526063
738190
615789
180785
975243
584260
283689
254436
631445
251884
991434
387467
607803
887812
635349
386814
883187
453791
208336
22587
533912
591767
802517
399489
431759
141750
66095
643526
769306
684937
45276
420776
205248
275641
562086
454332
107212
378347
108140
561861
668362
704637
309984
267955
918961
147321
904463
734450
688967
154671
671100
686370
228019
250759
654382
719694
480116
957186
725847
153661
998807
941202
111478
303271
373114
97795
426978
85524
839321
986478
360932
686614
182089
931202
422975
278623
364659
708911
406389
977923
757708
347023
792548
411516
187505
551004
679796
147075
445630
423905
400171
278551
901008
125321
717515
718516
690044
36099
635257
727668
514170
891487
98287
143061
225514
274015
405208
470203
499411
434242
958277
366405
965896
141842
789790
460330
145961
456342
419374
506479
86886
913201
962577
440099
802798
907739
447461
296489
977958
393249
122790
833446
187127
730801
673145
338437
140899
240639
697274
895422
709298
586419
943095
953045
746606
622301
687376
243890
679838
322529
664340
118514
847558
488547
648762
155521
66166
701420
832998
456077
850847
130696
234382
392667
152848
666268
298974
987628
960580
654173
443558
397713
346341
667642
668016
792835
677838
222152
886322
612980
306658
329576
198783
811400
921143
536819
417487
294587
532300
285790
789706
422461
652028
739659
87292
354736
364659
678553
540547
571148
937885
493884
106013
632318
178581
987173
678445
445954
921447
4906
853149
404352
564842
754276
587026
373177
498312
585326
899459
962577
746941
468883
13694
426977
584051
361003
363629
568889
88418
694047
100286
189138
865034
388601
841256
393379
556292
851472
736363
337514
171616
944544
54821
297106
896081
395311
766891
739308
725124
127548
683576
50676
301932
765592
394917
713044
934958
456485
83025
920002
16311
821646
385772
530021
312241
535786
952298
785360
207837
226550
620652
227341
483331
416651
956468
702884
672026
144036
873048
361126
677242
334160
15934
801162
538592
176426
272946
303142
6836
315672
849487
384201
280803
139282
360928
554731
558550
859080
765051
535968
258412
126815
316392
936547
313359
82469
713145
334435
329922
127767
232081
223276
14750
865614
306083
297466
547094
854397
999451
932483
970735
947519
122361
611174
430014
455430
505692
408887
922630
634138
354836
814938
534521
620624
429445
339165
425717
625137
754489
510129
609913
357121
401531
786800
981767
901458
552312
311951
139242
829394
119817
176511
204865
395088
575516
548623
541019
419670
551660
68311
772187
553586
724185
701285
62543
460701
968506
773244
961049
79154
387439
159131
190691
785227
220005
173370
47277
140344
55606
256384
67754
8364
462520
477923
18298
871989
331647
805558
794635
175538
198252
86850
6123
737451
973891
181697
152799
973385
146698
167051
542212
635009
954279
810019
343505
898632
389695
707803
996616
917819
442439
982698
373130
464047
179692
15333
385942
51624
817940
632148
922830
444352
95615
695320
636771
314560
891551
753719
472575
890448
744017
543991
588859
56103
257069
920319
318545
273246
811855
100535
564670
229179
78607
407582
585915
252254
97017
109018
945681
317968
721418
210108
45774
132205
694016
904545
348685
402543
424894
203966
924002
247294
110633
426026
585932
864774
479409
817544
974246
47841
43832
824167
164342
555529
444540
341591
730952
769621
39698
146897
547818
21509
225514
704306
597691
685097
632484
277056
440492
213803
383459
75151
383287
377587
405
352193
733605
966320
359382
932851
288302
887924
48108
338297
688358
608787
584680
181527
221899
847142
203871
976096
375946
83297
932319
222896
474050
696611
114573
244700
270638
976114
572741
158046
876422
99332
793730
133122
10494
410070
141056
937750
153281
679308
77328
758065
835278
422975
526121
884844
724395
569349
43990
781846
500446
552144
643189
893787
503433
896108
696923
799138
408282
786205
366365
411167
961337
854967
715077
254026
475730
130503
483980
953573
589639
542044
309105
832455
927294
886021
699933
329593
846342
548632
140045
891395
162459
615311
143574
145917
145909
129714
968372
94124
829817
167478
531041
469841
533427
165119
941676
206800
830467
644702
934966
150335
564616
262074
995976
567001
281808
916055
904727
827520
696658
943179
739821
218651
662729
848527
192252
817504
289961
626768
503741
101441
827676
508027
671026
226325
498258
4494
148049
874967
433231
119719
782699
675037
968238
546970
316425
296279
920005
951126
329479
833113
639149
681881
499174
810100
426646
65119
280837
226238
390118
46378
183794
627328
838252
34493
595697
590708
701593
152502
478994
523842
539271
444149
132645
318100
55058
400024
111443
862036
978814
701398
119123
360691
352157
762647
857525
818955
313913
238623
606130
325363
263325
501563
936707
357067
555546
565937
842628
794418
236675
11789
435679
892684
835694
121942
320123
99403
940833
354356
674129
558127
843154
673610
704202
599185
553645
420099
835632
211133
716067
905792
309065
72789
71093
302224
142174
941270
211432
683928
956560
234635
746753
647563
305578
467525
707398
320720
797321
388601
281971
111292
859248
468360
33993
97981
574464
946148
983673
822735
976588
938487
290087
386724
51839
531134
124907
678763
818803
600187
37489
539041
399369
882598
291022
933306
532933
442836
175814
747121
567025
83058
899114
994838
184898
396783
673814
111041
694992
867161
302536
783553
70638
305474
537716
576876
129598
142304
307163
307407
331818
817000
603838
476695
981442
644793
521962
855867
161052
305794
817398
372733
275325
160636
16038
119454
858553
263552
378339
79207
806019
257137
210631
610380
648826
948598
632303
209949
3843
69539
9231
171671
601809
151772
295719
799612
660621
705485
482499
401435
384746
821106
62566
440529
105997
77097
358352
851666
514552
702986
431682
394238
62063
754978
7849
661079
62891
345232
791064
269093
382506
599402
888121
370499
925316
967918
405207
440750
375057
289191
483862
171666
392638
441419
167401
655899
812224
948341
232141
977549
681493
25122
924358
111174
643733
126196
293432
31719
373271
959292
256492
151241
976766
24438
940891
631099
689854
935431
473925
520758
819579
152049
936855
507974
443195
547064
346151
615754
636838
97460
793893
663817
848942
39557
36437
981574
372943
586059
644694
634686
614094
267556
311145
482886
770530
452962
5907
421717
701145
822361
706302
274701
895632
446511
545153
719186
317370
147507
103915
125301
527949
440503
548889
779532
1897
830426
427022
416357
864798
675679
37403
990044
973705
738530
269584
251000
955929
294580
419376
795982
926095
636157
880177
723163
939628
690590
466143
282421
565703
39557
162641
341105
447237
392511
671546
13711
725474
969378
805551
654751
960289
159573
203545
517710
34366
419083
500214
967350
661531
138675
291218
215261
50975
505825
233606
853389
534168
914119
530375
676482
823576
636797
451568
131651
7325
293479
117552
904958
491052
933036
183978
409210
617402
402547
854068
207135
23999
894929
582026
698254
51567
199854
317494
274827
324609
687122
535232
750611
804397
711969
383696
794003
669867
655033
590185
203912
389669
286889
905766
199331
874484
564586
777947
557989
975623
110959
718760
399767
638958
540994
549786
668155
700478
9807
510072
540503
746479
495084
959048
384579
537872
3384
15523
617109
86737
825549
21826
89119
869700
872816
596996
937747
990574
101901
714423
270502
106867
138534
490945
717855
769224
349110
423169
124025
728378
592521
406798
222369
455244
355142
494658
909430
102987
14182
668507
835707
73198
611937
172983
179212
295701
53766
382705
378093
482450
823127
929066
969198
632228
196680
393507
777637
878599
760615
680954
432643
416148
375856
348723
37639
475403
337553
15235
678548
154297
455608
725384
798094
9836
9651
271241
226025
864437
363980
611824
649703
408444
395099
390094
903665
129912
449459
967587
242417
859495
91138
600719
258484
317407
261716
919107
183063
66089
167590
673094
198607
515867
100221
618157
183465
470259
304649
443159
782939
427653
369773
405875
829563
944105
43299
705530
697981
633846
486401
863841
55566
143247
942364
823777
412353
81175
55956
375575
509335
767712
992409
441165
150080
977102
523270
198470
249191
844530
991212
963180
471622
414311
150502
228155
438497
997196
163863
679013
1255
767154
201564
67249
730090
480479
240425
999158
790439
768085
98549
302373
121912
571043
592110
378365
392416
497422
241466
721075
149893
699447
928948
897156
324292
944272
204054
571813
335381
119179
426916
899627
501792
568020
272626
668403
143993
273885
659249
366311
616988
358829
251812
190293
811786
887823
886766
852407
549550
181179
835576
955095
399514
386322
197632
410469
477001
457705
871003
137965
292160
623549
283504
746318
915322
256533
116701
291296
803901
401391
14998
397267
700180
286410
973934
117202
894369
783823
752941
921652
679096
278867
432567
654250
869333
301780
172852
960394
827142
646276
907861
574807
248803
715384
497581
642575
26769
350541
409282
394276
117102
343276
282890
727259
839361
303286
56342
907878
801833
786757
541795
792070
990153
170463
342094
181685
176833
281384
604166
556280
763587
847770
180255
986027
465326
505265
96247
401612
952361
576793
459962
365484
212676
716633
723074
913408
182128
182903
177665
756341
440075
362931
71980
245270
708552
316935
568852
457633
670427
21097
398831
116605
233370
260946
129859
534862
219119
19642
940217
103847
576476
929790
853807
63340
642303
445015
718193
974798
16694
697580
257794
349800
250808
559430
419523
950462
205180
410381
269213
676285
545980
422470
953667
75201
526501
283083
159933
588941
246458
806760
88335
308690
598169
721383
638622
451526
899067
284449
499084
54032
175020
293375
493687
886872
109231
972125
23335
837487
411197
837568
978441
450366
275804
550838
774911
920562
637165
749405
719457
753366
89502
877739
720601
611380
541976
131271
40006
7371
381468
697904
592497
399584
428494
801000
98204
579296
841473
589462
128232
559108
37333
639813
743712
10269
963188
815355
584419
69660
142429
714779
396463
643431
868424
179626
432486
942383
903858
641912
854090
953832
209768
227643
640830
354254
669617
904221
399140
444987
250121
160827
717045
997289
709183
575920
65097
758480
927738
441790
501770
617218
517799
108452
814211
775122
189429
461984
29440
990994
810675
371014
632701
684153
339605
847442
764790
484141
84708
678808
278538
899184
322538
444729
740301
354055
585613
338113
698597
359605
882698
331426
923516
766952
791127
907026
633132
952327
384127
230347
400995
18228
992273
90935
587887
909076
538987
80320
944284
649960
198222
110544
207703
766933
352247
843165
354180
830698
186045
354231
649035
920993
51099
946412
882957
383722
229338
342891
188134
669194
140876
742076
693388
121425
993564
762230
213233
335511
449520
