819296
618525
701191
837306
760546
412999
512810
336098
670119
738861
187867
607586
645822
243592
884507
268256
819734
285902
708886
772984
902558
942898
567566
126217
214239
946530
668605
695191
125874
914819
605703
461176
845529
849831
22942
172060
736305
536686
3854
163101
225817
351749
633400
273437
686257
161810
210674
343775
273158
444295
778433
909702
17225
560154
565045
401837
353843
362636
29346
319508
228049
240756
986463
669780
944401
65317
575659
58162
226629
874501
902010
120907
881348
943091
900142
96243
310174
596117
586915
433439
951118
802604
963584
332984
343558
428906
222801
43234
809924
134356
15060
51719
721509
899561
927218
217527
851344
795061
628299
203576
609801
742004
823560
867134
323716
844623
193968
263974
353625
588335
565907
474325
266356
462048
243843
402321
801140
737518
316173
527658
553627
391228
494278
282282
590917
938759
67578
891636
486807
216789
812667
888398
972726
664435
194690
716362
574686
809612
689319
961522
538830
81668
560809
319995
896382
243752
650260
492667
262111
214815
489554
825268
185364
70636
934564
131145
250195
870494
151983
607011
184667
779776
916378
333617
998327
899870
367161
620565
85757
47575
365652
411872
522112
289379
618159
205573
774243
70422
276950
476653
39523
455209
640806
891209
46153
293929
938161
883045
306924
438244
116091
381832
699292
991749
31274
513594
674810
388730
655325
262689
766857
796901
3752
156467
641617
52629
192720
797981
142605
503521
611813
285112
882984
772618
338554
586566
405149
731152
393797
62597
850640
864930
570434
919712
638146
315339
187331
800830
82884
190906
118645
567331
419312
177983
35581
57918
614301
201788
640854
111241
290882
50065
230752
155449
272750
561113
684474
670755
584066
288844
366685
239248
703332
700063
358239
311011
575107
406418
95950
488143
491902
597163
472248
581504
35814
182890
362758
532739
190889
838354
186902
599946
153832
681848
296320
18263
365869
787369
263010
426002
525480
945660
876504
268208
885506
527649
87161
63278
714385
893995
170452
546299
607354
105551
66156
137036
566864
929659
862769
998020
439526
592560
567591
787097
434607
385515
507125
453274
359863
677267
712720
548750
915052
631707
757366
251761
913539
949505
936799
454520
724591
206539
992397
545570
670519
201774
140807
627140
274135
474011
99005
127370
48387
677792
563477
645930
116665
582734
224028
337873
939493
256805
994234
367278
118617
104099
123594
20661
57701
296365
822523
481737
15961
458320
703667
772657
794892
515149
630301
540905
232003
997252
742021
88522
967899
339684
385959
64300
185776
78431
133656
757795
531410
792826
744127
474767
15485
185752
91905
109989
125814
121339
524074
191603
374284
48820
196484
8716
399775
138057
145818
11451
740530
952228
188063
394136
418906
566320
108876
6823
673702
587756
255458
33917
828648
550352
141997
611730
240213
142486
609675
614504
677818
410826
19020
528657
185236
384301
108909
761670
749933
230518
276858
187531
84820
16935
900956
79686
252471
588245
434526
721652
812596
386754
340040
283313
586889
461293
931607
75485
805826
917359
160593
158496
929001
32182
603353
393324
708528
570751
71478
15397
585184
103582
378965
757166
775362
104737
897097
792671
319344
217952
329927
13286
422636
575743
740733
443574
216282
673303
172442
183620
707877
618542
484092
657577
981326
691487
374804
392747
106114
426149
558830
458849
95243
522323
811080
655732
342766
930339
51976
435343
375945
832120
187253
107670
599579
337314
825218
982884
961491
765919
763936
553349
455789
464815
504452
533024
413018
589135
282002
588540
906966
483096
52438
767303
717989
411874
181410
340512
454471
147200
322556
511121
932700
271861
918385
845021
848763
243177
839204
152454
861207
372510
747261
509132
911025
464950
411510
75151
653053
322924
636810
468690
638350
674916
274744
289028
230945
175122
888126
593619
916971
600583
89285
618840
615559
204901
408933
609083
846486
15658
801311
94117
6739
186102
995688
237079
106699
124486
168911
205046
322192
798261
23729
192412
170983
376453
995358
660406
53158
745777
770302
979980
11831
884653
32291
302742
176901
114481
809640
411331
778019
759803
801781
618144
397843
852975
967962
640915
468326
712026
89729
267780
221330
631791
232828
418078
105486
843922
256166
56353
819296
77454
301641
988639
896417
878068
446118
892221
440333
361983
647520
590532
926475
636880
320290
994499
146884
562370
353120
338798
667258
30926
594569
818123
115325
838059
322880
622306
787279
704875
912353
505733
874769
571707
24542
416460
437337
48288
5057
869926
812698
405915
452549
510337
784516
324404
231247
169141
859860
749646
692792
261978
964469
79180
941119
518291
433505
935935
408630
334612
698998
454789
294598
584190
908962
611430
535237
133593
589917
477799
372867
394182
882848
537067
237693
801216
187569
426148
896020
110686
114305
746314
902565
933805
765357
378179
793808
9522
40250
426897
879525
632343
563901
543257
551806
145855
751733
28761
984088
524234
973709
408446
695440
262517
694425
395860
280294
99719
133337
811742
748875
129779
868351
565736
749926
950057
536084
394554
851341
75300
257423
991911
540285
522084
767741
745078
70588
552059
299237
784535
965008
555085
441171
82409
852847
692280
340397
840781
155744
39077
691450
729574
574144
316996
674403
512970
818579
2814
41856
4879
787862
784830
85109
908465
272929
263650
276118
735567
20881
977593
699877
226312
350886
406188
211542
865785
915213
221493
915160
559532
404713
665001
185760
827764
747023
749580
706345
524478
177282
465978
143218
782960
725182
129905
448435
914578
476756
620577
771572
24367
957269
534695
209217
674814
39179
74789
844713
447157
737448
942338
479805
260314
302809
375067
95577
183344
294649
256413
686258
885530
922426
748351
858490
658651
499497
248110
208155
251275
591647
286184
576156
760306
315973
31485
183163
632677
380605
1353
71698
57710
774884
988167
807807
2738
706911
487722
331110
611841
77737
828881
421307
302016
139597
875086
919611
731576
330265
721876
477762
567215
578385
375271
958411
905384
661030
577116
127707
281119
104007
315025
252703
924182
252404
999446
926645
835907
727520
511631
576265
405424
129362
548955
19657
370844
875760
889124
125412
61478
198449
707128
518920
405150
245544
905033
8888
746261
372921
107439
479678
242660
362270
356222
885899
996999
355482
817815
990907
75160
74766
450543
280972
778075
275588
108954
109090
621546
449342
484076
699279
452500
616068
168959
894983
980164
85195
69587
848113
94050
671371
46959
54586
557416
331835
779404
223768
303234
719861
378692
69036
343863
377031
690549
538238
549439
73515
266963
881334
265723
758520
288578
189134
454276
113367
48820
739097
92773
346722
367009
916473
433887
305089
683827
69002
197722
911554
183404
574697
739884
953580
479586
715480
495839
381454
608987
312906
358159
942376
657439
743988
573941
320271
196318
929269
410598
192722
703524
253064
478566
24439
657468
952919
448435
228958
129051
477410
378464
295564
575730
443353
196043
27445
662769
38040
664601
434158
749592
374536
777975
502154
826176
596312
175462
909663
265522
218389
765031
876302
781609
3249
893857
650130
865798
940022
290881
192681
356865
783129
289183
495168
59724
83647
234375
51814
508658
982778
496849
653531
541852
215053
415562
98536
516357
4026
230016
319778
862410
968464
214414
636025
294765
244574
711667
366596
866812
511998
272978
320262
733759
268930
660852
401124
470945
812042
231359
52933
445974
185979
864955
945053
40361
489523
522791
107249
700457
943467
5096
641436
304
955285
575680
603729
702315
821127
63949
716592
94348
290422
49016
325808
676687
52370
595874
247990
372341
958160
313241
538682
607590
524695
927310
239969
296499
462724
282138
799429
302477
359680
119652
295105
190688
400743
191632
557220
90482
493324
361903
146598
986950
181326
975108
400385
249551
672952
399686
313292
238145
67625
291578
617954
293435
189977
511933
22881
781138
115508
362518
143477
27357
8601
260807
816564
331488
822180
480091
70127
603274
28493
876707
172327
318680
198985
343516
455116
987310
606151
73024
432065
788376
324427
693005
185852
662340
877758
384612
403385
74333
525980
411124
566672
602847
639924
201923
401590
703980
418765
309790
948209
292442
732966
429307
368896
888664
158264
807192
134601
52764
533614
477198
200195
796979
646953
136547
692103
731157
428634
795459
223454
649446
280563
532877
121954
757244
229780
855848
556625
674313
565790
149324
928186
667482
786499
505889
799906
69131
27259
325315
28228
89631
706283
918817
75329
829247
264205
80014
601269
579603
510080
27303
799191
365187
964994
689631
368914
712360
810932
605869
431466
484497
721534
542179
904428
682077
94157
271362
390863
121572
899893
1857
669178
224666
634357
224231
592978
266800
688284
629402
436218
71551
759333
643397
650711
867816
91482
859743
958428
937626
971774
104461
413146
630314
925792
363210
319163
24033
96242
159405
102069
973443
147298
585038
566491
815973
433365
110252
326987
970741
393987
61694
944260
32491
276098
196727
229724
595342
180650
768954
678204
510114
568195
767851
428852
806970
963798
698474
726271
573410
619769
317175
746628
342853
691197
394143
999476
534316
532143
532278
890529
387859
727103
886817
668889
462481
725894
546749
369319
45987
854210
959358
938518
891493
820390
323324
477206
180116
781053
825861
723010
826426
852151
311987
171172
898904
39187
412639
143942
922208
912859
592384
541105
951199
348440
255845
633088
863346
276145
430446
186939
621998
599406
971763
381523
779008
910253
978484
803396
551699
469421
341662
771084
813624
45048
47148
779364
916068
386813
106203
751187
761223
819433
847143
949378
814379
547365
956911
89389
397595
46226
939184
462253
561574
456023
452004
601555
352472
421491
120609
263471
147342
345836
880129
371645
103601
436862
850638
280551
170632
759270
234180
259016
241679
962195
357143
254938
877944
490604
799607
939935
769289
602818
25194
209466
298363
449054
213253
561247
772431
618169
660557
328761
997267
786383
727158
511331
943982
112730
885646
7637
177566
453306
77621
237469
544493
651602
472161
251570
44420
422119
724673
763031
853947
98225
217272
474542
392775
587380
427474
182303
10723
470098
791804
428113
603488
85818
724600
124099
629558
948095
78683
394776
281751
659849
967177
952693
627455
1862
516728
238354
42282
205950
984875
364865
799400
322794
485457
348072
893023
527577
850246
762283
967026
602399
320701
542549
491505
594039
421735
138245
474078
111624
114888
289533
859490
358414
879856
313418
551349
949334
532421
158055
32570
759728
857043
164495
807086
421206
359973
907344
230331
493372
357170
960914
961424
613275
60617
431898
679795
334271
293595
305044
448905
445536
393191
505400
744401
234281
560740
638762
975501
717690
211736
701551
247306
662586
850251
926195
279901
986273
163977
581922
757571
790651
503058
16547
814498
10591
184231
366859
160564
910051
2845
605106
236428
415750
419558
769347
728765
14282
727094
115861
353637
390179
269397
359094
99869
908685
15261
555913
125248
851433
494941
345603
707503
924237
228199
631871
661654
130346
776074
593933
181660
726015
940937
523018
934531
276098
402134
998943
793691
245359
174917
648819
514671
347019
946434
736302
105120
976161
991088
600729
398732
103173
344279
989733
903505
623872
709104
834926
723143
789774
885543
691093
772562
55500
25781
640396
341143
652521
140812
105023
545966
30989
418040
379525
456178
696079
379128
861861
689839
858919
277088
961909
653805
926890
145297
600307
512425
858403
970717
378715
258509
46605
933648
338980
975513
401997
162238
859690
160702
107726
359283
235955
884321
147589
416794
495900
981507
976753
281891
408520
717147
605326
721221
258937
596362
844971
524466
21542
261781
337674
554559
791678
783622
720071
253398
712258
118229
659399
617537
683287
961747
298843
75785
332100
97214
760150
635500
291375
840064
841942
360373
801081
950590
319044
665141
919079
180366
81257
230193
571233
968734
679132
768111
559331
209892
783244
771080
42411
456965
660164
981341
267488
574582
911342
920944
395053
385376
85696
867800
739637
63960
451808
273824
819009
28776
27713
429376
619281
798139
134661
643498
219524
64035
921915
907986
384724
51186
437387
468320
155932
216486
975294
424812
489855
195812
780001
692462
511484
691457
334688
633163
885530
840391
338732
778705
300768
790900
747556
890527
989774
292990
317835
767493
424801
195364
520
878520
775664
28907
179020
910837
650988
388969
670476
302598
818115
735881
383178
635743
70707
465687
712135
125694
174284
89749
71004
112452
841992
46107
75664
197533
106896
236274
214487
645943
357643
984583
102348
519579
283480
564626
556852
841031
73660
964967
164294
671887
698684
272745
948060
888261
24607
693349
255688
667213
988102
544098
941045
56361
462900
808648
722311
387434
649556
230333
420635
78318
73557
860511
246086
573292
523403
371943
277342
712133
196242
611852
815331
764111
980521
418280
496741
993640
639336
565691
867390
192249
476566
182903
594521
377848
73440
172660
254086
799539
137561
32446
175555
30394
273196
949302
709196
151404
133515
970913
917023
533091
478176
32881
234958
837188
69644
535337
828896
622897
464761
718449
336093
987647
498854
509684
147142
19033
805553
410761
490955
168559
113961
869779
784602
864607
357468
524747
674545
76847
176039
995823
100458
13902
507318
631266
616796
925827
141775
343114
304752
296389
798646
561092
798389
392496
296063
592750
754317
552749
169801
341883
807455
963656
473152
581863
125482
657894
54946
661548
720377
749653
687510
216652
508266
317543
12969
602297
591747
224659
249388
702875
580569
523287
349915
539607
905014
473006
449332
757960
122208
819323
241031
150888
820000
46957
206031
153715
9366
619486
953874
577922
121555
1511
983732
641616
207837
236102
776024
488896
106236
871768
211656
259207
698582
234726
281084
560714
163131
787694
236778
223983
390470
177829
387636
488145
598536
904034
273398
838108
680535
827672
193442
374459
418555
29312
436978
477902
955823
815425
392107
781465
357689
140530
978208
302065
157994
357921
212745
946465
687727
883613
182376
80684
189450
966593
973079
928576
954956
735150
920824
702386
18534
246519
25293
104945
491595
870948
390426
405303
541718
54026
520358
649993
882364
187089
858288
177359
608877
886524
56757
658549
706117
894713
413394
815559
551234
718446
741806
828352
695571
11015
231157
46113
718775
8225
869479
958576
632642
568074
326171
74363
387490
920562
149678
931069
112116
388022
833384
473514
401885
683021
311209
185527
631176
956866
521092
84477
657656
559507
674281
408095
187746
944011
850211
926517
999758
70245
557173
767617
716680
922241
10455
582612
751569
996664
332881
570092
563179
684170
926611
965104
642084
553031
306512
352484
991145
795991
793471
48529
333464
512471
778840
302306
250329
272178
477377
855075
692176
404566
622937
138262
275953
656779
185904
690757
359731
566216
801081
471691
63640
890904
855667
666623
671340
438471
774904
420097
943123
925786
712614
544156
732709
771969
131960
743481
878363
13878
593149
610096
492031
837314
344172
321176
17134
138717
611840
759082
900251
270433
888152
667451
90469
979706
50063
909906
611251
668304
633012
867007
91597
312644
877016
527392
828797
793922
439856
110671
475217
610825
170572
28628
197102
829304
689163
349539
570751
129370
726575
106522
137672
700448
379266
720937
96092
215586
415582
730449
327243
761828
260543
537515
852001
495373
666099
316240
262069
646646
89610
872460
828828
364559
211525
411628
186571
702158
506857
394382
238558
390292
593191
45579
510622
614976
783570
81325
311365
775263
701971
561793
483934
567202
208830
436389
535941
745381
495922
443733
431503
288047
39987
236913
294179
411002
719684
628536
196727
15975
8604
828488
246712
528346
4859
142100
999466
199647
689549
447084
518372
958665
32739
900452
816488
178955
469091
375344
548919
698503
177156
524042
301117
66757
897258
489721
554961
585453
890384
790561
34353
532564
602066
235594
12625
291148
533940
734717
996976
842277
734418
145594
836835
730879
568886
206746
208855
626153
21371
240047
420637
893751
824852
79554
881542
241252
250238
416271
180193
379615
373338
60281
957717
790988
547886
411830
736125
330784
27500
767944
658332
860651
482234
317843
593515
448992
484092
908261
199206
726218
255051
667531
258509
365832
835095
596808
610169
403241
767060
273198
635519
180143
969160
648306
352138
218017
232830
557530
986463
41678
991098
690567
471718
945837
615342
803957
625253
772489
411459
198450
951279
920521
964106
971215
470246
825020
689944
167863
747071
490060
735971
54430
555718
923218
751888
325239
375092
115355
226466
731560
816486
111324
167082
115557
930929
25834
343203
373203
703932
520831
783380
534541
645869
729296
515434
688480
233608
326775
118176
154739
787640
557660
773020
575122
116009
416378
284187
286833
862142
833383
22454
273231
719944
269237
493149
565357
5870
832605
3241
103804
801032
272352
468690
557622
118307
996481
712436
948123
659791
979720
415741
278140
604448
605966
459065
769629
587364
374214
572182
323425
5452
253818
522284
799646
800075
915398
48559
979037
92283
503288
602633
170073
358923
568888
308030
751094
20061
984800
609742
837232
159927
194615
389053
551628
406093
443168
88590
973805
734926
983165
18629
482892
926084
343327
373115
993804
834783
857318
373043
147926
592938
708457
212049
459881
559057
638039
136666
663833
228845
270778
252646
291007
729411
844171
19039
504895
455853
184849
847070
574107
868345
423420
244119
107859
935744
802809
525310
569232
683371
448545
114194
544634
822078
901988
97585
355997
107845
684096
81348
762280
328510
608616
858009
523873
841234
724489
964893
684121
730464
534972
95296
351115
81479
696077
66678
738790
635427
289004
312280
528159
348782
128164
949110
523056
757249
823935
655877
437162
557049
172272
275158
588411
6127
569805
847993
346290
92982
887816
140521
641034
71307
700892
512039
879162
183524
546936
88549
339012
182512
181445
300176
690843
604282
217837
607382
157456
870605
858933
533377
223459
659483
432942
737668
219524
568192
690831
416295
413395
914343
517595
593896
574031
256694
329512
459696
283251
74959
597267
78515
163454
933467
834817
70321
22942
400559
602899
498454
342224
780807
622868
223869
86121
267622
513594
817725
804001
77470
5519
370129
524143
474792
595705
488640
928345
729733
720532
470109
705952
958600
238385
980466
913315
672484
372274
18184
824976
33097
245024
779989
69018
747578
155097
693310
141775
587323
816094
806046
542987
810579
603142
257106
483361
404988
394328
292911
446005
819101
595896
194800
294908
884927
990282
791579
219656
603178
144820
250660
642066
96853
376005
446883
54675
624298
202349
556851
692921
741830
129524
693215
852777
223277
502858
388802
206489
123155
575757
719949
205053
285586
84593
329196
159842
558404
35883
639824
890319
623596
655507
67878
675856
287845
855393
331405
785112
804886
606992
562520
560390
540041
133758
349841
66948
874596
798275
508083
396037
915913
112287
985486
861080
556764
268624
943146
937717
40075
337576
670138
66837
957416
565193
1268
230254
13636
43336
611727
116087
261462
214880
137950
88837
575592
856412
340105
698582
190378
779445
7652
668714
78877
792481
601138
60086
326203
194420
254467
942194
593387
844623
591977
804040
289572
684187
716816
684088
512316
761889
335558
791967
320059
963222
19634
242531
723130
531748
384614
75224
899790
74750
322139
567930
224041
92463
354540
8638
716132
773232
181399
317976
379349
548009
365751
471792
433868
492525
844219
253593
191602
177338
761113
15844
938902
683004
934472
718991
950737
809371
328231
662856
981281
649690
731282
166596
839412
696028
105965
889735
259128
443411
438599
863003
123000
511670
367838
998477
513692
105983
874705
703008
989971
53558
497747
89455
786926
29244
18988
278369
475571
182904
199385
632807
945585
732325
416307
597510
77869
798462
955860
148655
133403
983167
680617
455121
335393
48577
37524
735949
355775
721611
710404
289420
659874
846203
741708
385725
710799
673012
835778
781740
274614
310976
809740
505889
249373
678590
189663
310467
812724
659549
457290
892321
229821
364990
579558
107476
435619
360901
329190
720716
854293
581698
668781
342697
712152
991543
662315
629402
551479
319685
883432
920186
174984
787369
984110
680104
854430
222199
211481
256450
43609
443574
736707
97991
877934
138379
465678
551529
718610
502770
906253
359283
272237
438244
330722
999784
708350
204907
524747
292135
779867
924235
464482
875704
635886
134601
104559
182785
500057
124377
759073
19831
273851
7067
484734
322385
738823
132417
757496
287903
515723
622160
77016
686887
66151
932155
989229
420881
97652
610821
597310
375181
224278
753070
475012
302453
313568
625547
343192
326884
213556
910454
175555
305969
267550
183020
18790
720464
153904
951868
619577
307327
315427
951910
799741
262143
524174
375729
861801
297692
480601
970853
443853
664848
395274
235861
211276
182741
317902
398603
788121
412327
683941
424205
618545
378410
87735
709808
316973
85990
737373
770830
932626
128425
163836
618010
99968
639680
225760
639284
85818
208298
228899
819992
557677
651106
227908
445309
270129
594823
489651
782142
109016
698161
703055
599961
859892
354204
373600
839679
708675
135476
952675
388843
228381
149393
232549
290841
390863
255895
152232
271471
21612
217011
278373
936596
164453
18294
23617
597724
172884
917939
205972
481773
693735
703426
280924
740823
947253
73727
738270
630618
810286
471782
133844
288984
921918
609318
55134
404308
96130
96100
355388
93121
5859
959615
508229
399649
102484
711238
719429
205573
497223
486373
817562
859597
140990
452604
566779
771106
961282
999798
77737
400747
366638
667773
854077
640829
522476
926002
550036
376264
670626
932158
676282
859154
319255
942631
284442
926053
8685
26601
399102
571036
395250
909443
791446
946356
489763
321591
291338
399382
664211
665169
223510
929008
942376
414785
816696
6988
541111
272705
80040
463947
58052
598792
369270
538983
173950
189533
812216
611227
993247
64537
784352
788401
169548
330764
423863
789604
829988
824585
735193
738650
152981
660298
249583
63291
952264
568728
231946
150897
737172
92189
38862
913806
413195
121782
782684
264617
945280
744295
640618
45571
633429
235875
688146
963828
142762
384514
54733
145941
936459
248249
824572
86644
474832
926380
431444
987207
613295
462793
437665
691399
517007
115447
732277
691460
486707
546717
118575
692595
374517
71582
876378
610860
651106
396004
80220
870555
851475
5425
347256
651418
909245
472192
772120
45623
718424
585644
584802
957605
904880
182449
4328
574961
121761
270896
490732
644480
933592
677965
865634
174377
220003
686245
643451
781901
156851
571947
106236
444447
967753
386567
104310
316050
374526
902422
15858
922916
535045
889503
647287
234260
577472
949934
843240
584021
453923
84050
739841
722585
137487
238975
599126
964019
747408
212306
931151
730644
543776
485954
620519
710370
95321
275415
63791
375838
242089
195118
984830
679669
520174
887003
530371
592411
994220
947061
606223
151126
467979
692631
482127
772009
105870
240271
989575
445509
335167
455706
308088
816696
710938
939429
197742
238241
273818
371524
418555
75108
465695
714780
403618
770402
905391
795180
170705
507741
993668
814493
592985
389454
162835
306059
999969
524335
740879
501107
682470
511707
175994
640411
839779
711998
383459
438135
757178
95453
775105
332263
438622
975341
153615
374757
881657
127702
511389
933207
29729
175984
667296
419318
382766
470361
731768
249887
387982
8510
21860
673868
173418
659344
820778
843801
409670
823023
156364
699567
779645
576407
334628
155409
253942
121174
145144
788229
363040
594234
812488
718933
905660
592598
947414
122199
365107
658321
889227
32910
363356
908959
966732
161606
569642
139110
962354
315687
626135
150028
711659
437786
760743
960373
591402
12114
951266
602140
738322
4859
668951
947414
801175
466110
214421
807263
242806
197309
221622
868062
64300
877689
401677
638769
583851
837791
154141
652579
629872
519031
592831
903531
734454
424279
740799
122168
143592
986421
479637
5607
172368
417985
13680
781675
462669
257519
220306
497012
714172
213978
700221
707799
541324
455401
164948
627442
619112
230351
175258
437086
827260
789144
10809
723142
667494
304440
327787
345158
995221
709154
719968
980990
662943
805465
144987
298831
949741
791659
782202
657406
186650
216319
183370
859809
882907
734709
600253
225857
286366
48511
507537
174365
929254
664642
655988
244659
220058
159192
909330
603190
982546
989985
955448
158739
33370
659302
868062
168364
116894
162028
350456
725014
58733
808288
598529
322880
779408
558623
40200
825951
713532
615925
704225
254556
626609
813599
918789
138273
411729
512556
905286
692436
418280
445918
119393
138509
513460
55088
636575
943980
663479
640154
300026
690156
186147
597417
722166
425524
37362
389095
286184
895489
722897
990282
797921
50801
858942
845678
635666
162096
668888
452861
908765
826931
337314
536213
871460
310512
790389
433844
482702
943920
873368
534291
937484
800608
268061
272258
479972
356747
321422
234563
687102
334923
279201
472238
121766
517185
864217
683983
565493
585909
534825
241088
624138
616770
220549
465616
1419
807131
928211
845011
724373
490034
16385
190399
664077
209559
488390
463598
198320
240484
814261
238443
207562
475944
193941
970316
888757
574369
320705
415608
368874
578097
930306
906857
167224
216046
371733
477274
314003
615679
620437
321960
383815
12457
791966
899091
867195
940145
841094
713777
189112
603941
620894
435083
153150
187747
104178
577278
360613
373437
101237
885668
72005
38762
921705
152301
105507
586633
861044
87828
847921
740262
736696
829722
377726
655604
279874
466498
276552
357827
189764
187702
167159
805218
716818
284002
809299
426226
917894
115560
747700
272269
144047
870618
496822
872593
58286
352084
458080
799179
334897
69674
561286
853827
142327
272422
315552
687355
982381
606610
242711
844959
40419
190888
433628
979043
814456
918936
259660
474448
599694
988185
189382
337402
833512
224913
25781
633100
999450
642300
994524
99212
542908
872310
587477
969316
735401
386663
574496
648505
789490
170789
757853
155995
231422
744601
391731
94466
37091
928473
2923
281182
351935
144176
603178
645495
89683
16004
410152
726524
317321
368058
226815
322195
260807
619338
746074
192574
74765
199093
954198
990663
766652
123558
488746
756558
235387
496576
41121
982666
624795
108656
394683
764449
522658
780615
827445
782600
442141
74203
140465
27859
349175
877347
494196
906659
715308
823041
885530
279924
817500
188539
5334
473005
870428
855072
905732
25953
37752
145275
811911
360479
335153
331641
20896
214703
391607
468194
555797
35415
678497
28256
911202
622881
115004
209259
125171
959515
808648
263349
999170
385235
687146
90581
883409
761483
296203
952653
734485
429102
505730
75706
561603
830989
279888
163538
826811
940193
213334
785781
414139
782942
983103
748994
399291
271501
590033
197274
487393
397869
803058
988147
920603
248004
521278
512527
6908
738790
335561
371062
393821
957496
109831
703963
565812
616934
387219
75739
431617
385862
734901
259579
254052
434786
414423
85835
892675
737041
994234
762952
652839
698901
62780
526321
965999
740322
724310
933948
708718
29703
904755
354112
930256
490875
797735
644401
646287
425564
159899
192711
416295
789328
826851
611107
256189
79308
415508
690355
991675
848949
566609
357159
537115
144495
727821
188113
95321
176228
563360
570571
714435
274940
922071
638595
286452
44712
568623
303230
752715
638701
133332
214478
912087
233184
400301
682780
605536
90136
446523
157780
249869
897920
8185
885261
159634
821606
633992
495037
811453
246212
999621
828601
172368
142298
825028
634228
8010
81682
70850
375679
523193
683926
879383
956292
378599
102738
891681
574258
66784
354948
532297
448009
286452
187484
610214
123663
505724
842130
989145
802750
221014
539450
298008
489132
253701
946122
345137
861898
85500
169354
777388
753724
379527
899178
469265
380605
634309
611707
673537
1963
186407
740530
224425
912228
872956
891475
938471
28196
666111
341060
920079
746893
358817
282079
872252
891537
476752
745840
495872
66422
300639
373312
131958
345651
612041
740900
654512
429324
272220
229424
960314
397062
456791
114871
723301
693884
717389
3202
826466
817294
310867
792386
82499
907844
255347
513144
488178
609619
472533
629626
989695
922874
41531
709616
255277
187649
57958
86260
368119
635824
356803
211954
701154
805830
28952
465695
807221
927854
696340
537311
873358
59404
769764
52133
436157
429738
913584
569665
542567
202498
713782
675844
392990
71004
246231
299721
940684
362747
427272
927587
175204
8406
861027
791967
942205
779360
696294
71971
920682
323859
370129
200147
29897
360647
892864
248050
334020
371934
268816
982778
118931
527179
279258
677978
498477
1246
762182
46301
471655
505501
930514
208241
236702
786615
56165
13489
843667
253220
60594
891266
613812
540131
908534
676366
80337
204657
965104
183080
320427
240082
834765
706068
296169
68367
469501
390024
390263
413552
265960
268445
562041
743630
780225
809159
761112
927100
30901
272964
257552
828678
69274
309588
741977
506862
592643
358961
415557
370005
994489
426160
942984
103659
121907
2786
735151
820105
986019
137744
8331
993126
446434
176486
815933
164613
221097
590983
370249
578474
405789
812633
234577
595557
277988
716968
984247
412595
439452
53422
436715
814326
156841
128778
63997
8715
81840
499393
647327
792579
452163
417028
799193
746026
464109
715999
634719
547818
325315
756067
788816
699862
518735
608677
990241
329804
467825
236331
58722
249125
230053
935813
610052
113859
136022
659429
193474
868169
89630
629873
410435
640913
213312
650387
127038
823538
483878
852062
325750
933699
506955
696370
414541
169274
520989
940285
276190
486457
989078
938664
599621
510746
767572
714234
36813
949099
474785
347349
550838
127353
770798
730947
133696
563274
521760
506936
514121
806574
119195
632142
982666
739192
29705
964845
686332
377618
629760
851676
215087
398245
858704
979190
592849
53238
813116
704747
782488
914433
330029
832969
102669
683795
462900
308182
891062
209289
189435
272832
371162
989788
869216
309959
491910
61358
32891
556167
882509
336592
701230
448513
273210
678714
128670
224363
653790
462891
628905
157441
365277
711610
414205
370137
691197
383368
426989
723045
978392
907587
939876
319992
825755
930977
433675
893966
179386
381709
900608
706321
124897
777322
730601
83441
558589
697231
948669
27571
385882
236228
671362
909261
834831
857495
631725
74925
786056
502998
197152
760941
662838
384662
684484
528802
474732
335184
991069
10567
260434
3866
768744
799468
982144
478637
288890
923442
137082
772671
677112
163962
609284
972399
742489
306599
665780
122710
219143
657153
286764
790894
709829
203842
681806
541811
464056
20606
521236
288092
136268
117230
793338
524598
4193
647996
410994
835349
396916
203085
302628
811686
873954
44070
729697
43182
215719
600003
132858
369375
467751
900478
362480
785811
167546
659460
287054
4185
418024
751259
98726
447061
958167
771813
83427
806055
570103
403995
733046
98213
308367
967262
838489
663798
255360
57321
202081
756424
715842
101190
416475
344164
213852
293831
990036
405533
529124
465112
657577
780612
861179
260690
35956
190686
336393
548521
90074
107902
999606
756730
665826
708510
718913
977798
92747
94032
673144
724703
270895
927847
119709
492194
639888
795566
118976
428655
772704
33473
834622
759556
636702
622584
836993
82842
630288
519327
570322
767947
67534
738885
752945
120310
342179
974464
308857
195436
746439
807353
76140
861903
604017
857165
866145
544199
825656
275866
227283
894080
99958
387321
733048
646205
17030
167243
150108
258093
811894
70184
162820
91194
543916
58264
79731
864899
284414
75886
714751
761002
796615
292770
156488
345039
375974
719186
38856
693961
951451
245060
817955
317596
875377
948700
531151
611611
29513
483552
69917
65034
137799
531740
333679
895976
591381
473034
380744
863279
99192
23943
465467
985210
431849
704321
279226
631704
123285
431470
353749
555971
47590
989003
415984
648834
745453
786383
336191
253135
481400
938391
549707
855332
343074
685697
494175
575412
576370
863080
116496
106027
753257
164451
339867
988698
969990
819112
316661
431461
263203
934895
891704
944658
228778
350287
524400
644119
500522
867347
672629
443509
381125
197873
842600
289806
794231
815670
194174
951910
165506
246666
303708
291551
738824
204462
929303
339354
545483
590020
766333
185130
530338
16077
814752
684525
471474
211157
262183
152079
976881
737485
75664
730582
32091
593341
913876
158337
293617
378946
937992
285592
510187
148071
457444
516358
734867
431606
245675
990284
478995
361127
622830
127808
198957
184270
716289
352860
394725
955449
118951
406029
472399
196016
421678
564352
6739
675372
279543
147631
809282
622959
481284
108943
534086
68521
493062
985597
847398
678087
157341
600779
886302
346624
969383
272568
687830
271547
553493
919976
499378
378362
818975
26952
604414
791116
651344
599355
461759
42500
944844
599355
254606
629108
899402
960424
276667
957612
276225
42802
39451
138189
685290
413490
743623
868200
630239
262127
112116
372809
966410
482127
914197
81251
289247
671210
249318
707135
550406
330627
860917
624107
828135
890692
313701
456961
793749
943776
901324
306462
428200
132541
998507
434197
399672
859529
983746
806098
803773
362422
443105
362484
987257
509845
100077
588968
707587
449120
463560
757538
423900
336975
640848
851117
100890
909061
372133
274179
714503
919590
438509
445624
301108
507213
970736
937438
606472
696677
7620
396946
253327
654414
42449
613609
537333
480861
984194
240439
721986
19388
952525
438678
895463
389175
390743
731757
469596
296690
396170
477462
212938
533538
826288
807290
160139
511141
67004
181012
90806
233240
599004
658957
987574
151754
777700
993070
301413
324649
713578
753555
28343
944856
341094
462444
187440
324057
241857
540055
263254
860019
527350
978319
414595
958026
506444
826823
605787
833659
292166
163027
811437
8429
293255
895379
163108
847865
56998
525446
214457
76861
169497
388886
3069
303228
117127
571037
328171
100919
923461
194973
849698
723788
779122
461501
937496
68306
757795
776409
695585
831674
211585
336726
655379
557200
794813
205797
810281
930574
919919
602612
16273
95398
471439
380650
968755
383682
817532
153984
432037
878454
832219
359333
210063
644382
177463
587522
43605
386902
336356
769037
284236
175711
681788
817642
695355
205707
560071
693663
741772
88480
854260
560753
935346
6303
488395
70809
62337
507978
780836
598324
117419
277791
334171
934401
652894
194523
485512
525406
13361
595687
48950
262677
324460
678755
872312
419532
168377
244216
716736
602543
813955
232012
429229
382120
457190
692787
617422
259797
870020
872934
330020
74723
188490
851445
783999
548271
339104
153511
842828
109806
827653
368832
156117
133603
949708
461207
429102
38037
274090
42257
199958
232321
971515
734692
681661
373875
462385
412999
928131
990743
143394
485554
633129
960073
834378
149535
59063
768717
86611
162233
293848
51302
876909
769044
778137
153294
734709
350660
748970
55895
582095
595516
839317
237759
748344
354099
421797
796765
409280
237395
860984
992839
65798
669246
467364
23057
611184
51526
23067
803985
566276
803144
934511
593398
561005
919499
792432
430128
936225
920932
818758
268871
980637
245607
937516
522385
51598
339893
362485
207231
257106
498755
56249
284171
988630
238831
515786
357107
7067
341663
168039
972588
718588
918658
115049
7815
343639
383956
212126
308419
543146
357473
203748
162197
118669
419548
876548
798880
4185
338202
918115
837096
138525
506690
979488
89882
916227
612347
157298
663218
811832
493355
634872
664287
420738
346256
130261
309320
372704
53995
497764
502874
832326
116102
526353
32571
199399
813606
783265
829259
856622
56383
24439
991114
118996
370260
656202
673660
822248
978822
379615
682492
822645
160156
97652
816628
980260
151907
63068
339400
480717
88574
117772
179745
551794
529924
822330
413898
657600
855140
399271
501818
511948
34678
487159
154318
496376
872783
650728
198273
235733
177036
659344
401718
798934
623525
174911
935392
881792
625616
424509
844462
816068
262174
374787
963288
128282
530277
725022
285814
260987
102656
591129
21746
979179
161657
287901
236415
113289
879989
541297
409873
236389
94922
141118
452375
686985
501406
624219
587259
749658
745991
465282
414582
847298
294925
851759
427947
740171
223482
59187
725349
516528
994126
836312
488428
94234
866270
281182
160696
506690
339859
385235
145037
387627
101335
445803
12092
195756
953370
117720
362953
184211
405458
741904
119428
10741
500974
657564
678351
925616
447855
399379
679797
316791
168087
329310
6610
736292
788593
410778
944048
911865
29901
746485
831619
271786
795183
562099
832738
314445
938968
69118
330021
580903
384117
977487
372639
477512
93344
284163
468397
367144
593506
481973
87143
89389
238830
347971
302254
727464
266386
541681
604762
682047
411661
638786
233390
345758
604345
88394
672253
402702
800426
861954
527200
141713
314622
625007
339834
859209
918140
800499
868801
345702
224717
28482
211625
564027
215153
583978
596319
482
792721
296119
892548
664473
215600
146020
690865
542140
798050
993549
98748
763162
293822
141453
128778
32758
907777
375131
767159
789501
659494
619668
468038
373832
691739
450357
124839
334954
934762
13055
369988
183529
6953
401679
654150
568852
951540
541124
63374
711943
188959
330174
345791
199477
786066
850335
340797
100523
235599
377679
845868
284716
906116
914434
851341
607224
986688
75900
479675
350330
958850
862178
975991
508031
576840
213101
366918
88444
857659
337448
407092
206489
589489
319535
153852
830599
124400
857549
937691
825312
494141
701770
36679
273083
811027
759920
748302
629405
553904
229243
40096
829913
569091
514801
145315
981245
979265
454291
284267
366826
24618
987254
111508
201541
971027
438009
578790
893533
92446
266856
770999
110326
274940
550500
152343
936207
249555
488124
78291
376388
59510
661315
16891
682957
492414
579091
915276
490293
645459
133551
738343
205743
143907
8004
36019
630734
872941
742047
959364
513777
591377
756634
594758
735971
962207
29272
364948
130640
637751
542390
19872
743614
197108
407717
608405
925505
298938
451917
799191
474188
796649
270202
215717
504858
117082
734448
346149
370738
779111
559590
999485
296022
238298
301835
559167
5022
60187
199138
866585
375448
665633
807290
959028
217712
10343
334705
812479
688858
781887
197604
777700
887759
384210
964312
554893
444203
266708
789765
132484
982743
824469
735150
517813
430805
724990
890272
589246
660857
281172
150482
541100
621952
425930
198860
521193
343775
784068
132818
732754
387173
986682
577533
579213
612715
633355
221898
868258
495301
33794
421874
778241
623774
934637
43568
214547
176901
546690
2910
538300
741192
914047
422028
724414
15880
296389
723521
544564
358242
618864
871980
799249
892523
623195
578422
917306
97290
563836
513464
197070
538445
11723
809079
495514
553487
321804
946682
988449
168593
901997
442555
441774
356222
510064
351625
308994
228045
388774
586371
125363
836415
775394
242320
134555
507408
449981
357541
883814
312531
657490
165806
954457
12897
161744
420963
431766
233124
863644
814311
2228
847780
746906
107098
131290
894118
563208
183259
957126
263796
798986
496412
660393
894361
640784
615293
568403
236154
104474
443179
485410
954328
765205
807712
86260
777845
198254
799468
347019
842342
990798
175561
811371
508953
478792
566147
550014
244149
424103
408896
46690
976805
74060
872440
139993
33997
660011
515420
938803
775144
182169
322870
797456
741258
82409
37741
733724
148701
482651
401135
264345
278343
233960
930461
177908
91597
833188
737138
98156
706135
320365
336104
867113
747350
406105
770474
198402
918568
909324
210510
288353
976032
531104
799510
924698
275020
571299
411889
840213
562326
256610
748492
317257
901749
697762
417318
31934
503282
457
964895
332312
30895
874717
929168
859093
251728
171229
623890
912282
320375
450424
571874
260923
267191
856399
452871
51946
595619
383585
741519
827603
802736
602482
4124
19552
552487
251145
518390
535880
597093
99432
634883
559448
554375
532610
11180
144289
307304
611487
807086
939077
191598
331287
525204
359082
346546
547292
71135
281300
631885
705035
381898
674994
667148
341230
420018
117423
518182
337383
4279
738883
583296
780062
422347
271978
114815
553783
337560
606095
401019
250208
88603
107428
507613
652318
549347
908031
170359
364901
650642
475702
696339
210671
879291
118403
742247
486208
811890
702817
405368
697556
478341
365780
345139
136161
47054
347602
652843
252804
252257
802497
858648
980083
497566
777903
916748
144744
153099
232859
336364
659404
230913
930234
275800
200206
792294
132081
918333
242304
405689
650372
476971
287604
938301
113338
374214
400182
395533
443873
832451
617471
106218
421196
352128
65994
73437
376453
272128
89094
662795
231444
325289
917224
685661
745853
668758
965675
129826
584287
254867
974326
741699
962076
118500
705994
754236
334670
318825
956456
595237
482234
16255
290008
651255
276216
456860
383848
981909
741996
799040
217463
378179
632122
790424
717847
750419
593958
956118
379675
309298
901901
689036
410047
113620
925786
321273
626442
76303
684474
24698
367027
931183
546667
108295
940015
176336
53487
263349
708444
17283
827649
227769
659792
52815
624949
780062
930306
789752
805185
549456
239951
235889
150075
731213
752462
70079
5529
798228
712315
185552
605433
994717
697831
306706
650610
923843
881542
94578
5379
661317
422369
876856
229024
296514
925314
648958
20363
795169
702913
432196
269182
891429
94481
994792
733809
87355
702208
427021
88898
306256
472284
927204
134685
126581
390695
479150
4902
818647
334309
960906
927055
48873
696079
83840
178620
177078
174984
62316
349597
712705
303116
44040
390761
279483
723697
473635
803074
266145
127945
675054
257518
265993
348050
628050
59197
293727
952712
814547
607180
968394
353731
802918
700853
703052
83814
311160
937033
962147
313286
781519
714245
139727
420676
110850
716330
208443
756387
465035
840239
443570
435818
407374
351964
126213
896033
704616
693637
129078
408823
230480
541482
54404
219674
501690
344742
464298
347704
239415
43409
722093
248616
157116
730552
462137
851209
420563
74873
426624
11863
225671
132320
249437
258093
632761
121905
890475
463834
273270
650202
45190
288408
677601
237397
777476
721128
238298
774808
895473
440737
889916
935011
3903
643677
276264
400435
385004
29812
686833
803662
55492
232862
750392
863235
846434
87327
881693
355041
531998
576155
477358
364990
364498
135141
842057
262843
154639
787572
446216
367607
193318
276607
267634
691322
75251
521970
148759
879242
313409
591503
547826
761661
421575
47148
813531
654819
502024
993284
663876
823510
598848
806802
483209
576727
687457
731157
702436
149663
588903
838043
806806
250314
889149
244875
420288
603392
517510
753585
272353
710731
29685
860588
659510
316434
564028
697452
703872
90042
214470
989161
476878
308913
125810
869021
224892
999022
127941
812545
898261
901569
418509
146481
146179
955765
708436
722534
979924
17532
435580
976721
962404
760981
72988
39889
288214
667457
505524
997583
81764
519863
588293
861548
758796
333949
679754
625559
292838
255212
102738
562269
942338
4791
936463
732054
692822
242221
392143
402996
270652
919328
359991
841035
997498
851635
727219
823047
291919
327083
259039
539823
602113
15190
323091
39563
969266
83319
193526
297882
350492
831911
719277
899878
246278
627410
59153
142990
966844
329509
697895
603724
649955
115884
534168
310568
760206
260806
954009
161922
531896
329436
739848
352862
34852
945169
299076
810271
685133
428376
296835
910334
654628
508576
137950
281585
125612
409025
142539
933442
863722
125989
226180
427812
831283
274928
840310
627892
933919
185857
750980
609671
175985
64118
582722
832654
564508
315594
156747
377034
175521
830110
261620
964967
663476
260117
805881
723682
391215
877663
643000
318314
164209
144044
508109
650728
629681
246111
315003
296948
375897
31386
799361
177948
47549
504937
989333
116906
590532
52850
665168
436019
367795
934221
932217
254887
670158
857199
55172
66440
656336
421343
455789
796964
457557
97167
27445
461761
936184
519468
150335
776237
878640
464817
696958
133186
711982
38467
446664
971821
723175
808712
493400
608531
267804
963017
846782
393809
343307
294639
652221
154435
178228
437605
355601
78493
515308
665458
964070
107902
163454
238165
68636
609011
354320
126611
545925
816209
692387
485106
672663
686913
955554
144320
610735
435681
455223
587259
325579
650517
154745
1370
54733
2923
491308
874870
798785
607435
241008
978646
90169
598520
491993
983371
608943
499187
67243
804523
929864
695592
296798
989430
605663
265260
491351
2813
783931
662213
414035
552589
82798
244888
449934
758748
188066
205324
693768
548819
602608
795617
582150
504576
895530
81251
590166
66886
324034
963414
183247
810634
736837
720150
755089
771725
544775
328640
716275
736945
581972
851072
686235
880598
541658
170357
897082
666237
165394
425292
128455
933498
609901
193872
835514
789152
393663
861002
400182
557992
428914
795514
256994
940591
645787
733701
973066
686634
574843
210113
817076
112485
480526
484077
83396
917299
611141
569858
371012
921749
276013
184046
611308
290151
479709
553187
863080
490799
90002
172518
572017
881081
646136
372147
137166
191066
648997
569098
698366
220679
475264
418970
316791
589136
960656
480426
29484
123825
298172
941593
869211
921463
782285
439245
482845
467751
854776
113631
804205
93254
985422
36693
961290
145515
618996
895956
456457
731866
690610
246173
309966
719337
239748
595305
539245
801426
244119
450606
339995
468373
946431
386395
218863
762909
245479
996588
661176
719990
855870
446306
257011
785162
827288
381828
306876
587651
40272
6469
335612
302736
413878
878196
598739
994763
944684
762869
521456
92506
63668
140848
5151
664967
340638
450652
491875
280372
193077
628519
281185
580182
14542
55916
609567
704151
527268
801412
67455
316153
515200
975216
454538
350343
316578
267321
226800
853861
828567
101420
438146
242149
465361
665474
530656
159955
388074
840670
413254
278902
550275
298991
308285
257118
10704
323364
555456
766004
467068
485871
481612
629563
312996
236187
41469
826022
273617
249829
983546
12452
203371
931460
293704
606687
742757
452686
60944
142907
495934
633421
429817
258689
190730
692660
459460
41490
291625
607780
954150
520767
650468
340677
702088
181821
910963
188869
689234
729808
993537
941717
561092
402113
938502
691093
961708
596023
743365
530163
829170
551698
686900
503721
696318
819249
328063
931636
355725
658948
651139
391851
789501
233970
650666
643529
400406
442396
342031
103522
405150
286142
312789
713103
943346
485675
382657
277791
67445
807760
635760
698154
502996
923983
332818
913692
513951
660123
969266
937787
223637
122195
754088
500216
313623
808804
546028
281185
960122
983538
675977
483400
533410
918862
143214
691957
855385
323354
311462
697299
298034
668498
63805
612989
628931
186384
936699
541811
350492
321866
351872
816420
862225
406348
698400
998163
575559
724560
634179
559211
533484
577111
70920
486941
686744
779304
775823
860148
663589
250712
464678
672654
703171
632152
4175
967862
453379
948552
979079
879240
157837
642143
861222
841518
622961
245991
589194
732499
897874
660562
410983
989597
346601
219135
619460
98609
264117
545194
900580
489578
809473
511594
697611
416284
873281
187783
391809
16407
737485
352930
969542
434274
998307
452823
725488
312720
552077
578385
558088
95609
85325
468080
796483
999489
147639
461111
793039
425740
297301
835328
633120
101769
859112
486298
22753
461590
546733
321923
880596
103491
333687
508626
46265
939405
554139
3783
355098
766056
290629
343285
197917
583568
68371
96085
607737
117243
531726
139438
613992
564200
601847
730721
904505
230145
501808
120316
820971
303046
577529
830807
978795
462748
962434
863794
1504
407252
977699
854731
954239
585864
453189
735475
504395
773762
363347
138273
283999
304440
830252
601539
878952
509213
903373
82769
843412
311136
349535
718293
158725
760711
897278
621239
371840
224403
57458
967843
692149
147468
477815
169184
251209
183215
823468
866267
362187
26840
237842
552632
138009
814189
690156
573924
500831
626735
46265
325454
81209
735585
703723
713621
917793
952989
855036
407536
198485
712589
919986
706506
38029
998473
997889
632376
407252
358130
116310
764474
661810
617011
438435
913884
643711
191447
346311
527228
739601
867252
282102
933498
833818
784718
35327
56959
730449
183984
391220
138399
208329
36388
872532
322959
384068
936852
273589
594253
431672
881865
898044
526291
383060
959587
669887
347855
244173
278866
253811
427386
337448
663553
636327
354459
415102
703148
313998
568583
598828
705263
554960
182522
271305
161327
266933
847304
856298
191260
727257
315918
612704
295273
174457
873626
498922
839220
781555
130810
318538
594269
858975
426056
12000
274198
43415
216164
889056
934959
185165
148188
123623
151754
172714
672955
32727
45364
270535
542190
950527
490513
564703
819023
710762
354596
851120
220759
6897
143826
64487
74203
780699
818804
774993
4985
473152
52029
350928
813235
799646
569016
556642
729157
89962
888720
468520
346546
922173
999124
661585
527519
774283
85990
479381
374695
516728
181073
482505
675191
682179
445570
228528
380384
411039
617957
188367
314950
545472
366036
299407
207819
320439
369080
763247
33641
227363
362534
986340
982021
244806
289498
952845
52643
835064
628769
36577
652920
658619
167798
570086
899133
785630
883919
53001
257260
476519
853116
471109
537153
476759
311247
904690
238403
497223
919534
120828
66542
453255
210195
260758
831282
193767
338955
449227
102212
928774
582462
161817
383140
610486
738289
658961
824666
78045
165117
874078
530932
620139
34538
351963
808224
989647
255746
980990
931062
674427
500922
742977
576695
314173
742308
152068
311711
265392
650910
483633
147403
719546
37851
488841
526739
559245
934471
272518
638884
142924
470054
986255
954299
111686
897846
122652
693447
582020
579167
463805
385129
350289
360909
295696
659755
912806
63625
978757
595500
61909
421751
470480
536432
189980
478367
702200
194746
862534
868987
782863
185345
245540
704111
656360
883260
164217
171
220316
949611
16
572846
432776
647327
642134
81677
837423
696370
540975
675049
619577
261013
216227
202124
211507
420654
669532
262433
500336
902558
249085
282482
410438
771725
774299
9165
433437
760299
487451
363709
556413
98856
282974
574232
457280
488071
947164
346987
195986
168065
493036
538852
157595
414711
631791
184153
87401
296396
688111
324427
383088
421398
612157
808788
601269
606837
530875
303919
68302
782429
290951
659805
718473
191428
632556
688900
923138
243447
970281
30048
523246
66035
835358
449551
640518
592055
31270
140038
489301
670829
716293
308966
251452
307929
281724
455506
532651
930851
447157
988566
175555
604453
105789
601485
964842
816281
235324
396272
153048
98131
450650
717229
768072
464950
970085
392260
691054
910587
123616
33420
993113
46947
907638
389466
622731
191826
595619
228614
697431
839901
801109
37260
263688
383601
374832
218216
701010
243778
721366
424327
189965
444573
534422
847298
238595
284166
39572
127859
149070
835734
133272
540063
851500
792816
356876
227963
954239
676696
932891
482529
114814
751593
460055
755855
470483
365063
117610
148806
170469
192986
757399
711432
725041
592047
13980
609482
823835
472888
617695
763838
988271
763176
732876
581880
968090
500928
483353
207884
203236
685280
981549
766911
392927
941167
48529
947658
126521
971053
115945
366549
814764
776562
130609
338178
736168
232309
45793
88217
872170
220657
815354
44883
512465
339126
299330
61099
480085
566203
153186
330074
971406
263732
2639
545503
690064
321446
62536
197117
252861
763457
758350
428557
454785
823224
284710
976392
417674
483458
952264
358088
770474
803774
832504
968847
776883
739409
670144
678108
411299
18988
120991
987943
115184
286447
180533
150184
35447
431985
895789
616085
658376
640046
732914
934170
831283
771551
545739
632506
603863
973633
324533
510979
775567
374880
772388
958840
866879
826588
89384
150948
307174
965085
209920
950620
727589
517871
277353
15575
921055
991664
171498
972836
395904
987718
794580
653042
183636
393425
273467
5367
168030
135385
345677
147568
807142
504892
671408
464208
73874
67091
67566
519767
163542
984870
795663
411950
563029
873626
753190
982050
97581
158605
276582
574144
987487
666461
318879
995584
426827
119289
433743
378225
610807
603868
684224
780325
650910
607463
6208
653302
310952
715607
804227
262821
539375
259020
149800
184948
18896
982596
494659
95176
776608
543602
23025
455581
654778
208231
879061
959028
322672
103669
144551
696661
423254
368308
381964
18760
79978
257419
685653
900552
180437
796654
531776
921478
965140
209870
4466
856470
450472
463949
586295
790044
602589
557721
334129
933389
9763
422913
826582
105087
772016
917939
334280
509992
844447
296107
34448
745200
972232
729920
885646
125262
308054
220118
532358
622646
844438
376422
127633
446542
796508
550320
898463
982240
897160
863263
78999
66146
891334
682710
134245
177713
754218
538376
572115
552427
313703
38945
63694
969063
417268
328293
663881
364599
599464
861451
520963
132135
155143
26176
372229
103199
621634
631642
732487
555714
698225
676557
140220
156041
641136
390611
272830
301764
289035
20478
255056
457365
690444
573424
649239
181984
744114
556350
168237
2288
256580
363403
493863
146193
144735
110708
584318
577627
40174
754564
990923
674849
714656
880032
591117
756685
695158
991575
433020
386938
378594
944965
180237
196850
617270
717385
475572
490898
46288
697710
196334
250835
121654
154097
32777
945358
237669
598537
141100
286217
765026
443574
431293
199160
789303
89675
729142
300334
931869
772562
440560
918789
686790
518041
365397
994486
371359
873086
23377
926082
760331
931471
740042
169548
538983
911277
322554
537230
582150
893634
952919
18024
606892
942944
861801
352358
375731
756060
404280
714969
401786
689328
927860
402411
541606
956553
821686
752275
10366
483552
281751
754495
699948
111253
774771
233106
867518
222191
362964
486434
732993
12841
673327
197053
641206
486607
709402
689736
841051
217478
963878
170644
209775
261252
385023
738964
656672
420881
822456
851031
93307
956948
236672
619875
592558
533315
609901
498633
535182
485964
385899
685789
937171
319995
243305
677389
93648
917518
271611
11584
836183
473468
841374
50899
901391
402209
658984
285846
119633
1994
757529
541487
762010
613630
562851
442173
56962
107719
563957
363523
944319
949946
766660
527342
856297
642701
148421
692799
64523
435594
71776
451022
128170
276926
775706
87533
733809
873227
855489
719825
749370
255502
814746
834378
146694
225837
956737
103272
732186
133337
757607
378303
267335
573113
598834
313612
288836
660627
364939
245257
89047
379918
731903
880188
418913
628049
493070
22540
118764
403109
808924
364411
829348
59579
278496
910056
526165
290330
953299
844369
629820
733004
99082
908303
371934
557167
44799
299237
738259
399948
569977
659347
776338
729915
399641
300361
142769
361826
898889
983623
787449
374401
573811
642632
184790
516829
968011
568966
938710
605589
842787
175949
355732
792979
817356
37466
607090
659511
355234
795235
495273
325607
652473
59974
720560
192104
871208
241149
938814
148447
84291
483518
254642
358992
530502
398756
714914
183161
984873
921880
126772
495293
245728
775271
65004
986661
801660
294851
119527
172963
495714
213564
288362
29496
289832
601095
823629
861547
6832
944796
575107
719873
756779
14505
590393
702506
500939
58162
852143
168111
482838
428599
336295
710136
988129
719794
874973
344602
976891
384368
349567
695922
166132
614494
890676
863643
500421
348601
267367
715458
316310
291465
994931
156989
433276
533024
921600
436973
864361
621333
584524
343979
465724
380359
860100
663377
359034
72932
662296
147515
146500
164052
944279
307023
442634
589613
983301
873371
710567
634614
925759
421306
718420
874509
199229
52965
712574
16272
491950
464239
326008
406540
836367
299087
14463
405172
548840
630791
19990
577675
130271
305810
409893
39724
737212
233662
914119
113016
760917
444616
443349
108501
240758
433462
342350
107083
983746
317553
310116
673012
145321
250223
497286
341571
959075
229736
581205
360994
335971
462793
881106
713621
973498
4355
37331
316123
540494
267353
860182
957714
562450
323744
621943
622770
814965
70045
244653
594950
837567
347128
207532
116665
920416
294233
355386
813818
200845
553923
473174
908847
690843
874750
311060
712885
974663
669296
555423
61724
313840
644164
408847
63351
11031
137866
252297
288195
508461
806402
929869
257191
951893
70216
396431
199122
10773
756593
293221
255720
759739
746346
528238
340330
776409
195833
915269
801173
432354
707461
498394
70663
70983
327822
727533
236337
780467
187101
156041
952242
324005
72633
943764
578840
840548
79814
957709
833494
737510
746974
417418
104727
473369
863264
756308
663824
83173
233435
370581
234891
238095
334171
595703
778197
960053
437512
365558
62224
106769
588481
417850
345066
448375
502439
688980
109724
252097
842566
54295
788984
631442
809588
35478
986964
39502
961790
339284
410768
252919
962739
806046
189156
923883
640243
446186
464379
392480
519653
742410
868987
501527
236980
102764
841919
490095
841748
550254
239264
205542
489363
129358
662658
252648
310531
205084
535633
430446
689910
29540
925245
202295
578383
412753
206140
809259
289415
407746
125810
853868
282882
838840
409850
966134
214892
507325
517595
224223
434786
764183
659348
72732
434539
280505
731935
846711
465302
741112
290745
422645
674913
228582
492833
521182
844309
646348
640419
499422
729358
783603
317237
966940
974752
962447
285728
511058
532727
475423
248375
105691
664072
365256
109616
391472
578926
65044
170982
876649
451722
48264
378258
593398
618581
417028
925545
561398
313482
456096
59040
206261
382846
400438
703166
638160
381914
488929
853268
823539
623904
768896
823357
460443
612491
71777
471602
155607
926231
697971
353679
808134
172959
198992
146607
279845
113615
752041
385124
701618
110614
809704
515652
228955
733831
682689
682419
732455
38803
392524
495302
583309
34290
646891
796790
622686
731778
733714
837376
393540
966752
172311
311210
954712
363017
915935
231575
872323
593518
672479
268040
822466
384583
892482
641034
593336
473635
747546
542397
7815
55656
511394
457250
845447
854666
133701
972926
115010
539257
307583
463894
395494
632390
430403
76708
844685
736100
546521
277964
582457
942195
97797
248648
991204
830439
244923
555493
998740
832836
929257
28097
934959
89030
187033
460815
131911
536243
981760
206682
511946
850713
392314
676777
714318
641213
171048
429107
601190
99432
912494
876025
328066
567216
590222
359886
994950
757350
120527
739588
123946
9892
44411
456240
218787
942369
185577
16019
648524
229845
274760
234086
592130
67706
392931
262485
881750
937010
559647
540058
520057
864172
550900
962441
528392
443784
381865
538833
516455
958188
748972
22910
209059
727949
792808
243011
860647
803102
932833
728059
424536
519486
176255
988368
612368
554670
286792
29555
202209
626131
886055
637744
867364
332124
957357
569865
324709
418906
31209
98145
528330
51318
744311
928114
292224
246524
144590
569363
42355
42510
828077
361084
383231
383184
184354
737122
8388
810281
794260
716763
144735
703547
746006
272897
356974
392264
488846
784893
960499
251973
106699
962623
318329
529149
558281
905626
50391
792141
862266
519137
364766
875506
67296
944545
168296
408951
811090
159309
729089
610544
676358
584784
672520
236601
270837
605882
332991
793276
58047
676527
554929
477598
817750
904014
47946
102154
628297
601095
15841
413256
157861
54173
414233
957926
166612
739502
233608
425249
959257
95358
472339
349349
791617
427317
325129
883816
315896
709721
821947
690995
994914
926829
505639
77992
673127
40938
255615
548377
755631
516329
608648
81095
385782
46153
850683
153046
923481
610533
262832
744257
690021
396381
223452
229508
872231
510403
221772
959026
439494
483230
573965
306152
501111
754950
674697
719619
807696
518599
185069
86015
676135
373762
620059
174314
678248
198119
28298
942585
321783
611493
301110
822402
542256
523508
218273
379597
494440
37963
1519
435742
839901
846069
953128
531643
492417
766380
90927
281738
246235
891411
931081
882962
497118
736122
78138
480453
653652
809740
667744
485245
285529
28626
786182
966536
327184
100632
696677
631020
481470
710634
94909
328354
887124
918801
788482
113137
669229
518690
935283
27272
748345
959683
836674
185147
145119
419862
884298
652398
424229
634505
59800
719329
378568
288095
291197
179551
963158
983548
174403
269567
399223
121104
587529
408577
674801
949110
667131
482662
178765
725909
623375
254744
693162
921725
92406
725283
396428
852848
715331
734016
568143
341053
581475
222926
519885
175812
889687
61826
388269
932500
124911
50498
941218
141970
326190
978694
430971
11973
804104
353090
1233
26261
816701
901395
705916
375344
71945
955868
341469
944381
828569
346846
197533
872659
235965
268094
447480
736291
85078
858338
807272
280365
424072
518525
538983
99808
941645
402697
936740
803058
860086
234609
842560
228476
277718
156043
572374
600807
109997
861826
124092
706617
934287
572711
165087
972001
627650
71777
395753
871921
714580
474551
931578
816926
534825
324137
832543
862769
506861
475264
170277
781691
762300
31403
745469
64704
618787
144536
319798
745200
50967
31971
237587
527839
511356
699279
3816
276211
996743
9722
611553
156940
792751
992831
948253
802255
59387
817247
767207
748272
164129
582725
159365
647776
405107
399057
20785
269676
103756
134361
24668
625433
404607
572450
601418
298633
6966
415285
387148
451819
586552
141714
103595
192807
343872
586571
63071
357855
49016
12651
10905
789152
4750
884653
236797
622307
128573
630385
213874
818190
798300
914224
910455
717060
666859
205447
516311
75799
109130
653357
153224
973837
874104
291901
88480
187172
604993
581979
938808
11879
703022
650423
299501
489698
193538
541507
362800
283258
927779
66078
855832
297022
831449
536921
722501
328369
727869
133501
189563
585304
68032
103572
324932
19651
58524
564830
63100
562008
19750
686852
821440
366948
534673
959193
867470
860606
462419
329559
241587
838264
988713
565737
812490
498788
503674
937603
975235
289498
781661
16604
256473
436780
828695
699890
108587
679763
172005
227332
406760
16284
291794
915867
370956
382421
584601
635196
949558
752295
469031
49322
58725
523262
137904
816773
243519
663397
401294
444239
426505
962483
32755
874141
807452
83674
473104
468439
251622
75037
849820
919390
364495
714617
805598
289149
775209
541347
143389
383103
816286
183130
614333
358961
854293
139812
922893
958617
929384
358979
659628
915321
397068
518831
498022
449874
115645
346221
465182
449726
720265
199598
868593
181377
440119
865389
824863
272169
217369
12473
45083
262545
162174
525196
141944
3927
241916
700016
98109
842422
939195
819143
435523
956106
367762
569046
527940
595687
85804
697710
102936
704424
76676
428466
515843
167609
988354
39895
111178
400325
149549
625209
616910
537752
143112
491307
533420
852951
293848
764043
986226
732952
313954
643744
416255
862691
997428
960249
943012
762440
726270
765439
123555
52464
373771
156525
143736
502293
547714
714633
554703
624401
702608
675977
601700
514602
586295
872206
105486
484058
665509
17289
420000
368029
526126
685510
128590
825855
835313
555857
300295
162399
784733
448592
558765
430550
199216
310909
607304
264809
785769
942489
134610
916477
176694
697982
925829
682247
516819
934489
250039
52764
431247
536120
378586
599466
835787
279130
845208
93822
831838
709033
787369
192090
780940
561179
845552
648700
694712
813352
951936
511898
2150
199673
319449
577116
303614
841781
288636
384604
496635
604824
211223
611543
973790
214650
403217
500103
952171
91698
610843
596317
298894
334746
958825
382239
985939
616918
454039
882071
11882
182894
986103
322640
257205
557903
481711
194589
803333
723359
719898
481196
428829
146151
619311
43336
322870
560416
907651
974669
406807
880175
868163
169269
107306
453519
777821
131781
995901
441777
220974
129568
282974
317912
829321
872532
241175
894400
25935
125175
320990
845266
996172
970950
399785
430017
677925
801174
348248
190213
756531
923973
540834
1510
38228
466358
720203
173441
497901
566519
263732
520043
193438
588502
71087
320578
693961
298347
391279
528078
67647
187513
489363
9794
480226
156952
602060
740421
204085
374840
923770
863538
921275
528811
985445
919595
840126
71404
224558
144650
459395
388530
714363
835382
858729
345138
486804
878977
637022
526222
577770
558611
698538
228757
976527
414700
135799
716963
209185
721823
153655
647816
694693
517641
47560
330933
104846
636907
209217
708367
968360
70652
567939
693897
614301
16131
679246
119058
122874
469854
77962
14571
776160
891699
914570
543031
342478
686744
289806
555810
478240
864551
502766
449036
631642
231298
380629
644304
853863
899399
115661
716938
204242
602327
137079
260516
63949
824837
263945
495324
209364
45190
328997
832039
816139
983789
932833
127677
536967
760747
840028
711370
369546
676557
611808
497901
581081
176878
619108
577846
742610
43074
99286
254483
86779
302095
378286
416118
927098
754444
688876
162887
749063
865725
177755
785514
967358
737855
786931
367833
537528
872563
146388
322675
880644
211900
133311
317252
969057
917457
9294
585797
480719
407555
930704
83234
713724
439245
408555
920177
920871
751385
428814
714004
783749
443421
883872
643758
762944
288884
576378
284454
285795
816256
133047
961909
546736
388964
898615
495971
876700
637270
415780
653628
481578
296203
716197
409060
750519
846165
724996
793731
867785
508389
423623
544037
823276
571820
35240
204124
744591
372888
817076
572736
304360
689695
502776
281585
474424
360831
861090
820027
935970
748994
846531
660576
172516
242623
682954
506550
306512
549605
605551
380691
268095
341845
34394
55479
954106
461358
214398
836146
474043
230122
173065
793513
593566
239229
529191
935808
83112
729065
897897
264760
594654
154301
721171
353594
488473
694395
590116
115703
748665
876378
426105
234260
195807
921575
200443
234932
384154
870623
96492
705459
897960
112686
403649
15918
221671
239369
854795
992872
93987
659483
964466
323034
692360
757604
842359
767623
898616
347433
34113
387343
371581
462374
693599
845831
463980
933817
571276
676294
444813
792595
900778
880027
252400
402568
434540
223250
968058
474588
711242
47608
419648
521959
717389
383664
641141
182817
777987
654801
794758
420140
916330
46461
409592
854955
710731
202932
330823
674356
309223
819195
368385
50721
609762
506627
40843
824442
249566
589814
785277
145737
118173
900933
347767
241601
454441
403746
266964
242835
614436
875380
922164
969342
872663
402968
153912
217084
457900
436588
506287
994486
954548
426000
452861
721869
33856
698139
178289
710052
216614
106452
380442
727051
647176
772033
748931
905698
294716
677108
113704
170898
6861
205024
193561
802685
239978
61678
135180
720856
263322
60894
403009
173503
379576
956885
483539
496847
708479
324873
34133
226279
408236
503689
561045
250267
256412
399697
409310
732835
599429
606438
355378
846846
613083
631603
397675
330088
248432
272412
927950
343516
264809
80335
548580
427615
129113
446252
525169
811942
570629
4026
191490
312686
748497
31114
108239
361084
657003
993948
102011
363158
196327
355881
399483
122393
622935
517209
202829
230131
234800
781351
988329
339130
559042
198450
361560
987257
384808
741324
735905
665607
163931
812808
685290
177655
643503
605378
186050
18080
166638
278841
586584
8468
808449
688559
473076
193523
219175
876237
446647
334887
73249
111619
137030
937987
42286
314502
24515
253141
759167
299384
959114
214769
65051
893056
185345
526902
342814
331798
812656
841767
834793
448109
158929
453162
758544
119350
113248
72048
526480
494342
608395
9661
980168
938940
824768
149371
484515
661152
825483
459376
310134
952911
466763
938021
443571
743115
737576
548284
931635
349568
462337
79018
132097
881330
45874
843259
995989
813726
615816
616450
39279
346265
430341
281557
794820
756573
580372
921390
335484
29703
290028
798267
922306
888728
405191
857394
726192
623271
796696
921471
108612
515383
149243
5481
776448
374517
565617
326932
150722
7525
536771
788619
842244
981642
637022
933154
858214
942838
668403
407746
630505
456932
164491
333332
943172
491715
881623
86986
462521
262440
707174
748871
614655
544803
442380
933110
534614
877515
668907
335381
714207
855607
322400
61488
831771
511550
783967
598532
509992
526437
289163
523176
678719
136918
942164
719546
770837
456048
489162
503789
547721
899466
950878
252988
857392
705848
47107
621122
947453
775383
369388
613549
944493
932155
133459
571159
639021
501543
574840
847865
420881
402441
37130
203241
934654
606581
722364
613164
58398
873446
724202
116722
576482
995832
51058
396892
726783
535624
243015
686818
8937
514980
51016
313163
676295
222200
240743
691460
641851
859962
198006
145321
927233
324468
286883
55498
747072
176836
475967
438816
954431
266233
770061
387739
751793
664163
484095
378317
799629
734677
438665
702034
315810
413210
545623
52998
877248
503267
491622
291854
958923
363312
172409
259499
442613
955753
964487
631823
727268
324770
15301
337917
817955
