7211
907883
690871
659989
455315
693463
279734
353913
256406
263276
705840
107970
916994
919933
616911
376021
564828
230776
523714
118472
415358
699336
195889
327193
439293
212493
762860
825684
107642
685454
444607
504090
480411
143222
907827
417779
429347
722251
434217
411375
258479
717296
659014
932318
360799
640656
243616
687676
549763
557880
240459
541601
382089
351522
455226
436411
981135
498838
626129
764991
944033
696026
520544
165562
870304
865603
550085
475212
286018
982218
373887
100507
191738
317230
654983
425620
804960
570909
341043
864665
292161
475428
104648
911824
770818
205674
263332
259920
419872
81822
344155
623272
706704
189111
362640
919177
427779
203611
40965
780347
478873
665556
891641
343581
812935
256255
762621
192846
151231
608238
133440
265898
556112
858638
944410
708845
894048
533711
562520
350771
885265
457173
845927
79015
531695
514962
545053
105242
366195
677357
955392
373410
816253
409352
714598
300660
812500
518827
850273
49213
6431
383950
393656
277886
972126
37110
766481
355809
378012
356021
834248
764853
7841
593497
536108
684771
663498
73658
603223
263249
77230
891147
567308
310694
242096
839903
752068
140690
64560
12113
568734
849353
759885
480860
45862
540120
381722
574183
72136
760876
481761
816283
130794
970089
294257
805000
892996
574477
309828
449547
413114
486712
416351
469974
451197
244312
764930
779590
26694
574148
305648
542965
828140
479251
439406
125004
205365
597707
394521
853510
25728
9153
878375
841870
899354
462240
847237
683280
356981
793619
332689
784666
169214
771320
220103
721707
173785
134999
253648
902925
910851
464491
24056
965356
281357
766779
396423
741915
525079
183705
224541
55472
207689
363656
236386
614920
816498
92268
721998
367049
895397
412547
450826
65419
829594
523339
164586
239401
199397
338619
187156
285354
560649
566666
873112
625703
185929
308172
199473
103643
156085
99991
29526
212326
868972
46947
104748
138528
449483
137755
802536
906173
891901
944765
938286
644857
988021
282613
859369
743987
953770
537717
667648
558637
73146
782955
219177
81346
943585
112611
670016
374083
886998
316117
560790
887868
933523
229645
441100
964503
909320
752700
86902
217587
954147
880018
820280
740775
953824
937630
618938
395225
654000
203750
13356
494540
247967
739586
923988
741859
954630
34633
432617
462534
211003
433052
491358
314245
758722
862450
655722
808539
329700
364918
664791
54432
221587
749561
156202
561250
19969
808578
412606
669101
410722
706031
419798
689182
491403
294585
631419
556768
464608
860628
244104
614485
832675
953446
105126
586096
740447
830032
402597
389198
301430
188781
505312
805529
248464
830284
445519
355018
559957
860907
503133
489068
516292
93758
452055
867259
133459
548805
487765
640146
512302
323104
537150
515835
665940
739586
157228
108635
167820
483591
822484
959309
50827
268858
181470
264584
174058
622210
535258
505303
218497
746189
122007
852815
148346
419181
647113
33883
130147
801241
97372
531607
190040
933925
577922
971822
302020
497990
458745
52540
729096
935523
500141
594317
194131
540259
997394
185042
356700
693522
547903
292657
241120
490482
516312
184054
853772
963782
437535
57328
147018
743571
918907
113687
862121
854563
137887
689889
157797
532840
233906
394385
940190
697185
487083
612129
582564
651529
325798
64397
669656
511866
70476
857072
55626
900753
627615
246152
230223
82049
975249
263744
347133
202900
744980
579609
661189
432277
84191
206568
439423
312800
603224
215762
843563
724433
428475
257991
240395
338570
218736
274265
937975
563946
974458
489659
7489
197806
120489
626203
366259
43172
121417
609403
398725
663679
741753
237166
627563
484561
219172
854741
192214
567908
525241
841190
634170
499293
891745
965179
660283
571062
444893
35185
989545
74948
522928
559483
657320
155041
445934
362943
700018
234784
620695
826707
783178
690539
456739
258543
466797
183342
340677
73478
195161
66551
638049
526029
543124
829594
363193
89177
775603
244241
993247
958464
265542
747293
854108
678200
1718
327562
826706
134892
728964
152341
467574
217589
727178
218485
539553
947748
465219
61152
859998
836031
742553
199600
806318
608423
719230
553715
646350
905436
385527
533593
688288
745191
835228
535895
366547
58759
123393
822240
542555
20453
463317
863324
742213
522008
850201
610000
246902
679964
250169
764356
659271
997058
100911
640459
771739
299820
489359
849855
329960
259464
720712
767195
760793
908393
391574
822957
203376
952742
785215
772415
71907
687628
270107
747192
193867
153157
794011
153255
307239
108151
641162
751035
233809
158833
778144
489644
85867
622159
497273
464777
664657
769037
983885
385312
653309
147106
310007
460237
517738
649939
830193
268771
594815
110141
161533
209372
701202
943382
744104
731978
29779
12267
497093
725470
323414
820448
953294
55499
171993
283456
204983
874871
86171
560816
106351
148657
953639
864263
885806
846183
377641
663905
807448
34219
537840
405851
733537
407821
295175
684725
485398
152984
814454
957039
234112
286919
630376
160298
669630
396636
758286
39691
847427
931409
665358
531852
700172
221766
693807
641314
754211
776815
882555
855098
887809
990220
918692
431011
156006
886452
617384
980854
726010
435025
42514
796971
590182
938570
332177
63234
383220
198908
457492
79802
660128
723910
2040
492917
366025
563882
232852
77302
964517
393825
584351
