878235
332100
229693
979076
924679
330201
382885
828258
101710
335691
971229
893327
446252
740983
139159
314185
314370
144132
894904
329041
549170
665770
356128
255467
975374
392856
472996
288454
532816
773548
662720
744157
867099
381154
981584
526601
329519
427306
736988
441238
52244
967176
66583
781327
442464
473511
857798
778970
405591
257711
738269
671251
872514
192748
3697
303172
524937
637096
299923
493641
488290
948674
275011
530490
658172
111839
994983
894468
545672
256684
177273
644676
521985
913440
137722
748805
85534
708255
481749
584803
247387
685223
388175
389909
944259
651045
86918
302062
670097
606772
965632
425653
634015
779529
472291
763207
266610
814950
970161
535232
65020
45775
582547
393275
738658
386121
145253
49541
591832
66282
962771
740340
32803
586322
54344
609661
612726
576233
372289
592019
964919
936668
636522
881729
163147
33489
25766
836660
691818
274370
792178
939320
175567
412226
68995
986770
292524
673356
759560
680591
165784
137990
437026
924692
45367
490858
396820
381007
575873
806817
961221
714558
197625
155980
770052
848437
838754
706947
251391
384975
754367
720189
659161
483214
725231
319270
836573
820412
73026
246872
423709
77206
874652
662978
223688
816198
83482
497751
901063
120673
784710
743707
190942
378007
941354
280205
116746
413334
757053
209625
448317
144281
270553
313836
174607
876110
78944
27562
470036
160696
439819
776121
161499
85194
677152
300830
950188
207426
841986
336928
890199
381012
559316
436568
521165
210392
916122
790626
246192
152576
71678
248462
748564
12623
589526
264227
466768
696342
725703
251285
661340
11533
609287
975732
883417
758058
985740
850498
147878
896988
959118
451085
211292
871894
574105
13607
965907
506035
402014
410784
609804
665925
816559
489603
763728
672478
978960
305735
135770
230109
269499
11177
865927
637077
473890
667264
20169
493641
800786
649554
935021
668511
490495
177792
854418
903613
399570
115043
611522
832703
284984
665898
784999
407160
217383
968040
49595
558093
4712
866670
268098
64782
40583
412283
48027
850472
78550
1094
700764
440154
12262
76351
601922
62308
333424
985979
743486
942109
723189
545850
344653
959887
22906
995990
609324
269473
20974
855138
800370
879774
526827
831366
34840
772567
895067
221297
626281
439514
833628
775367
790245
878483
96583
774667
716223
47265
506013
674095
926639
218250
961344
552794
841290
493863
632079
942958
169425
865348
158363
80506
289291
104359
776989
111027
241018
935130
267518
801281
731702
38664
843370
22332
129075
370368
835829
591235
663198
6522
241282
173379
757863
71256
621964
591312
670145
183772
681341
404429
157524
952362
436040
959686
800232
891249
387673
527028
779106
68686
251367
883147
558952
323778
258415
444768
253611
65463
936222
743950
480322
951897
990848
425115
156890
591393
37966
659004
533452
354370
832167
114494
231874
345061
423803
514236
289793
286137
826252
564536
274609
886155
71181
703156
154106
397993
604393
380356
495810
601047
313548
605706
360560
387889
902258
240552
472447
168165
396224
355400
592434
243810
834852
165560
411689
317448
147605
453929
896703
697532
71485
331506
502288
136441
136119
572542
10017
158187
997239
481412
732762
727193
655041
183022
250286
359254
838876
479232
351311
221032
978750
847812
788765
161857
373975
296791
177601
337939
779436
617866
349681
507715
493148
192211
354104
829284
198204
379144
281953
190435
892510
826455
173149
489139
66338
636192
716220
870349
1958
651780
624626
987827
228885
947971
709086
545794
232043
555571
581455
660520
55626
560998
406120
910181
344757
347215
972553
448755
556833
834089
867759
656887
570044
559095
434268
264259
855165
380953
996570
463677
707738
862695
372848
146487
747157
30221
881969
568535
396584
767459
450905
778649
434563
380370
415768
486358
319593
853430
480172
485637
930427
106885
20559
176329
116645
238754
912020
814803
564424
605306
222122
641409
296433
290780
741455
925926
207348
493863
340204
586959
417657
639211
11815
334904
81021
506260
733239
984513
789173
399818
585407
128798
588024
364337
106865
59885
136195
643025
751372
151965
826951
960812
257980
188733
727486
752536
691671
510210
830208
854963
744132
317822
84637
365905
508751
547205
431161
443439
587338
919382
83526
598617
65072
647615
420607
937886
137722
486627
73154
422275
511112
675839
825378
925514
23967
640092
297614
894548
929224
321063
42332
549332
230436
548033
493493
89682
539180
207185
746189
451564
402423
543238
821354
324094
490429
122901
843287
865156
431131
675418
652467
411701
984792
515088
546019
969829
803486
130298
232032
100655
541279
407785
184185
56148
874332
945925
801392
186110
438004
141370
651043
406919
709454
788829
798944
57143
360851
228821
359490
360185
693798
526597
379988
823565
623933
605944
446870
6486
86743
814008
417956
607638
600218
409998
95787
259446
708862
768924
319764
352139
456920
731653
987196
737391
931996
932513
982237
835483
455988
517267
54047
257262
526819
730911
752818
90851
54199
340586
769252
827995
847385
383415
558344
104543
402732
712307
39849
849962
698564
377789
988104
849581
476911
952129
567035
797401
680950
834884
347662
483251
991950
877358
931621
375248
398581
426639
621930
702046
431156
264684
292088
660924
467664
17218
555482
588955
846199
985517
670932
108567
883717
488775
95977
64895
345648
778240
510679
688642
267787
524029
365066
791155
341175
264868
438028
444168
285584
638522
376158
521305
294310
203713
308845
965151
254410
250712
283580
703983
323529
522027
781493
101396
121955
305843
26785
68771
527289
713980
521342
511826
833585
203198
343340
103694
868413
32602
917914
337007
65534
571492
726592
691405
959596
328125
640721
802738
325409
244720
644767
932044
477149
991581
96562
346357
319019
191176
177055
794282
156376
310408
72869
547345
666764
711042
82778
151824
675651
646419
447524
778313
117221
952109
590945
681417
878346
829309
784999
575382
565765
788926
283753
393446
131600
237103
908719
208455
490463
489348
810608
543291
535625
87659
817101
351013
777049
368121
832488
243507
50738
76554
96705
302816
371893
939984
718089
185249
636808
294577
487437
553134
226921
416488
487785
497041
55324
520330
782483
774236
645019
626924
974589
67170
450746
291545
633650
298117
361453
847995
347024
283507
598555
274268
222427
355866
741340
823107
288112
657759
354654
59007
487033
535443
700329
947360
188183
875939
932130
238805
549218
985459
640223
26951
761367
429384
837792
394602
254873
252287
707072
805519
571897
374569
853018
278181
56353
582106
717838
219522
715649
707876
785442
486536
307118
386351
982116
98544
754961
639417
687943
885738
161623
278073
850957
805176
398284
69022
18052
792810
684655
432718
64066
973586
45190
934516
637294
246721
588940
121735
937460
192056
38690
860900
820761
899979
42899
508692
852770
920220
754867
440450
17220
375636
336931
515524
924926
479104
396807
314912
441196
782931
846205
716828
672009
267655
660981
299797
109013
139847
360221
546167
220572
729413
270217
548686
739634
521618
922139
285088
830204
342023
645248
146384
627031
761224
382602
100631
466025
490347
504298
687847
430354
466058
269703
743499
488625
633187
596659
934995
320467
473397
209901
70107
22354
947309
921395
520036
252689
263977
886192
200256
136912
421296
37839
327371
155592
151478
665734
779044
592151
963809
942964
963111
871730
377537
912221
463805
842047
87504
849747
285007
758570
229387
876966
73528
317621
601683
495578
930136
66677
775519
122478
349308
623877
443013
18126
411639
62
600304
771048
680992
765221
556245
578950
39581
231291
559768
994141
408726
349537
343075
847619
98013
553214
336243
201967
321614
220121
431069
496816
988173
988412
833185
439079
712932
352949
48675
470683
102363
304954
484413
992317
284583
783723
24224
411475
532924
60356
173312
251650
658649
175941
907753
987445
487977
361155
369256
84789
880664
627618
778728
386516
610372
756468
554916
629829
415236
204774
363088
37504
199748
710500
600630
762042
182085
856503
720006
348222
572105
508985
981977
212216
675693
897884
970618
880002
753498
78897
148930
559921
223488
385381
528769
680250
990768
797744
128913
181232
391808
972132
973254
406778
541826
484974
574720
645980
303666
897083
429176
134970
899659
149182
586796
828152
550939
671937
457010
415014
615890
50087
233483
183187
390325
798865
833185
70265
720581
765047
117731
897573
677562
70725
782253
870354
482322
483515
816350
914672
903508
601780
651366
535202
621294
999673
64085
588950
8281
171367
781483
500755
221576
780861
671955
19358
860909
150927
237374
187545
606125
879851
676290
265548
628184
177556
86858
231208
245824
721864
759723
484817
56293
40442
457158
729121
173319
821889
987494
946001
496370
691352
58933
588980
627301
278409
901402
277782
954687
211113
257115
790293
34123
894775
197653
938862
822129
508335
599814
303012
616976
775460
231778
248249
176025
259873
502399
164711
812148
333779
712205
784759
597813
936815
745817
218525
92863
208907
963757
450129
306787
832873
686468
941216
800060
215516
766524
4289
883714
433059
954816
172519
97903
788682
730691
758110
276329
882882
775856
654444
755969
1962
832137
893852
330622
566241
443515
819730
913615
865665
575617
349981
119810
510346
601089
511041
981057
720042
278248
904774
257049
927646
577124
253
812281
144870
243504
765189
524215
497648
875571
688847
604487
329591
346682
446030
17024
397043
490347
129914
966382
854499
898484
347170
850248
558740
147749
296127
616567
980716
253328
566976
143774
459170
689439
988281
591928
105463
921391
893591
59719
138549
3565
808306
319993
926954
955804
290298
295005
229648
146176
825953
575373
671248
551307
768355
584566
543253
888514
870662
659236
779659
36092
407431
72540
61197
660958
424676
993191
528188
938787
410976
747515
229598
786720
431281
282984
591336
829209
320884
322108
183458
622397
633199
883052
229970
496840
417503
519641
631921
400075
610450
692628
484041
481599
372916
922383
721957
901668
281477
514599
949005
966161
488292
49281
865202
368079
312846
900838
654351
339209
531949
423140
7930
528945
193414
803247
64911
592146
153733
420698
26773
203597
64854
412047
248177
484393
669479
463700
687315
376812
477246
249374
312904
982618
102942
416229
148152
488403
960968
990785
921599
955790
419
281470
74970
860495
103479
732856
953562
340857
115128
688689
174809
18139
45120
197204
385318
809000
745049
978470
288349
267407
407119
257456
561698
126608
843325
453130
59434
491867
700167
913191
292847
659142
963055
857680
286307
915220
46209
276409
889279
567146
844156
620764
310951
8447
531427
882851
55597
695581
153751
757979
382589
351428
472282
698792
833809
111873
242688
588738
368084
496074
921653
98041
598239
699521
580743
838015
200264
244672
436953
550312
974521
756041
552794
372167
306007
485840
873852
47348
121228
499483
259217
431875
641629
855618
731419
371474
361468
796041
705122
746781
553124
989391
287095
753025
908894
984985
464537
4696
41251
161795
877732
518551
55502
145580
459088
381301
889275
495126
796612
700792
515731
578065
792952
125629
256062
682408
988619
757187
502883
540984
849534
414650
251475
418379
93463
954073
764174
783989
889880
519067
673015
524151
544341
667924
255650
932570
544756
984126
222833
579739
893030
860656
94910
815025
740962
456705
233641
434223
306382
332592
97070
992518
542136
520552
845448
109201
547058
826146
299702
919061
702072
490463
539792
818050
27428
962581
602139
732672
255320
331491
483803
890164
893387
319496
714604
295005
189150
219099
14492
83526
387180
171484
876213
772566
1094
764802
956234
964962
90260
111784
690133
715759
541117
502665
524846
993337
478214
446888
701680
108642
863835
44057
880870
154281
969516
712709
114402
936212
616848
947941
613181
751758
970491
444533
713227
940542
428302
715377
145639
812372
565707
115502
883258
781889
910326
333177
382159
898990
865706
901353
851138
767860
362336
445077
702615
448215
912229
77211
939200
643801
196106
450680
803993
518911
650265
27070
470574
672124
284058
3504
939425
588254
723576
234258
818514
394355
715582
400854
744639
834582
682838
834227
271564
80609
20518
766667
800525
989031
71517
603152
284144
504087
552967
420221
624274
424042
980276
146371
984297
985415
507521
212087
831053
222323
838574
140607
549643
415954
741820
315873
94967
362703
623753
583202
594790
445631
745583
726876
514632
524054
139290
519327
409952
809950
429106
894548
517116
963773
502441
507044
86086
208884
959585
567955
204052
983779
47537
300613
30204
611852
333112
212665
804513
372090
467057
725748
819333
540292
492171
193661
45640
899185
119119
771473
351067
725585
254507
113887
153953
529509
159881
900274
656311
486778
733144
905203
924978
514549
255083
783171
241837
870430
991352
540246
170180
289574
254815
427193
883351
460318
293700
64425
759998
425819
910751
311834
17511
534771
785223
46400
35122
279578
377288
812651
616063
545697
976785
87004
408343
404942
361326
462978
866540
683808
657348
537249
855181
720474
570699
887710
728947
290065
935695
176660
686513
616108
975507
397926
786057
408532
621514
998307
590435
106694
579811
444281
209289
122036
83196
953811
205606
655169
53657
586127
880406
593044
534632
892122
460500
959992
247193
175460
766150
449227
343503
237319
935987
550012
355325
157514
859660
822626
689326
70264
157743
105409
504476
204224
649825
515564
978822
739372
122177
62318
855127
770052
696464
529503
387013
184634
166682
892456
656410
421219
627846
308755
449451
109877
24762
289293
945498
997440
518381
539203
707
42679
635989
983445
310118
455474
158645
642964
185636
610254
249585
353571
31597
874903
704540
710581
705502
271558
908967
720438
799580
613846
490363
160935
922410
770682
137439
293550
61390
28843
306823
88074
633163
694107
81579
237493
771880
355026
838473
681823
626835
231659
908656
878303
442927
769344
555482
898733
783008
896517
102178
806205
142885
360455
660008
533837
68686
741976
232980
548670
875669
592223
767241
355330
239477
50607
801895
756300
590592
439423
37966
670774
612690
902160
148668
641629
181919
326792
603539
925930
593456
137253
652778
349677
620659
918063
601812
146234
597297
71694
414891
289173
76984
541701
523307
307907
508481
194672
905021
952409
367756
343830
736400
589597
254820
445608
853859
593947
649744
536536
700952
159171
300599
702345
562958
659767
521514
912020
373843
366643
417341
891913
477522
753160
624875
596298
545733
359758
215487
887161
445046
475793
364250
362650
477976
50910
354632
3732
901378
79047
296472
493088
321243
432571
389872
189487
538115
981003
169720
962863
835411
52757
559918
511905
927692
383499
731494
414333
943875
602688
947045
948192
259659
314154
56797
944648
202223
736893
517235
282475
601319
165085
831769
843722
183022
584728
232666
203716
501423
421650
745171
592759
218848
565759
96361
83227
668592
923610
557102
155906
763625
830375
525040
393297
154765
649199
871814
217370
654699
491977
709775
68924
230374
610252
229859
199203
557456
176831
858101
340540
719706
129349
345514
258651
811677
735088
525806
342186
708009
981574
570169
798183
716630
395921
764852
700275
656063
887606
792663
191498
726406
615034
172681
129548
903935
684920
28191
312514
678835
841385
681897
942890
516804
361298
135406
624819
767132
671620
671338
626299
181429
42514
879579
577489
845725
852828
955682
425860
147749
316479
458469
450573
690221
449014
237144
367448
201183
899727
881375
574451
531440
378345
442219
660168
436494
479103
32533
5329
470498
165027
448776
443276
89046
986865
401853
977869
13023
487459
156623
118904
73887
878990
403996
405141
899636
19390
198194
221719
779718
799393
816373
91944
284161
127016
603115
701370
694595
766921
269618
195538
281687
845331
82160
507040
644713
539481
252031
382888
869955
369448
951185
622670
482351
485328
813132
858754
323513
548472
242711
446757
427450
746107
40742
951693
995855
84992
653468
859623
955100
181421
22136
630202
168150
608618
572916
484110
78875
999347
47208
498487
274186
746283
278044
422816
892706
327079
160459
106029
590812
824368
883704
657820
810559
204216
837064
950252
977840
391008
448989
429757
741001
814294
956837
108590
27972
203364
998016
125562
92849
317862
78462
341143
995114
351859
586056
276869
424670
580391
644233
867998
221905
83839
961330
8798
266911
700321
891249
372972
94964
39070
301209
509327
177811
59007
645619
129834
719322
79268
557419
488353
573574
296127
40581
552243
167986
432313
789589
925228
281206
399536
104422
881165
228388
76412
217049
18726
234445
651564
484641
999043
589688
642285
562390
107217
370451
573445
157766
159160
561280
375925
133900
60293
158176
967522
906966
252308
470178
846892
127699
820592
96617
56097
645666
146384
401221
696207
90696
473673
931960
900973
559548
613642
6651
97587
262406
660630
564632
298917
40189
977353
481532
792525
697192
589187
476317
751804
639834
100474
960116
927498
213098
392634
436432
82241
878472
896435
642395
62318
616618
656196
388997
428656
884330
619844
606850
620553
51030
838879
16334
313576
35225
845486
983873
809190
702825
347128
33654
352417
754312
317021
449771
961672
556836
238379
423744
678773
704082
268383
117591
505888
37213
103598
214398
266630
344200
769617
61001
320054
133490
91315
194972
893876
526240
95504
667675
318025
478880
625885
553971
304766
636171
296213
992506
299071
298742
20669
655641
835776
111310
236506
64228
438524
100112
551888
787353
605889
119210
838852
982382
516771
296403
540156
133431
218629
99600
246200
235845
106176
6213
94597
389450
320554
990196
470702
444505
866961
868569
155565
176867
666254
997798
911253
986464
95508
858718
825447
3402
790363
549144
659682
435938
528106
572805
818511
493692
442300
616476
311834
379152
833849
187907
1532
55533
198537
506057
902438
197661
494804
186227
778168
371523
986414
279503
797693
604037
814441
530929
242838
859472
806983
613046
798198
337983
618290
865441
134970
503169
231495
64805
142189
714770
873096
684745
218029
711180
416122
658861
715589
14258
758759
504628
253008
754114
460932
851100
898632
881535
820632
781133
656345
323793
797370
448755
974576
86704
479793
715201
166305
493829
807556
374283
438679
325303
116356
157743
332788
342946
426361
974112
281694
129416
812512
66994
984007
372749
619690
755164
150913
649771
737391
672719
805779
703310
145458
107855
480951
376891
42406
474444
121980
691626
945435
238830
234232
326303
625674
762373
319155
866758
389207
645626
224582
73386
36491
11569
829400
860731
277933
777146
57596
224358
371511
562112
697866
807936
36544
66608
67832
508804
280382
316127
563197
503454
807723
880167
600895
242788
240920
331170
79561
809871
15445
903749
360501
66717
311193
898825
148039
882933
519762
850950
504615
451417
680239
306557
690334
704567
565757
180630
684649
900741
969202
259021
410134
596913
736275
793848
356688
323149
682478
290634
413207
632867
59936
224002
608261
865620
515535
455447
759685
631097
887419
850944
363903
911070
363003
604663
919480
178841
246581
853616
86389
25784
621993
760743
37634
554817
656728
187949
456836
315756
761722
721319
19013
370593
8012
395011
508690
28577
379744
781756
319751
277788
277130
22270
875352
529364
933403
671937
93796
739227
853402
276931
650389
421015
928263
411608
434434
648831
125337
428597
350262
665606
33178
111866
318923
504596
939906
453065
404360
153629
607908
181717
657756
736066
851156
849496
667020
684114
906363
742297
507675
121000
426726
145385
21330
162465
94130
399242
278794
106185
908008
520763
770151
935582
17269
200949
447207
959164
320570
135679
847214
837091
769044
440654
962096
57498
295084
482956
176234
855413
282177
483685
433227
757432
177206
108773
740983
190526
110599
624188
53884
202651
384334
475311
743375
714728
553049
187394
731161
688826
252003
930801
864543
320652
576805
569745
388121
522744
189
56634
159257
522174
549755
602058
495010
233468
129495
224050
26861
239915
204573
175153
36882
447430
298602
356247
432081
742174
59885
221101
339528
847442
337611
311282
428484
103446
922005
811317
541540
845702
404537
240546
867699
88503
7682
558279
167997
201579
773757
119908
435294
600352
754550
258437
304124
363463
742133
10621
507533
439642
853317
273023
758058
925602
921824
928721
584480
815001
143628
501184
339529
751600
876614
224758
551993
331721
249567
113686
258968
727376
406580
57987
678124
137531
774056
123392
596469
336611
89404
495093
438195
857739
429965
638875
738294
499958
671885
485387
148978
228716
979161
29053
690659
84089
970455
742833
817070
536807
845328
735478
360273
56126
522534
667484
100761
330543
945212
149594
486599
615761
561475
695067
977149
145174
380681
407288
916246
571291
2999
486803
748967
652051
239376
576296
116278
16108
834692
801253
546314
744571
781926
458790
249100
555627
274828
950786
336312
156253
265981
246232
310418
330819
893031
581135
495006
536409
945118
936497
929402
341420
460130
495298
509948
182237
427782
371007
725398
31967
195863
376870
591348
985746
595585
585714
685576
507797
247832
192851
258464
635365
34714
323316
836526
307753
73766
248993
539419
169552
57850
255931
82696
705798
743112
575046
120454
617901
634051
670231
952006
171820
162735
270920
814500
604005
838244
5439
156100
506584
455807
941152
39747
280368
342832
939254
310418
321677
971362
741326
128044
986244
334367
540019
263936
803772
804513
549043
480072
908638
935154
674804
851564
994160
573568
454418
600791
763495
368384
835826
868868
189673
511430
602341
863224
982511
674364
194239
775903
928296
145750
895819
968006
916975
926609
356343
776682
150560
497946
687754
227268
556213
727984
222277
22366
512454
395112
530580
902431
826779
94399
80890
10017
13117
538958
178777
695382
516376
729634
381668
95394
667322
381427
714769
167005
553215
289291
918972
199687
687218
234407
860454
276904
232321
317566
620943
594553
849374
940609
551543
1281
288945
881055
244313
184272
235295
333904
135787
280036
367804
854407
148770
156016
868551
218754
654020
414314
297791
805190
863622
554278
112635
195708
197525
831859
644627
543591
895819
576542
245661
584903
165278
38067
36304
931024
863582
656242
959707
962311
753676
440891
5349
535314
877949
943769
111804
897007
381742
251458
460752
812461
438008
675667
779714
492633
860500
350414
202789
152217
836874
275550
138877
615572
305689
993313
210514
235236
199287
876580
630718
626240
566596
11446
996481
553881
514634
28484
559654
134438
217713
765819
400293
346280
882718
915434
513466
199292
365078
745725
54496
251503
534698
126795
773757
281607
153186
200899
338823
928395
561644
250600
893488
942641
505705
549565
442156
208188
746786
541950
159641
269798
320498
302286
127414
935036
600129
512207
504797
386466
783305
440077
489410
135268
344759
785663
688817
650010
329364
346280
476051
320193
675667
834832
518002
274238
993792
592977
645730
943057
881090
520432
940556
848891
174785
391336
596493
10297
457478
206041
700563
201437
666346
305735
639016
679017
447507
175832
899294
856262
309626
846923
217961
175849
937040
841088
576727
353213
929453
148465
614300
768285
254870
5518
267370
577352
753155
415774
671709
447276
319303
329822
237092
664852
187291
402228
12333
675166
235930
627690
660168
793404
975552
867461
434936
617291
510444
559084
609772
367539
597190
131817
277347
37561
612456
510628
688608
273088
150250
438578
198441
38326
152307
51938
333565
986450
594299
816072
698526
461773
658370
127713
198406
21312
856948
216998
40223
510828
381742
950209
249370
291956
130251
139891
986990
280692
410298
464915
188741
231233
570995
320485
768064
723681
362920
5318
786345
980076
867121
935945
108431
949154
296081
513866
381625
525299
529200
114879
323103
364540
733173
107193
965424
630526
788824
371108
648921
36913
185813
94793
345020
19266
433109
398821
709712
613181
753815
869812
170069
34115
629284
170097
577519
486297
126571
687273
312054
375518
947642
87866
642502
768661
455077
741219
653052
718291
176505
476628
135325
845961
431553
815433
56214
478898
312543
591844
140508
254316
89731
152306
952323
203689
211925
213364
253285
450448
925959
285584
600992
908519
389554
716818
999647
522674
659452
540168
622875
535182
744771
536423
443079
422995
574887
960051
540742
516547
715988
656363
664537
197792
673156
205326
809203
415296
997944
621818
526727
415332
586021
81808
432801
627035
833748
599570
425192
506204
560298
75000
652484
818500
706728
79044
74595
158363
579208
119147
887137
266481
717183
980640
727662
842694
376550
378711
131922
542878
483816
157688
968531
281581
131604
981150
136729
782835
915289
674741
611458
424578
301908
68208
255261
856700
947976
338240
809304
162849
375213
431980
112189
726185
994571
397169
781327
790038
208402
724363
246375
263478
112790
63317
507675
925741
637664
993852
112974
67035
307958
258810
981682
753174
783222
908671
909915
558306
34119
750493
951620
144993
748209
7408
307309
59156
281775
516328
872151
545832
123426
937404
48581
965477
306680
797628
695425
289115
188775
738687
762510
820165
983331
172731
827335
845197
622241
95279
115298
817882
434383
76792
355807
801817
490812
849571
799055
558103
603640
37894
515725
21930
486313
675610
494209
335835
624246
211301
338475
771724
241217
628908
228187
709344
723887
393648
605388
770636
927078
315559
671888
782253
267246
751837
812288
446346
478439
477731
659236
312710
468345
928114
734172
819888
770901
116100
616609
166099
431246
543622
69741
881934
58748
988082
11720
2501
790384
646767
220370
598251
96221
844858
602001
642125
594459
157410
494203
246840
750078
752441
50001
334287
144754
200273
764034
425928
206570
49516
330923
5085
388226
932371
525537
643483
881779
942309
84031
891269
76375
882008
13415
651990
804661
133342
844982
728679
575624
796180
281909
591313
770209
356219
156264
336148
735556
811617
719023
188959
711630
129372
701207
428258
338811
44893
114338
900073
700473
792633
856940
840613
722956
707803
306093
720792
588652
609077
880227
135614
264105
458244
461524
826869
990835
635898
508509
451011
234144
276744
101271
288053
396810
527270
746372
69531
584015
606385
852078
439055
217893
33084
35236
86045
451527
693867
48521
721681
327583
240140
185960
627121
878668
243455
60454
296713
173149
258633
743519
766823
943702
645165
804091
258064
732137
657254
989257
493267
647193
665037
216891
884903
167573
821328
158117
931219
991371
321294
275290
854948
460765
826286
306129
885588
912015
866381
840291
121091
61583
320113
227641
48966
116
436533
914101
867204
687765
549485
496105
741267
975193
193422
190932
75325
757206
194424
852100
126512
272628
167915
818728
97897
228093
636081
490224
38965
399676
511547
270711
614361
734397
733006
791810
845772
85049
49865
416257
606781
470613
918254
305637
606979
185076
315873
183662
270273
899079
278690
949115
189704
322608
870300
65064
206458
811103
984303
35646
930792
239061
985560
348661
585647
937853
946962
60603
405813
927182
634454
832924
105375
369111
304546
203739
120363
875896
640030
511379
479417
536121
662298
304702
128421
435376
293623
706553
154107
573783
606953
611402
297301
917074
22678
48632
614119
158513
81669
580268
183221
154772
654340
338178
990247
557110
421623
897710
776954
872682
341625
528627
787066
715759
693310
914876
635313
377172
437153
707742
937834
636732
659852
839169
209657
519318
27477
255883
637274
985676
315567
132586
804138
151106
675425
130722
774125
539120
12185
562194
208311
767918
354998
827675
593111
414038
86294
396160
906541
36358
239214
720431
353575
567863
372393
429542
703625
818500
652174
750009
195153
201061
252194
932110
263470
532971
418496
537628
931219
440758
569381
696806
462012
669536
913508
119084
736472
41125
926318
479120
93021
64300
728824
219729
781469
456834
755360
949156
514757
466203
713263
146360
414487
995394
845461
343825
762947
697851
422083
352991
901450
775859
652304
732883
232098
40835
981263
284384
201966
756385
248468
61001
359096
792178
553313
24475
543198
563275
581984
883569
638654
874073
446230
778624
999818
493432
143432
58681
810023
218171
371936
554820
766015
761409
850610
289442
469781
361384
12665
561345
444794
685962
413479
974407
564904
613847
921573
856352
471534
284041
444884
42967
318834
876285
303194
927106
461078
97886
443213
898526
663748
524495
777784
817881
488607
588618
546628
730896
341175
386764
608212
130366
637148
473732
821072
120776
790317
697192
977410
994806
401720
306971
340854
254763
291971
868369
919069
192298
872533
579708
295022
460186
527848
597602
685223
48773
114213
367207
668382
583591
557375
857145
384129
232546
602422
129342
445191
706279
136672
211674
544924
600005
736979
899567
939089
365891
609090
464491
731840
454498
248137
34999
469871
541298
431361
575115
199934
324014
744827
182802
886121
245232
526646
892453
237163
206922
369592
355257
58760
217752
835246
887374
161322
644151
559880
408629
87758
643538
66913
758518
81957
908470
862664
457665
914879
786756
352619
876105
906524
423047
491858
779231
818652
52757
324210
449000
498286
437413
857136
913265
486902
960676
593267
793377
161377
773026
380531
843240
430019
615158
846055
822089
214992
191958
436770
836094
220019
575767
898408
482896
348327
59077
579299
723952
12253
516746
721314
311562
660347
780410
930627
866044
501423
957370
229924
368808
440939
826646
536463
219825
686323
204826
675972
11432
530007
395180
338408
762547
615678
106759
157895
909417
95217
665197
603412
711933
296817
294858
640834
544208
589334
301368
51826
679088
278283
37968
479055
179898
51117
731851
77271
487389
554186
418914
871951
760957
801792
628448
949005
293857
822457
459206
219710
746752
978822
395092
270201
657495
710265
18322
563304
923111
366513
733120
303384
283710
768722
249203
169559
866148
136431
747403
541023
112530
131662
695092
738341
285694
540817
316936
524054
249366
437413
777494
293948
997709
600347
616100
214256
909043
186948
652334
391688
786680
184760
138828
348118
80612
566932
444824
179647
493027
81522
646840
325188
244426
876654
588005
350576
654444
568287
827983
324698
868796
106335
665566
184904
810548
181435
945928
278311
713583
47269
858914
139889
392475
589532
60675
183001
903343
959759
990485
325809
273539
535441
870668
260120
289173
368919
952138
878168
89858
619045
895023
805162
708182
532554
690425
712499
696953
833414
684292
425771
351024
182674
890743
706024
984700
678092
104122
182430
902362
284790
454824
700288
605934
644068
358212
894622
77461
983768
34943
731902
771631
84208
505965
19907
843291
325027
27910
738953
381759
18691
359490
118456
803070
57728
969218
183688
456063
498925
762299
583827
885517
645737
635092
289882
510532
168784
836321
591303
916359
141135
305189
559616
784526
378505
347599
296433
675304
356804
187263
91721
508447
186374
835417
500703
273088
789522
558544
633996
123420
214800
776029
650853
813482
206161
148672
342646
338024
106778
894208
40594
726274
982965
440160
335095
981614
803759
5707
524151
120359
58793
581463
918396
999500
331664
215673
890591
349066
579462
86846
299227
204584
984584
624734
758181
651966
778392
825283
969058
616364
956451
427720
65605
737297
698815
158532
923238
991352
893961
320477
959513
698527
315231
695159
801096
215237
803750
924251
90870
252414
763771
246927
838399
297798
878917
221028
727154
960541
50804
976718
529086
210078
637484
459474
171922
906055
539564
569470
587840
742421
226565
905476
820549
442864
999209
111060
878022
4262
763960
373683
199345
496987
442497
233012
23202
492404
550796
684143
543249
35689
400101
140764
444328
539848
162786
4663
297606
825885
396195
4360
866333
84232
468967
703206
32367
349842
568387
834785
455196
6780
760645
178300
68292
132523
264351
947504
121905
694268
355961
270726
139344
729998
477479
626137
577707
538048
977267
44278
101919
680076
193039
112867
60961
281792
458823
755849
673033
702046
806134
619141
817939
416372
424852
954605
566017
744998
271312
830059
637530
479863
73667
147419
744282
635527
642390
134677
516051
188542
757387
159805
512294
444213
536816
677777
652193
978533
222256
393710
939892
479578
374621
370484
703842
577569
684173
853714
191038
755683
220724
14938
230569
827576
759814
354774
499886
654705
509769
69501
47920
833440
691254
465853
253630
336539
863133
640126
264004
435976
308519
999757
837764
296401
516959
712621
697489
828287
749743
861093
305690
614581
635324
527337
352066
651405
199203
386460
886177
507681
400530
681647
503781
390656
280004
393529
923111
131764
823963
189728
933907
694180
377764
618978
32378
885828
215784
610874
219859
375287
935507
494585
323568
832031
353481
905509
911928
252480
890787
387128
91122
470621
677535
633889
458823
346307
328967
625264
652175
812049
45220
452835
85769
447300
415895
455994
652787
679199
737805
660186
465709
67295
427476
125132
332411
232267
293705
714687
780537
252459
996932
464538
438095
321252
717274
405991
367990
381757
917887
832223
706541
46607
894039
51030
52401
833897
502659
159938
485020
922066
725794
280223
820790
131535
271635
605268
766150
242064
886042
304048
727793
237531
914726
514412
10682
785932
464466
150482
267098
6911
388372
612057
149260
373504
156107
615684
113634
174467
724060
737265
855077
898429
153624
516408
736005
522541
774663
894372
795361
709123
106033
126862
328210
400624
678617
599075
846766
872355
324764
8668
364883
113598
400489
917285
819011
312296
541619
120121
342772
451183
769470
848862
6873
579136
814051
970616
749475
783117
195038
113272
347570
85354
77102
270201
57987
360315
740759
637308
16137
969661
859038
624901
183022
139483
61110
175053
631462
352708
152403
961329
507865
79625
422942
893385
940028
993724
841616
640856
228389
333129
23597
227501
818672
187122
949190
865325
347233
822798
907901
883554
441238
873374
719338
802127
92093
391556
52485
338202
890428
717480
701550
981159
759787
529866
593863
387941
106816
332752
991319
471462
485505
263827
808813
942944
296499
715852
926046
517116
303805
584485
19337
212815
358324
689025
781722
657584
987696
132364
375334
878014
274227
566833
103932
128002
642957
908687
170388
340519
377781
240707
244968
699709
59234
156614
897412
479719
323355
452189
794678
703633
989182
981639
51993
835003
379347
158109
798258
653493
260102
211749
334354
606253
835270
970528
297771
320383
959180
466405
245824
968586
516934
462920
402303
705693
572246
976071
463202
907021
760012
626496
605137
985978
825446
525148
407119
34042
593557
345530
827358
456064
288950
960728
656200
788585
926158
452568
560957
858906
628120
600127
250477
367562
238193
206001
419907
834497
386533
869207
105673
612213
290864
496845
108709
987343
717179
66264
122799
201077
216109
932325
452167
173285
225315
822468
666106
328993
614807
740809
127505
679951
787827
227501
766297
774939
873266
200868
119734
375422
630129
249200
504103
316872
314966
530070
223422
234599
823299
803207
767852
629614
583266
895826
911568
109664
667944
498036
106491
141991
418788
585693
870127
713374
835998
640348
619301
563582
128586
256559
376284
550443
454956
811741
530607
714029
947542
356780
638793
356122
220036
653201
131287
272474
99483
646929
356557
836370
564420
392480
449963
799888
626807
884853
730483
283946
130471
433801
204815
865778
41526
561596
335350
422047
203093
969005
319656
77461
81591
681821
643635
627534
498520
12762
239362
452527
439446
518763
962624
482032
856419
267108
485933
241000
427290
727669
380277
735497
499808
929625
213617
353790
170467
539152
511973
983674
657184
389698
954482
278574
478418
264684
96083
936439
481449
948565
305877
237994
460932
12852
265699
948454
251065
462636
514057
780434
474340
143651
407035
432219
407449
337286
830346
27454
475379
930163
841796
185249
901743
712824
707803
645115
789432
547032
619362
871944
488437
101796
655480
658806
412589
907708
502612
825869
295261
733108
686938
192624
939487
651847
996885
913647
258308
437577
444555
216812
588393
756561
779090
733503
671678
449913
392099
797196
895023
626749
100318
552188
904471
752337
117853
302056
117989
458127
240398
508024
84016
155966
434150
909200
704270
747926
372657
911052
81680
466118
717832
522716
452158
124406
321500
312353
413842
883012
846357
873545
76264
521311
947730
446703
721676
819034
662389
432239
863330
169412
848356
787564
33331
926307
193587
350297
677650
37082
880673
432801
972774
511151
805979
670097
970347
843074
620051
747460
630445
251903
224549
293630
725644
16985
147633
61552
785941
411556
28829
948080
669990
252326
611319
571925
800440
764978
502069
152129
104504
904343
123658
703343
779125
364529
586702
991505
22602
311585
705043
74110
173578
215022
408156
219181
208841
525449
137522
479940
700491
381733
929469
294316
226257
503940
41638
657039
887382
11921
380690
267360
513641
302232
263028
17338
404231
214631
468266
995086
908687
896425
285679
379038
337223
736766
330923
242280
563515
386039
24875
998385
404850
91797
152072
958229
906066
454731
939013
185918
520701
190239
374742
178561
969335
270093
812512
525533
640303
323489
771803
621894
931335
433395
172676
800749
314303
166783
576382
5318
554517
528026
835492
8076
493750
344676
589351
33947
306971
529526
433871
758371
630849
162772
618924
483387
395035
130930
978255
553841
520979
639417
968468
395176
396329
157718
97179
993299
705483
103591
686452
947479
472538
660624
93488
870931
617256
286557
779457
692052
356162
58673
854610
165169
390046
847385
256273
880782
487364
880934
675227
310008
965413
641215
223153
262634
988104
382947
17506
633422
434962
448421
881979
996145
117438
941988
580737
745014
413709
765932
267989
465934
168138
698609
542296
268236
294900
133560
802801
975068
849216
994151
464117
608900
785250
948013
945493
933248
309546
967168
354950
617862
98639
672036
959984
832220
715179
655407
571218
301045
482726
410708
547163
274377
848940
305387
811504
149957
915547
372079
64109
578337
131566
35690
106585
343990
220202
743744
707849
19260
194636
417646
803012
769942
546802
106491
382148
894573
163188
526157
137739
941944
267108
179895
186899
60705
27167
415244
651799
981473
978787
123512
547936
780143
633164
299597
916731
490535
379370
23659
655189
610180
463532
469301
931204
225947
578949
430607
992179
88902
987468
526342
692453
506057
781024
66376
610101
903208
640120
237473
41771
638485
471126
651231
849353
23280
129842
634144
976657
8185
818488
848226
496075
534735
261421
190102
294506
961959
654529
879965
522123
694107
392451
502815
146797
734801
161873
937959
905087
578721
193206
157979
29910
612191
381066
325708
634051
651554
980153
44278
96907
845154
922412
312848
513571
495775
528300
880749
111123
57823
590199
773971
671251
557307
118929
533067
379833
790413
373873
608304
227219
179114
836181
534560
667397
106141
297043
429609
789646
90851
891050
175003
901210
64011
772650
395197
212915
502639
761712
50947
555291
750052
73490
326160
346035
932073
179237
37094
426480
394254
23767
149089
127689
606809
54718
348419
297906
836261
931524
680187
395035
838359
669051
477212
953606
530298
432010
505922
317566
436622
658011
375865
429608
895897
330575
136532
754298
686681
755985
506998
638033
123284
73695
750125
929826
309506
778386
780849
404647
197332
412047
306374
981506
316019
34334
276407
205680
631170
990350
103082
186422
317107
798088
973816
616127
847984
908754
472514
504806
351162
487531
483466
115144
196726
680118
423524
801739
398780
861584
266054
582966
537897
666764
928484
48543
862181
953308
581122
69182
383094
315622
807787
90755
66614
536731
631299
698442
223194
661534
832328
121442
116476
734713
15454
610372
612326
330273
646138
821072
531330
100402
447290
849039
133527
55421
547327
717752
114403
347595
873613
652468
591884
320330
670378
192588
382714
230388
592041
182501
416378
163825
520845
349137
486946
311562
746239
440612
810215
249354
245448
836634
102150
123501
913748
108530
218739
746979
111664
411338
854798
790455
126630
559361
682595
352047
617101
860243
431798
581097
195206
244677
64819
894470
311308
979041
85930
462121
537060
942272
162879
256476
770300
193317
142629
559556
208920
261945
203391
3238
398311
751762
994771
676808
693363
715751
49938
342748
479032
791765
545849
698360
606772
311214
624735
223488
182706
490858
140451
554923
979250
938778
563807
196668
231147
806112
468516
997239
803772
139619
259341
384900
587840
324983
502566
797474
727303
141383
290571
164515
340606
91409
837267
571897
979701
926456
880610
25611
193780
948326
206578
106646
244871
825875
470792
768344
433437
301072
961097
395502
716073
306863
42211
733782
609159
971361
911643
404556
130618
107390
486002
852357
923337
859759
196904
653139
419345
86366
799981
858530
686484
749306
841992
231578
389612
948537
403799
14854
595046
943275
607532
491316
120153
27134
769212
206214
617077
637656
129125
303560
448948
302000
617992
471275
382855
122875
812870
399811
588846
52592
555239
645427
462873
190150
419096
889046
237676
868131
367001
311547
422924
915575
381084
291040
592027
976986
273083
186117
252059
382131
320067
417745
680049
164005
584651
264354
966277
612833
106865
226413
932429
368890
406061
793238
996760
268100
465012
441479
749882
630897
162361
154131
357679
52784
203548
436902
475381
808152
311374
310393
644728
12344
488428
666097
211425
565790
245408
862768
943148
962101
370085
303695
460895
647193
769869
199165
591646
668789
461300
539481
567174
304742
707173
22233
220896
981498
868168
398246
193260
805541
920639
362836
809400
593649
24774
678502
119140
848653
539941
589650
163559
992506
450850
351298
372925
748431
962391
191148
583677
375287
289220
62930
883554
462073
934009
140894
171331
618000
988401
622242
935080
36469
745945
884169
617683
990477
935312
882318
9022
450885
767534
46865
848155
485293
417179
521937
360853
431503
749034
361727
716926
612258
66282
433856
213776
648804
533878
708054
582666
473746
682701
498613
577150
359131
982180
407679
401693
72596
815131
346515
633188
690445
571925
57498
718017
733017
520270
158131
708028
441195
934043
349913
395073
621788
757582
328700
743203
896435
925040
125841
224463
49919
258929
856604
883634
937439
42336
975131
564211
786083
650557
294721
432783
442042
705497
343536
747200
292253
669479
343570
414708
721510
886727
147622
99114
144122
686755
932669
336065
97652
506451
739604
897509
533141
521514
298681
484794
314457
34911
558740
831501
258312
28804
604665
420140
954274
562188
990252
238434
689715
947068
432209
468481
742287
383969
928944
980445
716393
776935
533984
939171
720592
508795
995463
94265
187508
22149
949250
471043
470603
416525
962838
149275
899426
429369
185636
465658
359979
594736
11456
43025
655424
989975
648803
914435
774632
860951
346080
363203
28804
540506
13001
180586
695522
431069
139452
60105
844129
224354
457773
835776
940914
724207
507786
909370
147878
30670
649218
553921
397909
996359
420486
811333
958828
541241
649285
747050
275415
502247
906482
86941
987431
695123
677535
243761
912237
489248
518330
571459
435944
990653
355003
764596
972843
759568
780681
843405
779196
346717
408285
485020
60107
331427
926903
890185
989232
750357
705008
813134
779994
823626
783287
254763
565733
422890
761678
978506
996798
613264
26217
936625
825428
458329
709860
448446
844080
523344
83299
642422
878798
629412
422415
507928
825082
882256
54965
69849
69602
241761
797927
635371
966525
429539
593518
528987
263160
812657
899001
445663
762808
718330
276656
790874
837616
570392
215143
528203
549681
131819
406245
880305
48051
154250
59010
287805
646223
196497
467343
383969
113388
683045
933447
511009
609156
267182
419132
239425
407859
314546
458399
504546
973962
708522
430649
503709
57468
164761
358209
611806
341572
905163
891356
365210
36785
416700
505553
120116
680930
291690
251714
822616
546321
396067
856302
758424
950425
568338
698792
119129
317171
505562
147988
683751
143460
940896
559329
202707
930344
901861
561676
936521
110994
815784
332475
889205
29552
570944
532745
165403
310374
612627
477087
602677
356933
902444
770103
805069
992320
348113
54965
565603
852419
455292
571598
627381
967015
536972
845909
108484
334894
792697
189569
865201
392634
845750
807386
789671
31643
48520
21720
747774
563680
182146
712020
53920
698880
889357
526678
600678
71352
109561
443244
564953
827757
738513
486857
833156
223751
767565
808951
900482
527906
107837
254737
851544
851000
794974
786461
480381
707748
497041
670541
88521
285115
591221
354763
487186
826588
80256
998949
553539
769899
825132
519440
408638
263903
658989
967801
68240
135888
200944
21692
404616
674854
75621
13453
123662
540959
724851
531993
218646
822974
972478
354660
446488
783822
400452
399571
929830
650482
312597
993604
924287
220974
377918
538115
196330
625105
474645
274144
818441
213658
339193
268256
953657
622819
567512
544076
481966
345765
629846
658024
449648
37825
423705
250762
988448
358651
697383
466113
650806
477716
822706
351233
9882
140864
294086
325441
905079
513475
206001
284361
265029
261061
352937
444884
635494
981875
881114
338496
293484
934621
525308
85070
453082
120199
105034
410927
657228
126229
81488
354227
425585
12461
960020
641608
260567
306083
554207
477271
750523
34279
185284
671386
260417
812850
479137
928203
12050
694621
114308
448540
758405
138903
585028
973072
527521
961146
658514
674426
620008
500500
15559
959683
901813
232823
575843
380436
132461
737343
933209
576412
58186
661963
631360
379909
24254
396020
102508
284967
119886
128113
568178
730302
433049
821065
562143
574631
919207
39725
228968
402482
333537
219975
929990
93718
49178
38775
958999
332918
595107
881366
89084
251508
819843
257061
802135
420459
623962
507255
261060
201837
847764
437379
174872
568864
334595
973118
793131
417382
616931
522814
210069
119335
858738
739047
465382
120240
268116
306649
88706
856314
836220
590275
563782
871087
228323
687848
224584
353624
752664
833519
559069
660213
477225
531969
9574
794542
634247
449222
338460
347883
670032
795508
373936
224914
592548
967801
163683
571374
592914
992790
666097
529128
381742
11786
617535
14315
446736
434223
583722
319019
749045
759893
138255
30523
603477
778746
986173
158189
783397
661684
344973
794361
392792
271554
518181
789522
74016
53816
966703
712932
784513
903657
843687
108257
940002
295655
590096
996314
364500
184013
954213
975265
921777
543174
227729
126753
602920
964671
369593
27403
419161
914216
39511
183664
280638
68924
511727
443255
572805
348591
220444
673149
911637
643462
528751
953926
950289
121897
348738
783315
87603
734339
706183
169564
777785
77846
484357
535231
579306
225597
520396
764802
654752
303548
604548
714530
843420
497405
53907
632530
201197
240825
937502
675243
755372
691425
228403
288068
131352
554881
90594
314271
25433
272875
401378
106915
334946
841250
61072
152320
339805
613802
76785
183699
963483
901308
71151
991176
841782
304245
588602
485250
931524
839707
406691
23333
577801
998726
885021
490091
849948
697305
171092
365681
472689
912327
533077
499806
318444
617174
481788
372689
740814
132848
700819
777147
300833
329118
780563
233229
498779
585622
990841
778704
731279
321626
343250
225037
545747
7792
130218
238710
903555
698291
313557
17346
801560
856409
952054
171175
846030
146260
594790
946977
355531
470005
921855
442979
744438
865764
116356
141967
821046
780796
332482
384963
547016
658742
551836
738117
486742
700110
261382
298315
12328
467164
405772
777454
115930
801538
159539
607643
516075
866653
144994
294739
300751
570064
617057
990822
970141
936615
446150
188144
292908
344437
239255
946467
238803
894163
534250
710509
794077
915779
182828
718540
234232
920773
643635
79314
460676
290204
339804
921515
659162
967440
424126
493648
373332
515290
510469
91068
706879
138578
31914
778246
931513
840254
727644
230183
794244
976911
692645
206319
288548
395199
639893
465527
937811
963720
661181
295428
958431
769131
890929
153552
609567
230101
958753
66743
67126
40934
829198
123658
830413
75096
854763
291536
650557
721782
638632
223943
141143
104745
126257
306579
463822
983817
383249
898429
839739
146682
84854
923157
521467
174255
842506
802381
625911
510474
626263
977356
679568
323941
152605
320567
282699
36087
393312
827098
64501
486742
793362
247500
777874
986898
287056
635124
315815
812630
178892
67391
492181
458685
243008
402193
209263
204145
532198
392808
785896
561575
498305
285927
469229
273148
61840
349744
642621
476361
857068
783403
428796
564070
230622
908843
796637
318156
3532
887031
431498
356725
614410
177274
742661
863446
331336
11952
302573
58213
671070
486759
182297
120408
386676
506405
605069
931021
387997
953167
471678
49830
670585
189215
200033
568132
525567
114899
672568
811762
605684
149067
735557
854170
341706
441603
316192
29235
63040
305689
622634
560604
819042
204770
724022
752282
557536
726042
438254
924218
933972
979511
925784
924287
952368
525629
554039
480914
410986
322010
547186
14780
989538
823825
806269
705486
850622
182397
398611
778069
251979
483263
58052
236688
529599
149025
721091
866077
349705
970256
194081
970281
296936
801756
471346
190809
230200
726077
533558
937775
933661
610771
693275
486547
803384
612960
319323
213523
712672
302607
44993
172752
296092
335684
13657
819747
672397
164741
797206
823328
675099
63596
594397
773878
401548
405119
452839
969003
931828
741013
240352
335314
16995
607905
663203
873790
738816
285815
123155
512626
29101
34875
753145
378058
795402
124337
342541
331271
561713
155955
103995
222275
61625
950289
198124
75787
709218
426520
256561
285995
364717
148943
760528
272168
380630
843720
83760
373623
296266
28097
393442
959264
725531
713934
388630
829350
638281
605486
287676
888522
19118
760651
459196
422154
604348
415699
434225
19026
938306
151883
777740
6020
843531
188273
278653
495902
866304
225457
854757
59010
232605
759175
433315
713882
8987
909972
115639
770114
528061
594150
781804
62882
921664
809665
830965
324795
235324
843493
368571
629183
381798
558628
907578
307602
94268
139602
288044
673997
370923
899424
958969
616145
238447
574707
715480
513805
517187
459966
417494
273359
697084
143518
718194
624464
905566
743238
63280
176520
705297
519043
461519
516948
635733
819064
186543
645655
475744
353963
274013
493626
8131
638551
23176
411634
929857
429200
528244
900335
662082
959264
297435
822656
484201
362038
430490
281704
848097
249069
356488
230658
35384
344373
687430
597813
352960
764249
516992
108565
153167
773484
917696
206293
694421
835270
618692
991575
848194
763783
59851
419308
992140
810559
261983
752976
148863
221892
317940
256556
358247
394031
987562
308040
487468
374621
632466
612656
431742
40271
776102
506495
999303
932221
809383
278794
242525
260071
983859
722741
823588
384142
686234
507709
433073
280108
583809
71806
147544
875477
66211
112397
455976
745357
138908
10581
485453
993972
90486
127223
2821
959382
66720
321531
998717
203774
803376
980607
165831
457292
949656
739273
612081
610572
82923
431888
560230
928927
957452
343669
356559
742296
592903
282783
210923
136578
761321
707044
977141
692500
118078
596103
189537
34119
325618
138085
353642
993469
487145
305240
809869
993776
61070
676990
114875
577334
759560
439249
85675
803872
789147
528781
838596
320419
409397
983593
928125
134947
392782
325641
372956
561382
322631
449476
437679
960658
70593
294059
378474
807330
31876
900481
584413
386359
203414
67708
563116
59620
779331
444911
232166
487898
567243
130422
920128
787566
8911
101235
961603
560465
348213
949931
449640
563964
479276
238836
579694
375937
876576
262745
192331
925787
150530
999144
467251
504180
701998
115224
168824
195269
647946
137723
805663
106414
144281
474530
450026
286416
615043
334641
93015
88731
154719
190982
116066
154088
137409
56942
867894
710677
587279
98512
322795
406042
470398
563680
716261
246951
495020
335350
208569
304515
461434
284927
665273
319344
590397
349721
26657
373461
498266
560285
208311
730199
731223
547942
851901
131258
310305
365978
192151
985645
528545
655993
853865
832031
447575
672323
250618
313146
783186
260889
550214
858485
892047
240842
642281
923819
7453
363824
969249
828606
86345
63155
175046
609077
446495
929914
192655
308254
830605
598448
823434
833371
347031
532869
761556
26293
541018
817630
818961
293908
439015
967563
668686
912895
470600
577775
295542
696506
841580
578151
286416
72050
525963
68454
402663
75083
3978
126195
890152
815173
558052
852455
59409
155910
638354
882933
695942
170246
839813
656138
260060
307541
254716
852388
195863
57185
409527
281730
111785
813941
402459
890773
176398
885635
905788
507041
815237
302723
556053
367181
837267
979100
97570
289064
416874
839097
103420
438095
387435
850174
147419
971428
383982
601905
373512
948768
215904
941118
283796
133648
246132
465525
769315
270929
170917
373069
588175
485153
851225
475641
388470
35194
893327
51588
163351
426434
764520
393509
638917
852975
196821
703846
666596
467014
124629
924526
764802
417473
451412
759575
315471
632175
897824
947348
682420
816289
606722
44817
698852
313421
696506
544397
229664
87703
625747
330087
268638
885877
529296
697535
553485
580534
13291
560860
644096
513589
662848
810939
38776
131359
611406
771803
713527
220348
305367
222280
407079
223376
399086
130628
227513
471264
321486
199747
505502
239578
315667
159432
756808
278578
892020
716340
348429
477012
532680
882461
590325
825457
775577
717043
291371
845104
735324
6406
330430
524899
579679
227835
683460
676641
692304
409502
521676
2033
784625
907529
729329
991343
771276
148895
441280
178008
117645
597292
670991
325089
780084
23856
750531
820757
626040
289124
5400
196665
727477
800647
950737
43363
354808
534269
78195
77271
971651
647719
868980
872498
825960
30523
357442
937733
565577
331229
184784
453394
786287
614740
135770
985659
962277
962121
402910
785454
310283
233734
213173
42955
234465
228809
573878
808545
271689
665183
972622
474632
831731
344797
553350
672921
245228
801724
904293
877666
442198
664948
825836
486870
159951
583
143932
674973
127689
487884
959589
586007
813089
321709
235657
943748
481590
855607
459203
484437
786791
538397
804435
692636
361488
249777
860701
961727
951633
804927
386636
998638
291412
240948
573374
856378
120805
32585
772104
245814
483873
658719
217013
562974
144540
119248
921901
435731
991484
730542
355896
671992
937918
51068
363241
735247
867781
160151
912296
305294
30728
746305
661159
628990
564366
851781
361577
198599
249021
250765
820953
423860
43025
394224
394031
766608
163121
370106
335809
39910
685244
26135
197948
78813
342289
557593
974482
414636
968197
176969
54331
899031
14434
122107
325244
547976
667618
104637
10254
115705
92631
937948
85149
480389
378052
916578
541558
641879
709062
390010
158532
894861
635422
221253
908029
222280
738733
891863
964990
972107
14097
423333
372982
834785
447430
400283
291719
591336
326065
618446
920872
23002
48036
962221
447322
659265
119210
126306
140884
175015
658617
107602
41129
855683
625763
968062
714579
368982
278236
360725
251937
417215
81784
91997
470671
375094
196593
502007
968834
726185
69373
452801
338793
301295
631325
929453
146176
13799
876093
174739
392089
217979
615405
433529
573740
654784
736393
361518
606475
957724
587155
796146
961573
719313
340745
407842
854193
662090
724004
623713
171456
580928
971178
783869
55369
692331
993871
844125
578704
820412
943799
662445
995855
153690
803998
876614
459626
432179
251591
212849
907641
735486
754879
203784
952085
247760
409960
543253
539300
866649
978572
187692
70093
708021
19498
751707
68429
449806
715694
559670
331491
734334
594018
369584
323545
790433
961221
240459
603799
530794
183504
651579
242831
789825
528863
400781
167541
197663
509098
570403
267518
449872
478660
832196
470060
619752
450127
420762
270718
580833
891687
309756
624195
822410
940997
274642
591950
327795
991230
566932
489528
2430
145191
893502
196074
824841
781907
88300
591946
631459
373321
319702
846204
800030
682869
969263
147698
614459
126877
13211
813657
345334
212925
877231
698096
121935
146593
740457
161473
795964
811959
42800
763503
108517
278144
119248
662314
214382
475603
229387
19234
692347
561592
717109
987938
221440
449442
895321
902506
391749
128776
832694
396832
504023
129421
252400
811740
180829
321396
62338
22465
949900
308639
968615
744669
656453
714604
540470
948238
62304
595827
874911
898890
861238
91415
555571
421106
139602
904222
926156
856314
408012
585067
940896
701015
670688
256082
663516
873828
963670
802096
503091
43855
164658
108750
243840
878828
297594
678052
350356
732195
386920
452546
802087
720746
471704
697165
300359
734813
708606
898707
334683
22966
853004
592033
586797
457410
121821
546025
604698
958169
489660
609329
448693
686364
440772
133335
946355
726794
758422
692320
822846
16288
546198
672089
238217
796039
164684
366198
994614
704912
750280
572354
493163
696634
326152
708028
221580
944863
788826
795816
48147
432680
896091
678883
277445
671513
894493
470597
782539
251979
279018
440192
575027
301633
166736
180292
986923
935380
867866
953837
177775
170210
268233
384216
323922
548492
553592
511547
196584
25536
957669
598223
756902
807520
381792
514112
487119
720687
962968
744245
956936
217370
893464
625237
950675
334886
7554
40581
527092
572733
851335
243974
851022
618391
908669
422245
382724
206823
769882
27558
737537
473443
870436
10052
408726
768263
809650
700702
624654
943011
520099
485514
552102
130244
226287
259167
33814
900369
152854
315574
784369
412141
96431
222349
638970
591832
930673
630106
504855
242611
815202
732692
553120
625481
607211
315362
934748
456370
793881
574192
871545
586160
742643
5495
884269
548053
714744
509006
476553
981595
464807
677380
305893
957962
75753
416938
615824
785650
352889
448532
538397
887527
377672
648571
518230
136752
30681
340885
393543
278653
633397
902039
248285
887904
458873
974637
141030
275034
517224
577066
567367
530677
363044
303287
461727
814803
624875
114122
967138
682070
962771
323721
198824
239096
159646
433514
568709
601624
656732
424037
747375
659877
988476
513762
306637
725346
870671
644476
527627
765186
594928
750328
68658
961917
381886
834554
832666
961877
8323
41508
379917
217085
88733
646669
44122
79881
34995
159805
949452
772059
19697
690636
58429
939706
388893
974732
643897
594736
379178
328101
99442
182967
791940
765041
209545
939013
234526
646046
925855
200530
358821
450528
511954
481156
972807
845706
816764
189285
145230
497539
995058
351980
306452
330598
399701
95062
366840
803487
326122
425657
935042
846686
973519
53242
501480
633188
589607
764090
733657
328355
750776
468935
267978
784232
498031
56769
845448
987293
323189
571507
469968
563345
85454
179042
874762
340329
654828
123803
185228
244497
643634
884800
912184
2742
360989
710437
458227
270013
167482
659492
195663
94922
384510
889341
311755
543449
977721
753985
296238
913112
450563
771184
543263
142394
794497
325937
505724
715790
229867
120988
689687
917913
985872
116381
903445
568196
597004
298800
176722
627334
60682
28282
607462
225432
385232
442637
687162
146177
487053
598138
71452
617536
38090
693987
740985
263652
263367
689989
20867
309231
118723
999625
416713
379571
985301
144334
913112
278133
839754
885458
157834
511433
202707
552904
572559
582666
476061
32029
162613
653756
375728
446191
942035
438385
293779
230969
563291
862513
664988
159402
432908
367588
544777
84579
379876
526146
799930
218401
112517
8928
567880
64484
60879
576963
759913
664615
195489
18337
572524
630676
755923
458470
378870
622090
252031
898408
289501
39591
158625
34077
240292
731279
560802
654074
707711
411231
374384
594131
477602
734184
214537
956979
688165
281694
910326
877644
173205
311947
718966
617264
189621
35171
957112
951174
847580
525274
533386
630953
161514
837457
84812
790026
950193
547694
210429
948581
989424
612960
612400
449450
576994
256343
231343
42034
367952
522272
912522
667546
591592
227192
974196
742979
595666
747333
69722
689561
891199
199402
384953
891499
851594
637557
556692
47780
500908
106096
729399
81809
765041
565678
397288
914672
162103
880264
220878
801161
656596
262008
288489
599765
901055
766870
811016
611463
518520
71633
792403
807999
906466
479184
435932
862591
211159
499906
690078
73728
877936
109972
587118
175156
201771
306371
973857
712023
97258
512974
447338
431405
497153
99895
476824
931024
704836
495600
245118
735133
114972
902644
239467
260557
697002
712705
965624
758078
429646
732948
438228
250832
467044
984007
216454
963884
886722
190967
415538
524317
252423
478997
702993
357356
882407
220974
745851
719338
688762
827421
552716
19745
510544
914197
766287
787709
385507
262476
738261
536642
105463
527293
543129
986355
55751
613480
896593
763976
241477
501925
908631
604814
667116
850519
636919
187099
26790
630807
306438
584480
98842
421015
910458
182287
31886
189196
645954
677657
704763
218042
952946
433702
861528
335958
368841
142025
851365
41661
919697
408208
743864
577831
447881
754282
441195
318934
343381
465333
991935
471584
93941
252844
427709
876001
966190
212773
614854
404964
167900
571242
56136
939286
704007
863890
548476
368005
563193
183618
448153
950334
585853
911737
955343
884269
58889
762567
286003
101915
584801
93626
65250
305128
758127
601675
308231
353951
583156
906033
552596
500474
659765
748465
708828
220674
774582
927692
594846
678921
306649
570273
915247
365314
603237
888449
51419
233818
126512
847125
795818
686969
864641
842239
836634
653582
665360
932093
818963
237091
850616
733406
490347
722244
633505
805405
344883
405841
316962
744353
983639
754289
704291
581239
70589
292485
312599
753176
613355
871260
501462
604122
962029
68796
613177
122006
670209
887907
987227
899518
740457
119954
107627
566259
972509
396750
410548
998248
264181
242407
878418
921870
140507
969249
913615
295190
673320
539370
495748
351203
253127
595066
470130
164296
367475
104381
889047
740606
567174
713911
464814
457361
93400
159317
498311
153645
363161
569462
54485
196455
557435
391241
693069
216010
417067
979476
495600
856237
338126
599744
705183
456780
178907
46111
240825
647556
464370
304763
358207
187886
928257
110969
334333
109081
83834
906910
599574
94555
585692
946422
894717
405513
257457
257693
539145
802756
749001
16721
329074
176419
926763
254208
187307
482075
487452
933993
956478
183681
805133
93433
227875
726028
493027
671834
239351
726438
95806
88146
224636
768064
195492
589785
139547
595398
388745
540276
81312
613714
436028
20210
825251
76523
150815
595868
543362
762348
542649
937028
58764
999818
652569
904124
346204
143412
633344
324439
496373
23292
293102
221254
49856
799393
923031
289590
181103
12061
954120
605929
612885
851073
149560
742644
380277
653867
912814
424582
407079
402738
932741
151057
637269
444209
419841
464080
615572
882067
239437
876966
483965
634322
201508
967860
180969
226287
58053
150490
299021
451379
47006
434609
568795
100387
143484
9833
76852
291532
17573
697711
301746
715949
46339
48032
252277
491682
465967
6347
370610
11655
855700
774751
110033
703604
950043
84361
130754
616748
443419
967795
499962
270227
190437
189396
237090
353923
368791
586240
812424
897575
492812
36540
878758
296702
97280
710629
297803
243123
237577
400165
146138
189754
126925
320054
969215
32492
302665
549796
716427
873416
65338
953742
950078
711323
363773
609167
186980
159108
504291
848246
524495
660814
809446
330373
557838
540959
11985
175066
750582
606881
511537
323271
279114
897509
274962
837160
767110
471361
507840
208894
232248
400298
903422
464865
467900
319074
946842
792537
762272
564536
92724
305875
193798
163386
712982
322010
221599
151528
657004
193869
1772
758479
344017
517071
555239
211564
681768
991521
466742
78835
871402
86248
708028
964166
644208
820563
363470
424936
967408
375144
55290
341484
183817
26849
592803
448897
277187
647145
225519
788200
583110
381704
198677
565581
550878
37447
744978
560632
225315
408616
189857
313172
427720
592911
382688
345292
490713
660254
563544
842851
164336
822543
864761
397428
364925
687644
487380
716669
864518
279713
491177
435211
680988
95703
565402
211253
515552
262307
633585
177241
631159
758891
842708
483220
713214
488873
482538
636520
779968
665290
287056
83591
508937
624948
639496
429111
363509
863446
634501
332548
97074
94816
422296
341617
132732
534484
879100
215564
609094
980056
990068
916006
75375
789841
997555
860534
250895
768484
874675
120408
229344
88521
800039
405129
19505
381007
383982
927872
244539
858716
803953
423018
676054
999875
962221
560465
228609
425156
482680
15357
605440
227547
515810
137846
142139
623612
645666
172670
562287
766343
225410
529318
119974
82983
678881
308503
913142
987919
703970
104786
263097
987124
467344
696448
506664
554477
650557
250265
761504
862546
24421
926135
787124
189285
75386
294858
102034
608783
964492
363206
717495
974483
70902
106916
259490
382492
766178
572844
434519
299817
620688
548662
165267
321800
293817
22308
329330
10297
396987
183275
810799
749850
750658
685341
374866
636366
751887
613626
81631
325386
680028
265293
453878
342556
82532
656063
246444
114071
21703
268621
48565
422906
916374
920645
901792
99710
3876
150054
25581
171157
347822
891021
764506
942629
851077
231863
157553
454354
666408
539451
523750
162153
254316
385216
125280
102608
783497
19131
843563
418567
782454
674259
296079
914857
259793
122716
508537
939154
28339
148134
68594
47069
345055
818399
946951
372289
350842
915083
627475
617040
992491
734282
407977
908719
859545
637097
190453
563116
219251
34320
860356
230298
358466
25223
972001
573388
607347
227101
148938
719865
715905
324021
700289
368289
944147
709555
997931
477616
894428
386833
99081
305056
586951
977925
550689
615371
679756
879214
868517
509642
11350
599613
687769
449725
629321
995122
194672
55508
976918
475450
438310
892348
489252
439992
699122
181403
931828
828042
738790
542011
93134
837582
605817
348650
69504
389878
576589
546814
109013
992160
396261
310821
14205
648697
993219
366170
168569
506204
851824
912678
913142
306474
882622
497924
790473
317103
28489
200741
943940
499338
948318
226523
70093
673259
505259
62097
579379
758555
717705
840828
3239
853653
977034
807339
398321
69923
148082
774271
303
754961
333258
821456
468461
774325
495398
292173
372972
653408
78174
19642
297871
411128
851292
765932
210040
915579
901846
838311
842393
312762
233641
633809
257788
631519
91464
551991
94877
635843
63701
337291
509322
299013
343194
764531
748106
871448
153882
135039
475635
667821
596103
74864
215500
694263
780582
84361
461356
643217
467170
948761
19696
368081
686701
745353
599629
384739
647690
286158
49501
314491
560721
722040
952656
233663
604134
417290
49480
726898
574374
228515
873955
29786
8388
460864
304267
943885
128672
202633
898888
200967
516416
875660
6651
237419
190095
790473
264624
666596
684633
638419
531947
91474
934680
894022
633357
215605
382005
245814
668666
148330
315027
446443
441946
662412
563228
805949
835713
618569
266043
2197
95978
269867
905195
385237
469786
95057
435376
812769
808517
972744
998881
922714
892386
961708
609852
872079
572542
967656
722761
145649
701617
341038
383658
399741
388571
593381
163912
737480
282978
227435
731495
32367
165811
407035
304622
84832
427024
604274
87246
709063
452958
476628
568229
743112
164107
614770
552569
5680
516036
974670
609308
268094
478113
746983
279900
303296
737202
992289
697793
639893
548414
28539
106134
604424
959633
919019
553033
951908
876926
237012
509154
714451
488815
154824
395029
476961
420762
908161
69588
278343
886541
848342
802694
127506
150364
140350
219306
405951
335897
895624
709553
268981
440489
271
195748
297791
787911
593406
462807
643550
792736
653884
234775
423667
342015
443058
901056
320884
287978
351117
436146
339010
852944
13558
249325
185892
686261
370088
266559
341979
277387
109805
851507
977452
512526
513162
890002
960445
878410
868618
592560
219470
270585
962677
324210
969296
103997
523452
818567
38067
443020
64672
566593
707906
571687
27191
942800
197704
465860
690288
480943
949369
843602
289415
685133
123785
964196
620994
83280
209496
37811
64893
591422
38097
158064
211543
639316
642535
38031
483444
155835
690718
896777
126419
993201
350245
574662
874612
85675
229845
622850
591728
776085
690078
377847
936316
869878
993887
659546
503675
948593
797358
434950
65075
126981
154775
713162
847271
596507
928606
7299
43669
982173
308443
109002
781030
119434
376823
261147
791131
902723
761057
409836
752578
749844
32828
691307
539524
425392
713289
813169
562513
29654
506774
214477
667049
813223
563480
844800
517398
789601
369723
614760
949681
330442
822450
38234
631899
245551
532485
517676
676905
752578
770129
368571
421175
298440
146231
71485
142459
260655
654744
788587
362444
425760
750306
854508
70654
356701
998495
815074
699129
128268
988738
875243
855413
149722
151280
931828
612690
637201
585354
313898
40755
289632
697185
872965
865515
931157
586512
543101
747356
917702
669324
72694
559021
259322
196736
37825
434310
689144
729323
171965
806604
283163
722583
563036
940813
137140
168392
700880
819917
437471
748046
184631
207230
808080
483387
878913
670217
606270
778446
690194
102348
239465
865468
931114
65210
519021
236157
264422
343000
181985
426606
353125
938255
321777
28551
261440
378989
226705
113562
293983
64847
919786
892695
83332
811284
619876
442618
610802
523278
283206
770636
776476
725907
30759
907858
465918
969155
590153
837616
51849
136512
365663
704254
251611
875302
161549
495902
543066
911922
796804
103066
922672
640013
513015
866186
107460
857604
302003
545263
759024
508513
934865
663938
771565
926977
746317
278395
46261
297238
258011
836150
399818
290008
38557
250896
187138
433190
809137
1002
939997
919564
898089
18933
377675
501430
860460
682895
584315
982543
64016
960650
516408
935481
688796
948699
59659
661501
765148
16531
385675
519641
132641
139711
293623
532647
355446
705931
621612
36489
889818
749266
37601
655987
964720
332491
776488
92836
793746
274152
35820
850032
772830
715782
648540
176395
907230
514278
122190
529713
749395
512311
805653
127925
37950
665643
532745
388102
856311
416713
497043
592131
359806
279951
413558
399538
182892
360289
99080
752447
353304
798257
968090
964560
869362
709038
613661
882205
508532
44304
41489
558013
918120
464459
879097
352981
354159
38522
932093
149627
434566
222225
519869
729558
427596
355152
93316
406198
250539
291314
587784
417561
273039
661256
760137
894948
938279
999778
116356
651063
423860
937898
270529
923768
448141
694890
900363
344224
149229
393835
129914
614881
484826
367840
590496
679751
380870
484606
296993
970897
891719
310310
304888
766371
193257
256561
961252
595759
177795
25637
590780
902831
598930
416372
169960
196324
539454
70545
99088
895628
503698
22343
919922
457441
366127
544397
873214
80414
437798
813700
482052
729182
810166
605132
669138
380090
503067
6724
45219
669324
979091
770080
214802
148523
514957
368335
316400
29733
431752
153775
559662
813960
40423
915028
627062
132396
938971
702020
350654
91037
183619
852511
645489
12767
437702
239776
461426
394454
328725
335531
526895
291301
405869
849426
361305
504375
639484
485625
741814
723663
424595
261993
743203
678497
614821
272894
90271
12988
963536
967638
937167
109607
843687
603270
550467
44653
867582
769450
919091
774582
347451
85349
253751
250661
730828
439444
649072
451499
351324
923399
192145
155886
954278
545794
600371
70539
73675
194142
480478
155346
112824
154177
285616
533389
913068
555848
802828
178428
931068
98013
229407
393286
727455
516485
672951
110182
582196
530065
961114
133854
29358
563468
193444
133700
214935
543738
459490
451851
400628
565330
122041
888731
178133
753798
625783
632893
931559
298652
71875
557043
183411
641629
133864
774
34545
293914
21541
453956
724035
272396
596493
81774
218547
114972
672803
102142
522635
829260
214086
202651
106672
544591
456113
46795
750708
805484
677451
661890
51514
308973
742520
749494
232549
814833
50268
330862
375334
50865
233053
339966
876091
586798
449196
562433
402359
386140
410809
30733
632221
637943
753822
205670
464679
188986
735816
753093
577550
548706
758221
94574
478997
321444
325181
865452
255808
136134
806520
288063
975305
785127
809766
977353
13117
439423
611019
609526
863285
346721
381007
126652
358751
221101
638424
509863
754961
758795
704024
906336
531969
104490
195793
754503
228383
767322
572964
109808
587401
505486
884332
4889
517193
485301
948368
978685
73502
563041
156261
649692
851923
316006
486333
425190
62757
646275
531193
813562
832647
496781
82777
229165
68197
605309
351129
218401
113295
244313
157228
354072
263542
375213
989633
879071
875345
29727
246164
76666
361326
300268
266192
266896
316329
228315
494776
909992
681161
261995
703932
940881
361000
700173
559983
343115
604763
734387
115830
620579
798229
481477
31920
351731
83270
924424
63705
726156
869248
487570
943042
797107
288821
356765
263786
544249
277498
771309
52083
57225
831602
280814
759274
586455
524170
665273
902057
196187
94565
131923
128219
266896
694608
175026
881909
225032
210404
866184
523962
354654
878519
699175
87391
985883
553284
110809
377419
121559
106888
272626
369860
430153
967262
239207
407850
402804
655530
458417
249731
212353
87391
550976
909739
903457
800252
417526
987959
342850
277071
135908
749868
492007
370670
450423
708522
968335
484002
27625
717911
585963
846112
668526
24455
74837
744265
215025
789085
635477
800267
376523
478179
457361
221051
225031
762762
548473
613847
816724
210882
59881
181331
491497
690723
883268
210814
584595
267882
844101
330111
881426
562855
979005
854527
654146
237924
530280
48329
16537
242172
663533
92437
659072
957027
219867
218099
434986
557294
482054
163683
793279
147832
869492
540336
749001
896847
483274
204804
918436
950165
176695
365060
417578
666059
670360
427902
154643
495528
231207
201542
30742
365259
877447
718085
62894
357983
955717
39887
183861
176149
60812
736037
690525
257987
836525
919957
913136
428302
865566
500379
154368
46357
611558
463042
254512
394951
473775
883561
618254
810470
874599
801492
776716
79565
549595
730182
38894
730876
568367
436192
400452
872183
296083
567315
568077
295972
572817
133264
99432
547281
117177
442801
432166
806200
949930
120692
897526
228545
909120
687209
595073
989493
231634
472291
321183
821249
745681
873557
8346
31747
214874
208068
744529
923403
706531
330205
44277
64311
76015
620969
174739
134898
964756
454324
517120
733981
993844
583396
111297
971574
812922
509468
520646
430308
533033
671295
145173
466099
20638
215721
124293
238817
908607
920746
87620
141682
865635
189592
786075
99360
248282
487177
183590
741759
864631
274436
347959
237036
732470
518078
890241
123682
730242
18921
77007
143949
907459
172711
320691
29641
809274
14446
246738
289557
953818
122754
204606
616419
986760
245197
564627
704004
633520
249076
534703
687795
397230
348598
969548
766106
146062
681588
419241
153217
943919
652743
390995
545428
190924
337166
98663
374673
511973
114788
436685
151956
849744
951986
418438
902034
669970
551589
916294
462879
52673
5681
464807
963550
17479
145285
994634
721641
45907
289262
626352
702686
131309
913507
304839
624492
96450
369275
262452
683269
664838
474444
867620
86319
885422
407096
691997
770540
703282
997329
84612
595756
134592
91622
143432
89642
391793
80466
132384
655543
500255
822005
413959
607924
173891
115006
363716
60355
9508
863822
914726
482208
663118
156350
6441
485034
789050
465841
75010
277347
552957
87084
409832
795226
8731
900485
952406
808711
988074
421055
293302
725152
619053
34042
137130
384801
447690
204532
61070
191063
346708
758046
9623
390733
530646
583610
328427
661802
44605
957875
756372
160405
358554
172670
849377
388873
858833
102278
173575
793392
783807
163248
116044
720753
27758
965157
194804
450151
751949
267298
483432
985702
170899
855704
591492
418351
372202
817289
45933
637160
330273
814897
755898
458338
654090
627120
803560
744097
786424
12507
872271
824558
912237
411780
21234
524406
824130
742730
165001
150159
416829
205131
975576
82539
1568
275870
168711
172968
767860
682478
456836
187625
956887
241453
408837
477920
210927
103845
620764
910588
69726
78174
119770
111260
975419
124878
225326
893504
27732
41618
310045
769481
942028
987566
83984
129977
73215
740457
332738
602816
755210
645642
440886
615225
185243
125749
354824
881141
449034
451730
217195
202604
51873
967238
780024
610179
449400
392222
559195
724161
682549
484395
351544
600801
250710
304444
499236
812688
229677
794159
950114
367888
50034
936018
967176
922663
463579
564776
26651
625900
439631
783227
892413
270972
514128
676289
784789
439494
548155
297700
531543
509312
349347
128709
369048
914826
738091
989570
101235
265230
838444
463822
465382
626137
244822
752976
825870
405654
326789
881981
394942
983145
260055
476438
147988
51603
255094
58732
245686
350209
430320
884536
237279
563313
879177
239776
990695
10246
893519
518703
845340
50435
221379
182431
783693
610728
661422
506774
823935
914445
698102
935728
984679
364833
103244
599275
810827
917347
963016
54543
942752
726091
692801
930381
98376
737100
943783
671483
854417
525454
950358
11712
21908
916235
654674
903077
930881
906482
236946
617102
1945
281878
751846
512056
114183
62302
351686
32781
750719
390459
72942
60471
633529
492349
745702
720798
486547
397946
355319
834626
442343
798553
513175
138615
51694
307753
106210
742329
363794
970449
170699
958395
479137
850915
938386
664986
824726
72301
418494
806470
944358
612358
412581
367539
120966
579616
585204
744158
757431
472697
612655
606873
563460
928912
922902
61192
209373
538690
567558
84561
925559
865990
79298
625457
833457
796133
71337
946472
91031
420392
893591
484123
242502
587979
890635
910921
713795
262926
740515
869745
332518
496466
938686
445910
334008
974501
22237
396160
963944
779691
631198
418547
433583
774500
555088
59857
293144
792567
419946
375089
680016
67351
860831
276815
35171
427257
626937
235575
85601
16470
275330
903885
515711
59172
139161
71478
40107
938762
101379
428860
30709
319814
884578
582677
59333
566587
919697
950387
861146
351902
184784
120025
503958
571727
922005
147544
39719
115293
604038
761271
849257
516958
942701
339895
216109
239425
694231
941840
469869
603089
637201
711739
80339
721231
846178
329313
713781
512339
921049
246567
401650
127802
465156
94972
957580
595827
270909
434917
222506
777563
878160
499587
132848
659794
408407
850486
737115
583396
377413
860841
683908
576199
135277
782246
922876
780537
418804
182586
899880
545445
797552
683347
551399
728356
309482
422175
183597
153128
775363
108565
795943
339755
339788
505204
474864
803210
653541
786798
604772
464206
864955
824697
66220
503668
960538
902782
958008
419624
750237
697094
271837
448069
919735
884806
460417
433667
192526
372606
144335
503906
574757
262269
759433
25971
908483
166654
106335
269583
843771
417762
479253
583905
138053
561686
671271
645755
602269
255378
465418
585187
584595
55584
701032
340479
937286
792086
342004
469765
589301
195923
268046
246783
659444
432571
270166
363424
61750
515866
967749
320050
123385
370516
578978
112634
970108
389664
301462
30086
107661
897719
906466
923039
192624
971831
941744
864846
448791
335287
308180
787969
957962
858409
258091
730861
135335
830846
771750
572622
565507
697674
627145
366434
795044
721779
723308
216820
427575
380151
403970
829222
228023
723849
867802
368013
242780
316192
391275
83398
677844
852386
996002
383040
554328
345397
666254
905487
573642
598466
749595
358508
601539
692399
776967
104320
111279
518850
838878
802608
371980
525274
604100
771405
61800
991347
589468
707337
198798
539203
243259
249443
942806
219537
690586
189689
478548
432563
104786
166924
77453
628735
102238
60865
162633
388610
307989
106714
446921
158532
977293
284830
499386
569087
707709
504088
85966
824726
184573
120601
866626
280296
365070
468199
79449
51084
340119
259617
400779
877550
31531
731716
698869
162851
436957
342327
902634
556779
195708
27860
958938
29015
457475
299391
963878
804008
323780
152444
316331
742305
596819
420044
456423
88889
595338
375902
241282
854691
224184
231625
866604
423256
806177
521373
596144
338460
673432
613782
277933
421006
316237
15863
271067
267548
688970
920258
353162
935359
150189
124264
762850
56431
758170
83591
581455
193780
100124
90166
105643
841278
492001
720109
597914
568535
222104
635986
939932
24817
756475
3823
335048
461268
852720
423765
629224
305768
606538
312715
651328
667834
703910
347570
460428
580292
221426
978574
296917
365852
806572
42646
558601
724114
622005
80366
145655
201624
837331
243813
909824
133207
627840
764682
369770
63698
265241
795000
497539
553555
169577
6493
338165
589552
594459
227596
79237
156511
288146
181271
351748
78423
904260
542232
887013
824467
235435
573107
433943
871621
146200
918591
802652
223641
976575
201998
136307
733672
538303
944666
38891
502296
871824
825458
771917
874859
235511
829606
553084
308591
557727
831856
673859
304813
879698
545281
92815
980113
402259
91684
224894
875928
536467
571656
285484
271207
524973
905974
354901
225710
645017
196076
42831
277393
380569
343953
69302
935624
373114
789467
958084
146985
503242
283246
711952
103214
875567
402016
278721
362864
430431
309444
700103
287010
399774
551913
303929
613626
77269
176728
88342
603574
451285
705188
507859
511727
672058
922239
924938
600956
896106
536141
992421
456785
662978
357790
344066
456300
747143
572637
90643
804999
100474
625781
554399
979377
916880
937003
775903
704424
37811
758645
991795
472059
354664
588418
595026
417461
948768
452069
5967
984087
542289
935977
938787
474738
627203
699978
67726
892207
508702
243425
238451
304183
912386
516202
367257
283891
703604
298135
68972
929659
905896
65352
758571
32693
2256
152697
96238
821374
683438
114308
286224
764506
82876
215427
351997
438947
195762
613802
633457
912333
862419
88657
900321
107294
151372
971229
258985
975575
105587
958640
460820
194620
76015
468299
499745
289590
25969
40742
463367
269094
891265
234688
310393
455279
579437
60471
169056
894731
22052
1173
958
159027
847938
307018
738583
332572
375162
847997
240056
171101
989497
105083
106929
255044
356401
233444
437761
753502
124714
729324
321743
59816
79271
170854
135732
21287
351980
956067
103423
518872
802304
336301
524046
625362
738301
437046
925296
601276
157596
65707
119727
819038
833832
589432
587775
887727
685346
650014
742030
680534
376576
698806
995237
495261
713563
469898
776685
447430
652819
688842
547483
686584
3179
98118
269596
160513
509455
189794
432840
297342
475318
331513
194339
579462
22251
711869
405961
990695
201646
600153
964996
940914
854055
704320
776413
163222
199165
378725
95526
655582
749328
953789
114186
405067
580258
465037
516828
987009
469756
680343
411940
59625
108472
445933
523856
627843
148850
400457
673713
340092
193260
837784
558064
660156
409401
677884
966202
791743
200614
17598
705668
648918
190210
347762
171700
462807
527067
623638
633037
48656
773479
602119
92043
956358
924821
514551
39061
659702
626640
390265
625762
975695
303094
682617
39717
257923
143913
555944
833834
361863
192651
120204
457107
739736
232194
162851
201042
296811
798511
735303
69722
197156
129413
544639
502161
515509
222135
192151
959672
65662
583989
923777
601653
350633
598752
732138
485276
214743
475923
633267
527355
64274
971831
520344
325881
271836
953029
513773
520227
22233
822505
472592
732506
568756
190683
755432
962525
142562
131628
507681
937891
851218
617887
806508
187635
129248
78263
789823
655622
925263
503843
296738
446133
725158
996123
85412
877792
882256
519885
94793
981682
694153
286556
188721
112311
823328
904612
480950
546472
178084
655437
596425
961523
792387
832534
428314
275228
756086
782747
767792
730937
640756
511973
753455
641018
808151
653190
298592
745236
152419
533198
740509
893560
908973
48717
759914
497968
642071
32423
209067
256990
6597
595066
90185
490495
204286
768013
198207
215431
352437
240405
679652
582821
64016
681765
946846
985221
430186
586240
210027
584379
520558
321244
496845
637116
460848
44762
915461
413831
985837
565458
844874
364502
229740
661166
998470
402861
768899
438397
984352
32746
737426
821522
775715
328143
254019
81419
236228
235633
930163
884834
742389
973546
338398
729443
393345
974169
237694
123294
635228
582489
780009
813886
293217
984441
285985
681917
278926
966208
797950
853573
68986
523750
588982
130130
787684
836171
281608
280603
365707
690923
645759
46503
378732
545102
236182
800631
424590
394560
498732
250286
224606
34051
275935
45013
880273
279951
423204
2541
379811
806544
739468
837570
95916
835799
289049
340116
733273
589595
870560
788272
878601
892756
143576
144818
423318
793401
910312
781726
218338
548152
811892
70380
667641
884570
931530
595297
680026
141284
228288
653880
742595
860770
398821
319381
821002
267184
367251
78873
133852
569882
501183
227986
693342
793575
973219
543738
621833
129390
325818
809910
323553
376576
662844
290121
417561
971169
128806
683897
692718
676275
356970
337995
377142
304397
67676
677715
282038
38967
56107
509005
543007
84622
351994
579462
218842
669406
944669
539588
781802
295288
770248
859076
118130
365401
342316
399021
765655
519981
677269
271399
267109
980277
177749
582696
61618
663442
252832
968753
171159
189602
154272
633030
537960
476548
830824
699024
618235
732754
635468
460246
915776
957582
205568
909703
896057
377711
697333
268856
885262
128032
75745
22366
992985
229206
764682
171502
719230
168855
501829
754137
472372
910677
715450
301958
660861
789702
846486
326419
678196
675867
21149
257654
777576
672404
753827
396399
206921
779246
169970
577276
731345
471383
275086
886781
606544
82665
824382
850826
374597
298298
679135
258912
334343
873632
601352
143665
604031
356209
231272
168570
456122
127221
328801
505888
476920
500403
664580
290987
965590
743153
850360
5297
344462
405303
690169
788620
678280
626949
745552
137912
612443
157074
674470
785011
905752
43266
589907
2824
490586
608526
796224
485871
801220
106429
977000
512945
482048
631813
349604
192151
108221
740706
858445
6217
28040
795516
832167
905709
227306
66391
427489
800490
591557
49820
568974
801945
881871
293477
707742
282757
175902
864898
443654
293750
5120
184145
312026
906929
472808
175403
759319
655883
19462
429611
555902
794468
176338
901945
176341
830827
670285
238133
139431
217940
454028
528395
220459
464508
968191
610524
446259
98483
916246
502279
345396
652517
350563
120126
476357
312744
235260
337546
734339
312718
654673
470424
708945
51887
366939
554938
130359
329823
444328
523986
810958
479892
635468
473945
563113
708914
588604
316717
151206
457136
797950
371282
883592
606684
729999
84077
619933
770952
917212
861894
490485
853079
16335
938629
79080
322220
474436
845207
614790
105900
767565
235415
512974
563535
327633
3740
202644
608276
35562
802738
451351
605063
995323
620842
372783
834335
104636
475499
806092
924942
601343
737703
452878
908727
738790
144350
462957
713730
448093
746876
974921
123519
271531
910924
946668
847427
77038
912859
461434
801357
110967
344200
493376
345372
418375
874243
867624
866083
435921
539506
717075
601925
313041
336825
199587
868888
75520
909024
775029
907952
599943
164761
300719
408383
324012
64126
275823
189840
243699
419259
635418
158014
974689
791819
887216
208865
449300
333556
510255
526373
255622
733488
870289
72853
632264
812407
469580
15440
868722
954359
112567
777683
946789
21648
174935
212979
661381
680120
530475
440450
383085
475051
57468
74323
155024
604266
616772
201646
126571
40146
981586
677720
129138
282547
300577
891027
831401
228825
118723
695081
146200
780568
959759
41176
690171
282675
526428
582966
819848
751546
889592
660967
366877
840654
97816
646955
716375
12254
464915
542087
871106
185078
263158
967356
145781
367298
983536
977298
351652
617901
523697
103103
677777
913377
476659
67852
501155
13965
313944
737533
944635
38065
943547
585180
123676
623870
440201
833440
774349
969499
523871
625460
846033
770029
853613
542048
737665
776488
601539
539095
806622
59596
940900
604872
645834
614415
343482
887606
851310
436468
654348
353137
780272
340077
462102
966927
381958
514727
26161
602198
345990
196626
335547
627558
315757
538674
83807
63459
25647
461195
290108
239067
726793
998628
675698
177234
351756
46359
444209
266963
826108
448978
68017
294799
232900
272125
995775
786057
691818
221343
982886
727657
383040
576860
594886
742362
867622
573266
226029
765260
559273
260597
628199
904841
624782
290468
190655
241156
107661
690786
509143
557058
531753
727698
373989
952929
895351
706439
967753
289037
59007
406867
439641
377317
788101
816956
573215
18467
208020
262793
630202
214051
449562
140990
13969
262620
667286
580534
874431
655213
99259
989414
29563
336312
300990
920676
281655
229827
295667
642531
427931
449735
706843
742520
387033
556635
374559
242446
339347
878515
781224
538292
571811
771385
630315
774187
605692
509444
917602
325530
537950
383174
492948
645896
782094
3506
414566
319290
544414
750060
709416
765515
936143
705996
11424
313449
603475
682572
951239
183713
774562
420843
527456
423047
889752
649194
179383
422877
365507
506798
587428
188544
808080
936351
17879
557210
316598
124663
211677
304187
321294
333524
762353
750237
205911
485309
759905
564404
295690
175804
448023
222856
173711
724161
299122
111690
272660
670556
718885
627416
860779
4298
950043
646388
388654
396785
79449
771052
107598
781895
42642
332037
944306
48219
479665
843318
354481
277835
69853
923429
603783
988595
784151
400530
855934
479888
982641
962416
814354
971338
981208
929469
166960
341440
156526
560105
724363
187180
728821
82593
534936
998609
93571
596659
884160
207871
33643
7918
353963
902616
905073
252795
853960
101153
54769
127586
914282
466411
711869
87123
841267
93965
717795
14761
313414
256684
275759
663189
551257
425268
377044
188411
694168
745171
14552
412482
324210
165064
505276
444684
808842
323520
283787
326303
95217
256374
782978
