173248
741062
972832
368983
556506
639934
346885
573730
832203
240596
758294
246295
894807
695056
48801
1302
923910
832775
629379
5405
259088
138566
712417
740255
472162
826387
193926
322793
936380
50518
785004
164512
61486
623804
942112
177051
118842
309079
939712
60507
114663
374936
385120
378833
544023
94627
939815
258056
754978
742638
834970
957878
899737
134478
338915
799927
867752
827611
235067
814006
254426
484356
777228
545967
125150
571117
861622
736506
745670
461549
39463
373422
324781
914751
832034
559801
674165
709068
663271
162512
128950
490132
57954
573300
473673
77073
897683
942685
810798
297089
889356
876362
341033
687858
842289
508669
25422
474352
915701
541459
904990
648566
316295
904967
361679
319796
956535
518350
113155
408975
418332
617992
445758
641677
956314
994916
328072
914069
258500
515222
31131
303250
181264
167188
455150
912877
729204
288450
821831
273095
539870
816598
815600
728479
140182
123462
961858
152972
195973
510147
115440
533525
536718
14719
675048
448195
160511
654197
489128
430613
724345
626606
280731
876858
378145
494746
935767
303587
238050
591277
419804
369096
760516
432250
347075
106379
103182
715861
248433
157786
285009
826577
664766
172989
954678
76469
743543
689726
433200
26826
544992
574539
124684
937337
567846
598420
986175
764435
807053
424238
231748
878054
775357
340318
418276
170640
34835
565710
824306
877412
836690
145141
369189
134630
159540
64214
475977
253230
300748
17855
56749
347006
66103
123183
361764
31051
571776
204158
617986
133621
141107
400280
225132
609401
105360
620987
787016
232788
438851
897487
846664
23635
980392
695371
818009
92143
26273
642286
895440
510675
1111
966421
460719
507334
794753
757507
601644
808653
58786
25766
745103
40459
629137
301838
440590
530625
258998
492935
920284
554282
813519
120882
317535
710602
394108
60006
621471
295783
418461
398354
330830
520088
147249
692951
686817
480366
767491
317440
63289
402239
184726
37405
780763
875497
182050
603061
195469
78146
882105
467738
603589
761364
236668
768895
592641
336554
759763
575554
942530
319857
338544
535308
979072
295241
990282
615491
184598
846824
221434
655194
360816
764735
153848
246335
895817
310776
210220
449038
630313
133791
877263
703823
594379
190124
898773
943351
463147
257439
554198
906130
955615
24721
852387
54322
367338
36081
762121
944097
49353
984870
932906
455448
702701
302550
452224
418601
890826
55692
611622
98361
268107
628640
339355
978175
52371
611633
282140
984177
819778
324961
458582
365559
871492
268620
3629
756691
195047
506534
722174
777363
236430
375930
832947
977323
188396
400974
621681
178568
974850
266926
279535
739384
72584
361237
927739
775776
615084
124885
432472
117105
676611
475741
172810
951940
966261
273374
407191
345029
561338
732579
69682
578284
710600
263036
222337
882289
919218
604666
584236
842261
481842
374017
881545
524641
202259
455246
638836
699234
379853
762479
141400
727951
195780
614324
581232
480679
414018
892445
772581
824671
117801
732023
956326
286438
48275
767910
475878
632082
416251
284873
474031
239474
240476
405195
500604
887372
893458
366870
399769
838376
668775
501650
246500
318535
785223
102500
108125
169883
291586
138359
867852
611779
772614
273598
384710
351688
327802
937013
110025
970112
891182
510464
458766
453569
794758
255720
30563
825559
518266
311864
608205
333823
404203
210516
963060
617429
575620
23361
411937
174980
548156
617337
712730
112060
322488
551212
314247
527704
9058
115876
199038
502913
718063
848481
881662
18824
269487
412731
760938
80344
327027
349108
208969
470872
355112
106607
138311
404193
285403
983372
267019
716186
189041
125984
626537
976477
472318
699090
318758
10746
773451
57498
797637
112884
684735
163784
853505
953123
965639
168198
500137
150017
602409
94321
399834
14310
330152
319205
523051
599663
286051
10271
733164
648548
592174
470868
967278
194614
500013
176114
834214
336705
453298
232351
684514
124759
962584
754598
126689
421945
723108
502028
109643
390890
129069
631647
467775
103718
41416
844958
80220
480063
327922
609376
716532
280198
461339
357972
389603
786900
100311
584594
855904
902859
544849
670695
992541
471215
777643
51571
239487
604628
670073
465549
715142
8860
725295
128069
327572
591266
580069
929231
935950
821315
984996
645115
837524
896134
514446
242846
527509
924804
739189
105668
496960
497923
761422
732646
995256
962571
261794
300842
793972
285403
904992
664335
990164
417343
211753
101948
671199
187258
111873
539672
857703
493263
617878
945809
65942
422499
241333
949909
391024
814648
829112
170150
379564
425545
978437
534223
856347
187522
248791
450414
192948
992853
242488
524957
648940
857098
714488
414649
603791
697590
402192
669559
529687
684920
380088
619113
372251
369185
442022
581207
538751
602394
400837
697649
966782
77645
548039
986396
218772
394212
852209
122255
228851
186243
711876
63530
662404
166281
215995
541741
344819
562068
567417
191354
225591
945901
973032
153899
473438
353042
846107
436188
487834
319065
286398
764862
655144
954999
697127
253154
339
587749
115629
59894
322659
15475
286809
214644
277224
909628
399664
452868
150923
128566
684851
897726
500354
474045
165923
904249
317973
992154
501926
551128
137150
828658
506669
520538
658429
591748
575204
198684
413052
25217
799296
994224
586349
43139
925506
657551
438945
971997
860674
681578
149298
836136
76462
210683
204943
896139
719646
283846
681395
108777
841614
117987
531744
695315
191598
745808
315090
428593
56762
147807
994030
903759
43937
312610
369713
996006
84598
505453
169763
495089
888038
557059
577104
892146
390813
743957
41176
194355
48891
276704
248007
73606
854136
268263
803124
324036
729646
349319
719183
367981
666303
892264
163434
540683
822783
902014
54228
965578
34997
426946
485740
998604
290758
890161
647340
313714
363969
690472
857705
260011
424768
700653
236018
353294
902937
696278
975404
214400
309711
473932
948234
166728
710668
516243
52816
519751
823235
25827
880065
201115
337815
88256
3252
588855
41292
368480
520133
628457
953870
673083
778743
189653
518386
350433
127964
538664
791995
225816
157162
723640
831267
584584
802237
685596
225922
688466
891410
128632
9559
247329
56227
275134
848499
101866
414791
797637
620560
59531
647197
37877
190500
879517
855855
638020
756224
942700
800203
691477
188794
398958
240143
305482
64890
667477
478888
212598
202502
506247
572855
315967
655095
818306
359548
136703
823299
300791
4431
575596
929042
432756
635649
193739
487475
891133
28690
832834
278620
116413
640311
938163
873786
305359
542838
778048
69934
234832
32747
814291
762827
910953
753138
371908
104000
100165
676150
989321
153685
368451
256631
636955
3542
722108
405658
616500
384089
351660
378652
188348
584548
988848
459696
66816
597964
165718
875472
646913
180309
337146
826568
498683
635562
488698
281680
179165
408976
2489
240829
98768
466164
393317
608006
314626
108114
849602
259826
563074
831874
883821
12927
592121
615711
410838
569070
192718
761643
49039
28151
879442
273976
960602
530919
244803
682551
996346
606669
853151
430977
645895
871598
971997
632512
908203
223925
84340
989174
719891
214356
556166
725501
531730
975850
829094
167803
143910
912048
909493
572964
698083
737163
864114
938254
242620
346732
26260
107893
2317
94083
735996
92003
853859
278409
189569
656528
782970
42500
161511
58341
562303
263541
782737
226792
883245
191514
565435
470571
749859
439473
851984
442467
99057
521264
775003
978404
201075
951941
40462
199529
610131
515746
36886
683963
679500
872123
195531
114598
683182
243863
287282
904791
132120
860497
897638
888425
604945
970473
667427
769681
3270
421551
710793
789841
718893
492009
485147
189627
924662
276961
629845
559830
932006
994030
567429
619799
566327
183192
627579
803521
609711
830528
225713
588971
855633
782333
580523
386870
533031
393719
402907
472146
722160
401281
402903
957175
440978
523515
568100
836526
23960
738898
796575
137468
244045
736043
97067
555258
499356
449002
777020
457263
607471
690484
805800
965024
16483
520363
382972
719489
668514
301887
117080
38783
802597
635552
681652
480075
630273
273757
660954
753236
754857
324358
58552
410918
171874
250721
833072
23078
571047
636125
371338
751477
918726
308775
86838
970965
276944
366162
684465
64919
176677
80950
73762
729954
856018
384618
283817
134417
269886
87495
397923
763523
268031
759361
765076
540979
292845
75694
67097
604890
49586
492292
324522
378214
269809
496076
804688
10381
57716
453945
838838
527091
848146
434738
449000
147845
952667
182648
94047
635231
219130
67768
888238
795079
770438
892186
644924
416262
168773
277552
328293
972492
3755
778550
510258
53217
861767
989573
543004
40893
411985
788626
766469
598379
589292
689361
181399
411084
613047
337751
809640
46815
217086
868305
43371
135681
778913
361452
421235
216772
1457
947197
17141
715897
49920
614872
187663
911933
306842
747066
890713
398352
104848
683925
429384
232476
937175
417999
712026
66490
393901
775787
742961
687991
248763
897441
498596
666850
138484
32752
539976
549078
604655
649818
23354
186320
480277
893829
591142
615381
409522
213150
705822
498891
862259
173064
796370
206767
693695
159709
563604
931060
220030
329644
455796
801585
501060
87183
276977
604015
483800
192950
172989
563606
863056
542627
116942
717872
873071
444600
588423
383896
525613
159697
376506
740370
968308
380656
526201
548609
300176
613416
696278
749233
196591
437303
255812
57138
337270
554458
385761
366052
261939
661921
658566
987605
536803
859012
236165
380489
415968
846274
529539
995907
618834
189687
261936
879078
788973
866296
213942
528155
703018
904030
727450
385864
820715
731051
911607
338207
314776
743190
53488
294173
524145
414268
138692
344464
523560
958261
918991
52392
711845
583037
589978
298309
469197
384570
868535
797455
527896
488495
599017
103990
1264
673001
464853
874747
384481
219639
982593
961972
946338
539914
571194
566099
437227
585406
800833
655061
847460
784270
326042
396330
614756
847946
545289
479700
476293
144263
109077
322659
582626
19500
337961
719373
147487
239328
304742
700544
678334
348387
736205
540003
765839
10988
942859
915910
302039
153950
185246
473765
966651
505764
300068
184822
853117
940634
270030
443705
520006
784501
874983
393764
187391
110451
318115
443707
395614
613432
621427
271595
5436
931522
63576
208819
475141
32586
423826
893700
64623
401638
33437
374637
248281
180085
710525
119632
23387
677715
214850
672377
933290
595916
754936
853555
696283
178171
192056
247894
170008
649595
830069
397373
797371
550507
689020
748172
471278
105985
108589
239570
701797
407779
19076
206155
645239
297883
888896
943182
5224
784466
17746
10963
651238
786831
837855
616919
448664
912778
346438
746410
325346
204632
7119
798044
354587
92817
49236
346074
479206
397992
157252
158005
898676
931715
470393
995934
35589
898685
521977
906458
32139
229613
166704
524944
662670
932619
750361
334896
48866
102965
233978
497008
129952
257510
941270
887552
481234
145603
710602
694712
928330
509964
197551
835545
345197
391164
380804
100713
723197
587896
285896
450830
206429
628926
239502
128851
972056
248097
860978
909598
746820
436179
703898
249227
62332
682420
875094
891358
867518
58978
158995
525301
77417
901956
678761
81149
936176
340297
885869
517994
322725
870568
487221
911125
624395
2257
988943
822831
559465
767831
703731
124396
168336
949900
59400
210985
109727
786895
772157
570038
394828
684081
208243
491650
137560
626754
750147
599040
82917
310281
988302
406611
324934
363868
491990
379935
525613
217927
357377
680511
186540
734892
207663
712148
776107
739497
950102
577942
549523
908090
835116
418682
974665
281305
889532
364408
967110
158234
206117
62135
740056
568295
184172
162466
433361
288
59003
506962
571819
998720
321554
369148
870814
202862
285428
264932
959064
141009
616974
866053
876891
752724
277415
298889
559310
793300
830130
245355
369209
163710
25333
612002
552644
306152
61468
931839
713920
403375
285331
885111
442705
675381
480410
494559
130173
716626
102306
551336
249616
248791
670540
25250
310794
925906
170729
901305
12941
558659
261809
491443
668502
826239
950139
342987
590011
590953
956135
402390
333639
963188
621393
468137
785865
949647
87734
520799
341744
361743
813714
834638
968005
185337
756090
104411
921216
435197
622326
815470
533834
798977
645674
782490
72370
361731
979515
50023
448342
769072
872473
863065
690499
151048
990282
105447
944520
441900
443223
363067
60813
121290
332578
303850
820706
970833
273325
479911
638135
11609
631345
11623
237613
202948
657817
418130
144768
775452
418936
814231
191244
658190
904564
491020
132752
885628
709953
777450
479238
931861
327158
107761
249103
260727
512240
164200
882656
369148
218839
629845
83679
974795
676992
451168
617031
475299
192569
193139
645561
387583
185860
397590
701557
413185
132132
957291
84579
78214
290079
893720
593834
482027
161915
686049
811179
354142
83675
631145
735910
37813
556894
531258
897643
248623
404118
580444
61833
21084
906257
549387
632462
802086
948437
579360
314001
809744
810798
271247
534866
463969
80719
210326
82418
569738
50929
391636
948510
405843
178729
145215
487670
33246
48003
975404
982222
339603
902802
556939
426387
289932
536495
569491
950361
61102
937392
613376
255767
150439
329485
558629
818027
313312
741386
870010
254180
489408
786237
542239
102040
441737
736744
613020
132129
431984
182856
532129
195970
581366
668884
951304
743711
639714
55979
477710
353643
587870
592400
803541
599867
999232
47124
483595
86756
341101
477527
234436
195315
130807
754837
36014
188775
524495
318769
154994
557470
4703
45450
950576
589711
162360
756203
947285
852276
995880
37585
834607
200696
463528
455248
103897
428903
592597
341932
809391
846950
540412
45102
203116
672349
462427
762701
135971
830444
832838
782721
991531
588333
710588
231086
758856
220574
900492
654863
496140
632372
32385
625911
635494
583266
440688
157239
408058
239847
880454
880553
95361
938348
137043
622791
250916
460841
930302
33295
344276
118662
158159
638995
532420
550484
754832
631708
997882
754978
872804
327557
861972
185089
385186
340047
546757
645300
379516
528257
610588
992574
108671
231488
670735
889404
713776
316212
593310
258337
695529
351035
801832
628224
946433
179212
49541
295298
101181
854879
319389
890066
296195
526200
512240
426863
380739
388518
962366
830862
134141
533783
226525
869043
103501
423215
888523
601696
28919
677430
88926
549948
478748
459389
112800
515508
886787
156384
779262
812887
224819
913940
585480
578743
90955
961906
498270
772253
167079
14021
176977
735694
944735
383890
726068
250024
906976
729579
70556
393504
935674
271593
731717
289037
294503
238151
435849
584796
13015
517101
265643
21587
793218
354723
273325
672120
135730
757887
773399
397654
737086
214584
758997
332282
88647
162290
543240
829912
359153
374887
585943
228840
515083
804679
652360
576474
805130
459769
431021
604176
548126
266332
39413
265188
773380
126865
120862
603468
525449
598323
470250
249296
227996
174100
488894
58120
867954
566003
145300
94218
519371
860539
479548
194692
909375
754898
908541
402344
838008
426183
652181
425424
751472
236923
909764
765123
637834
323136
538380
522964
976956
400155
629385
826314
427536
44973
260222
144404
234917
421724
724925
369096
464776
691020
350492
116694
83457
867954
61306
202562
733580
526877
530165
357947
756441
537412
313181
612260
876711
470571
495626
412225
727889
944851
479168
969809
702881
393157
993114
941514
393611
598767
301303
230869
460841
741363
804096
66424
150678
470383
581081
719197
9528
97345
873037
545989
478187
468290
107042
213255
432605
960145
103514
646288
841706
303993
961300
406271
582777
827841
622901
391070
141394
944983
371048
436577
7163
372422
647038
933139
637013
437041
859002
210207
191854
57954
774349
279555
964076
814493
76905
107096
919577
509433
498594
339909
793010
454278
104789
454778
399799
516112
685415
826052
428488
976134
511146
395962
630483
701109
315419
13792
614540
773739
710185
900958
192472
166725
28649
509158
898786
167875
517060
309262
479449
660635
664656
803021
583122
897928
128921
508128
909139
458041
286726
299720
150473
797300
20002
641322
942991
7194
848697
57174
266353
947909
315613
193678
696305
811076
568922
913206
653522
484055
284153
205725
237227
395535
683546
571349
895598
831786
236992
682285
101915
802215
821163
763193
806493
610621
199068
661356
524251
175097
408302
467385
2917
786086
702566
449000
934021
20932
493607
786054
450917
862827
898047
941445
860408
713999
376752
158234
463345
899822
109995
157448
808833
561535
543866
913496
929947
832075
18148
107730
15884
779292
454081
141430
958276
846323
966049
513914
564399
555391
416123
700475
541408
863000
193739
734457
349962
401701
678095
108128
923849
86356
829448
301531
496714
341593
260885
679465
904791
613063
535375
297933
890108
496158
187073
648266
985821
785442
415478
954882
63981
731157
718921
684514
755960
855512
847299
523487
772481
754199
136349
298675
457271
480846
836537
242389
219670
911831
956281
883053
766705
112757
761600
875557
241286
162840
681583
734591
627548
322668
448830
725025
210755
624218
590075
357531
83598
489722
491167
354587
121195
571050
697490
85921
871259
241799
725929
462427
888627
14166
625772
402090
120497
869052
380567
78326
42983
462146
827347
509651
10219
692145
763047
732616
855490
921347
767689
4979
735269
83335
945124
930573
833419
341557
272117
770947
213200
13536
835932
514810
193950
37679
197783
814493
381490
522188
820715
465176
905583
173933
124759
579681
531780
253168
887632
177777
527802
179421
111257
225620
460042
112020
441653
167581
30508
78488
496237
815472
181083
725542
76469
751816
416885
598174
674992
242848
923328
653553
320241
210831
929620
464286
849633
21456
42135
286043
837061
466287
144460
332878
205377
129574
226004
866428
795719
685175
682171
626822
180235
756491
306143
698839
524989
260661
903506
906664
763980
465541
853783
785557
628654
638212
656882
299079
789722
850829
578514
303264
205726
884111
874528
80035
790326
958284
43117
858777
115781
652424
445388
102353
561156
666218
820159
162015
628020
20155
823297
692792
364978
434433
998888
604069
703729
542111
181708
366742
43324
688013
378677
596327
945906
399115
4793
862664
203272
458143
413932
269339
471852
988557
304071
731118
359525
315113
271825
877362
109700
448456
515263
529903
977098
377426
836072
965801
888807
70780
824062
225050
247276
368573
154925
990049
787907
532292
419476
199691
15160
577748
151442
462756
158489
545840
118858
755321
873812
392997
32971
459875
851199
979692
111257
529655
418605
370809
863889
735894
736518
660379
983599
735574
182264
828978
361478
707695
415011
91146
1948
569815
974415
63784
139347
296899
597541
166167
795555
724284
672816
136531
940367
112884
282263
180692
64368
596135
5340
152621
269828
787806
534866
163493
411750
238590
285342
312269
379407
960518
406792
690453
686910
154261
786442
766578
395599
404185
46217
467039
488203
313898
890137
895930
432424
129762
484747
210397
483130
617221
349594
41724
19431
530130
819384
713095
406145
642396
889565
364888
972633
576584
264832
157732
591354
659298
730117
95192
913235
779640
740058
431679
913262
452666
738333
374149
873755
680869
91402
29381
184675
657903
374912
121424
356239
607712
86266
822378
698322
112483
724702
598222
829309
968468
802157
313323
32942
504768
362302
945460
26140
338012
833909
853859
125114
590193
737531
943013
785223
386214
60957
499877
237244
495924
546440
522972
325133
512965
137294
307491
887659
380627
599553
492772
834295
669358
41671
393153
769502
236596
76484
870009
554531
918905
105442
316078
252227
618119
79410
706771
953861
329974
646952
662751
169466
129282
840277
4723
791275
975170
15121
72402
441596
10537
965051
590294
937020
62409
835846
456931
258107
136815
500354
987101
239390
923979
636111
539326
807810
699843
967880
185292
780371
421976
652229
70353
71518
604118
218350
644235
777979
489150
558914
900405
845089
439253
857579
793764
383968
87817
712462
717057
380292
638446
800050
900901
639243
303740
815338
624442
540138
319242
23636
845313
502201
5040
828973
445658
353901
923468
489200
267410
655509
313555
204908
509683
400322
597735
138048
223950
285259
112437
21689
795555
175897
820674
43840
610182
933121
882473
242437
210420
620677
634455
254132
14030
911888
883540
457134
446634
944410
300499
245678
274556
995991
536667
766906
689144
383088
364108
803542
985184
59316
293153
568190
449999
399636
267988
504424
970310
185026
77968
328285
374653
805127
976635
120852
119533
876745
480495
336168
779794
942860
249300
957364
845949
555355
222916
883527
561573
532375
238290
443306
808180
666481
361317
385997
931232
918305
675407
676044
772779
573594
514551
453954
734793
472366
452126
452846
540300
647485
422162
641366
494628
416978
208051
268932
414509
34458
913453
5402
998930
816776
221902
635644
625178
233805
806096
341358
516566
571754
627104
266682
633353
457227
164145
980134
975945
687261
300311
900082
27148
927521
187111
486326
357524
626722
326931
993978
385176
458859
393286
756441
387560
415785
519371
765034
992020
29789
655457
383968
81341
10159
357380
56749
411547
551053
850484
930261
732087
586916
52082
620849
403889
693275
560465
581457
561790
194304
914750
528876
994611
151507
23025
524949
404764
5878
154080
918755
359502
943079
640498
986806
845901
757063
954720
280778
169452
332878
753965
686961
218949
850876
63605
618900
807067
616569
720107
713313
316754
860393
731042
941815
274627
157768
876132
972616
826354
710087
833869
666630
711918
999811
292959
778068
802592
767151
23025
67634
464919
664412
891612
978215
195955
805072
832232
62434
841307
394158
125360
178311
398481
454651
232975
918577
823270
396792
242444
252554
999947
102700
785755
778019
437240
805155
828159
880657
525294
765656
180068
588140
819660
550061
161813
636993
371626
391048
397309
938866
500118
217154
180402
110626
344279
179575
838279
671234
185787
784940
810493
388220
10271
413832
987434
165913
425199
853982
175928
973594
814592
520848
972391
77054
858461
263353
967138
430038
782330
310544
217906
19068
361808
664901
522211
219154
848334
512674
584977
327486
211843
896133
491157
451105
377975
861392
329067
40377
130401
557666
327484
477993
176985
976543
895630
989386
758181
358815
334183
135200
992588
469562
29310
279502
206515
964117
71953
482232
337669
302002
674320
941976
244669
712262
190965
328329
613434
766822
669822
739241
380911
144268
19392
847909
334386
279543
126228
642414
323525
215622
358833
329381
957630
720458
848213
320977
334326
719489
743344
417138
872164
533969
13649
841835
858510
666352
220730
604011
5248
41272
620895
907231
224185
885450
985033
85158
108573
568373
858302
299673
149500
977164
985988
498797
100991
153012
267709
556505
257450
599950
193393
788562
482349
284937
68841
899271
107010
623257
416488
620734
233733
349257
570777
320395
458119
522296
593525
713073
486439
816748
229457
333856
351868
499283
450062
940397
331940
442695
309070
8544
872031
249296
259664
121249
231115
237826
797025
222563
42488
536080
440937
564555
100879
119919
17655
716360
936205
28131
993687
627700
796475
702634
456654
737883
383217
873243
438568
450106
432391
498107
522087
119727
481704
127383
247384
539665
911118
229107
230146
208441
888192
587104
121338
724014
561497
457667
479668
951869
786585
449862
214498
851645
232248
834464
207889
104552
180784
442515
710524
665447
392169
185552
195807
190665
201976
616157
150710
253168
915456
236115
892284
682082
673175
380198
392547
237749
552300
233988
353948
334730
714653
126521
827961
760876
565279
958432
957612
706896
513858
11897
763949
534668
450964
673079
533617
396745
370122
189690
698037
151425
441853
130828
61430
385826
181907
994057
308477
522595
935103
840940
74300
516485
554847
569400
450419
647456
194392
487974
309476
142043
513339
73180
196260
927573
962037
704295
672582
35221
449222
100262
114177
920424
53126
323009
393182
273913
240400
78855
356453
277599
252811
937180
888723
982603
742000
616729
641531
543866
543806
910908
106192
687882
574486
96608
398690
122857
16578
875803
784758
357899
206991
523902
450401
209864
216775
83978
961806
886537
571953
269020
227714
494081
565031
148676
868126
595264
75022
72995
261990
875000
759191
358439
618964
159911
687027
609398
238099
10550
942187
845213
862788
958379
925982
832717
37713
497472
679144
39096
74215
614534
188469
48635
992510
51504
495353
67408
610152
277605
569507
28020
975350
115506
2451
819266
710720
892276
780647
423328
754285
460640
271488
573953
382508
207722
754566
605111
439873
996198
998604
982063
187517
798845
24519
590671
637972
702955
725233
79610
630677
391259
266333
421936
805313
441231
62302
515040
592269
108010
591645
455436
996662
729769
549374
344415
195648
599407
831380
172960
677889
600461
399651
812715
863958
932308
195068
482333
105088
136638
907413
753563
384933
168764
17881
194686
773127
560718
678023
433826
304258
9680
961299
169753
334742
549953
368308
732131
451102
747911
293323
239474
497391
767014
785850
846966
948747
455269
236387
540702
945809
931767
903472
908282
486087
875132
958661
705965
187111
322412
674362
768588
29943
549889
661458
141533
61540
749554
720497
944210
100216
370564
276824
930860
899958
832735
673449
735129
661607
155641
980898
132120
386175
859024
175626
279771
31038
829056
988836
413249
706950
360743
722415
141376
755782
460749
751806
622556
542156
67604
505212
857220
36372
770742
214084
14530
253317
284135
617878
325905
167686
31933
10271
271295
900404
680523
402504
945539
789120
641660
420171
711476
108287
954458
314357
966953
591800
701883
16123
759467
118624
363294
229965
6254
431585
419845
678147
515039
258398
273991
898844
344415
858176
386269
439119
124962
159444
122911
438948
894139
399155
848941
705817
176649
797392
970477
560829
906137
90194
714317
421775
448980
335131
230950
336185
823221
342902
454238
329556
660365
700786
575245
283513
262367
737054
306625
42421
713923
243279
947141
574741
95684
506053
313619
488756
495820
608564
349723
329252
270254
643380
831273
46377
971159
436614
240234
985860
227996
768996
337227
997525
227549
733115
529670
315152
93297
651535
348997
608540
313962
315119
317458
391934
860687
578377
504126
939716
351614
790426
795050
374430
878585
121870
624305
777455
263842
442635
813477
446754
729122
234575
786012
414284
844048
754898
948219
424117
94876
128195
178915
705916
484619
506662
996622
874455
596259
283577
561062
382271
279249
435393
588520
545944
792653
402044
735625
592461
923502
789094
578929
590574
625070
821497
767153
910287
169474
674169
958790
767655
575414
802639
573360
846714
773634
977293
81097
241324
593762
634755
478871
439192
661911
189828
402738
56353
989248
631504
356483
807414
711273
119717
992037
685183
947323
272510
680756
870067
975359
