790873
124696
483003
674031
844848
331108
100795
263402
29973
614286
702141
626986
222025
714530
550385
45151
542648
739012
552591
313570
735033
204462
47338
952964
773904
231025
300433
477277
967665
235566
179022
467523
659292
338879
931801
881968
886147
258962
383597
504435
459194
883222
114164
605663
65642
224385
22736
202316
434502
897641
556807
908989
425647
356619
305716
993263
959041
12731
306004
352612
897296
844875
192495
224457
474341
317272
948274
860377
823438
402375
590211
715215
345920
571357
511140
435113
525699
989028
474049
108544
721757
408111
622550
482108
442708
751901
468484
813331
966246
891592
419940
743534
444553
524786
474959
126650
924789
8999
690067
124055
99951
540161
653777
538207
888250
444045
465634
382781
471564
671070
763728
330990
54809
1372
783040
778905
647071
991719
172079
471010
902165
770899
396093
221562
184594
134766
961190
990530
264309
293331
893182
31412
382726
653827
847834
485203
694639
858503
644958
705672
209036
15318
700776
170867
451319
3754
44644
450420
366509
571676
636632
776357
555242
868156
500957
478105
82790
590710
674928
774446
911782
823574
670277
34897
941558
240197
164742
334703
938120
714457
947769
217826
677972
205795
391566
285605
148603
139237
758970
320106
912489
4371
820616
996317
391240
9088
749407
553390
772951
85988
852421
248355
578110
964950
979466
441119
664072
472942
702521
156880
806090
248455
296749
149383
326306
214835
707223
753564
824988
461479
793450
101490
217005
520396
355324
606423
693389
153139
132608
936063
91125
641340
147425
582091
10144
217552
417751
914704
928902
198432
776443
391890
690887
952217
354532
510496
466667
227905
969039
989786
139185
503224
804670
140976
499106
393453
271238
414767
338459
363877
274477
57718
840953
535121
1719
951063
996021
2426
213764
798060
746694
265380
225343
219868
808650
226237
346377
666196
56547
163362
740931
26424
645172
853848
860258
171379
391119
424919
225861
850143
850327
940695
721058
387392
954728
285316
232446
177132
637890
165127
765508
429243
377471
618222
47899
342253
324925
781926
163512
499845
197114
71782
12069
27603
544842
624476
257927
272877
292589
275688
68527
383515
431530
849816
216021
709876
315065
601317
716109
101794
257298
317549
546109
422773
588775
85788
368974
84111
129871
459185
450971
732681
814073
243227
75277
749822
58714
627156
338185
92139
360676
340926
823015
743243
773400
960514
151510
373300
456041
189961
375032
193978
955240
452978
439703
851880
262689
332352
399565
300488
239377
643575
900235
42091
591190
149175
751888
477771
596267
174644
471657
867801
227410
400731
768164
59585
787968
52828
568232
634916
26604
969539
700907
397396
691927
779066
512433
133745
627681
485171
778052
203934
624406
505950
75436
771304
668986
600404
377100
361674
148957
87748
300492
640440
395070
854403
354078
704533
795965
671128
631443
343939
266374
736040
76525
712819
967612
536241
165492
5519
485729
735616
682471
518874
820069
878743
347448
963259
838926
742020
545879
596830
970875
555143
987470
360916
710496
955972
10018
415868
999170
2994
972948
340825
947048
94587
962422
832699
196852
306552
879961
43755
746501
86220
202224
288690
407821
922088
164663
179472
866908
896649
577828
170634
679873
370411
352679
286724
528831
738668
319649
130436
293572
832623
665361
692432
376949
49826
143381
801039
768494
834387
792100
27026
971052
693556
721211
710143
575797
44417
544440
980641
380362
83695
417328
109817
778063
706789
133302
707109
252782
135259
128992
699970
546345
732891
497882
625087
167730
269967
603823
723593
250866
49045
153035
651044
235327
835640
929068
37160
60965
822329
357190
400253
988586
963705
319298
32044
104400
406700
855606
841698
934699
98797
892998
797339
133610
840575
993953
624584
449835
697883
991325
867556
624635
154756
324393
722381
254253
441187
461661
181541
890739
86121
26277
576535
862691
42302
61591
867348
405586
834491
135056
360228
692447
448030
81935
942625
406057
610483
268022
735860
561853
303736
930159
955536
906931
501580
132245
986450
642356
411397
611393
478550
79456
529641
712834
883844
610071
582107
609002
561792
303304
298694
991430
572641
427805
956158
248386
783353
101333
644623
309256
597920
158732
276239
139832
111582
384670
491401
539584
172497
318985
601999
288424
893868
231918
447443
418969
272341
668717
299859
325896
745711
967689
356896
833415
174095
726708
440801
548858
679673
480453
952748
593610
545268
457103
954915
78528
998297
685637
825912
134567
235641
382898
125572
584766
477659
700994
209008
338474
429203
86751
220873
758377
374669
953310
847604
39788
406387
996050
80830
145813
115637
158945
891743
616878
394719
146798
788236
361567
815556
811389
627473
283950
481793
634513
807101
899072
977742
4410
690230
249750
903385
897880
867672
531710
971723
406423
543116
503490
108160
831150
625043
726845
528669
756623
109135
911020
405601
668045
376920
765935
902000
587959
269635
270717
987909
67295
764095
754427
122607
313815
295592
802640
480093
165626
335447
948256
219680
471535
509379
76824
255146
172531
887411
233801
340146
856389
767456
657748
609312
764420
398723
206144
594049
112595
644882
771479
401984
359767
384958
265844
8714
247566
290456
777953
254271
573466
849802
478660
681004
412754
833270
237869
15594
514340
723331
254153
530085
391139
554556
452740
256059
688195
963528
396053
583026
507215
483367
127637
592142
805082
936456
668537
4822
759796
694960
971455
848360
473454
832427
497931
635051
332717
620437
249260
606834
342164
313545
933844
509388
47728
969039
738489
769873
910666
915189
326767
78231
266302
548313
402053
276062
706660
99896
184061
57618
659381
852000
106041
735491
616078
910666
634537
872783
669001
223785
343178
450614
802309
620938
945642
813388
60664
282863
299753
952363
622216
974771
824345
132432
516432
446448
785941
717633
789149
13087
242608
855278
89716
877122
600462
207393
322207
49430
434479
820013
170438
710441
878293
776233
532557
712399
403339
715348
193999
645323
242760
870195
196902
460299
748370
21435
123930
614709
109865
740421
78880
584191
61256
924414
859618
879956
302771
547930
576839
107534
616990
944467
952397
843925
576956
580041
177651
964353
315721
415689
446368
927463
584812
338756
207836
521895
673701
118293
220537
102314
316385
150514
546224
555082
309604
897641
896920
468699
299455
770059
418055
916012
751495
6026
633227
562780
793344
930883
483744
182225
781349
721757
655917
492530
827792
765935
779086
810023
902100
682886
982784
404252
866540
266920
677530
767253
820281
165412
568272
783319
779137
961067
446555
505529
206589
250541
218587
58846
492716
225341
923158
29200
774567
229842
471687
212957
903661
509299
621222
707513
546966
913779
796986
286187
177066
846405
776792
294873
894230
77667
2005
714675
457019
222462
996131
959445
38347
215231
491699
192261
406318
696666
372642
248181
278045
799186
875304
164072
924933
351633
700154
984860
383307
719660
781039
100024
851425
490235
448684
506992
442407
831952
495416
638893
792787
911095
786081
91708
219918
64091
685194
903998
443773
357483
550516
650852
618827
901423
219973
275568
336237
754510
561930
415736
366894
834137
589149
785156
31977
264943
247441
825237
559101
37993
590812
63515
668466
941784
925357
558770
19058
292952
743837
8182
55872
883231
167076
589962
139832
96938
713975
522754
31786
718568
199223
91861
427981
167130
310016
647066
910998
548939
835396
200734
833040
513641
813985
524196
753385
651527
424033
45532
357053
267212
996111
534533
416102
525429
16889
181444
824342
69343
352039
196494
110635
422727
469195
656080
709334
762476
701445
718629
285787
385873
446398
606355
398888
585079
766507
155995
812930
236198
672872
638560
477000
252671
844119
341081
761801
662254
27879
750511
928902
935047
548352
476721
246472
718799
982227
880376
865811
354950
146999
480999
242136
112163
180355
553276
925357
316837
271639
593983
662303
392306
545639
392574
113766
856476
818612
242304
2297
529692
970857
319127
578130
980173
814921
854434
147930
554433
41299
356196
964855
562782
622501
42167
612158
820706
725834
825471
411005
376867
426527
291140
53781
971363
85612
961193
40687
323869
313568
224424
852458
632174
743029
43439
488732
148150
712891
65976
535590
185257
728213
622344
953871
597953
134231
449594
579089
339920
330942
164287
862228
942289
156507
757580
665931
833177
396990
464995
601867
706156
530311
917486
394899
298137
553333
562682
834585
315376
520366
61372
209467
737515
754872
707013
393685
332668
619815
818439
14549
673944
286511
919294
280657
193675
740526
33808
479534
735132
801572
604688
399662
697054
840257
655175
502824
717740
817488
387736
823326
26652
997909
563880
545314
482156
132057
78221
970586
477943
379498
738378
797868
357038
739844
403030
856015
928734
886158
460196
677285
405411
850059
851587
448192
166734
843979
832565
113075
689414
99092
817462
877010
185488
392591
928790
663379
891657
446651
995221
845635
189768
221225
137397
951687
402767
945231
362451
914047
442263
834357
283055
480095
596085
297686
605056
957046
101654
429630
854450
984839
145621
365700
4698
151672
732827
634961
519718
207665
899160
581551
69712
702966
182716
583450
892773
30905
89297
726858
234259
486735
986698
763940
15504
439219
180687
681241
86635
455986
978025
535267
574197
452311
61541
335868
212489
405663
744204
77180
636902
952034
562153
622216
626544
695877
868526
722831
217435
375787
775305
518877
537142
132021
151875
870910
682664
764671
100423
826345
200861
589050
722188
154661
690462
550858
795529
477819
500421
104697
83707
391947
482774
29960
201849
931464
757165
249422
170526
691367
428606
81030
774560
44945
303504
674831
62128
492684
573272
105591
38129
612736
111076
934482
794548
680779
469303
580619
270979
420877
713846
422201
89982
677274
485051
552214
703672
720974
816768
375363
566576
237869
479631
609376
212096
483149
181400
414354
580512
606812
195517
292347
91991
248405
935038
561476
131760
892575
515821
517574
543804
216580
628354
52760
289499
551098
768295
792243
935091
990432
744763
69178
101857
521094
181161
704288
546577
959860
843497
123592
400435
51100
25279
274111
462338
895499
439912
420479
137320
873198
128100
52238
994863
342500
385788
960722
143789
221201
509828
514646
760396
809941
24642
505177
934189
104648
363883
630022
839209
412742
512603
322412
764162
493595
379293
660653
837804
685406
508950
823207
432913
504321
38014
317547
649923
854002
54222
127835
762344
746526
922559
414576
307920
760064
996247
100483
915427
167325
61779
938723
8111
637644
213855
291060
319693
965882
508326
516364
565312
930121
740883
549040
409379
983803
561432
148117
421897
75904
460362
231509
539865
686582
546269
166523
137313
318262
142601
442153
178796
87443
511577
735401
764276
577099
515591
204262
244438
249978
712790
592475
510515
133284
450593
720523
981042
687589
884887
738711
517678
969838
844144
653338
685392
214929
258037
284673
118180
987257
430087
569302
33759
223311
51735
371749
419749
242652
621600
98612
705653
923627
235381
356698
406699
232652
920242
23996
329194
833778
12346
970624
765246
762594
699692
736180
612381
123827
536771
92515
526183
305478
259476
249043
516534
509033
425980
529038
532486
842341
502413
842267
825308
918907
429400
63654
376309
369163
87872
852792
316118
216837
888402
455591
994638
431903
777646
852589
247872
419342
967581
356906
873537
369488
235318
46363
968036
860258
543606
159980
556558
516357
388806
904770
298573
628174
915368
367751
269719
138485
203914
207882
690234
487269
536929
122981
649690
749946
173711
817066
32915
663347
355235
645910
868818
404489
393462
844350
991869
397966
187150
880943
530921
318418
985098
620332
905689
679393
531380
170660
176219
433070
182208
788269
199203
106782
470927
105748
71071
556591
595886
194535
544233
237458
625686
90298
665620
746596
773867
206390
414745
566055
196787
171792
93522
342611
400187
698080
38684
198396
105816
995326
285127
627671
507911
706660
902991
940540
567226
399564
576848
719855
816408
180966
847365
713341
665269
828898
725567
68329
196652
360584
12466
528632
832427
694247
340164
732975
647832
358431
634280
267436
453016
390129
911415
77987
942032
358722
922669
255437
959139
21169
962861
433805
604230
765507
365623
352415
62319
790738
852093
597932
553490
903930
3188
164289
478011
412615
398361
530885
698394
776748
391942
517178
110985
241117
229033
685485
349273
30464
449499
103101
81765
407074
300154
460947
939535
531839
199077
326971
30133
198663
408105
69683
674903
925244
86053
562333
949709
191532
866456
379644
268311
752909
763426
946790
19735
709126
823903
720994
338606
223258
32078
961707
441268
545286
879421
30673
805989
159047
238090
568433
243933
615745
129358
492006
379490
970887
451586
369945
656912
845946
313646
569366
73794
602832
65098
497270
625436
116187
470808
36808
326678
610973
23290
537788
669777
107418
599334
926118
650776
805915
861734
937979
203374
471667
667099
370941
860800
217403
433786
654374
337470
113839
535589
489516
543303
12477
505686
621706
551520
855586
808061
143538
729018
674078
95543
83862
695436
734048
633049
864551
867289
903064
520849
82019
509073
494890
928055
830452
903998
152774
116976
319353
65200
778864
166239
39014
515410
291707
125515
30152
725365
868017
644166
341649
898202
931416
493790
994152
247107
33395
22831
161838
649280
870979
166942
315983
123198
664504
947706
336220
536541
981739
746119
337030
291115
352392
510069
222579
644305
764253
110070
274611
218824
428605
645756
848003
633754
11859
953261
594232
574097
283163
294870
667480
707301
984351
539036
430795
463572
128237
732494
92723
759439
408854
66512
807667
900039
667669
212227
269012
814604
161535
182710
437705
640339
913576
287146
9473
872308
291337
339754
446685
555242
260573
43205
403670
393707
511743
168436
776633
997797
261227
993115
499467
667727
434801
299823
910811
291191
686791
582802
751462
229428
724069
897549
159063
87318
418292
994741
619835
212505
906176
310757
355650
347044
262967
728377
921829
738111
48472
179821
61057
507289
77279
896275
464287
291521
1381
831193
440278
854409
934081
795397
788145
842146
502095
559692
203599
795346
695717
502084
175670
51485
600069
457020
859826
910122
939956
204401
541473
967699
416453
182310
523908
103596
573553
60121
929267
470240
832611
58087
701477
859778
417395
270617
948691
8413
862445
705840
954641
716470
875476
332806
322120
142610
350079
731571
975141
179265
648620
68349
452111
13613
582132
715489
560155
573350
242772
248649
623534
707106
515877
930024
210194
101750
41203
934549
829562
392362
693470
57366
52501
177942
304790
715686
281487
1575
614987
658053
380279
363293
327753
685669
209167
599281
442693
844982
912664
775312
955512
139524
824039
406295
256723
336855
959549
253685
728171
686650
892226
556642
509086
423263
663124
27454
309058
794595
840506
740258
114518
33286
773626
24110
925947
342229
68370
941500
894414
442393
963880
669571
442173
3696
593248
203406
471249
773740
428800
189102
459605
465498
789357
706732
465083
92081
102145
867801
751178
807936
843654
633992
238535
515724
690942
165569
643713
744108
177521
206426
637290
523135
402793
452923
832445
264321
231130
2189
101641
817948
607176
887492
481422
6774
507676
673150
873106
792394
316340
35161
324580
236747
425314
144372
402365
122916
55416
8826
258750
124754
468964
907184
143694
601865
790024
522942
537237
564505
610433
198683
664247
299607
560263
540249
931673
842796
891824
422814
486059
264294
111045
487682
417863
208434
639619
183741
841649
945065
32724
395536
802194
948213
972598
733867
390586
935636
706577
560384
652840
345630
620193
574910
599315
62884
290626
499793
996440
243824
801682
325766
84591
544898
864043
974917
649915
379821
586035
250740
518616
329920
267711
40623
818681
793424
193142
522367
835585
459400
574285
688251
61134
517340
955266
453044
738607
612202
520324
311836
812748
410628
772714
195742
27113
761153
419267
613575
410935
78453
486788
162854
574724
422198
701230
303952
456488
182856
301682
230711
918204
995880
746544
604816
612160
84029
204438
200576
361526
750016
295194
847439
866961
611277
721414
174205
213226
654981
148003
266586
687856
797299
679195
109046
518914
2141
113064
119218
641745
895915
285183
839658
160014
141306
810636
68815
3006
508960
667007
453388
338071
147760
559894
456222
214091
664775
426410
976455
212985
645164
351074
748534
412211
650984
75052
216125
957404
883734
466317
226606
955255
403123
931099
654627
166477
442317
184327
509683
153107
412767
979985
498524
471706
988308
452345
144043
269415
815849
278675
678099
842543
58023
444803
668683
145333
28349
655744
879019
340769
471857
835983
486085
561703
212308
902647
104400
266428
850740
474576
283128
68285
406322
627436
874215
479486
223722
635317
343855
990275
455628
833019
999235
525764
831
987712
602019
998179
487519
777760
711561
869977
5892
994998
929589
915976
862992
556716
111391
766558
284936
487554
42275
342341
485869
795812
123601
666544
887639
816010
175394
802182
840052
64342
417076
674510
110190
474758
428803
925330
149076
386227
517240
898322
486655
700724
377263
937860
715906
482264
811989
519041
241518
554918
245078
207660
339880
726555
264040
240024
611502
79212
137816
488803
579047
310359
311800
797295
256446
961014
753859
723641
837118
137963
42760
821240
91591
770185
973086
871013
122623
95826
381697
44356
385881
864527
409583
663231
914591
331806
152849
947742
425000
652659
297663
952321
156417
285111
621998
39224
676475
651351
860755
617306
168190
858937
808927
420948
16645
793832
631416
1000
437295
502965
129967
660109
362318
777148
114552
873539
48315
901384
619389
699556
553653
535983
840410
977753
534182
78321
264640
144271
492581
76024
697464
847963
175340
463789
935074
321625
691369
642549
698495
732574
115078
277279
756981
566440
711064
452345
750356
209929
325083
705800
83830
451998
619655
803307
927941
64464
195835
899937
971502
624504
435817
403412
308399
894914
321458
557463
304102
913030
706786
643939
508883
935474
49810
271336
889887
948751
714620
518602
697494
657596
40817
880207
755953
352773
474252
417910
762516
985256
620179
863468
849391
53766
440466
871275
969832
6036
637884
746745
884886
10918
184594
563883
167865
743004
756873
378171
963432
644408
589439
782536
714037
193360
889555
627328
249769
799185
74163
852748
566905
403625
395091
741538
288128
887421
814647
76119
878391
658244
942629
716833
476966
254018
287664
82095
905738
987030
264235
440076
732199
283017
876007
526745
853211
443069
683121
386965
275178
18536
754412
548113
154228
341097
884691
87862
990904
400329
159227
245398
609335
593118
293161
374991
907643
91202
161675
712821
843104
244080
650298
93929
837789
410050
564961
699177
607550
850938
795330
847445
4667
592138
319602
993416
152498
980030
331962
429642
797059
565464
734026
52639
684499
512061
101970
591793
160228
130127
771355
19697
868604
105916
316540
412263
959248
246298
564867
593270
90399
787418
591648
585535
633102
954496
51427
432087
460672
793427
735895
752081
119516
704518
228719
671725
179666
228564
966028
320663
977742
606461
42798
947130
728363
722877
95862
400515
596875
948230
483580
383865
940071
799233
780523
181826
378452
757778
459431
525317
77996
781167
905137
249510
982663
363894
512335
782113
785595
712834
491982
492880
947750
384714
599217
34
998987
368448
194378
945458
836123
125197
604963
586583
455905
89040
134979
916000
829682
198362
150370
743182
943547
259610
290630
887069
762749
911148
143535
485015
767054
769222
104845
297470
381694
990065
947531
513268
195914
736295
202413
558933
492596
633226
821272
971828
875018
941843
514783
276364
569439
721995
8714
412240
81570
193337
862524
74881
863826
618683
203251
189382
931652
365381
170931
563361
43953
762768
987779
74629
313105
365031
371142
990608
72506
277695
190845
863017
340555
433984
308580
162454
519179
901320
953274
779771
155639
541995
93018
831050
304386
927066
338228
471163
665043
357667
373234
307107
288405
984413
541671
813235
534006
980556
166183
742319
713400
430957
845269
437622
612299
786875
696449
196956
266506
817781
716213
930835
972717
833201
706535
731720
997765
929734
927368
111045
307519
916808
345709
679786
911949
373540
953486
456355
731562
532330
346725
319761
651817
682424
647832
947994
190667
383372
476267
21757
811989
920002
685892
719771
501737
725827
532233
83421
439227
266215
963694
843652
7490
457037
675661
204975
743473
298347
935436
768894
135731
189741
488452
907869
471495
444027
64968
179631
2057
64109
749400
681802
429893
918634
721108
481080
198758
706681
324396
932315
193330
446449
441703
940320
469889
644530
176593
757826
163786
431037
894488
336152
490687
441246
385257
269398
856687
970010
747050
884542
301025
127433
335289
647468
780603
79637
439047
132156
890413
561260
124810
764981
848581
84960
107864
208522
218454
100547
315228
705649
266500
414658
178796
809562
489146
463417
712576
449346
537024
591527
332575
561027
894366
256141
791976
873613
80915
782345
362453
859226
645323
72609
555715
633865
210809
808329
107633
445383
384505
980602
693985
645594
748362
289806
256091
305444
845243
498597
678840
368010
491291
168653
217778
698601
210325
380700
138426
583211
534660
892887
154672
825809
446178
132407
794716
220898
950919
31815
554857
88354
310867
693334
422785
35814
752543
309854
955492
988761
590935
698136
530368
637222
57789
64598
686028
671730
787348
278974
631151
189061
445558
49028
807936
767194
766270
251012
241555
287706
500462
471074
511490
443133
719968
453914
533841
889938
368582
160261
334987
740379
256137
561052
452652
706952
516002
24720
129365
585267
161105
617326
498651
95046
928009
875142
871725
968724
630162
641407
686946
168699
677039
681419
274482
813362
98446
948009
26862
91915
465145
832157
152273
840780
55555
206932
687775
848872
189643
670642
909010
194782
811407
565254
118194
451022
950083
163623
100235
434779
417845
296030
723569
772865
387830
436760
77677
256852
155235
300439
324921
210430
189144
423149
576693
694385
565459
41204
528270
49961
477053
430971
500896
322134
50534
312174
779311
159767
317550
358722
409392
548748
740815
744384
952337
240163
170358
784510
140772
780017
497803
105583
730641
903703
169698
337712
755741
254942
941823
799534
447700
238440
438223
861277
443305
636237
429486
400843
424331
902377
933984
409253
27257
734409
405342
164592
400678
884347
542655
913006
419395
763261
819209
414538
175903
740193
191168
195622
466797
501013
795408
96360
615198
237448
740971
8048
858571
902982
542737
658371
25107
600334
701438
143972
666483
14549
156146
230803
935034
966910
425205
181575
752616
228542
109046
367274
90469
809425
758190
657977
794595
589178
432329
737436
321133
826251
702269
162809
928880
245334
922972
241344
925316
93483
927501
453967
542672
718392
190872
76941
960361
928819
18544
46087
780650
844907
840647
234825
997970
267262
145959
610813
456213
54653
679670
578603
494994
99121
137540
908110
476590
105408
911415
602161
160014
967642
358874
886990
891471
274482
413233
313076
428106
342392
861594
181914
752278
254861
398524
293258
47452
144083
489136
522416
465085
437247
241087
888180
295353
627328
474115
756446
823472
942394
99037
599261
494466
802776
108189
653858
999760
616920
347427
892007
680494
727097
127269
5082
195854
172717
458337
347469
837040
943357
461846
556719
725662
678182
142223
946260
593658
989066
440438
688590
780693
674208
516446
66431
790046
86531
313130
107755
565395
627885
303624
543279
145776
184370
603894
379567
664885
317401
104099
333144
193468
548949
966337
99802
888645
114411
515674
747740
643091
745589
70564
42190
530847
447887
907932
715126
655090
833940
370551
703208
25578
79816
769115
756549
874689
759044
835292
994553
36503
123167
613826
137255
836636
958608
965626
822267
964682
919238
364837
485072
467173
569725
563226
86553
875706
706786
467147
448958
412922
44513
486323
236580
247849
618976
331739
208286
97318
454028
734739
670728
516993
264893
828128
972676
571059
613339
988651
988801
830639
924726
925075
921218
855024
855152
918548
679339
84230
497287
824655
434541
327957
595704
715954
696828
895448
884626
893535
150490
779455
713096
321083
684875
425732
586782
596429
1850
52622
231716
347661
126377
223187
610172
904017
324159
944714
120803
25196
261320
328517
49465
351807
459782
924897
11632
214148
36869
940466
259115
814098
124754
186868
788119
161428
285882
106373
379827
423270
919609
610085
598345
295591
85658
967716
897940
26905
299330
504510
364497
896124
353881
981153
200424
230386
78414
422222
288947
731442
248951
110512
44870
784510
216988
453246
682883
485729
976443
221054
724906
553964
874638
285740
456675
875549
935187
294928
672315
852990
185326
686502
655359
36222
541905
629443
729966
307490
88621
387953
752175
308448
466583
784104
565188
168786
592894
255539
438866
419106
474804
836007
222158
328402
973915
713389
510072
204401
105908
520373
743873
481064
964808
869022
212708
923529
110536
509632
849755
259145
56940
520907
280070
404156
347647
807025
114989
601404
144466
922398
191893
61712
846385
212325
903250
922943
14798
961827
720674
838717
588584
298362
198949
77670
893163
586974
585068
816146
928584
63214
502843
231027
359723
631112
586966
984047
219872
31992
436275
214495
506407
911968
431682
519785
229678
237292
767413
32550
479804
277214
76043
400348
369269
691369
517518
191034
679439
216683
492749
354594
615815
104822
732760
56772
675145
491204
578795
688022
522416
726383
519039
635819
679733
254903
239975
215486
957072
221446
561295
676805
290173
568235
893054
228180
116867
520362
536225
616034
547561
240839
989485
940276
137346
983142
562237
488184
163088
394755
690959
168878
578569
418084
669718
174578
291485
150536
179321
752289
300211
482971
375795
518527
994505
427138
204493
960036
8859
105945
820073
830753
460545
954779
494794
815866
153382
294356
970914
28041
177659
419739
218221
528104
986965
146295
679449
883863
172718
913104
578523
983602
121783
757096
801582
121830
874587
858657
694469
283480
713056
13118
63748
240626
22347
921430
219112
939404
277807
462179
18059
20872
408801
779063
433201
668353
647775
167097
872817
532962
743707
181267
436891
563443
705001
452868
338573
814000
21403
826323
837481
57864
603844
983961
557932
166087
378117
32814
541856
974093
935014
879904
363618
799507
336362
743703
795993
23435
219034
365775
809754
446824
472642
993862
764773
755442
512131
591011
53054
794365
10659
514144
49121
415561
963481
126200
503572
54315
427283
759162
422125
697361
671768
161399
707260
361645
864826
294706
124534
922959
332254
725907
274632
341118
509030
185488
604810
186904
897534
928161
493797
630676
829564
209813
993556
21654
423855
703924
559819
779590
319688
798803
826188
546532
412894
972326
436661
748047
317105
836899
457463
201241
99067
816018
901536
870805
439759
954079
34307
195652
405060
852113
566241
710551
88088
216240
551675
467981
740259
527075
418807
712325
976933
271324
622219
776530
160526
116662
918433
43006
57218
735132
395185
345086
959668
956181
313694
830715
86054
415105
874967
583813
337910
256813
684078
163461
332707
787351
992112
940689
398902
3044
856480
648571
779313
29118
528069
338185
747379
873705
189248
934854
150485
544195
863271
744079
689646
764907
124166
963983
101859
60683
277224
815987
361710
607277
513904
47986
752990
58147
107832
963489
332429
750702
154186
264850
70336
42170
940550
789293
259781
815061
160393
285959
384970
298895
728947
738364
468687
768728
791541
477198
220897
64827
436761
742968
84094
890041
878244
44363
739484
125049
114868
593692
604284
78660
689012
144112
846880
587993
473583
849888
710048
0
932628
769259
377229
396904
84727
352585
436630
392072
371057
576803
839684
983377
145336
519373
904280
702422
573554
612862
203929
410370
312207
489272
202
152458
434966
846124
142815
226532
975433
368293
788414
543376
710610
189387
747688
738414
358245
135421
499348
250771
386256
350316
179821
47048
317403
570612
65694
898522
1497
489917
68489
202946
854472
387829
453409
7993
180236
739182
739889
176980
324006
889910
396232
293150
959835
577785
747216
805219
179360
878995
463651
762432
801318
998702
315101
580817
614286
754815
618632
307637
762865
359071
897431
987543
904576
180333
635636
193711
652584
986766
763144
375787
134320
638216
80741
339242
199969
113181
27258
964582
994300
290612
116878
795154
873590
14442
108689
560980
257381
917063
619812
459605
746066
140740
347345
479692
161153
930620
207462
237925
211261
601831
374942
871047
755119
53090
821269
800892
622569
362490
349305
113672
538087
845246
990147
235434
807022
800026
648500
282863
261876
923901
490292
505686
464934
737187
136064
989655
13568
804656
596993
181718
799213
821240
480191
351994
975750
535475
223574
879518
315286
46856
808392
8927
86407
275199
535934
410836
266920
554938
747038
485178
329171
386951
27553
698151
632544
412020
36472
815471
385896
176834
127161
108648
707013
181662
169272
119861
670276
412366
142649
105565
549540
748230
138023
23115
836813
636958
5836
626078
37531
328363
70141
972132
660506
743566
315545
301314
463411
331361
933984
297680
585715
20794
503633
596475
238334
398038
552268
662105
950863
591167
371365
413325
987470
963663
91745
49464
317222
513716
797974
329240
977933
770185
719155
842679
668449
278146
927324
946328
570716
904838
640357
932130
889465
507425
902144
131516
411651
806348
935573
806175
708069
951771
876794
573199
66491
223747
554417
61218
817673
106284
106095
231287
980132
949669
443381
801856
404590
755384
708028
893983
623246
609136
569660
819373
991142
866540
784443
896614
699861
635430
10675
598858
569841
232652
758975
797300
450390
775390
57296
626505
768570
840742
543536
826880
378730
367344
520466
455742
265204
720437
339835
643143
581793
344189
929862
236372
293078
445288
641638
701039
248241
680203
171487
771861
75634
902665
852654
433264
658854
105299
230980
710786
422575
427153
512841
137139
648014
444553
893658
607686
22864
74772
686619
575281
312475
979215
733636
925708
760172
214985
269011
210949
199888
939015
702474
276345
135624
527884
457128
201501
168933
449691
900146
179976
609119
42645
191292
200156
560175
517172
760744
434061
777153
245091
394528
656888
911458
346518
911406
804605
789498
110500
543486
437632
243611
881575
924066
148478
958140
910641
513271
566477
279619
212550
706034
140100
234434
629506
528461
169958
419803
916517
967994
412159
497065
447573
773461
553944
695546
588035
817842
902377
538144
815395
60945
871050
130563
339507
767413
802516
200694
314860
885978
535161
153103
639560
616676
101926
869708
19979
414391
818916
48618
861075
549479
491167
80391
770466
616853
149953
352505
436309
845820
130746
3352
163070
510623
216778
681918
68818
760415
21723
959539
583113
854917
780244
120312
693977
146455
720270
832178
212195
431783
125834
368045
506437
334040
807157
371343
459962
714738
679070
170941
566360
921259
836098
591567
651055
661435
990849
261257
677994
942489
182116
472247
16947
804074
448853
148290
210737
383037
540674
901963
255818
158115
933380
921147
880017
823719
926797
979653
429215
485731
605834
37012
577786
19995
86810
740682
26739
594855
305560
234294
880719
369382
849518
9336
722948
431972
159729
727509
504266
664244
868745
153171
918377
528188
10395
822954
553221
753115
897594
613103
997501
174714
619992
127357
623283
410156
943415
273889
723807
936427
43229
723156
400426
989729
278037
973324
870400
341100
469144
434456
651807
749556
926725
910745
344414
686415
656076
870889
637205
216288
205902
362496
806945
646326
660484
337030
465576
362580
634031
870539
200086
604
30648
501781
795405
854650
40603
262067
142677
419068
660738
385194
51688
476983
170432
284936
514391
632680
116960
818269
47123
430336
244836
996889
637604
138322
734835
729074
223877
686450
691724
601368
210365
8726
725497
325962
892456
765469
497803
601642
137903
889313
448879
278595
288945
144320
240224
607527
519608
678390
513641
123243
922054
963351
987821
70434
203755
920792
231624
816011
316652
990861
298205
496172
575682
936031
986837
289236
24019
719725
250817
668930
24526
504380
407588
177005
119414
474002
191569
156114
469206
768119
802309
343893
411559
492238
535644
251645
607497
220227
274860
918970
395969
452617
474408
561564
770193
64629
635883
758079
668001
825756
477841
984537
564827
213638
409300
743720
653872
18643
729364
403314
9223
727124
981247
402224
448455
497540
28456
316114
588715
820976
310447
879813
132882
521725
67717
541659
313545
424265
47787
733524
886530
359080
962897
629202
632345
237111
963439
238431
430749
738164
856242
389158
58786
746694
247852
966746
878106
422297
39568
853772
751955
207688
965882
720945
321794
986052
551810
812532
348331
562357
72124
425138
350658
474148
540878
770004
965902
385896
566509
731908
406785
347086
325080
826295
573597
941408
74688
602454
975812
433234
109866
537253
723000
668979
721044
752027
306015
493797
330900
212360
922689
452407
900277
966848
8087
875706
276688
61525
391383
110663
693792
597081
582802
141178
802490
439280
707646
845902
830815
785791
884012
265790
426896
514391
950318
924828
973655
616307
422850
741629
725224
510319
472701
267760
735108
726885
22748
263735
609322
873408
51045
388945
882073
9247
857130
735716
920119
417843
63992
830036
847029
932679
627788
766539
374348
58576
415104
220536
161686
884789
70725
876249
790739
755606
874226
511740
743834
393761
732068
492880
651493
929244
543328
326324
185879
564026
34645
767845
937742
95338
442850
287086
523139
552697
233587
444970
785383
834976
118641
443263
85084
212426
108269
906786
366630
159391
634876
114344
829313
362242
541008
186936
357272
587901
106298
407804
113528
97153
54568
436078
824534
896356
272862
985141
805305
896094
387565
738527
64062
846443
273885
800051
67595
419182
267610
66512
745296
694685
815547
691327
175862
773115
221547
656755
281447
777283
288047
134720
497697
101252
207288
578306
944798
699790
918163
590920
33056
984159
653042
1814
992723
412449
766955
149792
879837
661590
63819
781160
995323
269186
538075
487135
912934
559621
891377
353592
5451
588775
912973
521118
480889
147927
704947
800258
345427
435298
92372
704361
74028
727080
383602
367180
954523
211513
585816
539082
755632
596990
747322
211594
147595
424230
303737
242936
954843
679786
999756
226853
277829
455725
332192
880340
709096
361341
846242
877058
463889
934019
519314
165234
159263
470228
418172
142097
742239
591353
675890
393667
630060
184370
633695
763330
43461
875710
180843
628194
346790
626230
356231
95938
433175
795740
818681
644526
906399
10619
164978
117314
939015
458348
224434
588598
137825
526393
948746
83670
977357
849745
762836
462429
120797
577022
652514
19454
422815
828664
7640
411662
797136
894074
66020
615442
503920
467383
917601
415787
287017
796075
189611
912356
989244
899668
328199
666795
264533
474148
978916
971052
452327
947131
705672
216912
606527
42717
450823
918086
175546
842232
123271
90547
62275
95473
286627
918275
707635
637260
116333
870756
591936
238316
354846
32651
850190
16226
180017
504952
725894
984537
82613
678048
531714
912805
360609
203926
452174
480138
483763
875391
243645
806363
22856
798057
765045
578130
417805
677904
679402
852458
206598
871991
60077
366613
75533
788080
883103
547294
422887
60036
485995
569700
457092
8501
711989
334987
484268
931977
276706
582301
102539
238030
577511
607492
902481
928902
890520
189247
443170
650212
743976
412211
686820
290022
475246
2787
744498
943456
119763
232297
584743
909516
649207
134978
319590
819449
350450
276819
796499
406628
786987
645543
551917
981484
239881
1381
491291
349053
953259
795854
90955
136997
34020
391342
892078
647695
824710
660959
589094
950542
493755
985932
883478
812326
541267
169432
117397
989385
693368
98945
390512
407083
750306
283867
649507
823862
988128
459443
273857
426113
336377
703135
861867
249603
814028
53167
610513
690844
365054
186574
859608
485905
26113
624196
558703
768347
990546
152940
686744
784513
794875
781625
955302
692056
417271
138290
466085
657251
403945
842599
926716
803694
308332
407467
441924
233530
149156
332996
649424
274412
903466
483165
190785
67583
594207
156395
598134
973030
57276
215664
187661
62453
327848
602079
638685
70971
645924
307855
165002
469526
650268
510005
311500
821628
750053
348186
741082
390708
960843
142828
385948
265992
107832
480173
68150
879729
854187
577169
130758
496735
721108
508670
704107
745628
772156
98797
798718
553090
167855
454252
48932
948750
413474
922626
808751
473997
37570
948618
220699
534436
673772
969485
961398
87328
628593
347366
667540
945958
192713
410959
790011
266428
91514
944947
191713
977610
268476
695199
599239
291983
278055
810412
645908
73281
98017
236094
665370
527511
612820
459151
248582
424733
571539
94652
753837
665216
632844
113647
234008
550593
319353
597137
888305
224166
903935
86515
145902
576701
757035
43760
373373
917434
608607
464876
182136
90541
769202
561005
265985
367238
506146
578072
487391
12981
12161
825537
579397
599918
733817
644734
451549
235566
986553
891686
570422
949472
773591
166013
264016
846661
501390
940021
774050
106935
938903
957324
925857
456041
11177
27639
93622
954988
251342
637332
490259
723325
581636
585234
75657
441212
772608
361746
856873
144281
460285
391577
71343
577270
815872
221251
943830
320192
69808
691259
622279
591066
22138
155962
879258
325472
347407
775914
737619
559416
67970
863960
592871
632843
820286
351389
96787
473624
729558
278741
547142
484934
527459
326591
203701
974775
163360
239215
103925
260779
909732
951193
983818
511270
597979
77701
138134
150271
584857
135938
330550
11327
856967
514920
209263
428264
448392
912652
485579
821607
69904
491952
128945
373529
841304
522271
349471
42180
958381
373651
751394
897820
40817
805313
43315
651561
485064
457608
787649
950768
406258
442714
938910
11066
598634
824765
938242
894411
487130
414319
982909
772283
687425
430155
717820
295193
351349
551085
984351
187037
85491
287503
677676
786826
655798
760543
363007
780518
592088
326943
601999
613753
59530
734154
759617
639585
421276
791367
190478
339888
747684
522386
548098
499008
389576
658729
400381
908156
405120
227631
64301
378050
641537
600701
340936
158547
444795
899518
932144
855414
87465
701716
432048
909302
579936
928663
693571
158320
96173
973915
265578
899418
584304
374668
929001
229070
823983
951453
1788
581190
840177
534397
945902
769259
755197
787750
538032
885233
517410
48311
513027
823322
105450
217197
785102
398292
274048
966003
693294
62548
649922
144241
836123
793992
401071
186283
533513
584483
435487
423802
113156
619386
438421
780756
967781
976076
449311
445139
178818
447857
451194
871722
894253
112420
394183
411235
897363
612310
965809
675265
761067
471838
312416
201166
294097
261359
396147
470801
112128
909682
281727
377688
578510
626211
6632
627933
842571
263537
195555
65675
345650
685194
361136
523344
102775
826613
108699
970686
723797
42481
922526
445806
184051
625123
659691
510052
207087
241571
369771
122170
470326
903451
959305
661916
574494
844046
746066
760234
910992
580097
792983
189300
430521
406403
611555
81217
525025
145781
139717
840494
652923
272424
562655
450195
888426
889761
376700
249272
329308
850016
155183
944321
91152
276056
341897
735507
742884
941467
82837
859365
357681
336855
778161
44031
898708
745074
313964
362217
57895
268275
944925
165063
770451
151427
15208
336703
33168
775124
577777
176002
149961
180687
599472
739628
545574
852532
26549
712703
868920
493656
378831
563535
864306
560443
467559
39697
489917
709163
188635
983542
854777
302144
299050
895282
155883
852174
524089
15614
375499
723844
382038
689008
374012
154633
5071
637983
772865
511441
667914
347343
760087
653668
896177
571062
291346
87356
56147
752592
837815
337200
618001
996972
207229
651571
101154
628690
265489
53557
694816
923883
195630
299750
618128
557126
176876
11111
272919
121024
748443
806946
11796
278457
527592
40983
807189
484887
311730
949192
149880
239610
115179
741736
729685
424163
831948
161056
619629
450549
759433
903950
410155
811489
540249
508135
719637
713540
463209
870549
566679
510052
638217
492442
686528
434898
833983
329747
925644
177333
983405
722664
469522
928652
434482
893081
692624
158792
961016
349302
176797
904765
129847
565277
484242
941636
791347
783599
599973
733167
871199
508670
286492
655685
564592
711395
676452
918159
62418
751287
6617
118846
840261
778082
142564
30718
405599
646544
979980
850013
576412
159997
392612
492128
997876
334280
716468
360504
120472
933872
158039
433
592523
903930
298870
758278
2901
450143
539086
333759
338920
431366
506689
621949
997074
968973
149920
384498
770782
107574
72203
525054
20733
943722
55221
691908
752389
877139
52747
917099
381753
492929
503538
701362
585869
597718
565948
103604
431266
649180
531233
711427
993887
517338
963804
267314
249074
749074
274799
395761
533127
347858
699822
106488
785327
969053
392072
672210
354435
979821
496152
529242
325962
943135
661649
763537
925104
856996
483084
455966
837651
450489
704589
852890
973820
230007
279880
908414
807971
707223
429761
423063
372010
238654
69631
83698
385816
242989
374663
783211
496198
316114
945208
10410
947487
94708
670513
951762
785177
119784
385850
194086
38167
73212
571991
762102
37862
257584
817815
421855
235871
804256
853922
273582
761071
814408
876893
920494
3693
626847
417458
389437
457689
136046
685784
712459
304628
954776
617745
111175
718684
504560
391172
150696
815077
936938
632871
981556
404235
435233
527732
305850
797574
560099
212489
335873
805
434110
947292
308481
676483
179631
13436
909953
737814
460989
249106
100360
366468
461109
592267
114895
285846
661603
337865
529834
562457
119126
67621
393618
79111
411689
159202
752963
806524
689462
316052
77738
142005
648638
636009
123497
579474
993506
219650
694630
172333
485865
242654
580017
572807
691834
389696
40500
202315
829653
769195
756278
474711
463427
424363
565836
885863
138139
239996
430315
585636
796302
965755
428156
708521
439469
269796
745876
909523
48734
682719
91656
617190
148837
612196
146500
854809
903211
580706
337835
568068
399385
108575
702690
5600
719472
426245
930334
666320
347019
940061
901422
523973
401281
629197
330016
181562
546071
940428
401966
257522
316087
553006
18523
260987
693178
283203
439962
779277
854255
85007
11632
376464
596446
3721
117834
964532
390883
423645
326446
755056
414281
804656
49229
146999
827224
194855
341246
316145
335127
177221
50325
901339
567954
234449
879208
999269
185160
574752
387513
249143
989479
798653
592652
281342
746385
887070
336182
796816
820976
996529
709126
719806
479746
609834
381892
726312
515574
667975
895976
329171
105184
851286
948750
548654
716301
220599
267448
790670
714611
836461
528619
466075
286559
647657
672386
759662
514827
417910
521811
891592
358651
220999
203676
547349
17251
456188
339971
976505
763195
14096
835379
711590
471276
685584
275598
398307
351863
583155
169936
529489
281689
491375
219647
655058
854888
406518
222095
901666
685839
270543
466126
956814
344435
470272
653858
549463
117594
206808
955802
192066
546027
943778
451586
521494
904483
741955
451952
531661
361202
913894
732323
209797
639157
133874
856322
593407
627575
183757
67951
272697
614050
566946
185553
694529
7740
30894
513416
19661
477931
165093
725718
207837
564638
946540
349540
961326
289593
621544
813036
385889
623956
666247
353191
96400
920125
126203
933782
855082
246671
364758
174697
312646
607458
280256
162968
847205
998499
55598
148552
621998
823824
111580
664813
884848
583026
921177
281616
759970
174270
255276
438565
537122
227376
483397
617864
400065
291661
980027
313206
694111
844457
813580
272431
88115
951073
260779
654629
252079
511644
27233
567375
333468
245839
196232
191500
202308
754951
817427
497830
214372
748402
611082
762757
226141
697145
249135
638873
754546
218912
692151
975584
799318
173302
160218
485714
287238
921125
297454
794988
91617
409620
858660
721043
812270
189965
67001
630060
725278
403476
389148
495039
550295
776298
413187
587718
621557
451543
846632
612880
843703
589983
550487
445639
93906
446465
469396
933585
456155
569535
458172
486531
669621
132580
918086
981044
114333
511919
156492
891147
258258
924071
403685
370838
913147
918110
574882
868440
369498
886208
613885
854752
246276
889280
213436
812179
970742
626849
625186
313483
681198
574635
489313
170681
209050
134618
70004
717309
287503
927094
913388
288886
461058
17862
611368
180048
960079
846052
130101
731801
752175
914704
55862
271490
636038
109764
719362
862851
73773
793992
312503
623315
498934
79456
703659
271044
202872
733570
958167
799078
262498
272152
714638
557921
5788
240917
598690
203320
218873
835060
633843
852013
878338
330973
953843
621553
310802
316912
985975
85401
50378
807105
932094
595545
644390
412076
399849
9539
676600
596061
584293
410953
273961
891789
692545
368982
260810
95155
338367
751137
656286
194685
264020
518531
699737
436800
308730
779020
661082
637828
846880
285869
235797
291165
875860
707208
125019
818988
39503
915519
62563
199162
870484
827757
160567
588770
588934
948820
627328
174459
810862
420762
869926
883945
688609
550322
766821
821728
154608
928470
91636
836399
324276
379014
500258
297406
430087
99421
144657
994899
5644
465823
784979
118986
974483
222531
682006
342633
850807
496930
982188
428485
511287
62542
876538
653516
277673
689108
305489
515459
437354
717883
677013
676741
998468
132793
82393
646848
34101
675042
573679
238840
402828
986385
897298
678369
729246
691345
503817
683751
504491
257465
815124
554504
232647
743874
835768
723191
795604
320961
996131
733162
312045
982024
656968
853656
999754
633165
748940
800204
817919
315859
644761
186911
358092
282882
177634
365579
442122
106152
353520
276145
484076
612877
499348
837283
366142
742544
97177
182324
914447
419209
590466
797510
361788
861492
285430
860321
214145
384185
703313
84159
667301
733148
82901
482309
820881
302890
652904
414286
60492
236068
124663
324221
83592
714761
939905
555213
746298
95860
168933
903555
446650
255068
940387
954537
836330
416414
854839
843749
819155
29506
612144
880808
720382
905832
929220
269637
593370
940567
67583
135597
657422
106663
354701
553746
177853
89740
429647
353502
94902
664423
175418
216685
206504
425770
588633
252714
584997
107509
114106
859723
406686
871369
966900
766876
79686
780781
3520
880207
143770
579722
98160
475009
963037
793631
278752
693425
379526
386830
264554
160403
248722
704520
29021
479140
62823
598703
692066
323885
864043
917956
438794
237384
152498
702931
159515
469881
2864
596169
395278
678352
396645
502410
384004
864550
402022
984631
943052
506666
264183
974211
588324
112614
541797
407974
513652
667280
245813
861949
126268
858312
553861
896811
812524
202682
864001
661880
749928
887861
793959
160740
809270
234169
22645
314064
370982
198155
612953
126891
550506
217403
550557
70070
941392
427465
720612
211881
517981
321392
270488
994945
205711
865118
810287
807620
429196
923559
522438
310157
790586
679273
284899
873489
949631
574393
32408
853791
706624
711348
907901
479357
551623
131199
534462
584893
837105
128861
272058
686877
997444
675901
619218
216125
321083
994459
628756
125381
428182
942626
462653
710514
815752
195572
721778
1492
241838
179701
877276
596158
335975
782708
513867
213183
513673
712594
776083
541048
982429
885585
592879
412460
20918
72377
941666
637470
631933
580868
995867
167923
400553
712922
973933
315066
393694
542060
871981
217467
39715
516871
195951
625338
711302
562463
57928
912706
158121
497316
939086
627141
867321
804402
123983
608979
583577
624412
666051
37481
188984
172249
846747
952724
486895
536010
219650
564842
67450
299589
857006
143472
316847
192903
163816
273609
903466
558299
555324
716536
413839
192745
337967
510986
468471
505129
592782
92801
808651
144785
773914
368930
606527
474383
709980
631796
343347
540255
412272
444608
287354
867364
107410
244954
883751
461893
59701
366170
107617
745296
521923
164937
552365
584473
721203
197685
187488
264695
384329
769408
759239
63175
891573
840024
439099
658736
760342
957551
736436
135349
516895
346000
745887
592118
331806
40436
726577
185734
639728
944595
494744
703275
316183
375231
565648
131192
594259
661209
34550
820592
971836
163309
580984
332175
581481
648117
668930
419210
330014
737569
908908
801666
984214
685806
983862
253601
921147
304747
117836
173141
776454
302347
878667
696234
392247
324403
418439
816010
988514
666175
20109
127519
307519
808315
374244
277427
894836
360796
476416
730647
924155
204137
412421
167628
130610
967134
287029
845911
612930
440813
731851
944484
649690
454680
900414
570970
132398
768582
453760
311097
902867
692364
22478
237274
229910
681335
762881
385914
735230
640787
367837
558296
947643
64012
876680
784244
821760
517629
587019
975311
749691
444014
522036
371898
326779
903843
430914
7250
473424
803866
657140
921690
872790
245737
925213
825561
632385
770739
698426
212690
983176
579764
480182
232281
743269
645293
49057
40852
401490
72527
77262
20933
74672
383515
865245
52957
568548
759483
285315
188271
452087
346868
761424
267869
618797
39201
258814
60446
81785
454323
796978
811949
608239
698834
648534
372533
721952
186676
642208
426873
510459
803713
783342
171137
966559
168109
898505
833225
518527
959942
331986
69737
417808
574609
399228
922421
418578
101739
248745
617744
611277
935306
568926
85418
240897
201407
598325
103237
284621
747140
763997
850714
439443
319104
256254
702266
433879
242224
598073
636186
12015
373953
371142
714237
18763
760692
616003
894863
830554
548748
928161
712818
249538
112401
866997
189529
411135
927902
42499
795936
813997
517419
765339
490032
944791
62481
478190
72609
325659
750647
532110
11904
144499
793994
587885
988383
543556
658072
382274
232404
124383
407761
361810
273079
651271
926726
780339
26168
848003
770188
105964
458571
395494
82198
867158
984502
694682
502374
623039
488633
934482
71973
576183
331530
636177
342112
687770
82311
770347
144184
163993
18795
637281
888426
480673
522872
103628
151316
865238
219032
917315
898666
950824
690959
597438
296426
609991
128480
194718
961107
74484
182127
206581
842007
605741
724867
836193
380480
308709
765303
864737
812222
158270
165088
328592
930575
433606
61943
551220
491949
185018
238677
154044
260048
596092
597654
433206
451775
71
323445
161868
7376
978435
119290
98203
699545
248530
737926
310875
263856
660966
749643
17341
679195
467409
149559
925989
921266
742544
937341
125386
739188
711792
496806
207954
868609
729675
125323
509632
592908
611965
864747
779814
536667
222768
95184
603142
190391
13484
6794
678541
127716
660027
12010
297303
731106
970906
484906
74750
756786
101792
464287
242160
60072
849039
933315
984824
420944
172746
611666
345458
603129
405485
866159
607845
634464
546334
329391
470406
653292
334928
674037
730742
491790
232429
654910
992687
737338
785711
824932
59738
121212
157972
149415
976150
729281
250740
149917
966705
379659
144990
301565
788996
528619
598828
427552
556558
342012
829016
501210
885745
79473
889264
947398
429820
136956
248875
639619
682063
821578
957377
633435
430868
54539
218575
71239
408432
438210
211842
136042
14274
158090
212550
745402
18747
557143
207306
226849
635946
347791
465660
307848
232879
319401
256895
908268
762375
893327
979085
581428
509840
605015
639506
452998
749721
183405
250779
285219
448182
822560
542894
767853
728760
747592
617613
65490
603895
340741
50922
62747
970714
353074
281794
130135
239372
759908
690847
142724
209780
759072
653385
782064
57086
577658
247930
332402
828653
552800
778037
536788
950297
906660
875507
142649
980452
192676
5785
673494
841743
31920
363416
282449
571748
233693
676844
443621
604480
158873
673221
570522
356441
719821
993146
317873
517800
824542
234547
620887
126774
695130
110943
633854
437987
6440
381629
457720
348331
26212
916961
736773
86776
406276
131248
41907
986718
789016
950006
656988
487734
521575
728959
353322
255278
381574
509249
440641
540625
325565
768699
335432
302149
312380
181575
22533
841833
467183
656398
906523
152477
451595
629840
284095
757895
818933
773819
603429
359171
707337
628020
22281
756800
46934
79967
390336
238982
637335
49738
231072
170714
85788
214702
399364
386777
24574
589684
732704
166279
611536
241273
519941
662022
153671
7908
417202
694745
750935
999430
680911
120353
802624
899980
935639
708382
173431
739873
339207
246339
225471
792834
78593
840329
677655
959681
380065
849326
991532
107755
823198
458997
428257
495435
879852
579059
379944
462820
94916
746151
823128
18634
559388
272155
807378
149326
492258
671083
29506
429893
411365
400065
558498
595166
867005
201758
719428
361540
174828
653119
192134
616225
766251
68086
910877
858235
913245
112775
315471
357667
31713
415393
403339
226239
922615
462978
872490
617886
302970
132507
147131
838353
547298
744306
705246
820199
926470
787662
642371
126936
439632
183782
267193
732283
573858
897656
580783
291638
452403
333108
32321
304420
736792
127621
664072
775774
436410
302183
90016
385958
527357
205090
255759
696924
223782
520293
435938
453852
877010
995654
739849
585056
603844
47509
362145
29995
979642
468057
371475
951124
329254
975951
300500
249998
304317
485990
356142
189696
122162
265491
736308
980470
810768
127741
455233
893692
313313
216005
883862
744290
49300
81766
227580
580056
644116
545102
659518
437570
703687
947194
844907
794236
744268
879226
157126
426070
695987
621287
923781
10079
635243
264162
652867
678283
593584
963999
469578
299335
60177
152683
723245
219266
678022
751476
407410
687169
496654
595620
695408
646107
515076
913953
800715
828836
665498
318574
334399
228065
331088
574013
547828
665441
67207
27804
868305
886264
744726
110635
138387
923628
34645
196651
257058
67056
790055
778487
588672
464747
639563
684351
523659
81153
624348
246762
240715
491037
367708
863958
235724
970617
153715
246977
877768
432677
390399
809207
239152
948127
454378
82591
976470
1608
781542
702591
368674
636332
157270
301031
649424
356704
661082
145663
249126
760571
793742
43451
921729
829948
248354
252180
244190
914107
486381
233037
572435
899711
88871
624564
469850
872448
632239
567918
501913
256489
336810
893114
928388
139738
128533
214117
551098
925096
333823
566003
768954
329356
796392
525815
475397
275425
748333
446418
216304
173844
624750
636345
168021
294356
437741
847811
396132
623806
414048
637884
176933
153347
753465
322008
939236
394204
152425
966963
411429
636836
279728
879904
629638
227994
2985
437089
716314
863767
359838
130353
514871
285939
420677
648885
645718
227290
408510
784079
338671
12025
392107
286087
354015
232588
589980
830820
947564
984260
289556
670792
279877
120420
738638
790487
71684
449927
428977
316050
722923
487735
733076
699816
283559
735913
498204
52740
679062
637354
366994
705148
571635
526014
567934
327573
155805
616852
108903
218332
314754
524396
811287
460918
389560
793016
51821
836672
942480
244213
141790
339169
639063
824997
218968
154926
829262
562776
363396
870069
864244
333470
955677
866573
884506
717494
813198
683481
509592
936594
482182
770550
275573
144274
273124
416096
178620
784884
69832
592863
583346
81981
259400
150828
538376
371871
272871
313400
293747
542245
884691
80030
559712
855862
800208
183108
109613
806745
518979
436987
68717
320291
3406
724162
466839
205816
439688
48087
381842
216552
967240
954625
848366
822460
302301
927089
381617
510137
583969
647691
768916
695466
694111
404724
277328
119640
446141
137588
222462
884443
36887
330778
337367
463580
776469
614893
306076
779467
684087
342449
192991
487073
101632
142527
903501
754102
302828
435500
320601
496972
716270
511232
429508
152231
701457
265383
860083
186229
490341
303643
755089
442803
70361
513867
413716
827843
886147
266389
134838
450036
412045
812144
20666
979669
205795
378624
152575
465751
887974
340551
149920
81955
63432
30441
430130
106790
301141
551513
197658
216159
488846
588030
482563
885393
66114
133356
581773
927907
974014
284074
808329
165861
979078
64604
794800
487638
986708
490201
601249
146495
223725
352288
357391
92351
107060
2606
968645
864555
464592
853298
542862
306928
14346
843568
220745
830391
915027
631232
26076
430085
300368
267302
75628
686187
728171
80102
938540
456615
307322
269644
104394
450626
284837
841262
268582
825847
91594
714754
645924
258410
619763
47877
810674
574412
796295
647405
768064
847919
13245
540027
666501
209929
142614
20754
323773
375469
924322
500645
806395
399105
528632
522982
587657
57394
797893
596363
153965
426093
314193
661769
539865
179413
957519
75821
361765
557612
447600
701719
600072
522158
466350
966213
224546
249227
790755
812054
643498
866693
277189
515742
230381
574775
777720
736085
438401
62942
784256
649478
347490
461938
904535
573633
318698
176792
320697
539869
92886
643713
713502
925096
352230
168343
838664
522823
601403
497723
369873
256341
536929
470240
964757
56772
604950
48965
222700
445877
24048
462185
937552
725692
350920
274325
742336
257571
551596
521771
590437
80761
432361
686193
610123
708280
489302
301771
276804
511645
931173
510869
608652
534961
770051
682195
896489
726944
319724
476467
798758
876931
244908
279569
637795
532746
997091
264811
878528
186301
593963
116859
176746
153733
991388
437997
248530
19136
125404
646361
15398
49473
244321
300040
252671
150479
826729
29379
704588
816610
898591
582414
290580
457969
412128
109173
316365
871459
569362
816605
42578
212994
575603
7394
287806
78007
830013
496729
238574
178796
188137
609081
821627
800010
316051
261911
224059
824662
25828
296447
880839
950250
462607
552402
969597
235546
606404
704294
146965
667035
963001
146934
326009
928849
821623
255253
320782
501778
343226
925000
297341
560099
620876
534006
734366
955173
170555
457407
74197
806518
764333
375363
834009
617173
297071
49561
688655
866248
810736
686085
985141
955848
296090
671767
932527
775228
60348
734154
137653
127318
165333
823923
266345
223728
6635
687015
882578
481028
600777
339176
639955
51350
526674
387446
509222
670889
708228
478233
131217
829995
480199
879376
794434
148260
5990
193474
263457
358439
355730
853317
843420
622102
511895
286552
33862
2511
40381
241369
123217
132245
487009
653697
916819
234231
470286
883783
49048
441006
859657
600146
469208
977030
404520
106600
520585
712202
330372
802838
519261
220306
845178
475922
72525
163800
729292
35574
412635
120893
130354
385681
324062
919679
280584
663379
899166
435204
370406
873745
306462
931286
910702
151742
112915
7450
233322
827757
142109
814003
152231
475983
654424
812001
243076
769759
661337
304031
615455
324307
417332
888109
630421
683773
44242
381946
113879
563873
412537
358998
606328
217097
523854
546486
670555
672549
58941
116506
744716
538485
601127
397708
846456
742211
740031
84378
187105
307433
975596
101884
968259
283532
517174
791110
47997
836835
412449
704586
227040
900401
353757
189651
468029
387816
800448
794737
586139
369945
263299
436873
837169
297721
371219
258622
794496
311023
520973
679121
892887
85882
849775
340047
387147
206914
907294
48284
75714
899
748120
327000
257852
443559
20349
887460
580137
105215
209161
565473
213571
494107
15129
248448
812062
13704
799682
363274
825613
69876
48364
228116
940946
586603
29973
704115
899124
692677
279045
77987
39740
955997
428657
734715
40469
201733
52296
670200
821155
367876
527963
562745
397619
829000
87384
876956
365437
137758
35491
591866
354196
805199
418147
4046
955993
313468
566385
517758
102788
149559
650152
246000
137114
521600
951336
333491
231490
633595
804266
635963
859942
54878
806532
874962
874243
811885
752384
188120
382469
88756
463144
136954
931099
429675
464004
413452
322230
585542
27945
73847
178362
317686
241708
54122
660270
327563
973866
345063
159456
437482
429083
707890
311773
715383
146500
115539
818000
293468
831605
653190
523373
178292
621316
593824
999263
323076
867825
758572
928038
128810
347397
411368
604099
350705
216125
701384
57243
804910
859652
713681
31041
706401
799339
779439
350790
882856
768490
452061
197120
728747
561903
399665
209164
611565
515536
787278
513221
855909
42868
974073
559387
973237
327636
595342
748703
760763
878950
231284
305549
259882
346418
903195
744374
860670
147648
666953
322360
215813
31773
233909
342633
857454
50387
391419
105003
152732
534834
231959
874
526270
502778
169020
840338
134827
718344
430134
558631
17069
202534
940337
33507
158945
751976
542201
970661
830571
605575
641414
478068
807480
30161
461229
335132
811048
863385
430697
357407
439115
148141
48628
225596
856733
685316
330061
598512
85500
630929
990804
804344
96135
945484
108866
365477
953557
339887
808852
129016
144524
267096
767330
472673
718608
561651
997752
537093
474553
422600
935986
869757
841698
922891
58023
716707
380189
65508
726932
538323
615952
183481
460190
415549
66706
156163
606221
719800
924221
233207
884559
620325
29031
256431
513970
612716
668548
566308
544614
144622
408544
348279
552704
124042
774066
227487
121621
358963
8976
871695
490419
457522
669328
791623
467353
524674
757715
939583
632943
233563
664457
605280
338144
258210
752389
721548
934828
175776
343978
402100
774865
732996
354478
778995
78882
448126
424275
120815
137960
609031
4409
81051
27787
326446
368852
984067
234904
51903
214702
220518
430674
737739
383025
990776
295759
241493
447675
859181
631080
607048
484397
830658
517146
265247
948039
197944
9282
558285
643008
877736
634049
781122
288967
891434
417957
810305
133842
223292
633175
876048
462061
811941
737968
354590
938706
847882
709649
647237
592563
295673
237782
616125
204256
711941
664111
942138
738554
876823
222158
127658
915828
767915
159158
400225
602023
331162
667285
181528
488397
534943
542125
684441
941752
757454
285610
616419
760052
924341
801930
44791
681064
302591
709260
488884
345927
73366
935740
155610
688973
367508
715811
243006
969219
448827
238993
100386
193494
617864
606461
935429
667771
234008
667629
642320
917934
593349
815331
176769
627698
15122
447893
248222
748909
590320
131183
230806
239610
678840
813295
148920
470447
250642
833848
904042
610359
266987
31870
883720
127984
716084
300153
964759
133835
409008
552083
680440
410358
496928
254751
621581
901884
403493
141849
204556
115600
367391
682644
151645
346725
813186
957712
385930
899869
835431
799878
183721
213623
430221
354324
313826
350203
28186
928270
796078
95453
29561
750901
153021
154943
835806
15152
637983
766452
289731
84618
395324
721482
408548
122256
375032
389833
832038
340747
827512
816598
499008
808553
456451
843434
581416
95579
851213
114106
412466
310582
820506
642715
887551
946789
900210
851857
648713
147474
425980
927671
405950
383279
151868
665043
379952
18634
292866
802349
830246
347566
164329
872755
875905
812216
676299
379741
455448
854629
51618
709839
561578
446194
763570
881963
788135
9849
872512
714425
150207
718951
918673
968772
131893
250185
278693
617617
271518
518539
244376
316310
799366
217962
793631
238683
308598
647775
828033
735634
769867
413351
912946
613597
849039
509717
510466
794164
694612
326895
275454
902766
570964
761303
839806
102213
446621
114185
943423
240510
260129
944313
898525
577099
324054
408432
168185
368890
822400
595840
547064
809628
946571
44550
207066
639588
855577
582418
854625
119117
127039
720224
143632
844292
909730
336360
23150
538318
191778
634961
818736
119357
243258
121621
33388
283589
394028
606029
688807
649797
907254
120165
496669
487226
954605
198616
794863
755383
928485
796820
677134
452071
37353
364537
394473
756632
151273
131893
342232
516792
270203
487349
635869
53385
335142
354950
111737
794496
568235
378946
271770
293943
595029
144271
597085
856931
503005
386291
935787
824083
837872
162672
549971
835725
327669
474320
25532
136391
487735
976289
387594
489946
683683
860674
438113
842921
543938
185320
997444
978843
279141
52972
230206
784524
360659
216021
383282
713046
893288
317141
87387
570952
939862
412615
963027
592219
199803
369198
680779
136902
270171
981149
317186
539718
17093
305993
197797
901792
505908
374941
129818
393467
649151
985126
565890
374763
404444
474253
442574
395229
579845
405873
297159
316132
434523
886048
711395
382955
444830
141720
773080
633930
211652
239674
510266
667629
347197
594124
240659
81468
681241
178814
721147
70106
886096
81904
947750
866927
850442
848360
495920
139928
657216
534226
869644
365908
121223
986193
558651
258809
701839
857659
478134
659667
221565
552678
509320
588520
518662
312926
765314
153554
103284
886989
823807
612154
818373
934252
244382
733813
41460
163184
154406
128698
461661
904799
595731
969530
71744
349355
322056
47493
555522
111026
68229
411943
4659
408329
812090
442786
351976
799719
21317
39053
97118
594799
615844
415104
930082
160609
135991
223187
216580
420128
609027
70796
758206
754283
757531
247150
296781
123164
390933
681969
947242
573525
738362
700708
743708
648620
155748
193501
554143
416332
900058
832192
298050
653158
569981
613863
388484
797518
878002
892901
857604
763814
432891
887580
29608
143966
374208
236115
783194
420900
374827
569764
903714
276453
630483
267656
907207
259828
716819
87461
150534
33770
362099
821682
633695
414138
515459
885317
432614
500342
156490
460431
391431
334673
610193
345086
179625
830202
671792
694796
530298
170627
561984
114271
646401
566256
768087
969354
61105
728607
138356
214533
205844
632521
599334
341582
109286
533845
817416
584154
285939
10121
290689
649483
584898
821784
776193
516446
742334
76624
349017
901356
825456
701056
340751
147930
615729
767847
716270
620269
877406
483190
348798
254715
727646
225343
662725
906909
31557
634754
30633
692985
341314
371871
865902
836381
241493
59870
540476
29101
185736
806090
231231
912838
20361
971188
438479
111506
245631
82635
334839
944664
927825
145243
606568
171302
895665
54547
877337
700064
580476
425655
830953
931463
443962
461225
238991
179169
631007
240224
471465
763936
951140
400540
995542
483426
156154
135889
997814
654196
934340
203853
435316
9882
37297
579720
234169
708762
799410
384694
875262
810560
264694
239908
82596
299927
259271
706101
186499
135317
992561
986006
382541
955377
170395
503551
293239
955956
199619
929747
434177
781000
738524
501998
721143
637432
218530
28831
716011
843434
922138
732076
753418
550645
163167
905860
621598
458547
265689
533783
377854
298256
178340
61514
384933
51658
723998
209075
889921
199576
141043
608215
997840
864624
386615
703465
937344
325935
742424
762659
660707
848044
120051
657182
375015
451615
632761
557492
760277
30132
923605
384403
387669
414634
847746
340586
343772
123880
793500
342341
545102
861155
648334
138632
351009
637201
845739
33699
151246
863271
994116
714291
927641
908011
983135
915128
910271
479553
140164
674022
459910
74903
802585
349645
69457
406950
740202
850752
983570
664319
679670
201034
243873
101162
246255
957985
54799
804137
165966
6794
535436
490938
530159
440771
577028
869440
565647
988379
621399
700616
824082
397815
425679
395846
357809
345387
532604
762754
873501
843152
37563
105672
852093
864807
817892
262777
309574
354270
399033
825432
593270
152498
6961
375970
308458
140585
519376
101851
19407
668200
419898
656446
443399
234925
794029
178796
635059
540721
728876
960151
998187
87465
351203
543667
443136
473272
435445
976828
5600
107020
267993
375282
793275
237298
581480
945605
935601
127621
78027
562943
78283
287856
410531
379428
797290
111403
537821
968141
329316
489757
670391
828033
379545
304976
754323
346858
874755
320795
494197
653557
79780
419065
940299
154259
838442
737322
731613
83126
704495
158896
804195
741874
708664
446650
964433
308706
649050
444247
124885
323885
765393
240909
274350
34020
975296
451235
758871
719488
811825
763570
841706
110500
229418
911356
487509
448916
903254
456732
50703
96366
512521
256927
701216
443575
411442
150019
471698
102246
645164
582764
577907
8872
431343
274576
230989
41782
555558
345516
383553
213893
912295
918085
200086
72202
837207
512599
256357
792705
158320
161259
206390
803526
679028
594783
936116
700306
566885
382682
102795
738380
723649
624726
876529
376848
73295
429177
603117
581545
771317
710047
126078
777482
495772
284331
252178
27540
604929
915698
48359
633697
678835
627957
487734
715810
121761
900807
72102
708267
146495
748444
244813
310819
818184
613287
869527
777064
297795
299086
419009
559066
118684
22865
112744
916944
381386
193031
539344
484790
886050
142558
847202
147688
89458
526530
675945
809040
55258
209359
546572
263009
178761
98003
396947
95961
379787
410935
425583
96360
69460
362974
963363
544526
515115
638368
489343
931457
680546
537543
510807
444744
655655
414461
263288
62636
234113
965676
161822
361788
127016
338824
74733
243552
944837
940622
420387
738111
393454
795432
340252
20542
212702
265915
877656
526034
726963
915192
773288
437616
628449
80860
727824
428990
953901
66760
808764
348228
106152
201739
803525
115189
466145
244397
607203
744681
354163
95839
639097
950266
73847
694915
254436
475228
661792
965384
181658
586231
571381
693867
702677
111238
290446
101004
259516
765204
41148
980970
244674
371848
38872
601403
162294
480087
499361
781176
862676
445771
107458
181298
785691
484187
112541
536594
482191
310191
877067
41148
930579
759214
899322
976614
27099
885504
242652
459906
306181
258681
884482
802065
914400
119713
564135
576017
453246
818190
54737
891579
454051
35044
220939
523470
723364
39343
146870
727567
912272
404696
218221
364944
855170
763291
897731
57371
431976
601596
782607
166454
872943
647050
623946
305249
633558
548804
917397
314396
225597
673926
577705
77148
179520
665620
614556
392276
4967
687005
770550
466397
427829
297433
541879
794983
55390
168878
573726
207646
698297
348342
636701
364256
265805
147930
680719
734177
696934
277739
386878
123561
96236
470531
985012
650393
893182
738733
61071
250680
781839
160082
198809
121611
656538
181351
219973
889921
577166
410511
963841
625951
544608
132021
270780
730563
764740
947606
571891
580651
754795
204354
82518
306617
176780
234950
807032
698179
208808
438784
575910
573778
185645
550346
644376
711133
727047
5853
255009
731921
619195
35537
578958
213687
745538
328592
711027
577364
285548
589221
481864
682813
62417
645104
908646
337906
704997
187813
844757
928994
741302
402702
812806
178705
83358
319974
660707
683369
748585
537040
796036
419104
513483
917472
749224
447271
796768
998773
110620
311036
538231
774343
601217
208336
175116
658705
840431
336804
254598
969986
635883
11044
462520
486653
169050
823761
6236
455419
148845
76766
249092
274644
664325
294909
616135
849871
669202
199308
808150
649832
810143
190150
923753
747057
458076
951140
593262
96791
512993
192066
148500
136096
838133
615217
207115
945865
351615
333916
564135
426572
292796
855369
39159
441248
588699
252782
885912
17458
904626
162540
379319
249019
146842
21735
640041
569583
188496
891734
649591
877943
176772
476318
350040
134479
476884
343262
42205
788291
2630
830701
466888
440690
987451
132203
992687
104890
236685
294355
567688
535869
954773
891622
397351
390917
509592
676525
365172
467068
976683
748127
983504
568221
32078
335737
728067
697886
606248
168918
690378
321006
677767
630037
316341
288620
115256
974643
807569
760915
280415
324685
731221
258822
57473
567570
282578
850759
540783
70655
120992
363929
310930
752963
744726
440866
299149
686482
568583
28349
500270
609031
196604
789525
39768
588324
367274
298009
251616
837999
332585
426468
317336
630377
596703
412537
666496
462075
402207
948606
95826
342887
649157
232409
204323
378234
717735
857697
105538
579415
516183
690228
536114
260222
380173
377830
645330
918038
219182
780726
705095
492516
862152
609119
16589
148260
891350
481521
486847
47779
273179
468370
8182
376848
585391
33862
179715
315484
230197
906586
707446
939885
619374
994045
377502
224347
454094
132291
652335
547561
9422
650747
346971
926366
837190
719397
764103
128742
742737
121999
433
981681
10075
310534
322579
264533
877585
627521
150581
74800
456515
224610
105214
496729
585946
264665
617990
513464
727514
929512
748992
32794
78844
915187
539055
809627
155918
410905
923697
524153
272089
825957
542551
692364
718684
486967
853664
483914
338648
108980
12069
227626
507368
216731
328423
353896
469526
272712
769049
190660
320688
450205
720012
665034
324421
32262
721266
73075
136414
162539
908579
168758
389736
368967
755900
75473
748165
948024
294870
528881
794868
950846
444950
790237
185496
32287
304033
657830
456549
538032
361457
899019
366164
181631
405454
611368
59759
864624
205403
65642
499523
434628
552284
996889
939404
448850
830936
351786
175025
58531
681800
929300
202768
924783
788037
828763
713810
401799
198861
977199
201538
917135
377802
792228
936361
987843
375275
944937
995249
940023
42100
671960
408922
602669
957195
972188
309517
552404
490162
82928
595083
757096
43021
197075
145676
789876
708975
436947
729159
924484
564263
126943
328449
469526
165342
721024
30599
558081
454892
433971
400063
945360
744861
459215
266304
353845
587473
832790
5327
702938
892089
458030
901547
878106
154990
364582
455492
15533
738666
513169
127683
885741
422536
976256
338393
855262
827722
377862
9725
994076
818670
444537
810133
399368
336204
197696
929626
844913
59625
119781
951169
926328
985799
633408
495948
129439
104850
587489
585777
615464
901370
209036
665901
657180
22338
550472
338212
162403
211568
491472
483308
777996
793994
25428
993148
828451
266533
991905
31750
785887
607969
694912
44471
174018
556253
405323
648796
244525
625562
285739
937204
657268
400326
804910
316095
110625
138649
784653
981094
739844
590957
347648
494261
968753
68975
815157
579928
580828
270916
830862
586683
35425
101614
899630
264656
174535
762833
110154
523308
519427
352917
331261
551083
434573
529485
167520
371058
747036
813372
384285
802702
40793
888909
827545
421457
345047
721688
666709
667113
453178
528500
576782
798100
745998
201289
985599
117751
403175
335706
328031
112403
216364
255172
13755
685728
146471
52747
809448
710884
690263
667057
114738
649488
134249
352155
110277
585777
691527
177525
719897
298440
588281
350718
364095
284851
488190
655505
648313
54669
331656
997867
188132
952061
86479
521706
793816
955900
143265
13753
51513
843123
70950
200160
854910
10795
129274
526058
777358
459640
683237
890401
512023
267030
22777
219953
192888
952075
925839
559946
414452
993066
478020
658873
433769
20292
649790
534138
923337
942198
372937
155281
726942
888478
862591
337561
813589
302047
822736
940913
690667
15302
95180
744290
806024
346710
862317
867180
570922
460530
518659
350087
969961
320070
796729
348046
753395
433443
71980
179748
810289
396884
108314
117589
883634
625667
385844
367666
538067
483764
640619
220623
895301
410501
886421
772088
87716
684246
367043
540973
111730
574558
43746
437611
293642
842942
37816
870574
288202
690729
155075
340279
898043
595892
997765
810187
113130
972439
259491
265784
345817
992323
229476
163088
378913
15320
287631
165037
223258
337485
970482
294800
818269
332885
947222
234679
686050
267258
224908
730685
227877
352552
933039
586634
944313
984628
656362
816268
253490
858958
392904
935194
403876
798333
584832
446651
821950
650757
200277
59585
282281
668622
926815
127068
560983
45834
196707
828032
829120
673448
917760
518543
714326
968938
48207
630248
964222
685914
223890
607484
193804
120100
486323
465104
879371
630273
622144
602289
921864
275384
515863
118474
357681
72058
12466
618831
686400
72115
147679
115669
521306
133131
90264
160970
459474
711705
652128
562326
261786
755964
620383
673590
888340
755273
950583
649223
796856
924590
146433
976505
892785
651505
488597
727467
797469
711448
296729
533582
668462
95885
839995
603518
857188
982651
96342
865172
552402
333091
793492
633014
679800
714761
834598
443604
276348
45986
419940
239111
210707
695824
42652
626374
35296
658782
946040
725189
445640
988400
508365
49942
908752
844134
401411
625595
981602
447697
924854
182737
807077
29993
982252
84119
116449
122068
787888
759140
978052
256266
585391
865172
385318
995764
46028
927378
663273
900206
743351
881894
233947
431198
231721
894382
850751
214438
501498
122028
538277
308984
269569
469206
72304
847624
602241
181541
698118
699362
11580
535656
289436
510753
307903
958491
149148
706962
470568
280149
979938
379061
198724
448483
23760
518660
624944
462804
787641
819404
761201
909114
849860
19174
548912
265638
611429
283119
244224
290317
366934
263700
666298
633621
853334
605596
11049
418867
961491
47493
185532
856582
600923
456494
793119
423355
64775
359206
402907
408427
904613
541532
278212
776906
652494
381617
86871
348390
391951
571948
852896
124902
321684
22382
908377
964929
761529
155628
651768
574000
547093
250658
245126
668026
188872
272538
740534
528567
191374
205969
242868
278661
766551
849874
642988
955838
448113
550482
271727
678828
710403
456165
495390
319345
587546
566760
87272
127519
948058
925654
632722
245533
422276
549601
614551
489035
160609
153299
819507
403978
596369
178919
508761
998375
42917
787130
757528
397466
669608
678491
248875
888478
486740
333184
96580
32066
268484
105522
734691
712941
768657
952342
541110
28508
84727
585208
976959
665679
201255
565473
207928
84940
626211
921339
430037
664013
612109
486203
922891
593584
831119
619692
243908
943390
595027
42403
525764
398354
627141
691806
771456
218084
23911
714788
910468
518800
489562
954667
493179
876382
676907
245115
472701
19809
428872
724109
33286
720404
780412
377092
624998
72976
213717
414501
126583
107124
798853
642658
271850
314315
209780
721838
37933
852135
237881
831808
162111
588187
682985
363709
38754
815101
739455
687169
383248
73085
832427
85424
613939
685485
511479
198421
799413
624968
433489
63322
736232
974153
290547
586013
768295
747338
193571
902932
738839
122231
637560
764305
451471
510027
351393
54892
470991
772523
691878
695195
561033
677988
440309
192717
256485
152024
554529
810163
664545
697935
601368
472382
771368
858525
912805
415228
799897
189270
951839
830451
169130
8266
453863
59328
621403
635666
73660
491169
428800
243118
458954
342270
714788
223725
162802
756357
576087
438690
358776
762238
790989
406295
616067
670804
203586
40923
735048
944993
332707
947959
882460
402793
772365
478328
484386
156281
780859
47564
346832
456016
930311
474201
840261
524983
24526
728853
339278
582538
666165
45602
525790
732681
928179
760924
778082
795258
494284
215593
450863
737814
522438
666485
233909
857536
988586
231106
950318
613202
227068
652488
339356
246767
341810
102898
701346
400947
458287
353531
512462
32928
197810
658932
442617
267079
996530
193368
939147
628012
523433
220085
321273
293260
32104
262862
136368
864045
410813
73846
504882
56523
186506
416591
253253
222401
205969
33154
852297
437080
120025
224670
716638
799769
905293
119414
823772
479142
432473
734062
30641
366457
102740
133907
769512
739215
258414
524112
564259
239646
655668
877191
603820
811591
460136
151432
744685
268313
548402
591526
803706
258714
848581
962456
159443
57195
949371
105785
283310
6146
790425
860724
234461
86053
118441
182684
748400
48411
289825
