726980
747799
947849
303288
982608
910248
384385
721445
697005
399410
967746
550257
375877
297370
708514
206380
748781
233239
609480
512057
670090
899252
314942
126862
759454
220317
76789
233461
283252
879691
363391
953806
560974
136146
350071
901699
639383
677700
356562
749730
479681
186322
611097
439714
507753
562576
34350
682031
870376
164802
322615
78749
746152
636638
553364
812842
672165
817275
406749
401229
643953
975741
329325
844692
608113
866284
302539
343283
293510
785201
235080
524262
998036
703019
193718
476896
232506
638001
611309
740505
568173
334178
416412
108875
727490
195809
255162
903916
556501
369700
434153
32717
185108
282249
721967
449190
522722
390271
427133
109444
235135
313727
559020
433431
256533
183038
879526
722674
220416
817186
672359
967735
78774
155399
290000
154715
472646
765512
422182
623284
774158
195278
441543
852859
413281
514695
756589
483629
242697
494501
214251
900841
684464
383206
387371
696286
89853
717078
253177
290833
209819
874716
683403
727383
275832
338469
542068
169506
405833
398399
819928
828611
333902
69208
457461
109885
112278
269834
394409
328861
795316
567109
617541
159242
143910
626163
184237
962519
103797
24822
664222
706019
451899
93184
184701
603159
880680
749632
897785
359416
320822
72435
529859
205956
731261
930672
358250
684183
889638
859922
2666
610461
937121
255278
109782
352474
560148
501766
401010
137180
677215
395961
467156
209299
194464
60557
393200
972283
316638
720648
214830
940512
606036
457629
887197
818271
329007
675852
479843
940763
190490
650527
177354
865338
137409
308663
634621
701155
531556
883995
662151
568694
492994
996254
368110
11340
659057
181939
588590
352806
958086
429524
491569
357502
217252
530214
858517
720199
276837
313726
63425
579711
405614
765462
929425
289313
89402
479969
631929
223290
925611
147938
779245
513233
493333
55336
182513
340893
621417
101616
103991
616733
345279
674034
35058
46264
498255
901599
630011
18816
306569
968552
26566
274490
135383
167885
938762
188155
939769
385624
705091
59776
305107
616907
594410
286869
398919
290563
110581
821811
594831
955894
570435
448116
541293
645324
862621
454561
505256
131569
156487
567677
721284
821084
690109
467743
262859
801410
456211
908935
514547
604438
341098
872686
71091
295293
459616
481469
120793
352786
142286
248370
306143
980739
173513
74708
496661
229313
124997
445860
583381
302430
910128
668400
793883
479168
523303
695036
816018
907827
738591
35058
160376
656666
291643
521428
73223
31566
932985
786043
725507
117015
552754
371586
102399
700276
331944
200623
879711
909173
533559
554011
27792
353336
245170
748276
760349
102719
370686
716135
806705
896904
34188
75611
3363
369646
660286
168166
267296
281529
453262
575996
377656
486871
589118
742740
658956
453961
567422
975965
233221
971583
400138
562870
397335
495530
684056
753408
59975
815489
303896
393506
118085
123521
542333
944765
149399
202498
847395
620845
906668
510912
726325
36773
863298
545628
277429
637912
752774
955609
112784
793333
828121
439641
13102
603046
889872
399826
70603
77433
850385
990939
41661
77397
310661
693870
298923
22792
792427
16147
708170
270819
494927
141745
462995
441651
53545
239228
846376
370886
753251
221046
120780
509530
647016
338780
721865
682449
728604
959984
840975
479134
492157
192651
612966
194343
769014
597686
455072
454334
615500
251575
414881
757335
154004
417532
180647
659898
276647
90683
993784
396309
359023
340559
124162
20332
993305
620874
437571
233594
673778
414737
768103
662479
787516
402850
43528
837266
745766
292808
349564
861575
931763
109528
110044
29868
165092
932556
654325
536817
115334
239501
173613
181608
944143
911082
701180
173004
419893
559975
871819
242643
628467
836678
116233
95232
394298
752942
839295
735061
303380
247117
482638
522570
595240
648912
587465
94953
59328
554145
862987
387824
459143
552560
95077
349532
937768
20555
137509
167282
174194
75337
409041
805410
629803
96000
864668
48986
909118
259426
411316
901547
620685
230819
540817
428477
684462
743623
851894
939230
419862
207333
738502
312810
597129
262903
844231
550704
865599
902448
54720
950590
323408
888963
646836
187056
375877
613816
810740
251645
736195
151409
978422
509881
133867
470111
286286
584860
563983
660158
964712
127223
123880
205369
990514
141035
709292
421380
868539
920997
682462
163606
176543
936532
7072
836437
438123
944742
607344
286162
842656
903618
582939
1385
33761
900434
338574
508435
294008
648297
362931
413881
49125
810442
771446
436346
380977
815177
529043
524524
389009
621177
186937
142447
728120
292695
608192
540687
768560
307152
870441
665896
664884
228297
608759
241140
510585
750507
496124
458964
168749
24095
908731
551882
307728
803447
975212
40546
26911
770325
12610
895565
67974
333694
11783
745544
824177
139746
364680
409329
12681
298741
174681
42806
138671
436480
639662
440665
50033
251306
380868
504078
931707
160829
319121
724485
767045
810281
27066
848205
840402
348311
753610
758968
995826
349486
327564
322605
307706
564779
847049
737206
498190
732550
789129
374938
629673
183888
135170
749734
359865
491978
618553
175879
784805
940348
584172
557825
82973
137562
136559
619389
954460
885645
659359
697383
765535
960485
772515
427094
707672
213469
166306
60391
498807
578468
408620
155200
504029
934550
30570
978785
853560
289805
839922
149002
46143
206953
564136
774229
285793
78891
833283
431810
620087
252282
726692
636472
391558
858450
691838
288838
337836
9437
310157
170193
973824
333138
297940
597006
401758
330886
686547
198992
527500
8335
135469
73692
413768
919428
263748
159644
498804
486192
366680
772404
923575
899052
513858
247888
134506
201604
605634
716827
883107
349296
857784
55904
453927
796579
304301
837049
712660
382146
963223
938823
105404
53222
662372
109493
435934
954535
700392
901389
78906
63042
378359
12627
890552
532521
55806
593789
914341
480207
192899
886535
992480
218209
212279
392455
404327
657176
605597
204224
341552
112117
908608
665086
37477
270004
108832
41556
13575
492086
646080
127748
8219
79398
13031
623939
990524
215293
930452
889449
23019
675551
964704
682176
267667
597317
734522
881391
888613
796668
289819
823525
658285
34004
685717
424022
649872
90941
949324
550315
369915
863043
204767
346079
141707
570669
218068
427410
342090
725561
893820
477814
999317
165810
238484
76205
344987
465846
517352
104116
111398
917733
40667
684295
73401
21813
415627
369262
973499
494695
468710
939788
506724
560404
27035
836827
314544
316019
525936
447876
665271
175050
708232
887922
709143
604033
895841
784110
652259
827351
297708
94155
916744
141150
242481
893293
479371
966350
866881
415525
377972
779272
365911
163378
102928
76789
642371
409697
239936
378787
620290
315723
269496
521756
302405
688559
492443
913119
172450
754527
781661
663793
427480
628829
439974
815489
482848
347940
957360
316186
724659
573771
903546
716572
417281
502595
360075
36283
635466
542491
753431
817448
479893
831155
947414
470410
827004
165390
110325
187741
523303
912449
964680
648202
235600
614931
771580
369957
638850
482166
761068
652383
704186
76713
710553
940152
837861
307573
944402
429966
995878
582156
565410
232026
811058
224911
759246
851870
8238
773084
258511
70826
872356
722312
588456
508765
141466
640750
938957
900116
807718
36354
711107
42574
828871
141186
947212
14877
365474
296562
372894
172678
137097
337755
533045
543839
932704
277433
844693
66708
298687
700713
799225
156313
636470
945904
270511
224424
59833
171981
940729
753168
972283
47389
363521
845864
275136
355709
571111
758471
614167
445549
670222
800114
778551
474070
205811
698974
92538
259118
364010
356170
639976
930705
404915
544727
619458
616505
826654
710886
353258
192544
592347
977396
486
560114
922791
898826
463648
741636
788730
446135
989672
147998
135467
178970
983999
685496
929186
581795
324345
404459
297998
29505
598806
164468
32744
688308
409498
406598
485711
367289
948168
303297
794629
546288
930729
210586
39870
820412
187072
547983
716761
757947
939489
15331
155188
371594
590737
171062
35213
990951
344068
925599
267355
625986
434589
19113
151477
262670
390114
720273
623646
808636
635438
10229
42587
812438
996122
322827
604057
514111
185997
886954
843034
527221
237676
427892
994430
739514
642845
988923
308339
313486
365120
1422
509028
549869
513057
386410
404297
640677
541141
130394
356428
640549
993265
680243
202409
660385
836570
433090
108564
595119
368950
519287
629972
711066
57958
142296
728604
314538
378663
155515
589869
199901
966029
22586
611710
419691
620707
642483
727784
722708
822429
772363
716057
535410
364783
124350
70059
852161
738682
801183
219816
790789
694395
621156
146432
607604
490771
534032
727750
946980
198118
945680
807351
920644
66026
130353
240825
581078
37477
995229
876438
253047
460966
98355
337647
509582
669534
946749
929991
464373
597487
570085
977769
762109
877075
5512
376363
573719
945474
456579
115010
132189
332039
477061
271836
279065
205726
21310
479555
822493
542004
213448
592562
269010
683700
62351
940470
697005
989044
36812
262407
821088
245104
419410
542244
257102
730400
110234
737279
322372
238571
472201
651364
436934
785909
264052
448228
301165
661776
339907
639827
690139
996229
277820
988974
101394
659690
688284
619962
542344
418263
939611
102585
577693
921033
623632
335039
631236
397044
985996
878921
406847
382169
646513
215889
989897
664694
309763
70992
637529
690172
911521
114684
951625
595623
776049
379730
202592
495875
903191
905588
140345
868901
562837
141594
511321
395695
492204
919780
152481
998955
815991
955986
290236
884583
877979
834411
904558
962523
572439
161722
790401
451838
359076
43541
20462
409319
17378
89929
320150
15287
989977
582302
275249
74657
10566
233251
635726
919548
323125
415183
694395
829268
963339
743754
203944
23050
486019
772302
423729
766887
436537
698767
880398
866585
446215
123539
700555
781779
79276
221243
829329
395161
162212
620636
283483
132896
750675
717040
942519
485234
361419
776803
615084
498045
691123
95588
866234
136717
213450
340630
994227
733628
822149
492172
20497
658565
753399
855765
683206
884329
183474
977022
625464
254295
560115
222092
253507
628226
594099
459277
272622
195212
527630
439265
4761
241195
564016
41211
548348
981561
884379
509886
705736
530395
39957
842107
716438
638007
638457
716003
724351
851220
879358
820457
6131
283782
525117
226108
240137
261192
508160
993489
432663
790295
560415
241975
758279
915893
292025
909033
23126
887708
419131
272044
349306
575361
989088
576358
549670
204394
862774
87959
439071
509992
280304
628245
379967
874160
852956
924658
644412
646168
324577
341391
607892
184277
486340
380367
850080
200843
149138
676034
880700
435455
790622
988613
701523
242408
62619
250342
513110
431364
472247
215643
803055
818939
901325
300373
605960
74943
614090
865681
599185
486714
483347
541895
701228
777985
959130
591472
767186
319758
685294
690787
489020
862530
354501
434989
777024
651136
750312
589821
739315
115026
916438
112345
102086
58905
129599
82622
274344
388953
341210
860584
896308
101522
195982
381511
506977
435178
192320
243662
999407
726330
524551
612219
880363
746250
9009
359348
676667
765742
384972
805105
944062
198510
463336
549736
983618
915280
284876
646300
17325
154413
437251
251451
396416
524338
259454
328284
311538
480984
330758
179974
662879
260182
45956
407245
90765
576301
990527
750306
87579
503464
739283
349269
762511
479769
728376
619970
441769
931706
280946
71601
286180
83009
75667
333085
920997
662764
889992
686346
900743
20557
296008
529915
660122
788069
495473
920211
250664
481320
454675
824259
937763
603459
455667
582138
542287
619315
739974
732525
526612
452173
76504
70686
330456
163880
416659
133166
145130
855972
621360
158492
377954
196412
416185
370278
241105
748073
412031
482848
622879
807030
609739
761402
292226
528306
362765
541842
611045
303466
133132
375669
87807
213084
532960
260744
686484
487663
792690
307714
647777
957767
152822
185829
217412
898392
492368
958110
982044
495085
410341
609409
875190
795641
863192
607825
933859
416851
898874
888394
269254
844998
462398
810026
391395
663887
582495
412105
592347
735406
41539
617099
174803
353745
274598
627720
744247
499023
535872
871015
800821
284799
645733
377899
456372
272832
791047
10265
915545
85886
337526
562077
82353
883377
781446
278621
682961
512705
79435
294686
578170
729353
637733
604846
662474
577015
120291
245123
162778
902749
921664
57603
967708
170538
901897
700735
761281
304846
611117
88670
267328
660802
546842
966665
14240
744363
708915
669004
600981
663756
475812
998318
510441
527258
606020
132571
135505
663040
909260
606153
472371
463822
900334
142512
79712
511352
648202
844819
357917
89267
179962
374541
801676
653249
509586
250747
885790
167089
461267
960042
85820
659996
442218
813138
544305
36508
242082
264011
78560
89008
85891
220637
178008
171663
110917
363558
107371
649558
713509
155791
270237
8838
782019
778325
59482
452698
755618
958915
599100
648111
810648
127301
856774
608046
690717
262427
463334
679888
558107
904600
843603
968915
128389
523423
760235
456432
629182
688283
88591
972067
364968
828442
320958
142184
797051
239846
159724
198372
926193
9162
754747
695579
753273
714748
53589
463729
922323
171845
548443
503099
771417
306860
231493
523122
563333
234928
666382
880019
48285
587146
446745
23068
89074
10097
688051
224991
795922
203366
483501
764796
401499
699504
774676
290677
679381
471281
895508
619391
19124
532017
713594
332485
264849
275449
295738
42165
392310
209420
982405
470005
879671
61568
804431
555539
726444
29715
166390
325220
680349
622315
72397
773960
890849
312370
593898
720782
73926
152411
381731
484783
946469
808446
991621
375194
382453
476274
361785
485215
160007
591066
634325
98292
259536
609469
336079
724409
519433
463729
710773
103947
337467
48420
539256
381075
152948
43992
386398
465937
347990
986852
879237
121974
570807
296021
107325
877475
522914
989992
523123
408751
856281
780409
891800
16007
206816
696727
577659
156986
8322
469347
184485
485753
591981
333456
942197
489339
2990
85952
661407
21830
368965
814849
485968
118827
689239
519074
669220
356748
862226
361236
216551
861953
593421
947676
515502
415209
10874
279336
817955
163470
973065
496861
37039
624566
729815
697211
303717
559042
793308
297729
810338
254606
587325
95144
651574
120131
105275
125952
870005
472185
991922
242808
915463
805903
562261
377457
195219
224380
744868
286047
590873
466006
852592
534559
341184
283297
931283
309797
350869
300301
271719
646895
507085
269550
524625
369727
161685
909613
614305
491848
783432
967430
754511
74621
666528
323243
511544
641613
929731
981846
318401
522341
716409
29564
15764
789882
908569
369719
259152
502683
210096
6754
787049
677700
841808
112692
944886
119337
564400
30421
828653
114458
325371
52452
683116
446902
799613
299163
847410
544524
415529
724783
324502
946412
673858
585163
601008
224793
285401
448565
768203
227912
741559
801023
533265
449665
373387
87415
610153
685711
971818
760409
611797
246221
799116
990653
11935
118640
879224
634723
699764
476697
85634
154549
41299
26645
635546
573719
104883
314524
223269
983418
379445
296773
335777
330667
556042
841652
220711
94131
987462
210385
99500
998638
109737
80470
634409
97270
533089
53285
455168
11783
412349
643726
83243
528586
440478
188230
226725
164250
734856
350978
874820
460132
293263
328316
175969
834512
474057
222481
301416
914079
169325
272496
631921
147480
825854
614834
916607
568271
763757
493353
573914
535458
156400
5658
944062
57809
926295
491353
571474
579718
911651
558409
181262
669866
413358
279300
181348
570934
900343
634834
638850
772932
838199
655848
640024
254463
161163
523472
1458
532018
171786
927164
621558
951536
188218
80725
348872
879212
276802
687646
822552
634582
88070
230746
754339
272962
308300
823200
975492
65000
606498
416032
545485
248865
130614
264677
751506
568623
547756
722603
486243
889570
745767
43528
100504
388450
432672
871617
795697
38846
461883
725063
657375
561704
548789
848513
241553
94049
743248
219390
526206
834579
287085
611484
671563
855242
148060
909905
132706
22032
221012
626540
251607
485769
997717
546959
110704
254142
37976
538967
521283
854001
805148
56303
491095
154216
231524
676250
599596
789964
434732
933044
774319
380187
162563
336156
436034
854747
707986
476254
927446
335878
173711
89325
245811
599521
895892
523472
348459
461600
936625
176032
375646
909730
513334
50012
82912
306264
152439
861320
425182
443585
797489
224561
885022
851948
125894
891545
657986
8484
780296
363172
743054
316293
144335
521801
517891
496790
563324
22417
805065
424171
500177
530763
35670
324040
208884
157433
813467
980101
5325
177352
253826
577405
649227
462398
127967
803838
618259
950743
487271
828680
52831
42062
243881
346420
986449
974148
284191
74332
835291
626366
525178
706634
493414
775164
237224
310549
555680
254660
730918
258895
902451
662430
320958
781612
487519
981621
51169
681213
87742
714942
882452
416122
799827
836234
835291
783830
495238
592138
183058
576844
83888
178284
723689
860703
305034
127175
385399
126797
377049
597986
716667
460099
942822
537904
383669
84332
117950
852089
601347
529966
86797
695575
9691
99951
688707
498449
94053
381975
12284
416844
88956
277210
87759
453760
89138
82221
774569
248144
331244
255162
649565
178431
743297
619418
439914
491366
26753
314767
404188
186504
39210
65967
622375
601556
976580
592532
351764
643687
883107
851450
633124
325808
414119
354773
125785
94524
228975
463702
956133
186355
242063
174084
117282
609107
757735
187146
336582
492868
21518
842353
932810
131857
460145
843045
341399
471571
39664
654474
775002
775262
840743
79443
58980
391741
85874
538398
907445
534479
16548
937539
778170
949499
894578
917215
940491
657311
881478
825695
716090
533347
456603
534457
113175
485427
661564
59027
493158
340062
690495
827640
967664
405973
35150
455675
55854
877923
69618
408009
194274
426418
886820
861478
823678
651662
569225
583340
77291
685971
168328
129702
260131
938013
904506
513866
521538
129778
139232
59295
812812
35910
921233
979055
694443
977583
256781
957588
968602
510943
290290
881024
617204
666560
433337
332864
463648
558752
355351
110592
885973
347910
365455
406049
312926
339574
238702
957377
293253
362924
334066
111840
486080
599161
466196
946861
778448
93397
98235
800849
487533
497162
509630
382741
838196
988368
392269
897096
518166
194051
37730
929022
91083
962671
968940
86284
847071
140003
130388
648430
479009
922925
491044
314773
879962
748971
668273
229774
959031
668999
833344
945700
225576
912316
293183
494927
605334
790971
862675
729998
296899
51567
295487
344068
229290
244746
911422
890144
86113
58242
157601
311963
95285
789641
991786
848065
658575
88481
439963
73161
976576
181908
80558
62759
411740
938225
680659
362220
815585
589277
310115
808241
399301
707522
996550
67490
176652
123058
174136
402969
264443
172799
555951
359763
457510
485645
51737
581078
392608
469623
203268
151096
639732
429531
170036
723349
769341
544147
513540
133493
840848
409141
818438
370162
915908
115679
611389
879887
430275
549203
364846
204507
170997
317069
165509
661052
684971
678634
596378
770109
623858
810551
975909
235612
102688
75667
169514
769036
817998
917418
995160
169447
675775
59293
672391
612169
862086
179192
20900
477381
814386
473917
842005
916352
621735
695320
638223
307678
247690
974294
412573
946751
150606
950632
993977
249145
459986
219226
905050
738682
895398
720344
347839
97602
465111
860145
695461
538085
112865
741931
417658
275221
109250
385063
940997
504923
574611
813217
380595
937945
897430
864206
495746
640289
406466
865275
337327
424132
804164
917287
217097
387826
864722
817865
133860
163054
959607
748702
302652
244970
1919
710129
661862
840403
968681
752812
908041
578995
200300
380334
54981
863406
641154
287845
6440
178954
873191
165057
970287
560686
589869
181024
786447
824496
106253
380392
969671
891141
355909
795148
947173
752390
943313
865795
919889
340011
644108
550411
678520
210014
779138
539132
888750
933923
5610
636766
511427
205064
506819
261795
610999
743458
236199
701180
848720
8738
405922
46329
939186
982433
751347
546173
924630
132730
112419
313467
580816
622868
703147
851119
480321
393459
991304
76797
136385
128080
476792
104942
926800
847604
713154
198993
914804
826675
976817
21366
850698
573541
720713
983803
56946
208531
567304
291456
108806
676808
201336
971475
702550
902650
265922
329689
49188
642288
581648
153129
28009
381044
587613
968426
903359
471277
651676
300951
813668
470858
685901
820136
781282
102256
718531
855879
883017
622625
379475
472897
110543
711178
791373
717502
417065
602362
328080
490406
31915
994295
780793
986088
110457
866284
505289
847090
90159
168341
286416
226629
329943
754520
659826
455474
508015
96868
448837
762860
186283
935556
147122
971042
917168
458433
3344
278881
623470
289676
538845
623942
144070
798265
254467
481275
448281
443717
482218
345346
535873
639262
276058
768158
511987
942522
594441
960170
795563
78546
991983
465404
473089
193501
719237
221997
45184
244330
130605
751807
972636
308212
758009
265767
895539
498559
917118
673139
880611
328728
36778
145150
920425
80643
97258
365031
689282
484411
464013
592623
975292
26154
391505
789826
824589
598534
424089
937006
696995
876897
932527
784601
124477
684983
968663
153572
678814
321593
904002
121454
766173
555639
884288
356921
342782
610405
863736
940214
535450
271787
20018
915805
904731
409159
556880
876089
208655
443282
3194
253909
899076
183176
189501
288937
460498
271959
93108
479454
66489
240061
128369
153412
986749
277390
34595
985057
23494
945874
511510
202758
679350
719427
717583
481275
210547
931366
374496
531916
786345
404401
985799
450474
120280
63566
69848
540022
797155
896279
386031
786836
76869
678085
763002
568395
906796
91672
11230
977442
163274
356921
962606
634804
463819
328922
107653
432593
887550
184737
328661
79228
936621
37755
285752
308743
322520
49049
108000
35965
584097
378323
546241
262097
195775
577423
987462
577226
859891
238499
89290
356921
224278
583494
508002
495546
436781
929167
596760
328057
474838
390129
500289
142755
691797
788569
775278
24808
94563
281337
911575
589725
67310
226736
506737
235182
341135
229221
72794
599902
546730
613673
810692
530826
256357
458741
756833
945897
671558
722089
196978
258239
366526
165273
78256
551684
924434
256290
430449
455423
622756
62284
739303
519515
327560
784229
687557
388528
697327
899711
181697
127274
663986
139098
487312
258209
735469
134984
220140
711222
167268
976403
234741
751497
747808
272203
642549
398576
46707
778533
385679
303901
21352
727702
91519
716365
50975
516798
30257
466680
523311
188743
745288
42475
730793
688902
548443
477389
669348
262645
932404
976440
727439
844690
505405
424737
670279
52289
604275
35976
775396
972206
846267
257935
221203
869820
139163
521087
963332
766655
144004
173923
718920
188793
903402
656889
863594
35957
208589
192183
641567
848962
854236
773400
356761
913190
292745
486044
782436
147402
293642
587409
438718
444027
24808
889198
388506
360962
992980
669621
451155
402355
876973
379268
32643
566551
215642
707654
124432
175770
632980
552851
971391
235389
142102
413075
493226
729345
418777
519116
719976
75528
514411
864629
118100
976167
857016
199828
545651
620930
715559
654264
715621
990587
710753
293876
885964
403958
801922
675339
164955
714668
6832
571622
565130
895708
508563
151475
25815
527391
620536
366877
738101
579842
426261
941662
666444
654408
792738
585106
724992
573981
611290
268791
827745
479350
507198
758984
770128
99391
587460
882604
883477
82404
406275
974784
88189
557143
714530
251204
678505
839343
789795
362324
785611
843294
930549
245497
826321
73045
727597
1842
886501
94636
607320
40974
380749
985794
492586
410077
619139
628313
904869
805127
461350
120070
562900
572793
912102
362622
90933
967506
584143
425610
412368
274580
516098
780387
503998
989679
478935
240754
397613
789597
22316
662308
173686
978886
374953
655863
837511
571276
816061
803156
961178
62699
346194
577659
177665
190494
779678
491644
54558
11802
789948
593689
737621
800677
450159
871640
796627
696920
319012
537498
974372
728623
21566
847694
223597
72435
189117
719067
964813
900982
500764
350107
712383
327102
733380
157789
98074
273111
785670
409575
659834
244627
57715
398540
470468
351319
207594
515606
249612
393390
836413
366741
536029
528041
973634
141445
36753
198461
652325
983781
369405
24101
463112
230662
74626
208737
11132
192183
83752
490131
27962
345976
394437
530911
653366
775465
793844
687658
550323
894279
543965
398576
641766
662620
491788
481660
592930
104206
800216
269811
486852
648407
896368
843540
938796
335706
812068
246044
359296
995575
745789
700040
316034
216743
138599
821678
297448
763458
50527
222892
665016
285552
139829
901170
619878
985714
794361
180636
44842
609305
157279
511752
387465
931038
536164
633357
234779
706914
154267
176390
9195
209908
502212
359484
649564
309685
518258
704530
600605
503226
637402
302574
63577
186888
605062
816762
647381
933432
121561
516108
983484
980560
492796
738871
771011
628844
883809
299000
408580
660683
336773
989958
986303
739189
392268
63129
258905
779090
670345
198741
752220
700735
486443
363775
566418
784280
994974
172956
755535
302051
403424
60303
111254
123268
313516
477930
490958
201424
399496
969536
42928
547560
734942
793843
299037
7980
766764
546088
331410
405203
548327
67937
394554
686336
482947
965689
283782
65433
133168
79309
243397
489635
570938
183825
598806
725215
621517
273702
114890
388594
802089
596002
344007
18789
400168
651486
262914
623747
714205
99222
522600
15678
713328
308623
164249
832860
435180
585106
692559
570115
806257
735562
205287
120459
644784
242329
189557
850559
654061
754502
987972
443016
439574
557057
945372
675121
91728
519635
455914
673760
84762
320447
319012
373512
316365
351667
612558
965523
585537
304443
98853
494033
185669
956434
851690
89060
87361
650502
428794
205560
687558
162592
989668
626725
365399
271497
712395
228359
997896
282990
850195
562378
419944
895021
398399
355314
358884
853451
963355
486237
599672
596176
411045
33213
32224
918076
23946
83814
724586
352795
855590
433895
838480
935229
14967
620261
409513
624150
780917
603850
104480
330642
200835
344007
305147
187337
884124
462457
479741
804374
181625
176746
858391
742482
340337
375823
934176
760290
701152
133553
275079
878899
701549
330472
774281
588236
535353
676840
872669
729897
519791
314942
503796
304749
830827
699906
539619
715646
847198
372227
618644
878638
686252
416207
785081
791794
981955
652799
319263
443377
144295
628848
905671
556294
42511
629033
945335
510075
855824
926773
694690
420095
696953
749895
515760
728683
39535
996594
214367
512657
296225
415046
562470
95948
963591
654113
313165
483824
287764
652808
332041
571111
118468
146333
121033
635894
586993
995088
856718
8582
418574
43730
988428
56486
93286
534559
268447
390659
246369
521540
911125
490964
113973
947808
403553
756300
978389
920218
135842
113977
533950
37086
914785
50558
259497
268716
249602
782069
892647
437720
135493
609317
521670
801973
805491
801636
615234
417396
298710
866483
231682
946939
426421
108603
104010
283910
162586
7543
708258
554567
919275
521155
569629
381342
373916
998013
104314
967691
995299
22742
713190
240993
265880
8338
712089
399331
169612
670839
707635
760659
268980
733679
932184
840894
305317
923036
513976
383552
23291
112956
491682
751490
641628
900140
38092
312328
475452
257609
743885
427086
804768
930493
389030
681387
663990
156403
954117
530887
979696
674627
682311
848722
58690
341890
760205
53650
200986
798630
347529
636815
76869
477002
782501
312049
288587
758005
792216
629683
652894
995499
178756
779723
57442
495073
328655
552241
563602
879852
682992
237582
237366
423855
930516
965359
489740
433558
871759
510089
18063
750724
521301
186889
648836
738210
873446
796070
276873
688441
558103
910080
215602
318154
483274
695362
250502
62206
346041
549508
539573
387355
186881
176727
517318
447599
243046
505337
80736
703495
180570
102234
449684
614536
232465
166671
477190
171705
53921
679260
12763
873689
233485
500002
335245
454494
144792
869488
634894
539716
677871
817157
586017
337289
523646
993806
83164
103248
958982
338750
306901
17969
716678
596432
771129
862649
59445
509679
383206
343420
543031
289790
711617
362274
856718
641046
777011
498701
583494
245931
251204
661718
180563
203931
626888
155396
874682
865358
427131
657922
149848
230940
523226
882670
122148
237671
208531
307159
375904
4036
160326
531672
498114
223292
27445
93658
770486
875069
831906
686882
634582
763221
671464
725997
360802
322651
313386
16430
560626
719392
515190
437403
270577
658492
662476
224691
356457
908204
761334
120143
513424
650589
373302
617500
111398
922716
616873
176453
27184
667211
293150
695118
129230
333312
607497
114289
154832
978734
570138
579018
509395
947735
602087
51768
679662
248757
915692
158408
293102
861912
628345
975252
998648
190858
125911
239031
444250
713808
666864
242272
819075
7038
480621
610495
830608
472397
597400
705134
920234
358680
626050
194141
772300
869813
973625
418562
923027
267330
473006
374590
836059
875556
977324
977794
794117
103932
174704
543202
943992
72541
711185
89789
775602
828132
961671
633149
907041
528453
51760
775828
457129
653689
56303
641358
923768
97296
421375
466164
88114
274905
699753
985977
583719
342585
554884
562433
509353
540105
588118
688749
854697
980781
960104
598906
720694
692770
841838
13766
464406
279274
837511
376249
44219
87007
147539
674133
708915
43381
897070
792879
31664
915658
345849
254738
155744
117597
384545
524318
806298
18246
272343
851504
272828
210602
573771
362285
564179
702440
490428
254350
374231
695302
277362
675649
852688
506060
915508
289658
459152
271817
562295
285834
631139
495409
663324
530150
888188
770690
6722
360005
866811
263387
596760
88398
100183
556944
514695
984157
439163
755471
314211
721039
955862
823113
662879
48417
978613
904458
903779
846298
30123
636386
212704
955266
545361
359490
829777
303243
367452
994608
45187
436300
16812
609416
953037
218187
117950
83102
902613
337397
215389
513415
18662
449124
177689
575017
923416
375556
367951
229134
805726
514124
240600
154085
646090
905075
928940
181850
942631
699697
871696
266167
906864
982558
967909
146002
414535
938587
968038
355026
85427
826511
54921
107705
434868
437098
54766
435356
171450
981223
266226
800594
136035
263218
868986
94355
755376
345374
157248
145464
123553
24511
760266
631976
706295
30679
20635
168501
959005
24987
388032
636633
895146
536393
870247
362249
819554
362324
490155
693105
922300
940877
136014
985990
65765
170834
453487
165345
819413
820004
143407
436418
735202
577876
259180
300010
630915
141499
390231
274827
665798
524585
515674
799735
902809
395804
795128
832627
956621
110961
526791
721780
104409
447880
865867
723747
310112
425216
204568
765270
215321
300857
611779
735907
958141
17112
484608
859982
630697
126630
125103
327178
969390
828050
789892
161552
265002
8338
457006
120281
735733
80676
698312
338891
725741
128499
891290
50806
284125
457397
354513
465676
921189
209953
369195
949334
504501
402967
76818
358696
682286
170506
44764
719368
594750
787058
22272
386728
355631
343340
415116
694657
678085
532349
792816
948153
310066
813174
100010
848402
559917
119450
129992
717417
103693
76802
8529
241362
149090
993210
717201
944416
294256
297144
517180
246860
48512
2785
430341
723491
460132
168959
200554
9250
514091
501366
440167
461752
310646
607734
820705
441472
684543
448604
402958
558107
431594
158806
354592
376157
913309
472199
777887
146446
680143
769013
694729
357620
599087
758950
753488
445140
214179
748361
122238
794229
345346
268925
249370
381511
153686
390671
363078
855382
315211
572157
703403
576351
697131
251718
306998
488673
61380
358201
551535
872301
920981
453257
410813
204775
422571
977135
355987
838903
533772
214093
394604
158278
337247
455704
558702
246693
373675
237004
596569
720253
109499
660667
57716
298779
393389
731743
264145
651614
84872
657840
235307
112620
640436
588125
688869
149147
670839
540625
113185
532167
452306
989817
358080
464594
114406
707460
13085
231017
132468
881909
837142
480434
431941
881764
978948
844615
748488
997274
810316
394803
713571
138670
449084
667211
287816
645985
312270
867363
331790
54229
58918
152899
116349
100521
565043
647655
302413
364783
562304
38111
994360
874869
954050
480910
48443
562265
651124
741324
631821
525352
574887
300361
706225
317042
425358
364709
12472
335366
259393
937793
543903
533889
75443
903370
147500
587816
632719
319770
813994
40101
341173
59655
834390
858394
856250
15421
5739
120458
513650
525666
130782
27821
661009
21409
119071
896116
91377
919615
696993
474255
890460
784753
468228
40322
479154
445659
95321
122111
741034
910618
154885
434660
903410
49371
854398
346360
43612
817517
515168
986789
550704
341242
66662
880947
840555
70803
980930
696123
234850
679425
71187
367289
624728
100653
445669
10840
942378
330440
803730
711568
264207
320682
462388
652766
137839
344899
782394
777118
249622
477754
29494
308416
625142
252515
400017
121017
523622
594575
9884
318387
16226
688454
238120
968942
23269
273458
599473
646425
65478
259746
706503
635113
838893
656390
73211
470985
755058
493194
844615
667092
976083
546264
426312
821088
309431
499561
809647
242071
932898
338112
411069
595623
166740
683431
213438
696907
365320
226766
239238
876828
435331
100027
139392
909644
908999
780266
550701
167863
809255
101978
807351
177696
447143
676343
560059
845004
416523
794730
539048
220487
261536
980468
350832
411496
363069
536050
334295
747293
923219
212212
538309
993952
545135
119614
619996
916604
443717
656052
32288
271836
465668
995804
979617
510168
180526
267
187196
214148
951052
834485
512482
302720
999070
908515
11250
715174
690080
250054
948206
119237
896539
773576
55842
490574
632291
243170
796131
13920
657079
459965
224005
329409
137122
46735
747245
549217
255713
788938
946283
704595
903304
988992
619535
271450
60857
783939
177309
588121
418248
935160
249622
537476
916604
617852
703909
107868
153865
464965
378190
34019
164662
808449
640669
492945
4021
149507
310386
788550
900970
188605
169306
861429
434727
756226
283197
15284
197884
962285
532090
260343
755743
384178
470593
374441
825295
455526
723841
357496
34385
289658
765910
934326
92982
684404
434
422045
848654
839828
259109
189972
27182
413019
8763
869599
187266
977066
51278
811160
359444
623136
673479
365783
27414
353155
385710
778486
762471
279300
509331
954322
385643
346336
201378
577007
419024
101747
109239
4983
457166
575153
154139
274413
239520
370938
231983
990476
669106
346434
738019
913330
651589
489883
938110
145110
940904
956106
559289
109642
16047
22599
279368
991984
783690
175884
843711
508929
236567
10405
531638
827310
709970
912157
305495
333679
160087
218646
653254
294194
915149
612168
130230
122202
125103
980782
727401
368735
215031
801156
433640
669559
570568
405922
889776
351992
86797
380388
313409
122743
803539
370311
80876
863918
131958
325251
245729
623569
864946
444047
479824
642073
702583
578545
923288
877462
970971
360249
261400
849004
344404
113718
44078
509942
347391
903435
547831
4046
2906
73816
580271
796131
781221
81257
201046
828033
2126
992807
449076
45089
874124
242164
524666
767266
863881
609982
905845
704893
785505
427128
477800
363281
76681
73487
596939
373020
286444
437059
627177
217537
310789
639762
717965
141819
1766
24188
369745
291435
367670
71073
369620
365298
392620
987209
751408
960565
101244
71071
989773
22656
733097
17662
207747
389255
444250
798153
649467
254104
20721
446545
291832
952926
155714
920184
463459
353291
576973
34603
307328
525984
481510
320329
663619
408379
995823
70053
558103
235866
524154
710375
856839
732838
846541
517353
736250
652900
894116
540275
738957
691229
242034
369191
4709
864390
620140
933900
570758
784601
7814
921865
979125
505464
533245
515199
32962
48144
841043
60412
944592
790542
941001
526143
623488
354479
119265
776223
960888
481110
669792
202680
656307
354562
208057
916194
227833
718943
487046
857760
310608
275585
981079
35290
112945
105428
439813
38288
63582
33118
664775
964231
870575
120369
181919
884186
539980
440253
930823
913348
624079
755125
724305
876506
447599
895542
484879
145607
699611
163056
469145
687907
386390
717886
941765
183234
356259
898819
412658
241293
836480
809413
756573
520367
390150
640584
297617
729657
241904
597003
662430
296233
626101
137913
729625
895005
700831
218108
902773
168811
226222
885212
57766
218802
509630
569792
121974
541618
875048
851958
625302
248990
789274
606459
853653
621024
498912
573253
401717
939748
728150
1812
42796
144442
554494
591162
619342
498190
106763
309838
372189
698786
246501
329409
368895
386577
233189
434965
406348
108487
364814
150100
657922
26581
915014
764118
870854
2437
533440
98985
455623
410787
246860
869970
421380
379456
293597
805618
410810
334482
357632
130660
14434
627248
184354
160281
65503
820721
134551
409278
998241
453498
706943
962832
992248
729240
890552
882097
782531
880855
550345
53105
569687
535110
469428
760420
287906
850817
87721
611398
30728
141415
688808
693156
666857
51737
760960
927804
784288
9011
647165
643274
496762
666388
65984
467907
226581
764402
536393
355596
84825
715601
351302
562158
69118
557956
419511
714367
595304
83443
474938
649400
459870
904315
780975
689118
4900
96432
654421
709598
850990
615779
522157
165314
494681
657467
262078
989595
483577
895118
406090
516249
477189
537353
189419
222085
584355
58710
195860
427364
499358
665640
715621
998164
277526
613159
239279
754678
571687
928113
127374
855594
994775
737723
284590
576075
297181
577853
1330
291793
224143
227640
937766
932503
957707
253407
996833
768404
804661
44568
56003
709946
198543
188606
431456
735477
108735
374665
108796
162782
592989
206224
235119
780349
986005
415777
742524
672884
298260
217369
127472
813681
938882
693276
971757
723314
819635
588474
330886
656756
483830
692606
892622
777862
371720
232330
389233
410899
526851
916108
906128
845932
851664
609695
589884
876754
55607
318398
588431
452353
79615
855871
373048
448748
520581
623228
872190
660891
236252
519763
84744
627498
192421
171593
980220
203342
482986
748414
238015
750176
690247
572791
14854
440520
757282
75597
589865
954712
791487
47787
895841
397466
701152
543641
737568
809056
906396
767396
230564
812670
422646
107117
920236
259194
782848
214693
564970
721227
632225
506081
99211
413281
749019
384043
715217
490972
612703
499157
55284
999006
907115
407377
937524
927402
149155
288143
671229
124931
350991
784451
861705
345420
488060
235405
822318
500523
627536
684666
321513
502343
320641
323234
110200
67461
54861
149699
803709
565518
301014
177077
150134
325766
725878
803359
573483
598216
687611
209675
844671
517148
800761
598268
857022
697125
602910
350809
245584
288251
184754
711222
25870
256417
623056
560222
221117
556265
944804
686625
230093
885794
800942
892517
530323
150772
323991
684773
499266
473267
927822
122377
159210
90601
527461
813178
968650
674987
744673
655686
811471
699843
685757
712914
369026
583792
236091
532557
610822
61005
491184
591189
989152
111171
10830
246979
278785
473820
846306
780434
362417
887819
168002
511714
731407
111296
122584
509911
74489
304421
422916
762168
829883
465729
994515
807100
93219
37014
635716
927240
610820
555759
565711
128435
216664
137607
195782
777327
961820
572384
997499
328529
526572
889035
526619
265444
538843
264575
544386
2633
91672
383070
894179
172499
252957
620994
912316
422690
856383
559037
417078
638950
550889
521051
872149
137688
821270
562748
371969
101787
633711
651386
152899
609916
866742
347800
145287
204922
652254
328012
930627
970766
103198
68804
652870
329345
695460
53678
652289
221328
701782
796755
996786
590078
977586
702883
123996
367237
814525
726260
634136
123379
740174
92382
426551
543145
691884
581756
414614
946763
592636
410809
293829
864570
678712
74778
601968
894982
975048
418764
487624
563297
647193
360498
520340
20827
441410
760932
169610
524262
290836
663505
954780
412370
94058
350875
16103
346288
461545
633300
151223
801979
396017
753871
671208
357019
333694
619478
834134
214647
308834
683943
432726
121160
638231
372188
105275
793630
85073
817862
935510
447592
229160
704245
784458
343110
964913
167387
218059
369510
864662
674820
450487
94953
546451
147324
21075
250440
321867
900604
150870
632757
854823
150753
149038
183786
993944
965653
578987
46581
11474
19463
96005
648297
324734
168205
524515
682124
918646
583680
641554
354182
147523
829999
11845
645634
478024
686929
242034
108649
196522
975210
314063
902657
948009
895036
561305
894672
313898
905334
633162
919692
512309
223207
148917
175490
391223
615958
883726
382400
341112
941848
998483
242211
472337
30141
173033
147473
414881
961367
558758
660062
779913
920954
679693
389902
653413
223317
944867
782732
761107
734634
884694
131617
527637
687740
363218
578545
827214
86316
987581
851495
954475
741893
820438
58258
399497
676523
491844
519792
414194
562263
453364
72086
941001
55242
3218
564751
717695
671908
19761
856330
562024
685337
822240
868427
866428
381576
994486
20670
348200
17749
218649
670603
21409
744158
759903
579848
904444
99325
283863
285060
200590
453051
177866
657940
215804
870897
179348
107881
564500
760458
570173
763337
524651
372233
900810
412352
442068
840059
628375
145573
236341
747644
221523
334740
237790
726495
581434
399152
119104
290868
100938
405930
162003
488347
629902
162553
183850
115424
158563
735682
901557
770632
507298
479990
424891
266
731652
971081
659689
417468
254800
5880
763618
901066
56345
661911
90633
20952
573344
622062
488485
864069
877351
555098
480893
587655
467036
474594
301574
137358
980396
310907
152900
731400
731100
275592
552339
264562
35919
268552
243461
776594
326147
965846
873851
679667
127507
173241
71688
341129
689408
467047
34787
392580
116063
282173
470317
941309
330667
410619
772511
733443
591426
672381
826203
539953
27149
213340
37755
580822
49694
456959
654028
775287
71235
86030
478003
413002
22934
364183
832280
4106
487945
929799
820099
37730
218999
450123
935846
491007
301546
202683
908521
804470
875667
667277
187367
886320
790519
136645
600730
271344
176344
532112
557320
760116
921380
10200
426374
44579
110899
569448
834378
191780
922912
252956
406165
8922
156619
870575
167439
887223
356374
518551
560675
769497
258268
625253
345036
173661
297679
208936
8086
858737
248980
933489
407511
34350
432490
673789
274632
580585
816371
938506
744619
578868
815019
661514
528482
328365
252452
67997
965394
409668
468119
394865
537979
773306
797771
397725
779626
741582
635304
602204
585407
345536
81765
195126
808295
465177
426270
676514
49371
535806
163919
393580
16051
614741
189895
178700
226236
774158
978015
253764
979613
557823
960888
947097
116292
932898
595900
847395
614633
261398
746549
432740
285297
906377
814765
916894
297140
410498
546842
24007
645857
749449
816344
873172
713056
604846
235854
160449
72050
42309
927219
859121
209544
933271
895312
937967
492823
360897
277009
147192
450687
836572
789832
607165
674926
184477
288909
77842
414347
499601
548963
765273
119203
352219
521879
748596
461600
713627
266593
664420
846517
304045
334338
734189
158278
708646
422947
477765
213965
188136
923241
303972
203054
886569
774353
802336
802018
409171
407949
641921
995598
848369
155921
871563
965724
962450
157537
44219
461653
381810
66203
240574
359785
130120
915219
5851
248296
33541
875784
810398
160267
254908
511179
194192
105209
120584
956101
938118
385818
999110
206666
20498
851171
865865
959159
90389
186498
964589
706215
397665
904941
26874
999597
225484
454617
876902
415132
512323
97669
693870
571231
133598
788426
509083
143808
89325
625732
961249
871782
318652
581052
9279
207547
257709
54714
388518
735296
245454
263821
925917
478756
105625
548335
170452
947413
835579
916623
322335
289075
252284
871218
407200
868303
893377
173435
920092
927698
187222
613036
550268
596989
722089
742112
94317
603551
624749
720840
470893
470439
480443
426429
382400
470463
230589
376384
606275
394409
431727
782302
174401
944943
456309
344956
539716
807743
488313
265054
205271
901473
582685
156397
307531
879082
616691
265306
686862
34350
787444
329094
115335
934931
784989
687815
195959
825036
948198
817182
521963
435918
714954
636169
469577
603742
63972
167011
987000
602971
684829
157252
252582
975574
953606
200083
678106
196824
589813
469898
697118
82127
841039
444174
660097
437430
880513
165400
653091
407084
585208
969016
653420
257365
914759
107705
573541
10230
145615
594410
410293
857905
254957
419518
86337
656997
865210
381448
499249
4848
683852
632867
978848
51058
219202
138414
26661
670681
262595
900333
612423
517961
400895
433795
66933
988974
223334
815303
915888
836632
788837
447390
368765
685048
479756
804135
291797
5377
652678
516119
882906
22170
575792
934173
477812
181755
886086
698883
108420
770255
552382
535560
458753
153971
254200
653834
970466
37497
378839
169849
284370
143920
745072
675694
151832
479727
641493
164330
916003
894223
726146
744468
280098
222179
127861
558161
729477
685313
623904
714234
298079
576996
581165
738443
438158
871506
564363
674709
572135
931315
839276
925520
524188
617189
555347
749309
897576
476677
854711
220675
681673
787843
863239
921864
815107
279524
1227
432841
789309
818714
452427
793804
522488
809413
297998
674941
731529
373919
391540
504196
243429
337152
910799
444704
732247
676297
880240
416917
227640
776440
159272
590350
290754
202590
968853
978403
157651
151214
242251
879630
98977
232636
478911
726838
379251
390334
808466
290085
554760
953154
411980
687075
498849
243779
282297
816371
727730
741694
129407
405852
19354
235762
147151
540268
127719
403859
571582
156165
696640
160893
867175
957744
774425
627831
465457
469432
703136
2529
791493
192589
327560
512784
397257
885478
671787
959787
867944
139149
723240
402356
672508
481781
990454
27340
883989
918788
242074
515918
452765
529281
212723
624472
852222
610541
318357
174554
936698
395539
515329
545073
255769
786837
238609
424136
984577
909491
970050
578101
363277
450103
241555
293210
123676
651473
291383
354630
622837
861675
15926
159161
302259
153402
159456
496060
759295
783715
285712
856093
756589
512795
622955
935928
510752
435867
367634
791006
607859
965764
337169
135849
132758
711805
503798
161523
510551
625542
818385
989887
128172
422539
863837
441730
563819
194564
914930
573887
288469
703435
517935
992
249408
606194
852492
25705
272075
31983
727561
896025
127916
936938
343532
490491
482012
146529
43150
132020
345596
469498
25330
768710
955184
104079
872050
721685
848374
382655
630149
704104
657249
852799
316274
658968
966207
110536
651660
633696
963653
673215
279145
178540
784796
716667
560406
836094
310594
784540
58199
832627
739091
239658
123671
140850
498580
672802
936066
302746
385613
345845
918922
1179
917316
223122
593280
344623
140993
272762
107885
560394
945026
875908
338812
301613
123580
957266
137605
931315
25756
51906
194192
394406
744358
261192
650392
9098
924300
508991
125033
554142
620517
145306
529457
613158
299329
447068
328499
939893
532893
772228
955677
528183
380718
710287
216880
476774
882225
146689
997367
124552
505959
24664
84884
555069
133294
13024
634517
425598
747767
712843
968853
382674
78666
153891
967140
389849
959075
820114
806824
40224
119282
14885
326801
721244
488787
681352
989601
960380
879201
160793
96868
938762
495879
202498
906351
636283
56464
222399
371752
494501
103746
848526
347080
844902
348581
538405
236487
450512
154669
604775
442980
512549
606928
841941
678985
280493
319545
249839
981097
248060
954098
130270
348477
167566
239807
680864
329367
269501
219410
140514
443352
478756
937748
48019
644177
397798
461066
925512
260716
517812
153751
967830
231009
714087
378880
423611
426174
562787
79819
775549
160584
539717
111729
22509
447778
961193
189648
12176
605814
478669
38932
602114
118022
753508
57925
638099
603705
911153
360595
800964
65504
417396
943258
630734
989277
455208
311038
260697
716490
158630
472194
624794
92640
396705
595715
935533
896268
614332
677616
274892
902999
652178
670787
769963
39245
566941
592161
202493
749071
6630
387763
520535
942867
370110
521151
284453
286876
483450
235564
225679
896871
307482
590888
163056
955549
803807
484086
613113
214997
967365
270776
76774
959727
706600
845333
344286
827744
412254
121536
12358
503820
523655
381370
955719
505807
746778
27755
899922
363181
522908
77141
838532
931611
325875
484646
837236
709254
5842
913102
478864
277047
466511
948099
177753
592168
349488
624200
822036
570644
886786
410348
793570
910293
15926
477980
763613
849734
551665
181939
44347
880998
926583
976657
567015
803834
770449
759839
703490
793915
589640
347591
595544
842629
772742
413046
507837
48
170469
585208
876975
849350
333732
913093
457467
479921
2285
375166
505489
81757
500082
869136
443946
711347
140371
919693
629826
120780
743091
602845
772226
25691
673346
856241
707104
998837
646418
488073
160490
871449
88670
488057
746662
956007
432549
831486
498314
649906
195939
822127
789399
847380
607390
59733
760049
549767
728283
550530
609931
863457
787132
548065
272441
849716
451182
256325
571747
226983
133936
187716
470675
909144
919324
627814
52650
198713
325930
330703
425229
753473
975436
268211
980709
396045
60805
230392
411626
509905
266079
396443
975426
610862
123378
559142
516309
582190
175300
619786
49827
82705
85311
280074
97830
49711
699271
233791
150460
244970
239548
388637
237501
883262
130058
234084
672356
232542
965888
827417
532234
169277
483621
917195
833430
337005
318526
867228
897571
691171
746817
430445
189243
778553
296282
428796
56313
435708
936510
606405
353529
49021
298804
731305
887783
286043
170138
876077
