74767
826487
528658
944296
569215
85159
144707
428368
572650
530983
358342
251444
38094
656896
866350
233025
276453
553790
981848
780943
642216
120183
522541
669963
965158
913047
602464
562011
275401
897429
760942
327174
624154
298573
708577
401094
536233
539795
341679
164020
286493
253993
669938
404106
216049
477966
236118
707156
329699
41032
611876
520166
253692
582810
459747
140762
612163
610787
777658
609020
813998
57400
264967
640506
386814
640123
415710
212508
509298
580741
29087
640481
613364
784290
171769
74340
835695
26925
182054
574265
1973
15669
130403
131998
694917
431744
143663
106371
825102
969138
260215
344140
66425
284231
234385
622464
423326
809204
759740
672836
826804
5958
787586
296327
793206
20467
970516
48268
513168
868145
608068
330005
37613
198918
852592
164872
709321
141277
426617
574704
519993
185303
593209
144597
381226
685296
376160
348705
91472
881911
351096
276078
911158
848185
739774
177492
637697
122904
317498
657909
32418
738108
361133
226954
73279
395069
677377
446253
883449
640447
703853
668878
817024
465248
921759
538740
564313
511088
42164
60397
623062
165109
300482
412053
5509
669074
233773
182036
580894
215844
762100
350817
33035
452034
40903
72335
346276
448655
17984
433805
304024
382132
667601
868892
997902
210514
958914
972730
815982
551918
584760
551918
687058
27804
747834
776999
823008
664359
834489
488498
59115
917681
270240
435669
872666
633142
274638
770001
859475
845833
36889
755102
304039
45222
871972
606381
132926
291094
674040
510060
568169
789635
715596
92644
73090
403798
972019
693217
263186
413089
155238
139173
254203
907596
576064
749634
396212
36413
331882
465669
482216
734183
5731
95431
358230
896030
394659
872639
693457
20094
22249
558562
577121
868064
844561
909704
569151
251149
906923
425436
131902
256874
47760
715510
674878
236278
59202
383055
813624
688358
464766
694526
580126
829318
73492
493343
239770
864272
210735
920047
972780
877189
92497
245547
308156
72157
311114
628465
834404
589524
496172
458937
768025
914968
304784
86520
915892
613149
949188
859305
264842
416192
75430
863835
202677
167657
357947
584167
6314
497029
482635
669708
761017
511904
135356
26259
985674
632252
646017
385803
684142
60272
285901
931898
439550
979368
58907
188113
695593
853155
323979
687781
823103
945121
989207
144087
979586
675770
930259
272759
197873
421786
403672
682838
517227
86093
922870
94843
611686
590435
941680
511796
720100
106444
601817
642344
337112
286499
276812
695735
640247
535545
225881
833954
257169
882369
810676
738529
610011
696141
795944
599970
22460
614161
718690
894294
599649
32302
859171
208364
349346
386415
230821
243269
217938
388978
142110
721645
623077
240541
549452
815672
909541
609013
413116
484538
530380
164550
974453
665680
815014
379033
351197
852419
510268
795503
558488
354764
833948
994136
551977
571070
538611
971054
75899
985735
291346
420251
442643
640463
352182
232827
96488
780142
437721
865498
996108
991350
816445
21955
674933
365343
156469
734487
150645
28377
590468
656980
867997
540544
264809
314457
940553
148113
660041
389597
58139
112956
914612
412446
561884
169484
13511
604396
547076
316755
981655
496631
378170
448628
634119
570449
467669
181104
157876
617419
655696
611389
508732
48660
147664
64719
455672
574272
445070
343749
696452
643500
495514
927347
557039
66101
787260
319347
482645
18171
711351
556259
982385
76681
577607
258353
304428
471439
975323
547276
8421
904521
339608
798366
988926
619380
201366
815708
989949
465281
15114
937122
286277
946443
271380
494638
813262
753541
466744
559069
734154
122486
744102
1253
683415
637171
169603
179226
883177
752927
471605
744124
262509
852777
154430
617146
363496
1253
783962
826413
351825
961598
989555
819525
20393
22289
306669
820297
920985
337588
174912
928020
356801
889161
163773
770447
329071
333408
919451
272403
801588
537339
305065
285928
674570
760030
93842
428286
344739
291123
576825
834395
816308
333924
984689
63549
748013
365687
634067
585041
774751
390869
503719
899805
190723
728184
610040
269366
428138
182366
992540
461686
587524
956860
346505
301137
943146
22052
36768
467322
733335
638119
631306
850688
478123
759782
22306
901514
129567
588318
523433
351656
137259
96795
407043
50026
467123
587087
164660
69868
481352
889396
416659
794722
464914
101088
930294
34500
483330
743173
790147
293860
946912
339391
358645
850729
385316
762903
742578
47169
629743
521954
987473
483665
649112
42627
935726
330769
368536
820656
749689
728797
473596
479147
203397
733950
400334
353390
720474
82672
879092
350336
49716
626328
99849
87294
825589
745215
287660
19177
881911
155745
724121
548983
129930
455557
202846
991592
472874
724819
985942
447292
754278
735060
174666
844608
866380
398800
516239
912000
586676
88504
597517
552168
745285
314647
127277
339326
737785
309564
252712
679783
956652
214485
875821
267798
542958
570733
365085
281473
768029
480401
866626
430763
978877
582931
918592
811439
278105
734946
64639
334567
211490
979496
945008
294078
672698
307658
38499
37149
888374
329718
301964
180592
941868
205720
75211
290813
252003
896442
422092
172590
209704
124920
675600
256784
256693
89559
657584
707287
14214
34115
33814
519603
918785
844218
728264
282455
777566
821993
403605
941972
205282
973877
98559
992552
501095
774519
414618
624966
451076
42925
962482
114322
96412
677406
91971
330993
523622
804836
590736
635802
220313
764629
150174
912118
149616
911062
590969
659240
994629
930724
309821
212414
103910
747112
195287
294574
477167
841442
847547
596046
61128
566563
987343
70601
843596
236469
826518
635555
733323
53305
181690
114584
442767
865183
585705
597897
827429
42130
385632
963708
23058
945119
426607
307847
215951
996975
596912
338105
389646
840791
730918
255767
339299
484529
717120
116103
381832
104019
734285
282920
825603
131017
935428
416573
531538
482764
41244
610148
22261
493307
246408
40455
65469
374746
363814
828082
802750
460891
175475
125279
106275
238802
675945
624601
332762
320576
751935
186381
394020
367844
766275
484740
199946
684268
607418
105175
995520
46293
848560
222002
84394
14967
223003
455287
507500
518841
66759
230475
678468
795517
521538
952025
852229
497934
401171
149116
456209
814180
127629
885335
499796
926277
742919
800123
882736
201303
905362
236779
530553
361041
252707
632693
232662
275011
553775
54099
470901
541901
154564
968221
620738
500021
200828
881168
414518
972135
910346
414319
296115
740821
879342
379593
941391
502878
734235
79174
341683
288100
151127
921460
113631
518983
906320
390003
158003
263030
113350
27135
142681
331617
368029
534004
30147
478825
59862
438084
91845
830060
628258
459520
707300
275623
700029
546254
896145
853773
722585
224072
454251
516161
358838
956098
879816
836340
833823
919942
177477
53168
506048
839003
165296
657481
932062
586783
953550
899223
387633
918368
282352
380256
540050
287454
29042
130330
67358
225047
56479
549802
637134
709613
766895
153187
201004
930136
590266
587551
176983
103765
63051
434868
345197
611887
283659
135013
977553
838778
636230
354006
780460
804152
178956
897003
851399
970398
697695
710042
286209
800409
102013
521180
280910
707050
407602
448524
961297
779345
318705
952303
940027
282441
386540
318620
31055
690048
580076
468921
839988
115706
991177
180649
499454
599204
661297
910689
815958
322080
846973
756190
540639
10824
680076
58251
397599
34648
805947
901276
663793
112928
259099
464577
287692
886630
822196
917620
759253
572128
174166
819503
515172
534058
80658
487082
736489
209381
964542
797637
351291
979855
750990
636988
764105
276581
219284
785610
552156
957325
333670
893741
347331
400435
537481
848113
288556
691835
19409
881851
809209
710227
523060
788797
502652
913623
266404
246061
748814
897100
465537
721917
232662
297845
43024
18770
356846
627974
890155
265533
138639
19345
522264
551974
714857
885079
300374
719112
317262
439880
635309
181058
274714
783889
277301
529810
543578
314647
130590
789138
827391
541914
443186
10889
563745
298079
749941
656415
61372
668327
637956
104272
487084
164232
868757
853442
160886
19171
392826
930769
107765
872209
315710
19464
154480
506763
952330
974081
307916
295849
773786
846258
163176
666337
471566
588489
382813
334744
490603
888935
46331
938780
880853
287558
141254
93231
155051
235306
639058
731949
170008
829645
461821
630383
833773
791570
362826
305037
514122
952875
474228
451599
620861
845734
736561
947073
920318
762256
160650
677596
964568
490868
397871
726859
834924
179421
68942
408227
62806
285249
773577
865532
940354
520109
572256
843035
933316
12511
42974
508630
565774
877032
542169
848526
161652
209738
887530
724313
23985
146117
95792
541618
820122
803785
66785
10256
393054
330617
238340
214764
186651
207141
169185
211015
619493
895643
460077
871844
647160
13303
285009
536268
44301
92209
807743
634879
160012
40130
943894
30338
57980
946429
273582
677531
595488
284301
615271
489425
386125
723348
648624
692899
182076
908041
952333
856619
294083
196491
706402
73634
76873
315990
600734
343111
692239
343114
564532
401080
626038
775050
327908
252777
463868
463569
580776
252824
48847
392091
379016
807832
709375
179930
185247
956410
297113
700086
940964
919224
765358
386744
347963
332578
210299
30516
552999
816655
357589
873636
674353
82534
199267
126448
120458
498716
234888
743520
50348
366542
46918
517969
434810
963685
836636
871389
421699
878593
27472
77299
853788
462043
582762
55865
988440
227491
548721
310176
457808
893414
816660
888374
746604
449769
695107
911217
916170
742745
126225
924699
457609
942398
703567
280621
764178
487747
931490
239414
86434
628150
942568
31839
922852
638028
197555
616533
140937
559008
813436
777046
768262
294527
781011
792241
262515
756481
706811
4753
129442
993104
568347
122809
177410
682257
274271
95965
533280
654738
137664
673673
392014
512131
571281
577995
949776
722044
935370
673972
712715
449328
886111
346600
341105
358090
262905
262080
74663
136849
735698
731586
410104
84756
698907
388176
104737
643524
348788
837021
627365
587832
279573
109405
64028
886735
523641
448297
20338
20249
712190
739329
265726
543546
234285
271290
669698
962082
402520
270859
380448
9525
490433
646680
583045
720810
379471
493556
911380
848154
459881
926189
316618
377338
98176
3066
925184
880935
972752
919509
149172
30791
906983
856679
884147
598501
970257
673681
742289
292934
749208
285819
394941
687089
67058
905942
104138
174828
871263
279963
547694
226049
568775
872193
622950
669877
605839
863299
4657
235321
166980
896864
923406
77437
890691
127336
247158
216301
77259
665877
189848
100399
222679
998197
313111
715031
289954
79810
888949
628583
432048
949780
712242
817219
786334
502488
203199
694473
378799
21387
646416
759981
920162
474452
730829
393916
919730
168482
722577
26441
656157
237002
998197
548610
962730
685343
763233
595676
82180
412513
895188
162144
219707
625560
420849
526841
715853
524852
534412
783108
73446
94261
690262
761950
128289
199598
560096
606919
938316
309800
231260
352458
577953
44759
863678
473592
935701
395077
399062
433088
459046
63021
640773
843012
971176
206791
381946
413055
425162
618941
143630
361988
118455
8918
925660
645127
160049
681612
563700
526960
259036
308585
363177
922502
302513
952025
882612
320166
965418
385367
447961
500663
607742
779011
419022
232679
21732
957186
219119
341627
89031
602420
118719
410043
471196
804077
196721
926528
311472
950519
341846
167835
389108
95914
111259
321273
47527
102652
406814
366000
697089
677521
330817
182592
574040
950278
234116
48617
156410
308438
346925
15571
473039
528930
518542
199468
44325
181349
51710
925968
100633
811043
80661
759076
184881
379252
283876
432230
91925
321119
172149
460117
332350
785467
705339
217637
782768
278231
173614
481789
520612
786361
208378
201253
806874
61630
565070
3343
234757
739466
120184
524650
694526
18833
626935
289297
560925
877759
749363
40056
519320
822789
180980
509019
358602
144372
596909
624069
625073
827449
866949
714803
833191
217779
437549
563703
251950
775053
538531
786348
465102
276371
61936
901730
641883
870043
726901
618315
906489
924208
691127
944476
599184
985866
692090
210653
619544
228917
910158
79495
344648
402867
107872
493686
764042
43033
775058
755085
380420
979805
849142
520167
230013
96316
428551
609288
76151
802274
646504
635090
642073
138734
746857
799025
341960
505187
740358
198515
934691
347355
815147
132656
555275
310281
419887
681546
788112
992003
140072
424677
467435
120554
352499
932572
398494
687231
164692
447253
653509
341159
239676
831952
445070
794678
787691
499746
425225
870281
512042
4736
284967
791664
372369
851636
709321
904377
166914
882156
480104
50859
99658
268905
933558
833674
594062
430290
829597
618230
119416
576605
241121
163446
623196
942070
709599
76605
905908
889374
204952
306785
71613
961238
281652
760723
47154
93002
228917
563386
602171
619784
419612
757262
186928
592439
485969
168064
784532
731257
745904
274326
895076
191198
439590
729920
105515
178838
977037
431925
534003
774745
275044
262239
196372
485636
836241
321596
408234
867339
325007
734637
978349
826462
216491
669474
889631
597549
827878
793124
269557
560385
550219
880752
382941
903813
372154
65727
915581
224251
538963
819498
479368
865135
521258
455107
329621
578292
938241
294795
495364
876898
60733
569998
879818
746409
420943
986836
847025
690628
467652
47814
903403
397741
710688
161132
957666
30979
880615
511205
864999
787469
86034
816390
768612
586638
939350
737814
673266
895874
604609
546775
563892
724742
126048
721839
208903
383226
840235
213280
24325
147089
681930
694077
617389
431266
926657
576328
398705
507091
96845
779794
482160
849821
444068
223949
504459
951120
713228
440369
113983
447445
981573
109122
812590
584629
248533
510607
685476
815668
459754
785808
336110
20077
733214
525649
75030
352957
770826
342708
643632
452432
57697
372867
191009
405140
184960
66009
654918
20301
851043
860169
275354
973941
720519
457186
90454
616561
317973
604261
524372
41018
893246
123384
690903
138845
135180
976846
110527
667909
11179
833298
613373
39949
583898
968933
674593
975027
20977
89246
520426
713674
245597
707742
57447
11475
704887
27968
199374
941920
636289
5808
997848
927069
472146
721818
359221
286470
898720
975382
122902
852419
757245
315054
49741
770545
175676
684812
525520
827344
410693
535138
279166
52869
692808
143212
673990
864176
541362
812425
875911
413852
179173
499602
429534
148153
897752
804383
697328
517793
43380
79137
523269
490174
747772
273998
828589
338288
119670
77008
278145
621697
688564
610043
77700
216160
931035
518963
190867
26352
645455
573366
382039
867651
957900
427719
451738
819251
50431
899671
443840
275518
362846
600059
847271
700321
285765
90069
885922
484508
579807
566485
169365
459586
680634
725465
778718
400137
396081
71660
880651
986142
679343
513842
117947
981579
512459
768025
730667
855821
276427
738275
31620
226744
834489
857383
611757
7711
700534
117197
691801
31184
659886
23244
229128
340951
451089
309232
884622
77191
850877
552324
830461
781852
811431
917555
70237
476507
277766
127614
210463
425799
879634
541018
551758
252704
629168
393642
920125
164508
780857
433088
732200
203606
545530
726014
771427
365593
532862
957952
92881
907957
983221
111812
218834
57120
481451
894351
600122
759371
588562
206719
502008
687445
559420
106162
894351
504888
713331
487313
702500
126189
306661
320041
393603
80112
823703
774631
988425
658735
522286
703831
415505
582550
475993
507930
120878
436063
471516
361804
33235
535077
247603
489257
707770
132877
866603
246689
985230
221646
237168
856218
422340
80194
71397
888274
851417
188174
163395
400739
762679
921268
798101
636788
551379
959090
788480
382841
350001
699369
744858
332832
354133
245111
287708
781003
620312
197117
59040
644218
316915
735392
441166
877628
757886
426619
298721
690891
229785
727780
317552
130488
156276
297340
256364
146782
370011
162650
218573
633363
900649
199470
245099
753163
290445
721198
134916
678281
686631
372545
179186
204301
85620
243369
111839
784858
543347
840696
734487
431912
780849
914980
225418
79266
604815
13820
246689
519993
439425
177062
454278
425606
343270
946585
10441
293078
405932
585255
871514
558849
645658
946896
985561
67628
409780
16091
324835
233223
72640
325206
337794
254443
375615
646567
550916
522249
885370
199833
245519
388019
463347
683297
637897
914502
440600
725290
430554
645045
682413
907625
505981
409508
705328
764860
41692
707156
76868
939674
58844
876658
65054
202919
783382
434671
914505
564248
316349
833323
219995
193718
527964
942208
198697
396429
592587
937822
738732
63358
911668
836752
672024
525697
654153
657647
637559
878635
997551
104431
298775
371878
407995
65259
992434
176731
868939
743916
523053
150054
209291
798221
565072
281623
134843
330011
481608
945746
954605
952390
694746
437982
379479
882275
860005
43644
15856
294134
358776
889729
764285
203821
473024
634734
28089
543995
174988
263816
87879
621650
735842
892826
856443
76083
484156
93610
209478
120456
428968
62475
102413
543338
673391
155522
830402
364509
627343
737636
246118
87750
435502
234224
395242
60789
753882
989384
869459
558327
298088
616540
746383
34862
497805
305612
825119
725379
914666
489881
390442
417983
655081
340051
612426
732918
615271
75048
36145
387103
826589
71475
881312
608486
604119
910295
461790
206115
940704
113824
682449
627273
214566
720215
354263
710436
843222
659327
452630
308939
840349
212432
446974
875252
193355
510425
336043
83898
390404
840323
814354
391493
734879
371745
475651
505794
203597
998132
127666
277587
134253
528497
405204
449672
890587
908766
756274
114448
589393
276630
788633
730622
922886
918634
447213
390395
719567
503133
17330
966864
44876
662286
663675
110038
169734
942392
5565
230949
821172
509608
569608
63737
178225
531263
672072
143682
112054
535678
136374
620984
795056
413966
258872
2702
765546
879716
68762
774386
572141
62978
712696
682028
437782
573643
542342
444315
233401
895962
679415
210156
958654
877304
879342
477952
851203
314444
382021
262586
739699
967960
541304
712625
915219
38199
359086
431587
19093
274916
30034
78706
985886
706737
244387
941217
979737
679937
336796
505166
966943
503089
290399
788217
925134
968351
682319
863461
879839
265244
447859
18165
549166
904388
169990
245862
348101
126936
468097
148693
950965
366409
140976
660525
370094
505701
704910
634407
407359
421786
388190
360097
166675
406349
773363
210646
755220
843323
899379
977821
380500
570067
48532
128354
368500
671551
94139
76725
102183
787502
314851
31233
792433
704496
32561
211824
255734
840177
693806
541812
837148
384428
446866
346205
961476
433677
7956
661280
624210
717795
95480
673248
548058
778630
154711
662848
65093
824129
592981
408659
77467
506337
812425
316226
692322
54226
638425
214995
713620
982403
588607
447120
723861
339515
201909
352766
196895
426278
848982
409680
53025
564055
552537
898673
615287
81596
824178
690260
826046
867049
483370
792974
738701
639602
934180
610353
412654
741509
840797
491306
668136
482374
325933
373419
6518
733936
347277
570027
494760
250150
76778
942825
91050
660848
595899
396945
489882
665540
490375
19654
833023
196930
412515
354917
448105
637858
834918
588715
319395
952528
151194
634453
212467
70601
229150
974620
824973
377786
138964
857346
884218
542945
355717
271280
967512
664180
990060
711336
498344
774678
344140
377758
563880
34729
67309
921733
305409
161513
929413
311441
111426
662523
769648
274045
42009
26885
554585
26517
299914
770175
958248
847194
115005
323200
523039
3013
106134
842850
763033
871182
173052
453397
651065
14408
360939
48035
809988
994469
204637
961404
378124
35916
170026
405401
579034
125725
918534
467537
122195
862215
622422
769497
946275
923406
543038
820297
401030
578874
395600
393944
960994
867291
726267
373065
198744
28349
698236
346907
388197
664496
502760
484441
970220
898807
340773
841929
164133
132820
842753
307054
658907
53151
635281
898886
459701
459615
529462
819809
378834
744486
352610
32185
25686
340475
989207
513248
99999
580933
237422
670067
216464
421876
885752
631821
331006
911947
563059
61045
380242
985021
543460
156487
690297
243022
509631
70053
384122
655958
643999
493644
390066
637909
562505
895437
796055
669867
682930
751663
247812
301299
495612
323480
251186
533500
374429
637150
432474
159844
191780
99727
251428
63516
956108
722876
87286
623965
129762
320743
940317
15450
736916
722528
452371
956476
28349
987864
785183
420516
238613
779838
862145
492521
810264
585150
231071
291094
365207
70068
876509
509246
107872
138615
351914
576550
475010
835134
251331
976367
222826
843318
504018
425416
633775
726613
934473
930496
990225
972181
526847
167262
503608
50251
898877
440478
640878
499156
16287
410203
832859
321525
84073
104683
411175
425299
796837
322066
991593
290456
582475
133532
557878
262965
208364
894009
486986
977539
518785
646778
697008
753678
259127
321159
362429
721373
64981
720380
382094
106586
166027
645874
999002
449470
584699
51694
940685
488501
628939
254880
760736
408616
699823
289168
165088
326947
469312
571660
901240
875405
9489
311922
722094
663703
661333
764377
426899
251149
979636
962625
836909
192463
35376
389624
842766
304090
29364
273342
728844
54086
437954
352120
856861
748821
264717
879477
885119
280557
898306
909859
321189
995085
417618
842476
120274
434344
671944
979906
82499
664523
839604
291159
614043
314980
496341
899830
972276
491041
512891
316538
336984
319148
556386
761871
894910
926040
450156
30150
990160
483511
266341
611513
257621
984362
464603
94103
951524
101186
432078
390826
965873
866915
707020
637280
307287
889460
739302
19990
19938
272501
706514
98548
944417
640187
98957
677281
995361
57723
618379
336952
86127
188299
680571
305117
673917
983549
706327
271380
226881
215882
90202
903007
421197
225504
232673
188062
891908
817853
159590
422698
305113
705275
651062
210235
901293
970294
791263
237975
371976
376799
90106
290388
733570
21344
340435
896223
710457
774526
430408
691287
283321
491624
763362
639782
214203
190494
164799
877661
732686
14126
182682
655753
229059
182008
67835
423351
806238
809162
984084
206748
565374
998427
338902
632517
463783
984822
309835
819696
871875
904059
997750
113813
997720
855497
867014
66035
460567
205438
816218
447391
211945
340826
112948
137962
987213
875630
165114
333822
260796
739101
136553
360084
67687
200830
714556
202440
396788
528897
436515
839722
82947
600352
657176
526682
566971
730828
172090
722246
250806
685569
654886
279597
165691
56279
980987
327908
681707
996591
963372
978081
902753
852752
947354
772610
203714
126331
706734
627212
356966
928127
249845
310830
592043
714433
111972
188385
730054
851557
238472
636031
803089
408685
41620
374340
95767
217573
964765
7762
328549
264881
774449
948460
722769
726267
417167
607731
96651
353104
520363
400147
872509
994157
590579
662160
573106
991925
665872
155238
999697
962082
241259
633279
600313
675562
41063
268023
532073
134875
769338
97717
13154
726695
241993
118373
455136
751807
924758
866603
629844
531609
814805
823552
224090
502111
266733
241022
132622
857392
706075
96185
345571
127893
923510
734980
117127
312321
829913
748061
977673
937622
553341
793736
709979
866371
276791
262930
751497
474949
362668
477589
50705
423802
705855
750522
524551
755660
811598
739847
590081
556817
21297
748044
643951
621280
70500
830346
920034
675770
326867
523686
608457
198386
737206
515211
476636
341679
290851
272461
614550
54758
744633
547808
37170
62844
235747
906359
393946
146116
580893
326390
73892
72919
65397
126217
354205
782244
907667
258937
716037
644806
131495
400660
829235
311724
674020
119249
646789
76129
806192
556957
710794
532693
556555
885998
3045
440726
785836
990883
998453
458617
458280
729137
110591
662594
917416
80276
487029
178280
11694
745440
816459
461821
999186
493687
926862
325975
973346
737666
305815
769743
270471
403465
455193
135963
680288
181199
445101
397744
594279
511403
885710
275244
758901
593166
924102
374159
597830
304451
666132
549096
755085
716113
843448
646385
765730
533544
102860
515490
709435
811524
751195
521846
397876
735428
506417
232787
328283
858844
435776
428561
185860
408789
730054
778350
574369
710244
218278
263275
947089
449160
622707
332438
659315
67951
187003
753863
49765
833754
101547
78252
194869
512434
48806
63129
816970
436571
800652
729842
181722
553192
373466
717283
123297
937622
130084
643502
4146
384473
901072
215567
677566
963708
254065
730389
987200
946637
483501
589466
883786
403271
870521
626543
576596
229470
448080
903344
201582
975355
370558
843960
357532
496371
731768
300151
126454
262471
204639
732680
7611
365433
478742
941311
156222
151874
367062
402951
342600
33453
860509
326737
856109
434468
322506
46765
124526
569439
599046
389625
936362
460546
150050
524463
323916
951224
612722
223955
22529
516046
333448
111557
889852
600852
882482
116358
598501
124024
475597
57276
501011
726877
151530
317368
354984
513589
498489
59115
550755
574494
773679
54342
385860
340786
45664
715045
991605
652744
995070
37412
315746
49061
424677
490706
918126
711569
58008
303597
160812
731463
454649
116285
228979
784857
60150
845022
346338
621181
241468
73982
716608
766624
512795
929450
276708
757838
13439
146271
544290
126938
240253
383287
310865
731614
809454
820631
372941
122290
960218
992116
770626
228931
514824
689360
685882
920534
587084
916094
472185
822111
246951
813140
7457
355932
48278
913907
597624
941380
792779
49665
102225
121547
202941
150039
40025
175945
803371
818507
393958
456210
357747
428631
505967
962988
460785
726695
353390
480588
601938
968480
8043
62595
516798
336636
9378
764569
527838
584583
862958
46531
505548
656424
331977
672026
459491
526069
580942
49722
711064
228568
147224
261899
213441
440844
239983
34279
404888
497520
544480
537745
839955
832418
760208
915243
954919
286035
230892
460598
314623
371464
559602
230182
297226
461838
995639
800254
975293
274258
793824
863144
256633
257415
558168
996021
436263
324851
608637
825902
23146
843526
663184
700843
540950
104519
713483
187994
315292
141547
964402
707466
338076
771
693975
203111
657424
507764
140840
176536
167762
263537
346050
760834
474611
289535
635240
229660
647417
187024
619381
694493
19369
213605
92018
89181
465693
149761
301152
374897
735469
125597
933523
910306
128370
414589
508344
611513
431676
103722
883934
361610
20688
215135
194501
262005
190284
570040
314812
767960
649325
998324
725073
771957
592475
914404
276944
666325
204803
547761
47729
190525
340737
401121
943750
96348
87073
576412
133544
439134
949362
202880
53725
190625
21736
181498
655047
210855
415462
865969
862707
916168
750990
889492
955386
588205
390735
995877
193574
387418
967646
179386
960170
689739
216863
848982
719354
31641
527425
139871
57697
730609
378932
752086
674090
919420
282677
357741
409589
25737
962757
11194
242785
251812
111711
346905
690403
279868
474649
98760
446904
252849
937506
137193
458494
531676
533505
473456
547365
342578
980095
357808
29908
902110
73042
313130
112052
54971
664451
482287
984266
398628
200208
754589
472621
570646
707477
781100
698962
334180
874963
663103
368869
416336
723736
833580
204657
308271
383698
254115
318185
547857
926464
888153
902177
108544
622719
689573
128929
882992
799627
819365
858004
218286
652105
674955
716542
860222
768040
35775
728264
846762
380211
100756
427167
499508
817614
33281
162044
926683
184795
315635
314055
675009
866038
937802
218562
169873
163435
886863
558821
90929
146585
69830
337477
82329
429619
64645
17625
334821
109401
41993
155187
837566
526678
745906
902520
451003
576908
238912
653913
82597
126267
718823
734560
960990
558339
467396
258140
531332
266771
903181
565737
619937
979855
901599
304784
881203
160021
234628
59201
626879
33731
34289
51050
66745
57419
475687
249084
597123
701358
891032
171571
495848
441197
466900
108556
477709
640249
233863
875561
639942
407798
190628
113475
761795
99165
970288
634388
588156
389312
53284
203587
835298
327569
972926
325490
507032
337942
596534
795998
728010
240367
99093
956969
918332
639058
106239
557882
2062
898673
572835
134574
904576
775896
261253
831568
778516
335693
602873
751052
874030
957301
392985
492482
99999
299152
704653
132288
373414
970357
362318
268783
19304
31390
863040
553567
424997
622768
847327
384572
470106
294826
396460
215785
12882
47107
435820
215594
997944
608710
375545
536353
528398
388987
946623
557596
989265
110324
963144
419406
186168
243418
870215
937794
860175
484379
398614
524639
31871
706647
939055
707737
563950
634576
497866
214614
108925
816881
199912
846646
46516
397275
846567
990812
256565
415988
966530
823048
652632
896485
773771
12192
538398
845833
335439
355968
494428
335433
563277
555161
970689
303632
256662
259546
187258
635498
697758
666325
621379
876730
706108
487579
970428
907328
949333
578997
890172
538351
396914
127002
366255
827274
636003
550878
486010
95967
418913
207649
150457
815613
671203
378739
119342
961652
101453
933382
497497
900972
658801
175871
575303
825966
767823
728794
16400
160825
303163
505107
830801
877103
650876
979570
563963
110962
614230
463965
829700
639831
575921
236300
423425
712032
35837
716888
158375
290964
665397
919726
229664
432433
7627
266335
385991
834981
928739
233532
838468
367452
320463
713694
141442
453312
267255
725885
85959
781942
844722
415955
445099
598788
230559
898496
928527
771401
17596
250092
414775
556241
311541
733899
872176
738820
294390
460060
236707
955262
652542
996138
662049
431081
812451
274380
382572
435139
396185
210693
941312
391401
391313
383046
624143
467453
813553
908831
348834
662827
553123
15226
841604
794760
449562
517014
615160
559586
210971
316425
969675
667692
304960
164688
294274
733882
570741
508980
436772
560868
903117
582864
13483
748336
50317
124687
365074
587541
923866
408981
678996
659787
664716
439880
479171
653045
740226
240050
103580
470237
808591
954654
137127
156143
822756
255291
255019
508976
583428
308645
705199
533855
418861
368478
22557
174327
352987
914072
818702
856337
560683
788909
452760
777727
950792
757478
331129
900511
121422
666448
413697
84532
967406
308057
465505
150524
634
239106
178561
365888
890511
609650
503862
741993
632579
760299
991999
438354
353003
466142
712225
332020
683227
375885
269366
19403
167689
916835
926997
363707
671668
464897
481014
197937
188082
684168
524650
437680
672585
690575
320161
16888
604079
228157
927050
164640
233245
539017
937197
739270
418562
560341
320319
712696
60451
724733
119293
361606
738024
468435
629909
882369
773889
610778
728236
676804
425149
283876
527921
795933
134429
573851
682974
22218
780833
973338
633451
341913
363177
64911
737355
440351
846734
308487
922276
669222
593434
415650
656298
39296
110886
396991
274441
343552
386422
847327
697774
300273
231000
478088
369534
554665
41511
229776
802462
706322
704002
811825
759650
272947
909494
705284
343656
89594
82966
412492
417912
461372
390673
640345
860977
352894
235162
757700
88810
831319
648870
438822
471340
649567
150026
375890
445224
509472
229764
613421
784140
385850
460398
580618
425244
118786
649486
615918
669910
411457
641575
561163
879366
743769
687821
279162
135268
233657
725598
381373
329067
754615
261745
385155
388549
907821
685387
704699
426011
382418
132341
10565
361179
69213
277243
903498
396626
67560
705622
941390
521043
351794
529113
223036
422876
423226
476611
193671
107976
676865
523686
210810
523730
598990
54511
936970
571384
167573
398315
662773
71472
540741
866852
671950
531967
916179
939574
218652
764176
56194
644921
607776
226221
647327
751203
186386
637446
987794
349686
490499
212958
776243
577804
578064
987552
743571
308204
108505
927163
827350
120978
102214
171229
670408
612830
333727
738230
214533
600765
606964
323866
537672
992123
997621
206131
308527
584124
195021
887760
303637
834402
680170
255389
947479
500717
660969
902975
937748
63725
881218
205516
966772
52119
260983
537864
655529
227346
42440
359536
517285
855918
918832
364842
180614
734410
894922
752497
901119
794406
366731
694765
744016
914003
303127
267042
501312
317745
457739
698706
350513
541323
454625
121628
84073
207255
715812
721713
795165
964721
45236
226756
426920
732409
215427
602498
946762
83611
742277
574051
669848
857068
728889
897033
898589
110866
930176
43886
47560
212916
192045
244798
784152
471069
21302
181349
838760
499377
58960
689023
861056
805349
14188
526875
10770
316997
748405
575500
93708
897896
642822
701244
690660
603208
182509
945081
111558
230686
428030
103520
715179
100640
536021
335409
609643
687252
406325
263568
28240
217305
743547
460867
426786
680113
104643
15918
900031
528494
543338
419300
321068
332637
523123
277411
445150
237807
773002
16696
825475
439979
549788
684046
696115
660269
258052
159849
830293
895299
796913
96040
324040
278231
940310
470270
496699
590313
58172
531069
679496
790620
642501
586692
907190
349348
860704
995177
492853
241401
598723
981084
225039
55463
404497
331978
200542
586498
739758
591308
212719
485898
502154
67028
759229
872681
245684
261745
454712
862922
168504
918302
544819
927529
255636
488756
878977
222244
529364
99355
478200
929925
765646
3823
89910
324745
669460
549549
237661
688220
660378
677747
922297
285826
321877
348018
952607
554904
841912
533405
73902
985620
361971
211067
940959
914313
321660
895156
427656
965571
123297
597821
133266
152030
412026
960304
631735
475479
297825
269403
468489
653439
351632
419214
461372
216391
497411
811439
757331
290869
147635
822816
409991
530141
128742
161625
427148
93188
724584
199592
660950
972666
130858
641036
488376
505065
396662
564663
442949
488816
47551
512847
367768
261446
125574
96315
704068
613470
409240
408568
608068
109810
629414
252281
633899
626318
576709
153545
141219
223236
809098
702626
652805
507257
91837
433984
667550
717236
741335
133475
902184
363586
59040
984001
417421
906438
933953
474881
863827
476505
804067
703039
874738
912316
482681
686776
206230
634058
798322
289655
997471
296686
311385
808754
373561
240679
71805
988864
198624
986999
940761
242875
895267
553854
230141
428516
567961
485951
352511
376207
353919
671704
22767
11628
328081
89354
718767
445946
509143
737633
465480
364838
386219
294938
244431
606643
406927
35195
273948
670657
496444
887501
478774
488467
670584
80458
400649
625682
111897
557655
495627
49722
745463
779117
576322
428910
855977
39689
414855
666372
945553
150917
242679
266733
258446
979910
849537
277084
935822
314636
801642
109172
322870
115853
10645
757817
428949
594733
962959
126749
88092
451552
325977
900023
968474
470225
627455
125769
361775
472358
912723
331633
841646
964330
878505
313982
36863
556113
353863
67816
406163
136543
881974
954474
9693
319335
723927
452697
787475
809871
925869
516699
780116
886844
597760
458623
674844
316364
810092
763849
561431
997608
169039
916338
517591
200006
598940
277828
285186
109716
213530
516623
328615
504414
200172
107760
53581
595626
765140
627789
77609
906773
66657
482933
85656
544928
707287
19324
538730
663713
347140
782626
392690
513742
779881
558739
859649
673863
382874
259021
284045
187268
400841
677040
6040
179547
809267
47800
250826
984538
547488
825673
224570
399720
809233
543508
241769
279909
678520
504416
900355
362914
903154
412278
695693
768370
599554
149044
719774
39142
912400
759750
208298
649269
490903
671963
377992
708579
221944
868806
409413
287512
621673
681025
155867
745580
729000
725344
879517
286982
767384
519609
21761
29364
340707
14894
554921
648548
747318
261409
217524
221339
751135
612759
758972
210853
2697
557996
983580
794490
384695
884788
913195
352959
86945
267411
952235
26870
655273
753824
669291
857139
739367
35996
190617
905949
640454
70313
594497
230249
741697
947266
669434
190674
45239
666296
319979
121485
561391
818081
505918
958534
280240
79465
610161
964857
908293
122951
897390
830187
589840
521939
971202
264770
154266
719045
498967
594570
335518
729613
680007
858192
710780
471394
686300
629727
196151
576367
890939
737148
808151
248158
221116
73729
282802
984084
243201
549555
75028
21336
923977
375183
389035
583944
637188
102698
448265
989534
199417
972591
601882
618125
173044
138002
267017
522715
793194
460361
737888
670858
932428
914129
579262
443850
977833
314276
556719
811084
214876
593315
394112
920279
898292
239212
55634
915500
747595
820861
353481
77665
448115
581286
240253
669274
206230
660709
330470
720026
76806
851541
143322
40808
867442
530553
677054
989920
523365
177715
509979
712950
311801
385589
522502
541364
226285
985877
385737
928027
27530
144561
306707
618909
167285
910952
49585
22194
34225
75545
114647
334854
328352
310311
510389
993680
310812
32757
825539
258613
986512
853907
442032
155946
352228
126368
841645
467181
792241
708512
799080
821746
869994
371225
40840
102669
216088
915049
989425
343290
885873
942588
509485
600700
376139
784048
762979
273580
681523
925284
906290
987394
762901
304682
293288
811493
378090
470961
463447
194704
437538
680829
644226
699118
601596
528160
91314
349786
760893
133144
628335
54208
640203
151555
780461
437096
149616
689306
526678
818554
202557
851998
635538
673673
127541
850781
876668
882285
553487
159611
779905
57384
830859
20911
802709
89245
206215
250283
158632
807476
496222
475930
993147
522159
768491
906636
141034
531669
493452
880700
626998
993195
633129
491481
475794
815658
582674
12428
111612
683595
616741
902501
666749
375165
630599
263521
369736
81738
886817
51011
158209
227148
343233
54901
236422
297475
32636
557414
833974
357500
492641
753380
394957
931856
966203
683873
415727
649411
644879
481147
622477
157968
879477
42182
11306
875814
84655
470155
517913
652343
571858
245823
102401
694965
280510
653889
297329
157618
148041
516301
757249
173252
145560
978043
114647
314949
779185
204008
96457
369396
78241
879508
74325
580824
750020
904059
161510
764748
946953
677736
484905
620528
703779
632125
929257
843586
783689
413805
627094
353606
294077
229267
39898
677616
58438
164759
150723
233910
805238
2524
229179
709803
191080
713151
899254
762074
825952
748459
884798
554923
349388
238613
169833
539984
524218
555660
314758
903890
650841
807573
980809
618407
770412
473768
527990
970212
163163
53911
68432
307308
775825
511205
375671
624355
189915
967947
501910
473880
376025
60156
198107
538735
257602
578368
976506
761777
639083
505851
857028
494033
842614
354661
848869
934441
424158
27657
978095
112684
870047
747994
595120
543597
362681
968963
680487
977717
260656
979587
392490
41101
659541
476686
99489
604573
64706
78794
153476
729165
857579
317369
404182
591710
271943
609192
744259
859011
627263
833778
886848
160716
152272
80586
393215
44771
593477
313367
943628
431077
499244
52440
150146
991860
21853
424846
579023
930136
780629
35000
151441
594334
631136
290348
49773
180614
755195
640346
150284
20452
559999
733568
847229
349233
752798
51517
507048
928435
272461
415713
349619
806558
622415
653333
833107
398424
208455
989211
565573
524525
321156
888208
881192
913502
781775
11767
78341
125251
387071
841559
172817
992275
632199
949581
840126
519059
757957
746378
583495
762666
23537
211537
335680
898565
544336
179845
82010
647661
59929
773056
387833
948562
401744
75678
349292
305102
207306
422394
538396
329021
568746
28308
791848
249050
352120
88610
258397
450633
137560
124696
599971
117349
790524
925936
407692
33731
550292
840000
435518
385992
859688
839773
212269
383543
591090
384350
501049
952332
773941
361179
831859
305632
414803
97287
685306
377587
832436
418766
66190
99797
168857
947832
370558
950126
759242
240276
993560
422272
288015
909009
86129
523338
69679
196288
812993
905201
61379
714819
80977
602191
221247
70226
743056
937384
715431
898421
235373
481886
573556
276566
337108
98599
186386
764385
714877
119437
508837
888146
782092
492474
340864
804383
93606
816217
878801
450064
241429
251513
137790
924541
918487
573683
913570
947065
294663
589681
725196
645598
681542
613215
969107
956400
104970
725744
700574
426531
118781
975382
358880
585184
561340
989699
262596
201553
917573
911110
477486
880063
318448
300245
188385
68288
565700
188513
613053
502177
738623
15356
428453
678281
947323
889572
747980
963541
385860
577717
785502
95767
656711
292745
182204
796372
80281
139361
169636
956899
80459
335834
176846
463322
352355
787922
824979
936689
293331
806238
555488
47959
782921
759611
790835
268783
319298
732675
443363
968508
722035
191975
37041
66612
816357
733293
467308
898388
230673
435311
113726
294858
476576
907270
923323
380056
18270
251401
440333
666971
745534
438572
279099
996021
848276
632916
785758
276167
856445
223552
653264
334171
698872
120504
204748
779349
100652
527696
203588
723974
271995
174361
789297
472358
575886
516333
594240
954623
325423
798322
446220
122570
131489
566402
435711
960857
130362
383345
568957
275012
707477
675476
707420
307694
201909
347614
160481
26361
612080
907391
859764
688229
921875
592314
753272
753987
631315
797427
563555
537151
167544
727667
504762
453056
535550
854591
350546
471464
494424
182520
933647
641036
483166
703453
998556
114089
676736
308033
230595
349496
642721
713088
134916
506415
181795
645633
157143
691659
966565
393183
954744
557072
432561
708629
298655
184505
823048
886993
269257
175493
353707
855818
892239
158838
233056
620383
742698
151005
995865
246311
732020
653504
713303
872030
372028
476492
409723
760463
429514
522451
880179
205599
298527
52973
477024
80661
428736
88541
998966
887619
460309
587769
51183
844829
466027
133570
976996
987585
627533
283143
394753
495466
169056
981004
702955
190061
913080
317144
439419
809237
301350
506435
990282
696397
622600
52408
989140
439837
74206
107742
646781
640842
770284
307493
889240
930338
559521
55259
733643
782845
515554
763597
349627
76019
81923
446769
437814
688037
135947
196491
733913
817004
541988
299190
432732
503697
928911
649847
471674
518139
324080
346659
714127
862215
431888
190132
421677
701209
586065
35249
43998
952635
356066
175184
419881
729568
310157
899118
197601
695087
823574
492921
439525
141649
291481
467497
454284
404406
646981
817226
861859
614794
946585
607697
278090
280682
548827
564398
124729
667680
312187
480905
341654
431524
109481
140166
873758
303730
223870
288577
970757
927514
268924
429290
376424
212779
554026
93755
652119
146847
48994
890924
120252
340896
723692
44653
299712
761608
94765
842640
688891
774480
834518
970424
154923
92111
839464
132577
800404
485988
161452
652516
840323
564701
921322
934898
756024
880962
424801
207513
869813
331654
571901
147278
1955
201993
666251
462695
739328
473628
393207
624768
278309
582167
215590
538113
740178
469892
341815
589384
261376
635546
194589
938504
364984
994205
989457
218362
630206
607248
928217
267615
764807
927756
322056
367862
766036
448003
194817
115781
702710
885249
56967
832312
504087
22536
677903
683849
52899
405145
487449
32099
250777
848113
389406
408671
438138
899572
54530
506929
487972
898686
991156
106660
650866
824960
287852
880880
247541
697508
809237
756897
749629
738294
230749
788985
684602
87237
474507
39576
160975
207679
724659
616662
858900
230709
259049
824689
803251
772803
247433
918685
345525
815086
963484
943750
404615
575933
219749
709320
103653
317107
167998
221993
910727
92260
862302
455287
575285
315060
76401
289168
870569
81756
719422
609734
225918
214715
727227
275592
429677
422739
163678
632031
917298
368542
614248
998051
298047
162407
654812
950076
918880
577666
351632
333286
82733
648297
230475
194280
708385
940328
155946
267876
116298
781579
629704
789630
338451
664081
18572
858747
9841
112977
129047
955524
982587
178346
231592
16364
23002
705794
762398
902039
810622
949666
984638
853929
238626
234060
812425
217950
655726
116982
331761
904321
229706
649593
156542
36097
214113
331938
480227
836528
967184
310458
562881
199041
525814
864420
618026
299624
661979
1886
517682
860983
424286
480330
913226
933364
409762
537488
511413
67859
358645
928946
205586
762865
282862
514682
853844
594893
39501
105842
217604
878007
108185
136450
477155
968189
359327
217753
62437
574575
588857
999182
217908
66675
264174
257916
981675
486189
254468
949254
174350
642399
343243
220471
453368
572837
391607
883880
517940
922146
310777
983470
148835
797466
638700
643822
212041
560865
363723
388709
409792
346036
287420
863440
358803
798129
674374
786661
193518
251969
711569
501482
883700
67816
646140
196107
915372
703564
717716
575239
560897
227916
594716
331617
724819
762207
252263
644264
861592
317718
982504
409989
24594
642056
465851
510120
212578
761605
868927
136791
413253
893483
74946
127692
248133
875367
883716
668353
680297
692920
780104
655894
794678
135996
896716
900932
736691
109322
19773
522345
515539
237488
343009
406773
24885
434350
777139
98672
504630
506791
158405
859802
805621
550041
844362
675156
242833
295844
338982
468585
482139
666921
311296
263735
858028
616986
672707
179289
418514
711387
185922
105687
894817
258403
960723
732923
347579
350117
94626
656370
71020
57852
159140
285161
867198
841019
31475
913031
347253
150933
917684
359594
613043
954792
104582
251685
176825
216911
295499
834159
280366
712224
275017
831100
699744
677486
856984
747514
868016
279357
768796
19733
848649
473154
653050
675427
726557
483161
386231
489708
490064
896683
542067
756766
64471
166088
91829
741726
849221
602857
116963
823158
614044
829989
970305
879508
981204
513109
407147
704763
154846
265498
959319
907625
331071
922646
119830
767602
811473
256308
826938
226864
238527
554838
167631
987990
71581
656937
423084
718119
850938
21129
524310
409505
367198
427481
852064
650107
292980
604953
357553
774871
685542
629023
803335
790636
17901
980729
904363
904215
493364
680007
913175
268651
887523
557522
200908
512410
752248
594292
856725
953277
302863
292593
536603
411084
760923
937178
506310
804910
349264
655885
918663
257684
219286
426209
464281
544227
529022
613370
212840
174163
54719
215265
729351
367228
244625
495082
3360
989697
162251
792658
2061
567843
865451
526928
279909
477451
938773
292457
242442
306676
795611
53528
654602
50781
669499
457659
848086
307918
136725
761182
132156
434665
266141
206555
603423
98140
527205
765222
508407
78740
734278
132195
324171
639826
109128
852220
932474
95075
162952
245770
840003
955474
110431
589414
781602
168988
477302
144900
876898
655924
401705
193800
181096
267312
250737
431880
90798
171495
633134
968896
397795
106239
540036
411501
153628
581356
187306
134817
816865
317467
231702
324717
633129
889396
721264
771514
663727
524517
262744
207921
915573
668536
858816
852752
764042
894294
903367
153187
516216
99219
688985
415202
194673
669286
969426
941011
54304
561626
173493
15667
32814
474253
34551
794172
708578
338405
296636
674451
898576
428418
574358
692782
931887
454305
826214
640295
261728
507473
601865
979726
781011
426106
930811
496998
391666
500072
767033
363434
484083
69288
730666
540940
760102
272461
699587
460387
689210
178203
691395
703590
918897
305003
871709
341960
433621
274391
593261
880390
25798
221898
951908
903571
882032
127908
687554
226067
43687
137059
302260
971917
139468
208352
298348
402072
251337
570030
596396
517392
934294
875062
276995
554097
632182
667012
655581
908799
621150
553630
135583
271490
858094
85764
555942
705145
299712
92682
181831
117778
776674
673865
946234
140122
136744
460246
423968
512777
224895
160019
700467
903038
356502
576512
501466
431925
771460
628761
696574
586199
763602
140738
903387
311619
354125
416457
880298
629583
596397
727974
265334
577098
445674
407002
503809
334508
279378
189755
925651
106693
976205
190649
809213
310663
219120
637226
66921
837900
379205
445975
867649
868819
432203
685893
53571
234674
396550
480593
678186
686474
208564
77348
32573
950272
697320
920985
527539
591118
588072
907224
302292
351159
231602
908087
542703
893656
593869
223106
133882
243454
920260
997608
124832
769074
983184
217950
735976
543619
417978
893176
104263
855918
707522
726599
876110
787750
150425
432380
337746
359630
469467
61857
966735
563800
842237
924102
492525
467139
221299
47101
432651
452393
843716
299849
576115
850512
79242
397599
944955
149292
823431
493108
522478
753250
391874
795254
780053
438663
450291
66782
596368
324142
935488
87030
512803
220143
323172
502117
189368
711121
352268
813475
56795
673323
9092
791727
708708
169858
212960
773524
433676
2718
966749
860297
954474
433088
577607
657499
426531
424657
50692
249808
68417
469795
668215
961176
882425
481864
749742
482479
956531
954613
612108
576067
896401
630926
952658
473867
284864
249845
490800
955340
447824
381496
127135
604039
588757
230892
75349
354856
603882
104598
866451
485651
932299
221030
238419
541901
632712
270924
107771
98441
887368
282627
287188
66891
681190
454388
747938
913102
284357
312756
736134
66257
402392
303008
524538
480155
298173
196325
584231
110759
13303
644264
111148
573871
467123
205780
753863
74869
776367
417031
585056
434810
548324
790352
970110
291656
803287
888602
442789
681979
148113
744346
150501
121990
204347
714221
235702
734939
564278
953263
491930
464121
724591
353541
259981
751679
730040
949864
896956
341465
712715
258617
235702
130960
992035
756673
259771
473267
993801
144608
205161
203454
842649
310914
478318
99611
799955
752505
516424
244798
11445
344074
454630
48622
385336
123850
629601
428562
784290
557049
749207
203002
941302
83968
922859
560924
40824
179306
737972
843500
294021
375161
766384
682899
235650
481767
875632
654744
366842
201450
175876
612353
191748
638940
610750
516424
842614
884645
662440
373148
674853
331719
674181
920792
269887
840211
269967
918410
760511
583846
558329
233922
609351
410334
332499
17760
5273
879988
778230
243059
439285
150414
130374
106439
333479
529483
814707
586102
593194
173551
988339
590290
511498
719371
887994
13653
193844
31981
958409
769798
543328
86954
62220
119101
83495
160886
695979
646797
586113
529562
467090
627072
74186
111196
539887
325454
541624
693769
491928
573465
598655
489049
895144
374402
247603
630819
826419
231729
237565
253841
173517
907106
604573
951086
843947
743926
584115
281047
37107
504021
579810
680260
202845
300491
769128
344284
808113
735139
548832
940462
99764
916435
214595
909335
138244
856587
229902
642283
697672
438011
121336
859153
137512
211488
699585
872567
313999
50729
104243
427572
894647
452830
71014
505581
277736
545680
331921
708678
426142
670459
387103
298368
958002
347105
399395
311349
906117
826484
40455
23285
515294
1469
364462
566570
574973
119421
254673
934378
655608
889954
902931
982183
639794
328023
562365
797685
125974
399562
42392
870887
417014
981447
518361
380950
241036
600814
998772
225511
294041
662160
360403
453385
793328
984143
351080
982961
3073
28002
121802
892387
961000
709430
852439
947058
103717
605752
983112
571718
648538
668542
131911
863630
558849
392223
209291
391945
317003
99913
993665
846648
760942
928191
791861
936478
375215
468731
640701
556259
969251
846430
944417
365246
374614
796089
497834
840744
628945
527564
886323
682512
783084
461418
808432
493452
477231
15765
932851
885576
900227
388363
967884
628331
350973
31804
864744
697682
933010
470734
290625
665932
456359
109919
643138
819052
468228
98416
159020
669226
229507
770334
833596
851218
27690
125138
881642
679997
832410
676003
177937
212383
265099
360469
190208
153639
108734
292029
497761
790467
35205
841142
823825
198924
881911
801860
695693
943206
71874
634976
266733
821780
601399
170638
572071
801375
831146
924765
600035
395242
892338
673863
99942
450877
394361
721466
7087
389725
304207
984178
778931
632130
345525
266968
323781
533434
481735
951797
241387
61251
586360
662424
825535
833735
764216
472207
604717
968821
80447
882345
851464
913749
582122
946275
679191
668437
410402
243971
552709
924524
504446
135360
332630
271819
479051
908649
453877
350838
70280
958547
561444
922299
15333
250318
719805
711209
417362
702038
880743
711401
301644
470036
416950
705081
159243
702106
869372
516011
135526
760463
853977
949475
753612
339576
246387
420984
691046
411291
748733
803331
780568
653427
680973
58645
988077
614494
685890
20049
273476
304682
241418
786180
318896
86707
926989
317963
81210
959386
543980
812714
421786
403414
600178
988194
639421
996787
971740
408666
587234
614700
582167
922104
58825
190156
138358
587910
426831
625923
935815
113813
730838
529295
785154
558959
827777
202298
380114
508196
757389
982009
50889
180902
638046
744003
575612
396243
777360
687662
159136
518056
885818
959433
937569
349161
865485
42652
615329
757082
868064
760795
676862
29446
268128
939247
538890
516521
769610
900345
297254
350215
83601
487224
107507
515475
314313
290748
245697
31889
350785
940505
818831
967214
260112
296393
974979
871805
382767
353263
846082
779599
255563
566843
154459
306058
507087
983417
552437
179555
606766
320146
882365
383597
672845
356997
44701
824595
494032
89354
567971
599868
288483
730490
235641
410334
838601
721583
193707
862797
617955
267280
569340
759948
389625
511750
519704
850329
818802
551349
295748
485292
118987
819525
799813
330933
342791
798427
907824
428466
131299
858611
532849
780581
642943
632326
875102
773265
482053
745336
444843
932005
684812
857113
469308
402253
555924
167793
412927
791740
557356
507023
900051
250768
801589
987823
689138
918106
577650
976431
883941
450433
135453
915169
325007
492073
875986
595887
173082
341206
923799
429764
982475
923553
448773
493532
211824
971537
306280
663184
760565
46640
993235
268527
31741
585314
771253
975320
151435
980015
130041
896030
743916
913634
917520
476343
187762
151996
346499
112300
925407
912616
751756
396429
297322
181654
784104
182876
933183
89946
400137
868257
553505
899040
978329
394856
548219
463278
380244
661836
97348
914297
650515
674347
434524
503089
485793
298289
67631
172764
640169
551855
74143
301203
320315
66809
607187
586742
242898
427613
278620
809020
288261
882165
839825
660269
543813
500201
158614
339697
801327
317929
778157
920655
476430
569316
116850
170201
763481
40095
806928
584893
233309
314647
298058
622458
994042
494332
729797
681502
32757
454974
275331
760312
437702
274597
175621
269056
275017
225428
704411
70321
813487
120745
568354
561263
632949
237833
671187
424669
428972
898514
806245
119295
144690
584660
144600
511039
994408
71647
277015
196310
988315
527277
604805
855705
156894
630010
329534
707182
298751
108205
874430
249901
858861
867233
940587
899660
888893
64609
355059
97511
476479
622255
976646
180855
420397
973019
483647
372541
29977
935981
893100
529354
410067
882693
147051
760380
658416
65189
948342
517703
678234
557878
44767
91844
455305
427734
80252
277828
219378
613368
42037
274326
46424
189077
457225
260672
541277
746605
91659
313982
455387
339103
785978
325568
861640
403436
357317
98794
752069
816874
205160
87693
33495
223236
727325
638593
168700
97287
269643
72494
780518
687967
792023
385165
316082
158104
801477
5734
918071
691717
698263
54992
961703
443555
777335
158029
296765
9149
329358
782665
688623
497039
984328
803251
511176
914221
361380
313162
188446
640743
855735
304723
19728
447722
216789
358926
136024
57635
841934
85083
531047
870612
477231
302808
603364
705115
233270
149348
378713
220996
864947
689197
180882
32967
197966
395451
553095
374309
965449
494201
618197
129849
314652
326093
20790
851596
144391
638051
2031
596073
126007
983975
367257
482084
19482
550219
181331
791919
910180
872691
776663
109883
740017
840003
524665
605709
979180
395769
872691
214763
603662
266562
4614
595122
180842
802494
401705
185831
989582
223871
179226
537880
634553
702074
852976
663140
36352
335666
146281
414635
738736
811944
449151
5007
254458
192980
586532
868193
545955
246337
811833
232912
261446
241432
389744
864355
791074
413474
44340
197509
342931
143696
389497
328087
162644
995635
952397
783749
549123
65806
49411
889554
550233
786721
369396
202880
324010
429761
233684
386117
739302
335965
58943
777105
591179
958484
896535
964016
507335
310530
610874
399233
642552
233066
603487
194182
739427
940986
548679
720146
254098
512213
916157
725705
30879
614044
904599
939317
47951
232967
820046
900154
527921
176581
712606
953499
89460
287490
808310
575491
210922
813895
415636
774974
153448
974550
676553
474865
93845
387060
526406
876278
425680
184354
670303
544216
424865
473035
935230
208630
240849
875107
415462
462562
953835
889568
100640
434699
58063
430249
627495
535987
656915
414194
569325
921186
261270
740502
627974
539532
12684
580259
840891
33379
539471
928333
38245
157345
882500
780666
556742
263890
529566
932533
91147
404770
176933
922217
348327
719296
369197
126964
48414
561513
631777
495403
164799
339920
400274
571335
861856
579844
522908
306529
153580
13306
390027
608038
178922
894611
566963
689663
324331
930880
680238
919091
32675
163695
761302
71306
725379
181235
800932
438742
195275
59753
674427
501415
763026
830360
916993
256734
924286
583523
444589
287275
349797
478344
747465
663754
383606
642099
310188
496144
332431
502227
851305
274291
940805
920052
809816
597377
712379
318518
333355
827232
891581
632935
16769
142866
525575
302009
790773
517159
879410
421221
88431
362723
997258
949379
119757
319318
810043
668128
561455
557414
79143
499078
58289
728418
76794
372979
320794
452620
308675
339574
693317
542621
436368
195165
249606
413331
421772
869137
642777
730212
186003
834548
421934
325516
627437
156410
619734
371032
657781
144919
522377
64706
6917
763756
367481
497613
300833
501489
484441
557679
147755
985548
538611
839844
175480
563712
887840
564195
258632
544909
256707
803247
370544
109045
170795
183070
445917
102756
621836
18431
834193
60397
783420
75910
725623
667338
434697
398782
610161
243162
959275
953966
915333
60191
431246
439639
169527
235932
401244
605413
655512
196505
665167
851339
226430
426617
769567
663931
877448
973082
847772
859216
691801
14321
713398
532427
952861
8662
308564
417047
986780
77760
174828
707108
318184
285875
100105
416994
940157
805526
353749
101935
913571
484045
503554
484189
878130
491191
57255
277898
25340
103633
344951
209687
986292
107391
977301
838083
698765
478627
859596
973165
32105
771174
959271
229999
40180
186040
497221
680923
327071
918521
355287
520121
244580
422306
691282
266234
292103
455162
429306
346062
960110
512406
884070
279441
687790
521704
693415
150075
271953
667113
852228
14686
917044
356982
371504
318704
731078
829392
561817
654149
746879
670619
88362
474611
537778
232529
153457
25051
815168
281566
413340
721740
401205
678902
351646
225090
300375
598235
762713
174724
495514
138909
212958
204685
427257
645486
543448
227518
216979
303684
377772
915472
507291
803860
261933
100035
451710
618518
442600
58836
204981
856445
959542
284676
139748
626059
318260
438097
630378
674419
619905
725327
151211
855914
671561
175536
602296
173345
989735
672788
458943
45691
394940
964170
911565
768705
648030
789117
357449
256027
483852
87229
50132
417019
887531
842749
966235
861265
783353
791957
15250
474487
328252
555341
420439
299881
435177
160218
345675
503195
858030
43016
933126
911143
891646
419479
853884
151530
60009
210157
374373
4624
402928
123769
623754
175421
165779
370270
598588
797225
641320
313103
303773
864670
643822
388064
201394
478397
268534
577257
401180
684015
124382
498090
453732
804291
307626
872165
289023
533226
298312
407835
89419
366165
222382
618220
560332
760172
515822
473022
686463
902668
383781
933293
367446
611908
173991
538398
959575
613804
644189
842135
782759
428625
498774
895059
106212
153433
382406
375623
476222
22316
645323
573106
73935
646001
862578
652712
726064
440584
885322
821488
478383
179276
994844
586462
641814
664879
10052
605136
231965
803287
675922
275693
707617
14358
765206
468314
665429
436388
184653
96983
156217
212364
125243
524662
371418
789446
283315
437033
637848
143663
121293
183274
326676
806038
193782
491834
405477
318805
805839
547643
497745
637230
311702
977913
431713
82384
88070
430360
413912
761830
725305
79129
883451
302745
223273
902996
474793
902688
117300
476226
452192
702688
599820
265923
625343
967947
216116
583466
659016
63411
175871
703825
494045
95561
31373
621727
816359
422549
905908
80453
771460
870022
79244
195586
464129
492017
42554
989288
906625
106363
52887
839234
43273
148755
779044
506407
263066
695119
858622
48159
210583
905626
82762
413055
621464
301727
537989
986359
890117
659875
14796
992552
734485
559234
63606
600629
852186
837365
634109
980537
886239
844493
751112
958062
309631
458887
409989
595589
553257
379021
678651
722812
920548
330176
43104
12275
8970
902649
649501
323571
889788
225978
789798
949628
298864
365969
797341
954694
470895
300631
936945
188642
938302
463983
802394
692052
907509
69610
67559
574344
758988
678520
150463
275749
129449
421247
309785
183984
668637
230590
767590
65391
91119
665811
883873
724038
178222
370413
951182
473991
18579
378522
14044
44059
69914
642748
974972
451102
635888
394345
489761
345978
5056
769052
911806
559373
918287
161665
106910
496172
467561
968830
104123
669183
144529
972240
390327
36586
278938
541785
997944
540904
767309
494300
537191
551452
860485
686807
611555
96983
918187
403702
807244
5954
320080
542281
694357
111555
546590
404114
437735
284688
255843
946912
133286
772433
877990
624172
92762
886371
407528
520564
603286
577182
787965
962089
475794
601787
765805
944369
299017
745676
231248
159660
220887
907992
1274
357091
538260
938346
873733
394623
753595
371898
883938
31749
530368
637783
382216
880815
557545
298482
931147
453732
380910
156199
505428
714564
723879
253701
148714
280842
727940
51616
940410
276851
554054
118634
783993
439235
350353
557942
920162
347128
38566
302468
331617
919381
531924
325866
258077
312151
101875
142703
724288
212349
270003
423161
691081
420091
241804
124362
493172
686266
675793
717952
608679
480227
120215
228532
925099
80753
782443
433130
7379
667391
20245
994903
495893
26190
960857
301529
277067
301111
131731
872509
680730
808805
667871
205655
157944
179228
37216
234907
896830
399827
849436
999134
639175
349903
784025
158270
586199
610750
425960
326348
918868
321726
404026
96795
211511
124729
627988
482701
94658
297490
43321
94951
815509
365911
947455
525604
234520
505800
110266
693488
851566
978643
976928
622981
123259
710373
438569
263598
389700
481721
427815
339759
258571
898811
812128
144652
901453
348787
909939
305102
339417
446321
894394
529040
631979
383892
709771
846123
398157
913539
441748
867766
131493
164600
59480
52029
77519
43414
934696
550414
279646
655911
563116
594497
253007
705229
527181
415984
274114
565420
76628
100765
886509
572349
813283
366595
687821
404171
182931
681716
851999
640000
196975
25832
755569
57249
684774
202242
236279
44893
82587
358230
79118
144398
128750
758051
443001
109803
941191
815473
574404
105490
843154
804416
391799
282758
438214
843793
815035
61774
279487
182493
728187
361797
576908
702955
782970
927640
681492
270026
66009
261731
196335
933568
878489
56762
495404
403702
252376
669888
259944
407546
518726
716828
919417
30665
305102
488680
983873
761680
571495
80471
880411
115904
66383
939682
794152
755863
977549
173273
811333
256302
150457
548018
481508
640628
229906
193168
158865
316811
989357
592209
365674
715053
837365
595126
559865
552429
53566
827948
40138
763405
308617
307397
683959
115084
333061
726461
546284
245760
454795
286591
818604
508232
577624
116398
889393
232197
412176
821233
211315
498590
911626
346036
488947
122882
949365
335282
515616
890168
911780
247055
816024
931295
361697
114125
13466
784169
434965
15808
28078
429432
884752
734753
17001
301761
246951
392393
221948
308714
256977
394507
364147
806110
581480
648663
684566
550033
97454
768848
831777
40548
961366
251936
237517
750701
344133
916494
994822
730938
639099
42182
223387
214925
2037
276278
797962
116762
475811
704936
424878
810466
162170
584118
76083
127614
929286
617604
500690
626367
50216
491730
199041
141248
294089
18551
482902
954767
105065
190108
696411
377996
719214
554064
352278
406334
422019
718092
667084
831882
815878
981635
737026
110409
983683
74216
457046
649028
737026
935323
177875
348333
863640
857918
24557
319890
383993
906118
232515
813713
717016
52212
661576
879820
740973
41177
92489
285918
936616
10622
868318
840578
474227
346321
48477
188074
681130
314868
158793
310919
348109
31741
289453
537700
491046
761714
952087
555249
160487
549461
837809
304030
236118
204087
593376
756291
325019
333239
729898
142567
178630
904844
317560
343233
299708
808622
24867
982957
799505
930243
202563
365614
354984
992154
686104
780796
596918
90681
848317
421191
254042
965601
657885
304293
77585
965476
797466
836238
712329
589449
589401
746504
810148
702264
798269
688173
634553
104465
154692
419024
693751
300565
449130
953041
148149
848127
755719
971968
644358
451480
333981
722103
214306
531583
507315
319215
634575
742938
456073
865396
204461
375183
379156
706706
329559
795182
285652
533062
388484
292980
776598
232806
767913
139884
711121
770736
67225
235276
895899
918871
5449
276937
196362
919777
187892
895278
440314
691372
160567
530859
793469
235210
579779
324555
414944
650281
32026
769667
934391
335225
918563
279614
265324
233018
52544
605446
309981
793751
431357
556302
461478
86771
394479
128465
696733
333206
136729
247747
389813
125270
305989
694138
485994
609749
584788
237553
740757
746681
804933
880278
640615
49917
698703
1511
710045
150547
328149
108320
797187
315829
320773
453792
853058
844222
928109
912790
37490
215219
366544
960048
804395
169498
350798
904059
370953
738199
256808
324733
471638
505565
585213
901903
765971
230709
818199
306497
844279
377315
538683
368029
69623
15312
378234
818688
398262
571431
609462
476405
357028
910762
629379
279394
651003
255412
585297
529644
130708
314826
300068
839771
81331
361179
524634
655512
640472
21389
551910
781479
632629
299067
707732
628644
364509
626866
241476
98105
754497
482802
629036
842135
645651
230263
907687
11971
36026
327599
278312
118469
477424
512406
857079
531032
729560
805426
830887
142379
564511
481494
979417
883842
840003
928220
549659
389027
834211
407783
789832
824101
705622
288598
11029
236513
648823
660044
650088
261401
543122
447966
262289
898603
210748
600313
184135
908767
876033
452872
129092
856605
873334
728479
983018
983166
496902
48273
813272
884022
98206
637966
596991
921566
608651
171971
18579
839756
37429
992548
821245
482740
674955
291015
328899
582880
838837
541618
243821
352124
471957
158744
496895
459037
569679
540348
839821
470636
750286
386826
394253
389497
131111
27080
86004
70777
183086
799715
199891
441362
708129
412164
389771
272184
969321
620367
402348
949299
20790
982187
860202
569079
725738
696445
210233
799090
360633
589696
94650
243974
263323
167721
21058
491488
56593
932358
618810
736879
664800
246704
940482
356943
925
306007
282685
83945
424286
677596
465967
798167
543886
531680
44996
263350
579129
525695
115774
66505
842563
391064
893347
201681
794502
120078
319803
350513
815265
497978
259026
584863
331642
73926
663123
508660
797101
465385
767478
181745
237954
1436
422306
982957
468616
632839
670691
815425
375549
709069
443974
49676
445983
674609
353986
828206
24839
276274
72031
985122
644111
631421
505408
947253
865193
542924
690721
95735
736123
563713
485809
723087
179120
45153
456067
441491
871149
738858
75990
829864
128742
698621
75180
527580
237121
684095
606912
100509
951660
636615
350013
367494
698265
721814
116143
469108
362888
737972
166624
101408
910207
272700
470408
348873
306491
313335
406860
308335
721234
730496
854030
81208
853251
494588
768848
215594
398424
297722
288133
812340
813163
508477
550333
596150
365570
72270
138906
162603
911554
519863
926927
217902
711193
569648
962585
347949
229769
688745
613459
519458
144117
392264
283741
792304
370765
594871
50010
7838
116425
307312
426289
520932
351231
716958
92633
76129
706084
509533
962313
754859
506942
911157
523112
470899
535012
829555
984270
357857
421905
731690
539448
550192
844770
302541
6341
721084
3433
283160
781776
98482
350534
223387
517591
37170
113746
1375
450680
852728
537619
920174
713331
381834
928711
828393
670200
572085
785512
290232
354346
996488
145577
244843
80298
288256
799283
734908
359785
154670
775849
148238
90196
127884
721766
478444
906326
141486
63310
381422
424136
740143
41371
658971
923552
85662
899145
473154
314016
269704
743838
326462
96403
571981
836386
304775
403891
322068
163506
938380
553630
843317
398559
424830
546590
682028
438747
638119
581811
953269
172489
836410
958019
412843
885506
138731
54370
278898
711061
806357
573623
114798
543060
899333
848151
565379
91426
677396
204396
973500
766903
74597
103037
827429
929929
762707
21985
483370
175179
727174
336678
230903
733753
300624
810401
228696
899188
760617
826053
945547
271588
252246
109449
72459
972402
927480
328701
83112
419749
8321
445039
490403
232796
977198
688694
444305
581644
737323
216099
999568
753786
558329
159712
193578
108698
532820
347315
267773
509367
368917
985961
598458
289949
152148
863457
951395
331642
599093
39806
528400
291187
124731
312824
648294
503910
160505
294030
30061
999860
594437
481864
136475
554340
131096
540166
294574
571143
870767
208425
152118
5893
517993
13707
605771
850315
491971
81427
574008
533843
656005
883411
68293
827231
5427
357122
734908
969318
891268
622497
603841
149223
124687
101535
523378
827026
74486
79800
505081
782446
127509
253701
450085
255034
15130
267255
52705
155010
837597
969176
191752
402788
558329
998108
148078
97961
863328
342451
381714
782589
655785
414518
297031
387991
859935
706495
4267
877584
260439
888723
796596
369566
848431
48731
523587
332832
85133
716737
234740
113699
721368
124920
946997
425880
371221
378429
339304
526110
926059
513393
687295
24657
224863
373783
989457
486010
872523
941048
399921
760380
757203
974266
183650
514056
976460
286173
399667
351709
470895
673323
145584
490711
613542
452339
551002
419541
285304
461994
963315
597958
922126
104160
212919
821760
531932
548491
144945
840918
780586
12329
620420
117826
692831
403437
350047
388063
626879
217799
336636
55298
350241
189282
929015
515187
585056
578332
893947
528793
991479
816359
73229
643263
342165
472348
578821
546586
968434
547664
998618
747095
46266
500690
623107
59893
248682
407858
519833
798291
665872
923753
771266
320337
469404
738313
20519
87128
435083
806254
128823
190075
642543
892850
542526
134195
286360
714811
425854
117903
483456
454791
459300
368714
252734
298916
67936
806520
884577
224005
845057
572744
593037
305285
221136
706608
721358
756291
236658
461242
500377
13366
932754
799985
807244
716764
982173
608490
718561
378713
971327
106468
34477
773565
361729
461486
859619
348851
631349
347078
359561
7999
374092
814782
740684
965792
441359
459149
334426
445173
618494
205021
11894
253517
186802
726739
847244
240969
876723
224005
149255
434710
503111
694490
568312
948932
10926
793823
193782
561997
309219
225155
10120
832475
996279
979756
455029
106180
331872
983805
172440
836870
604028
270712
171229
853251
730019
649959
152993
592969
734632
916743
844170
546605
80658
336937
318543
361209
219650
774180
256977
423094
693187
544572
819927
591902
354924
938157
349764
301806
20174
866836
356775
964765
740475
772070
373800
998351
53168
143663
932914
739145
595339
871906
179448
689461
809296
671398
686558
645393
826403
935972
836806
137980
412752
176759
676179
63854
434433
681908
29797
104496
529179
1949
269684
246552
994466
368029
670691
76845
357741
320859
132091
771576
91002
37112
671704
191591
845342
191570
825966
85498
708086
555671
796348
484839
347949
206019
660894
716932
614967
369486
546045
317323
493037
634083
193117
192219
770609
904152
896870
901681
105532
799221
211384
236172
121155
420278
994619
747581
398551
595762
871004
378593
732680
694128
641132
586783
901662
254025
621371
551178
183307
279532
935125
935123
822123
288151
633235
78540
542392
718897
295658
967025
830994
657510
288321
503687
790640
524875
277648
998703
927121
924719
288220
111196
938984
397259
144391
584772
919873
928259
405999
618331
283022
314548
545065
987414
11954
165006
502946
232971
140652
312756
902019
755270
170591
337746
577212
701652
561253
859296
569280
83631
685396
981374
184505
632883
920271
213869
959471
500443
341367
624143
810251
837809
483726
800211
579875
221348
361851
460626
296047
770046
192937
690784
370912
952291
135526
217637
694313
498045
793732
461484
770584
449431
203370
170089
42097
537735
842985
969812
912619
341146
230289
348432
843318
887171
906774
910359
144750
934910
917950
941314
931173
224986
256241
374712
195414
619067
971239
97240
634217
480777
276031
775732
239248
90767
192025
424978
47863
1495
206375
722805
881442
148165
994082
598651
680002
895219
448981
95626
23103
766882
240589
145032
235265
69066
284590
310764
336905
639571
471638
489049
797000
299863
225051
471887
476507
906910
260110
408562
63560
381403
409864
772641
577711
557241
984005
950635
506264
404557
5698
599985
259187
189636
576661
685642
436342
457727
326773
244843
698128
753612
412672
309225
843035
279105
377766
820973
417047
172
196469
248016
784507
579183
952333
10606
162952
204008
993424
48269
363467
826024
591308
455705
973587
745097
934463
589625
34484
149075
46872
454909
729652
151434
675306
802503
753615
516649
168683
217172
458783
921733
538430
470387
902316
740109
620257
170896
190823
285631
966884
676514
834096
429429
551210
63354
125731
460998
761655
384536
516352
38274
134806
797267
33910
270301
746554
481072
619461
684265
656600
249906
585338
569733
844538
13947
663713
107996
537076
491504
407030
831569
829221
625478
98482
468754
673214
649472
386113
236426
214164
900395
470580
634181
775550
244984
755955
336585
82119
787319
168303
637858
692123
337555
753774
602341
845910
703692
958519
46812
809456
804763
210907
52445
757404
358389
197606
902149
215282
381436
318895
674109
565379
531983
740627
538257
940441
565395
975602
582832
262303
192763
408418
938218
115057
264703
554706
263537
468129
7177
144633
320655
245197
44445
931055
361228
440634
442054
404452
545262
166349
819027
298101
160083
563653
197120
238491
343547
104428
675828
936550
731614
400306
606547
473154
366352
307833
418689
606989
713338
513786
893026
855417
516975
779202
839414
928739
10162
97231
460431
502337
652530
399794
253060
603875
210615
919044
157994
827434
436844
80447
263301
762424
680810
409548
363913
801672
103831
533359
931972
598525
663641
638002
665524
842563
193380
838137
490397
476264
113784
538698
788179
559343
327789
525483
542589
876071
142485
94324
461977
357804
666076
45839
484314
77667
82170
69071
222067
301057
642540
286917
505800
264929
948163
471501
432618
707849
161473
704201
753879
471145
224399
282439
431623
342708
291913
535363
394399
686104
809894
154988
494876
715847
93032
833350
233154
434868
611565
249819
6899
332057
438204
972348
582427
239679
722333
903105
691211
203454
129186
321806
693242
908206
32780
758843
767732
33267
43407
472606
830197
42884
651133
565839
436358
490209
280629
300857
159856
31794
852500
960826
675714
485271
790432
506281
303537
168857
656923
202409
490607
932812
346720
194097
502989
976245
138901
224446
717966
362515
27895
247865
402046
63487
446927
405458
143245
305225
237530
144716
337667
836801
652805
671000
603518
662311
690721
1612
785875
551379
777038
743960
906773
646628
634387
895042
485031
378522
795499
12339
454310
414392
385783
933556
548616
370562
103822
10691
203413
274518
554112
498342
821468
323088
267742
252265
323114
997001
968463
706191
520994
997505
977752
605446
857953
472231
714555
385284
770736
659614
851158
736962
28661
996331
246994
719813
144854
606989
230943
391510
123730
409073
157399
222881
295080
117947
539996
215803
508736
849083
785812
113451
650918
378264
615890
390513
55100
813098
203565
298749
936037
524829
725463
965830
663718
429306
660709
72528
384352
685739
307270
245871
57373
896622
746824
349134
618014
676086
270272
763822
425001
913154
884182
601195
693611
638905
174956
495373
64073
233073
706970
46593
91111
996343
849865
371368
619793
262278
992525
849559
303342
372596
781790
963562
263678
215424
20078
449606
306399
399627
247668
905063
946018
836361
405024
831319
373159
253745
310137
792628
680170
355179
743923
529153
964985
934910
106341
271943
816534
649813
229910
561513
825534
750974
9410
264386
172865
271091
437641
239223
793347
289660
428508
741091
545609
949297
611451
404714
930999
579183
798915
447241
177408
257523
67077
884277
167796
440367
303230
730779
502240
443756
694395
972550
206531
69502
988339
252817
248433
723803
999201
920764
727127
190617
443363
452589
529989
435754
384851
214092
163109
560925
221320
63628
12964
770394
474247
548401
30729
781579
988254
293741
216410
920741
201575
621155
95915
404264
520896
340949
647107
211537
17178
996588
518098
890896
676756
504431
170217
451222
862545
897899
443251
556652
616533
114815
761507
935259
257052
541536
577967
842293
841604
248222
616816
889577
259988
638658
144777
506636
104275
432427
638470
594063
694119
197921
54476
103101
968859
676286
821833
173982
322506
859352
291329
860602
331446
458701
710518
545262
601138
75129
180980
92531
207450
697956
396630
208306
766124
504833
486148
233773
367385
887078
250569
660513
807453
278380
738008
120626
643309
989895
22926
829396
819924
455705
479024
886074
369551
77152
317218
80938
376915
390534
453104
965359
815873
231816
958368
966416
633279
516467
73205
132797
952814
848363
747584
890864
529266
571300
985465
330072
743056
91623
209329
43248
839468
727527
639520
133328
71129
143302
928377
407627
621155
482456
553476
742312
300813
568308
725258
372327
750990
374695
448773
840666
552247
96365
767922
507373
832035
433749
797267
494122
839151
274828
494725
707926
529886
371504
584071
904818
509061
634903
129792
1420
545569
461707
472705
620971
753589
835581
903203
605136
58355
185204
771380
953152
107682
469541
995831
78555
922004
382572
816446
865917
282798
388153
93543
448294
613023
516333
82709
601483
403659
753147
504762
737924
241158
378498
433749
991794
175493
409818
171029
445039
956132
412387
609626
93783
705060
636788
277096
340
933932
88277
163294
913517
171808
374845
788416
366725
197238
571036
728029
171725
196917
645120
294083
848877
615039
799130
639914
327158
389310
776970
93983
663110
956131
3379
221856
112925
59591
602555
390894
194829
551949
402111
539553
697029
971370
775240
326791
720495
49348
235612
437199
119961
660767
199912
162879
187129
765661
597227
39208
173317
532741
660930
575552
57219
425848
654743
635897
649567
382690
368119
35711
312652
843165
619605
902436
504170
410648
531613
228296
448138
513138
341638
319061
632514
620551
370270
485317
124387
593076
888408
302270
365454
300943
413370
