880464
629041
108052
604726
436418
818264
876485
116377
435192
986112
752786
627450
126990
886047
679448
497206
205084
17706
571795
844352
314724
381143
645840
816816
38430
25925
452050
278568
553464
636472
363118
515246
77385
740298
894338
97048
324135
851234
922890
926175
590736
818706
428774
125943
682223
164468
63662
416393
284106
376536
104292
493369
230291
308101
77257
313655
742885
579137
993437
512136
410834
794098
543643
410638
55234
501481
705812
939787
587476
75589
406649
987543
72041
11046
12282
907328
208297
560777
485398
855103
912847
101625
354902
877646
922673
500879
751063
644232
220115
737588
380092
624959
989911
388722
771318
421045
133827
619339
697070
996702
489123
429025
55213
273023
946768
527624
327306
956487
669549
322960
217885
921484
492436
167650
594302
477769
524624
327530
998765
929791
839234
568753
379810
367104
519166
662735
417807
89599
273007
489464
102225
423906
440464
661512
362341
555170
154174
99333
316332
84566
688261
760802
208655
250906
823461
396733
485675
726900
467794
974648
592068
482915
113163
442251
405449
118352
986103
117271
180912
863628
727474
378454
758775
316245
451847
162636
841058
481721
873875
925084
357192
341829
462893
57154
216683
987981
875296
257509
125067
141483
850523
496101
842377
36514
894173
815161
879785
745841
755040
273261
424841
838413
111228
40697
532176
293719
151547
847229
422030
385405
878445
309914
633423
209490
634714
92945
830926
493241
574850
764865
848444
923606
402707
971713
378031
670422
622383
980320
461236
304431
286499
705920
114522
486501
90920
138625
13591
94178
159669
402620
254187
934493
728961
795453
156357
95650
645139
116876
159619
208931
592755
946726
399625
641570
273048
555612
317274
106141
137667
716702
742760
207816
964976
244311
307342
341724
490600
452968
901012
821838
846717
141963
691962
942670
59827
196635
532632
55891
866071
472330
973349
750074
808284
440201
181073
570942
57032
449942
27334
106862
889789
907897
263404
195062
7448
943892
628289
66932
836718
347253
760183
314998
663119
234948
696031
645425
38686
600145
211800
68730
983819
317982
433992
972845
937148
682930
534246
105785
198386
727016
699320
922777
951821
989743
196559
938410
732666
905872
680743
189146
526941
300289
265293
146697
285268
961678
352568
705325
463005
601746
792969
308256
132120
620139
115999
752451
541702
53301
177475
693824
783001
730791
856392
355238
840312
951099
946892
718769
652947
201091
769938
129284
425662
470950
22631
834784
101548
289276
454257
681344
201931
147878
867339
97782
260896
482971
477443
862743
687008
529747
228581
561599
998976
129569
970688
599668
220835
155821
31630
188864
289258
603888
588504
14920
649157
507222
936942
373386
629525
245767
590912
891629
315176
903689
250416
51288
818356
392677
517729
385266
398142
976602
19370
47916
286848
952448
645538
120040
919675
584738
974495
498997
854319
197336
527067
722807
450420
246040
955229
580308
859916
941786
457290
333157
536944
616749
791097
265834
676478
713947
510003
925898
776163
316093
798035
822856
903566
566687
326256
227756
845643
918948
765573
281763
140128
433383
153284
885463
900534
245584
114089
240351
502103
938879
801317
457429
638800
250072
94824
921399
721110
189479
863985
93157
507546
637726
551393
859421
328100
171244
69533
988971
975024
830378
784849
801837
162674
405309
875384
623000
79994
887634
543956
31976
239110
534295
30579
873569
264455
861589
31891
582897
748236
687601
849631
154394
227290
487628
902205
551872
244144
489513
690888
750012
778413
813665
977439
308477
720943
419842
705726
266504
865275
922156
936860
616590
132585
199882
914346
585274
852510
363765
195972
106141
598023
815543
902315
64493
178822
285518
452133
46170
980815
573027
87478
579811
286000
69580
197498
709451
772663
219477
746946
811557
347647
808711
845438
578829
952191
386685
245217
237005
617107
475147
755865
466980
756989
497487
42279
697065
631799
849165
268055
565050
879288
219688
836740
647274
421394
656280
418373
808811
3589
951903
968429
526371
664474
986664
810281
448484
973071
625022
185527
636298
516275
213657
524718
507573
368825
134123
770754
369019
859762
936551
445359
667792
745978
507761
130197
766369
589207
633230
146036
443558
635241
884163
915696
414582
566889
827036
368175
309750
685268
748420
872167
487382
123402
721514
446099
636857
851409
927270
970544
716181
259408
293313
835122
972301
351207
318215
146062
131623
920453
626712
962620
148947
400813
570912
794897
210236
195835
499354
638655
798716
462390
897352
135889
734720
615826
86371
692819
166488
828901
884292
348309
883343
396321
628897
572569
978319
254286
102063
861378
704215
613827
429439
518728
637752
308291
566236
345572
698999
888810
92896
792216
744280
62570
896674
112944
566702
45596
890635
972755
552571
618012
491974
727599
673492
734325
948848
560848
613621
437833
703602
5206
873040
508926
815536
999074
455370
913289
579828
711836
370443
457321
892790
778786
466313
500020
301812
75989
396468
243975
684474
647141
262492
945364
372780
551421
448428
913844
666895
237901
353931
206706
95088
838776
708411
612757
289331
240351
842541
480273
156117
113497
495595
926070
847298
111012
137130
899715
73708
884064
501906
22156
474366
822972
318588
901508
270380
189035
366443
841666
197442
350295
154552
264285
567675
286558
59855
203722
106027
228703
980131
639008
540000
30699
823886
590949
273854
25310
150708
799651
984120
640920
253846
341859
288330
115775
925140
717053
392056
451932
343660
298526
363170
126926
505855
531367
720834
875556
372599
493058
8826
129330
447706
935582
869759
427069
336174
862826
279253
468818
952588
738001
384376
407441
847390
34976
555611
675692
429506
54719
436799
800389
50159
341838
979250
530281
442497
318388
611538
490615
499406
679413
479006
886676
970771
359322
995424
212099
624913
729655
21172
954670
314875
529663
90100
306833
676137
256935
716785
225725
186932
266231
752224
807626
95650
590157
795348
805633
648341
737216
828646
167265
683378
412366
740005
760145
981329
198867
618015
16762
397411
629154
545757
334380
633080
245054
906466
506315
601314
875068
243000
716913
576635
773144
570068
943906
723420
960015
938436
965099
694079
487286
822581
370263
217622
862148
402751
981195
516938
169750
110035
393776
202309
58241
773876
706225
665012
963018
824189
726163
635326
918710
972430
817125
258434
627071
986267
143161
743908
210646
312773
859109
805357
194074
758893
61278
679572
196412
983015
399525
91355
291670
55989
508896
799787
850051
391424
264757
381078
141877
240151
805471
562337
707790
911414
42970
756701
393673
670315
789245
569197
100655
171163
219727
162400
273960
434259
206782
404151
118924
833604
59548
572024
59576
672778
303642
182388
220945
140538
441317
286762
164025
639908
301331
460110
35145
907004
919326
776224
104797
720614
171981
714237
492100
306347
164935
408890
963762
715225
304456
26853
582062
335054
291655
54625
579699
530711
592766
13880
928261
116904
941071
940300
739554
258134
36349
984174
836163
574510
264340
362180
122112
591879
334672
695793
366124
914768
397620
906542
658040
986740
354636
441040
580258
599364
497658
308629
779016
111866
168587
279014
500291
211530
732321
965476
896417
99084
620896
83067
725271
839792
453110
198744
135758
347695
856566
495764
136147
932152
20838
872871
40875
301388
188659
254187
355302
777398
148784
223758
943347
974555
141458
526303
874364
623197
861102
857926
422415
95620
221430
839730
312668
367125
904707
578608
962918
354856
634531
247542
990796
150473
438089
69546
455248
616214
738957
487456
924240
825133
74339
743324
515519
257380
372084
656244
214134
325118
785777
618015
890345
252038
673791
356496
18536
980707
60657
205766
95103
295676
525592
288451
124833
80667
38612
412398
934610
17521
487239
44210
239820
904156
680294
91606
369530
966393
276215
827563
52356
427074
108452
395009
597327
794683
905138
406212
976653
645911
111453
492056
183069
565974
536936
450531
172645
528086
263868
605586
475280
475819
439927
878078
734356
712647
906023
105913
828786
202704
619292
951561
194688
853686
425860
178649
630375
292250
323686
75403
384187
520099
360007
143709
888646
356321
656613
807749
737813
99940
787699
360344
742957
30042
346619
318664
722695
333440
876974
452506
727912
361549
744629
950729
515392
315418
230413
333515
405930
507581
75259
474475
902957
505534
77883
343894
215002
20285
928827
256093
974361
300885
416050
363702
574110
804538
359902
84858
744372
943561
540394
393450
34478
757034
41938
28454
472477
26088
33994
581084
140765
786561
657103
933747
311621
527803
569819
136557
510236
732085
411949
755733
453760
843595
851380
297375
550647
436598
968029
114591
350678
704494
391972
987956
200474
340388
902523
664148
837048
730336
265128
662785
24151
148438
776507
444440
641185
589777
345649
498516
556705
438201
587954
145516
886090
166820
186956
225598
690972
520287
783218
116205
586477
468354
536154
917850
259441
82447
26547
780129
343482
996484
282118
483420
776542
126071
803794
47487
159375
71548
999997
136722
870771
615970
832145
464256
13651
694158
928068
143761
865093
888529
148802
92716
58748
327033
464448
23512
421976
625277
244205
254595
580249
572013
600496
314225
454976
588307
788568
473768
696565
35376
416028
170677
801534
105788
672172
112366
387806
749205
627908
412627
858308
902805
453717
741005
87014
47627
328980
562690
735056
891549
509878
560494
458803
616298
456321
858162
326146
774962
10791
352806
643471
107185
417904
442626
226240
64064
650166
45778
705306
915455
978822
430784
705625
124695
692588
585401
291542
271745
687680
97747
332871
95383
925760
874130
743594
636472
157163
885141
411654
616414
616329
135229
190717
758411
754819
17609
324694
959209
186568
815592
442354
537568
403741
603767
862067
462348
560559
6528
594113
550728
780993
345590
100687
900029
183031
661042
908668
751017
305182
231147
184207
22228
283894
353240
106847
304098
903346
707947
507755
755903
562850
483358
25474
138557
237819
598026
11811
812059
819404
277593
504947
25910
433036
855516
377198
794640
732137
71279
423846
144975
832725
610889
421728
298983
418092
461174
299782
362153
20235
506943
180970
142468
905794
711047
748075
643178
718800
470878
230400
540669
110605
957311
185258
917260
744548
671314
759449
771191
539210
545735
549113
938673
876579
524924
495687
757994
218250
723258
878737
688561
671836
537751
63039
636243
293965
579137
172181
108086
666828
426390
788613
629141
41150
276902
111531
220456
502320
317899
883833
245330
631061
159606
709236
61587
258990
323145
264038
323030
445362
493723
364202
682429
256454
879656
74053
445888
605027
368392
972944
342333
583386
308340
795307
50356
975659
612980
275422
984512
738677
680760
944409
23893
338403
230980
616298
671489
830384
449503
532380
269774
939303
225021
612417
392676
252955
521431
806573
542051
512601
765678
391348
651332
851598
237985
664055
525945
537717
676297
415821
465012
830782
187635
241357
670326
47498
841610
281865
27213
12769
38215
253723
892796
636123
984479
916
108422
800067
813613
320345
237648
41675
62875
492090
129796
586119
542519
11008
57822
292019
611806
645461
170387
46240
913848
503318
31536
869744
141857
926977
105961
174781
857941
100047
525305
795933
604435
282737
293362
741701
427484
954901
518847
370493
299191
854661
792479
794934
305446
428666
525178
514594
605586
454794
681221
208832
167786
906535
6074
667537
141350
205290
193323
510231
473209
527343
332324
885661
286216
296823
368615
953547
96462
98109
45923
37154
381587
167714
585729
120716
465613
393921
259040
216330
418604
24024
83596
720139
762830
235034
43694
706472
532050
327730
713951
873675
109260
650063
5823
109312
241366
951760
73605
175935
536261
848247
180699
130859
286088
117468
164170
615734
985436
43126
640196
963414
905369
803250
89246
699064
966091
222150
505088
511241
363658
327680
625839
824046
449233
5799
782832
149922
109908
737620
497777
88158
77893
482358
79729
759645
371611
632517
551397
748134
681217
736307
337299
655175
586189
653169
740315
809503
413479
946443
406849
769419
61111
286253
531455
650322
132188
419581
811075
61399
540193
253076
851234
178004
149273
852636
969387
803343
644582
495401
12749
107450
933601
23534
9196
568863
277467
831941
191286
782372
798390
735162
295470
478279
507469
719538
365133
214713
270355
879091
326702
643287
953696
224921
738677
506092
304755
456034
729553
907893
336917
389411
396805
816937
149155
125285
852932
695175
459675
681789
969280
904962
58796
607697
483071
260415
831665
734931
81108
726641
928647
500900
81685
426189
835074
900178
31686
756122
254655
275722
398533
796707
480693
226927
784494
646966
716670
122975
844569
602691
62011
963919
715951
926175
966874
908141
687305
968869
11594
382015
424236
808087
889656
632175
189888
27308
752501
561048
124603
197362
227501
953183
264791
761482
549196
284400
781933
605306
924672
391028
554347
60463
560824
138726
482270
255772
611548
157586
495555
269026
261859
328821
887069
439821
201800
553655
459728
138815
385527
611763
47404
196847
347924
385523
691628
981426
607002
465484
828928
968179
383453
974495
659460
47276
403027
498651
572678
916149
163782
545682
972205
143637
427707
396655
666330
271327
925185
86264
91156
422709
369217
505444
37561
731451
410009
354846
867441
859265
84766
982520
632369
507180
981774
142149
933064
795996
921912
702269
286932
517990
929563
943457
668613
169202
576648
255447
762125
205943
489112
229593
763250
76160
485337
936261
29880
412099
238088
106399
151653
124718
667608
839793
753793
572624
706197
319296
864037
758142
210367
434946
924075
288738
230998
973263
488809
653061
324960
965623
33379
198690
772341
599833
591543
199158
146788
969533
570384
954457
347154
892821
153560
628967
744860
117642
958876
320808
458264
921413
141697
46590
961026
286823
172236
241448
826377
545979
930713
742030
710374
727592
455249
407290
756485
658577
656236
469465
599478
458544
642350
5183
392075
361893
24954
160565
967780
257634
20850
235860
518482
152035
429727
338316
637263
139882
508808
825627
3694
996377
199840
994776
191405
992804
568576
782740
850932
275840
594910
818816
182780
411735
104126
331395
855521
440032
891287
896155
613050
772232
176003
74725
356014
858632
551382
427482
218784
535449
991676
86623
633948
960726
831455
785131
51035
16231
101195
804526
252404
36041
666820
134498
669110
668904
766108
112163
628995
687710
301286
761484
552179
568328
143804
551901
371550
336174
561984
808616
607612
213390
592812
233396
548065
322349
106591
853859
65769
437274
61666
556044
465732
114900
120568
312533
429048
697499
687088
391435
523941
363731
15049
264102
808101
725075
590328
250675
467131
653824
324755
679453
95349
340394
584012
745183
429527
294419
349044
769649
575854
518785
295913
399533
252882
99613
109287
622525
852464
369915
376126
473143
37635
963547
675241
470796
504951
918455
375945
396238
587656
354974
261655
293765
521539
662633
634654
880805
658473
76479
660379
679156
443157
521223
682430
110185
609591
435748
498382
238807
168702
688344
454369
322535
851499
18872
867378
222397
134357
875594
43825
734161
657031
658836
446204
868507
697598
250153
724480
21668
809797
207761
588938
470105
636661
80964
947957
251629
754123
135789
856762
154176
947300
936117
567205
906087
785836
260502
445220
249894
639823
463830
567190
14752
236657
713964
329914
275621
129818
198294
325063
801164
227941
103350
742122
482409
234953
774422
439722
55688
517333
707069
994616
921219
144113
544300
303633
35618
16945
106399
926417
65873
644146
90012
544093
216860
9162
489492
491159
709004
229086
919014
677100
125129
103036
529663
743594
782220
43233
838155
921683
307945
833290
236465
98088
818471
232135
2888
789083
490331
470597
761254
731881
704470
1013
629902
957088
199101
83518
592669
847210
546340
912085
583034
375957
613252
188127
528967
908450
323169
21214
98500
25732
148109
318868
356257
915077
498497
982301
941582
35449
353356
272241
908689
199990
679971
620061
83761
78812
450975
795942
633726
715793
768009
795708
399472
54974
309545
259334
594080
166068
269504
566438
591234
974564
708071
654916
844950
584246
126589
602641
280074
454724
604928
714273
26789
664675
996543
853442
880892
163881
750434
767754
103911
841167
230964
277110
460936
842343
677517
91089
338113
537924
842274
638010
253037
157695
518717
255076
213039
317250
568720
984017
843433
840642
5734
676393
399880
956502
488886
68821
378011
293958
228797
762740
469333
905706
737195
694207
319833
656761
868542
234122
816693
129147
234050
64138
558843
378597
590176
177685
186579
725968
331571
62875
484640
916703
447272
737980
660894
906519
128891
123537
409555
428722
569320
432951
104738
916364
673013
194029
39075
391929
599406
314110
613159
733767
674468
537427
684448
699643
561113
687683
131535
792659
78637
94297
379946
582942
251884
528066
402668
228308
436102
492490
796346
673676
201800
368743
483746
402494
943202
939368
331726
876848
164490
494225
44190
917784
797163
218830
415431
203785
743613
156107
421045
623006
543934
642655
858386
187448
137307
715856
347730
438865
596356
875679
782476
769133
455638
121594
362255
697270
54938
361410
192472
360027
291670
218674
50159
511367
136130
54266
769930
953377
206090
668626
164721
901215
397164
996650
378390
893663
102676
581756
538875
812845
825183
343078
535256
792588
147449
460413
140012
29037
200213
473340
348441
164277
8667
409552
940955
467878
400380
464802
928300
135647
881961
800780
577744
229418
943413
299655
280114
847379
497134
781562
804434
310582
372523
328907
457748
22367
951902
975167
417822
590195
444649
806952
540987
597626
484134
717619
493668
106546
702486
191184
162285
465549
200474
313928
889170
850481
59488
936093
422870
495674
234581
640748
283920
724141
703147
140213
875955
880491
603117
178991
989242
988820
980070
326973
358249
865919
41841
76867
949338
918081
378450
5231
545369
364919
526717
834200
884144
647359
553604
327170
533383
170496
769617
726300
107450
693956
876848
215717
147892
62618
250665
27042
747251
751514
268134
102851
193329
799399
107925
536700
226559
310604
902805
723694
267492
652466
633659
223883
492577
744419
643630
286010
551422
255859
956137
77307
267123
822234
883911
196964
211998
395657
498788
45044
705180
299147
90149
439796
687685
467305
206231
202071
622724
163852
710543
670760
711815
887264
933482
232558
97016
446297
120410
670221
867348
798100
860372
30458
471443
661081
843377
177134
830493
600879
975286
965706
87895
882258
803323
120683
806620
712261
175425
217093
823968
941817
85939
956167
340619
802143
542580
762551
252170
504312
225631
201461
433997
103433
722017
35897
959838
308089
899022
980803
89353
673285
547052
727107
377734
23407
599406
756246
465210
458110
633622
618667
930066
919247
546168
243196
444594
41176
837952
601602
229150
448477
517581
827622
535569
441642
675713
109039
768512
305380
592229
598167
18410
482827
153389
542002
898880
503889
465305
160178
288160
640562
649920
758433
625399
85085
227937
550454
834952
513204
349761
628886
957343
777981
180748
48534
145657
294451
88525
912197
834317
590269
49586
638947
698629
218429
396283
673911
966226
903631
105453
670995
391851
730468
254531
506698
339537
182727
582144
894736
487063
59614
454204
278085
199059
301406
314526
67782
350490
476496
583192
943473
354882
973331
326632
230535
953615
919951
888327
44896
231051
76204
99347
576734
616248
656865
445881
860252
965212
523217
36335
617169
479625
896974
487756
170496
287091
976653
867378
466102
456029
841418
376183
505520
609525
688889
931430
735145
310676
793709
80374
612612
861966
726394
16854
414706
470280
727344
302573
566460
712729
776464
252705
441939
567795
566268
674013
442742
507501
446237
130526
389113
231747
511989
894373
10879
294827
278448
243191
899139
700146
688227
636969
822441
763805
702641
189909
442931
56882
641060
777248
923005
72970
249874
854117
296396
712462
304605
103970
80950
360227
42918
686776
216529
314854
514578
487811
734517
418373
911585
282755
628315
156833
414552
23167
157288
442018
40181
95495
822980
65320
25980
395545
859152
36710
560408
90100
837109
408672
510563
243225
854713
977927
90312
745398
110456
832636
403216
920608
617272
230441
164865
710347
849708
880324
324762
117073
32421
784531
19962
236925
952408
190799
890959
119637
26320
398635
637980
221515
868542
457150
398668
124300
261168
963828
795084
504245
230579
244820
850003
809366
171682
650232
878998
272782
695046
308795
90780
835688
695926
910366
253725
497943
731011
270565
934145
76679
937170
56710
361302
526054
187055
516714
973205
914095
708935
845610
975649
731669
251540
66317
450235
479444
323696
576793
280651
955884
913308
251456
525001
884531
492247
829204
901215
895259
987701
577979
699313
107183
83958
518457
775041
815202
863931
437475
533397
120692
810804
694106
288965
186745
958347
799083
185120
172234
777037
21646
479369
98515
562987
900069
351195
120214
79574
675030
148396
614939
148092
344520
417468
162162
825515
9344
972558
234395
470290
286708
856767
623440
739237
688012
119294
954427
398185
202399
249705
525936
73708
459337
157051
802304
364399
910957
730742
241434
173320
943789
286216
529747
795883
783690
263978
843174
553619
653470
228243
85374
575564
881556
607049
120935
397546
213620
780237
133817
330063
759079
836394
161517
753453
317565
637596
530190
949582
381271
257556
560442
760161
286323
133141
356519
144513
884337
491626
471813
455227
393323
440428
565596
41564
48633
126929
335182
989605
27077
243390
930510
399551
56283
792900
475232
210269
691979
872009
992649
13695
603015
114201
127911
402415
349808
830703
959923
376096
915077
102862
250540
46785
483859
735514
475870
177892
907986
935623
990511
172234
70005
507550
87398
216418
679936
62233
649526
944724
790534
629515
271835
333140
36503
191692
662096
913075
13077
804943
669238
45103
798541
210560
797667
83821
277711
291276
921622
892630
547927
343835
693615
174287
271450
975250
897083
58302
382349
41844
250105
210501
629659
919774
809554
766147
255118
319111
608959
530060
560864
855187
688892
520074
619098
155228
870431
829501
318700
129320
577894
639902
315192
783740
188687
227941
438080
644143
685743
766239
61796
200478
321238
45712
898952
269950
354043
61452
887125
468095
613888
949928
359484
647425
643254
123113
737808
651609
525158
425244
604008
662831
495175
362904
896390
287602
659418
132379
531026
780982
845185
840905
212975
732542
708496
512504
181698
332358
241868
3507
878078
941965
996931
326402
464026
508146
664768
445206
709367
588523
66994
888214
99548
587163
872945
457259
795496
461384
186447
691262
972933
403428
952502
930440
649979
630787
997846
956089
45492
53739
179299
686114
771315
747301
733232
628267
585071
68600
195347
258296
887634
162292
49305
618812
902608
284725
950277
28790
743151
657667
288613
788974
660129
105961
997510
535336
75198
580112
761342
206867
806432
872627
154140
387765
781727
188268
204237
576892
552920
527388
810369
194511
274810
775739
269678
167378
154174
929834
517522
595259
378900
726519
272681
517199
707339
112375
348920
890358
14030
340579
251238
225659
743036
828179
62935
191075
434496
761942
611199
845389
981195
501705
781586
838481
671214
761521
275056
179005
433953
3914
825556
916708
789787
527701
425706
842131
379335
787690
888944
352249
798099
371626
911846
368983
349776
617272
755943
418122
67947
155165
228906
65948
109403
705103
389225
236520
862
831941
270870
386277
841483
519922
302023
249324
79818
380469
981667
134620
151789
751076
177839
752750
512511
100247
44646
505581
954431
220375
383415
905691
117748
657009
777823
474166
669391
149510
600079
927195
623197
164690
325049
912525
33775
578676
71263
956116
390386
655876
977122
359484
76488
918356
347387
344230
87962
555359
810399
182586
469677
603551
39996
489341
726271
915189
112123
707883
266253
60243
325895
404673
929027
678370
196430
344083
417468
684749
572068
631635
750513
994485
55684
984020
21985
136593
409624
116308
793953
994103
507564
758767
54374
360968
475793
347820
196381
474337
831699
397367
532590
522462
243070
602663
606088
922648
281009
625345
931392
260494
543945
608387
519312
33197
740715
666942
726380
14454
129304
540916
58171
869014
303279
398245
996269
880416
731097
471917
179949
486952
464817
503618
276929
779527
735333
745640
217126
337767
832403
675660
932676
686258
462137
45168
247272
766654
321981
716702
949486
875664
981462
483746
980803
915775
623929
940513
910985
701530
674490
404142
761315
130589
755172
93480
600903
13891
410479
544984
789201
199566
589311
860457
844455
424098
342312
222037
809208
250687
818356
107655
218995
526318
858356
662588
666692
336842
400466
447356
278807
282498
404571
12222
42861
121410
350922
357782
758419
213587
53691
150737
763499
641725
7510
332098
511536
127595
93415
715250
31346
368866
96487
489357
686384
394634
824489
105269
233584
171105
634632
907497
715049
243336
901099
925185
395934
867105
654673
35623
598463
553798
437917
412627
117607
828803
931261
360789
264785
646021
801028
89581
304213
321086
11886
938371
321700
548659
451288
30271
379529
101469
441448
733423
323325
690534
827736
463474
767873
75769
333403
457665
718591
243752
975532
25190
80266
139368
791400
43006
239720
362078
34089
678847
139988
478755
875005
234798
348369
143370
162823
285786
411516
513187
573894
987448
15920
630970
110989
605575
566237
253393
410009
226000
254861
365366
586490
685127
861822
367618
691104
418519
56723
138151
355800
514999
394382
383695
175847
995217
46757
769349
73652
743847
245651
95116
304841
313153
676325
645278
775951
503730
977710
971817
710353
150844
842079
555467
214708
875674
921622
664961
23534
777960
950689
316381
979249
745306
304629
744548
426421
530263
185669
875900
447841
507469
604523
875418
196492
165841
429661
180467
94065
373771
56613
444315
539760
486787
491104
268266
366390
10942
422310
441053
652405
664048
335722
43339
291309
214573
648476
405121
966849
258254
762371
369745
19303
684082
533584
23861
718126
76648
202041
862199
734231
225841
749001
2238
809371
512632
338495
733380
892336
987176
779784
717558
394090
107223
62215
507220
568695
40869
88026
55851
431502
420447
828872
758696
606827
219994
878653
49063
596621
730750
82400
935470
975659
171272
856103
307815
776121
158606
905407
266841
297149
750595
912730
31851
988011
397367
460816
535005
433124
38244
37963
143304
452857
751325
267757
477791
329613
520742
537406
19997
736462
652501
384456
619489
795390
315405
731301
626495
870063
174676
415828
735051
254474
686043
766042
5744
71682
707414
163031
604192
873768
473040
610726
490795
177855
635025
165973
243942
578266
251131
157011
576604
456621
881528
900850
718338
923971
906085
351963
505996
119678
219542
445948
771316
222251
526587
743882
475830
125555
385547
752796
453096
757527
584508
331405
113528
462974
777853
411489
998166
305156
117737
818860
394118
142067
296532
734402
796584
973156
516354
11273
43925
403562
558933
697577
905985
211998
926978
740527
226869
205693
696677
454083
185969
282579
599338
264684
439166
345165
583320
133759
406043
373914
583177
177175
743938
579341
987618
699739
858280
426569
620569
197920
763801
399525
962749
485441
656951
132679
54394
209737
146092
598722
807189
954858
865403
987541
244176
820302
8833
631348
474254
563196
558976
801084
914874
214607
955260
40900
925812
799787
417250
793603
833177
982140
959405
190534
379689
607944
542580
857929
485740
287570
771111
254845
790797
892252
684136
469907
923752
68532
671374
416688
227373
300966
200039
959258
133380
147950
352249
594998
217613
832287
252059
183732
259535
460030
98635
652667
922460
435346
559465
701989
502268
421295
497675
31992
645210
448653
424987
832886
289969
319719
814796
260816
597648
127384
590187
39183
494117
525846
930760
625989
411013
411921
376239
991973
306976
164384
247316
550527
939171
770606
586902
30629
553024
747786
806492
343363
685268
711505
337981
573549
425790
758557
607468
415780
932848
653785
691220
890353
355130
488799
224722
562309
46018
843739
381009
832641
366288
337321
35872
302934
984461
5041
615140
669770
855768
417423
834588
149255
145492
171839
583584
74303
165063
80697
263521
451404
177901
844303
58655
246852
948359
750555
996846
668077
572099
818839
338884
504026
509870
457218
329150
904604
950885
989237
131672
211033
459681
192327
680584
702830
610903
485366
412439
141589
4355
349416
568269
467017
566817
201508
882873
230998
997654
901420
53079
886688
925717
292966
678399
218953
427453
634512
451912
45077
202505
781460
661027
622901
505855
434944
543636
298006
375615
733528
971784
295882
317894
486275
595150
790706
129424
811989
132146
641495
671722
190128
313399
896138
97703
756547
808811
801239
388939
45678
236669
343141
711614
398991
87136
730327
193318
627624
894101
955619
852700
822980
453753
445782
432111
789154
413062
13703
862580
864767
410009
364629
56272
738163
989883
926575
623084
971227
696689
530967
785933
567670
629795
994876
466920
613827
321127
753458
270633
569254
546328
320316
772669
657281
187244
90407
669262
495576
652278
604099
195329
155647
726509
953385
568534
385580
897836
455687
181282
282136
38153
470113
157069
458306
928922
167231
132659
246297
142628
559814
664948
140111
86994
38586
436742
800507
342006
803269
172631
231938
830731
989340
252910
197112
535746
740608
889161
296080
537184
876735
614489
523726
898168
108574
840165
474664
762005
612602
840167
632766
628464
567486
274436
67634
606060
760231
28881
68775
359688
712499
75057
521502
338535
270253
970863
280693
357068
47743
171660
226683
149193
707301
6798
911197
128965
812057
901022
14243
260394
167272
981588
550484
566153
909952
26246
315188
622575
738517
799518
37233
217210
121343
762932
644069
653358
929541
426285
887732
768308
450785
928871
731474
979625
703607
383469
877302
805956
787073
486162
981091
151809
723673
621142
399865
3306
304841
906184
159713
255862
912197
371620
890892
799264
56784
681735
295394
853705
616603
568197
821386
900873
873950
352806
206151
88570
57695
681344
935054
425973
528155
112765
906399
240482
182126
178449
91726
414829
788178
449706
641091
64330
852812
394328
733830
734356
41526
720066
957137
319768
245424
348079
194804
613750
423503
519927
17182
476324
191030
429696
349344
386540
47149
918180
528034
397072
154683
733479
688737
458714
219693
65293
146735
899134
247855
817392
909688
495908
900093
6065
224029
589265
81818
547085
567434
145521
461287
561997
39618
977533
426731
161857
561986
97529
219575
223786
779984
14046
719506
397172
869892
939863
227916
614684
498644
940900
445670
423890
848214
974062
259045
115598
190504
323755
6620
362079
652982
749651
