604513
646988
434311
581800
679270
945692
951511
980463
78133
892265
615683
546517
567008
994489
530325
315112
700652
636177
722698
24964
943072
106142
303298
777358
159440
694289
222076
552484
177815
683427
734899
583630
338981
113617
747291
597080
522757
593605
279929
556510
140603
164228
3427
986189
805219
582341
304076
666975
740807
138990
82916
600048
462059
847050
808325
177504
997566
395749
565939
313688
193337
371456
626325
587595
521852
83733
207940
946074
42712
585449
767660
558425
859320
366830
112154
586424
109746
712959
891408
226521
624630
929890
205969
582361
282111
208060
973734
821456
506199
744002
873465
272132
387681
7896
351047
761213
70099
300934
606882
904603
119359
487341
632694
877341
453895
249882
461355
215215
147602
937951
993306
162043
166796
219417
971495
740281
771728
531813
546063
400806
969978
206029
615445
639326
737338
345907
396954
292614
799348
935833
596046
767107
856544
324027
562927
26736
387030
917542
187584
112949
814728
205513
264206
494064
342683
700633
797906
532266
649631
354417
487379
832702
195578
384665
938904
673294
784878
113674
800847
279264
477344
681812
358583
461687
174030
914955
897454
94440
924539
168520
963256
629271
589859
971695
319761
844877
427401
621242
633685
12032
498021
137634
604513
528377
955025
741812
25757
373111
850948
59347
468103
658108
854129
506501
808490
542965
878554
574167
394204
221248
821375
553775
853720
356608
456257
416187
572711
434479
297578
226467
730503
515860
23292
33561
114940
592580
70099
665993
156150
388360
841284
805063
82879
488928
245339
545861
191475
94850
557292
808389
833817
764852
943353
450274
387665
310621
331524
363590
236558
822571
505844
528124
365439
403398
714292
207618
837408
342262
101859
629499
897518
187778
980881
886515
127974
701752
385590
701181
135615
561540
262981
657699
837277
823371
466296
339876
744661
714711
94562
434873
462737
395930
433892
580078
398070
704263
430608
377168
213641
472255
893225
438421
115373
405844
557408
847321
516227
875413
544619
970320
404126
318020
47003
349684
680081
489255
653753
316558
809967
289654
189974
49806
9496
135434
340460
997753
395104
570961
579103
100933
387502
433249
385185
387214
526169
115214
453096
718631
491320
559414
265399
417011
743848
792785
38717
355864
368896
373180
520515
207257
633117
405249
183196
747850
336695
294386
159085
259045
349360
241221
501075
105149
864154
108827
434896
770416
251771
287259
41584
203406
855679
486271
785540
652385
536546
351368
320620
273938
242880
535808
31154
828750
446935
771496
166616
159966
234700
104252
317567
618871
765111
690501
533564
708623
485353
148463
406507
105396
136010
223615
193483
861921
154553
336246
230367
702132
416933
281798
913177
632989
394219
239152
521667
575770
30795
967479
797856
854366
329246
518054
293444
760119
728371
469045
364442
535721
688853
53383
339131
194414
700270
441882
765322
520807
811726
240681
759886
104443
728100
26860
21230
253673
823998
568317
676108
650848
204624
264301
87365
18580
370503
817426
329008
440121
269048
815059
700980
996826
192196
949750
277777
222077
974167
86641
810122
813345
971695
598938
158256
222997
81220
568149
103904
853181
287587
270004
179154
518920
996027
7846
401153
96970
456365
418856
330445
32270
867389
230392
50080
790669
343619
777097
594829
975053
815906
679055
854050
854082
991997
476405
826848
178727
877116
696186
982340
328899
105860
154455
350320
457727
944983
213009
439802
556629
732004
502622
279749
614905
942781
853345
883531
233953
393514
830178
601577
255445
613025
615051
842864
919910
914562
31158
974592
947882
904484
89251
40522
980492
575091
963247
312455
643194
841808
224357
633693
613081
497365
84854
896362
245002
697837
536788
249142
381503
93367
424942
208610
655531
808998
227388
532197
399286
658847
523050
571472
572634
575284
267088
695178
297915
905747
613288
222365
749527
942624
807656
802101
885283
523080
627652
274511
536629
443880
568697
920593
882336
326679
988633
798689
233641
791089
844572
623966
661828
98653
166762
793694
269842
502200
603116
392501
346430
739431
547607
232989
185118
495070
896688
518885
366843
823514
478659
288557
267029
483839
971446
414118
543273
145042
680061
801721
101711
573879
864404
298643
558038
924566
590529
401406
50624
131345
148155
253128
321784
766802
727755
719558
408114
285124
431794
192840
358746
352643
224051
516951
597258
966665
364714
545726
703940
648637
243906
434728
512904
238417
987439
981794
674336
676630
215175
525024
274095
183108
972550
375463
910441
432425
40129
937136
734049
764242
117447
188083
377203
336369
477950
243981
305656
907807
94174
611253
657385
791197
139483
414139
715549
375345
774036
702132
245034
65154
494440
76152
352140
310741
218755
66390
104768
742179
440386
798146
428474
535283
778541
504081
531538
510766
384113
451661
359050
475141
545681
468622
293828
83371
570881
679669
340819
296633
359694
726517
236112
94445
83434
561195
791609
561701
763387
160503
955750
161386
333358
359742
141887
615954
705026
120534
443214
402496
217390
110516
276952
8567
805804
533884
62859
242485
239376
318055
243632
837710
125286
327235
607246
134720
137600
772926
334961
783023
7635
649762
313043
821398
428411
151119
401847
388986
2813
769933
508785
223117
448178
817022
925540
467661
504609
106828
948210
854532
232478
66390
496273
459223
947486
658912
537293
593279
693153
440702
534324
202944
20072
324258
182427
89106
632694
149100
215407
863416
613048
390732
678188
231439
251168
460755
246555
5537
373180
261300
401884
698464
583959
648080
937814
309880
494526
147918
590901
458499
94315
717325
647527
45264
986264
435880
776918
543241
985706
895721
592692
688529
772135
569955
923069
86199
71407
250761
453166
989096
237425
900405
620239
398308
452563
485645
170163
50135
535079
367568
361155
883531
288538
479670
357262
333570
192594
679188
72649
530594
561172
922647
655977
408982
611537
615539
113305
902157
181986
11524
758212
667797
199950
171768
797807
178461
550330
69622
745689
129398
924752
24543
951999
695585
21952
303384
559579
43527
305546
649349
922526
662650
953120
125969
252573
558581
246552
781558
466118
535578
767047
456385
533022
448327
708933
425827
983562
846283
784996
159423
318238
759799
742352
917374
547160
559614
513756
554239
605737
115219
356136
363330
792419
875630
188012
920574
569325
931974
309327
536978
289852
515940
680343
248945
54651
713757
922946
856526
825146
709158
92232
316415
140307
475827
30246
329316
386561
738559
599020
340879
576515
265015
174039
965176
643667
642973
910406
623994
415964
21996
918238
258889
359517
406200
213717
768922
998251
83200
754990
536796
280208
595719
925597
542293
541181
537801
402020
720672
456205
527774
937929
290623
298883
568251
802526
345720
535221
274626
478525
392109
250009
580262
250404
631035
779480
533151
425045
400874
146095
382137
386253
964337
645082
538548
30387
292603
988639
86184
345669
445281
576121
43624
341400
470295
534415
922702
3975
142683
235558
183353
652522
506493
968274
751534
944538
730383
488781
244761
712656
862218
183923
81701
386162
511338
190570
244793
579550
48255
43980
848844
642991
659087
37770
284796
279684
211419
866460
893031
24993
985426
761410
761426
293171
585977
862538
378790
884340
193691
999051
643886
320620
173474
147418
463332
248214
185147
937944
349578
158561
714081
391620
619802
97119
874543
16252
714150
913710
744834
363417
555060
490130
708446
387652
850814
347525
271309
879484
653769
832721
17685
288921
220566
539822
601915
28721
872917
776767
969314
18836
329368
513907
653270
857752
388144
669583
718661
440678
811246
400277
899545
343914
23292
409497
462721
770959
305124
145290
494848
465455
44914
510531
626304
980474
777964
313914
236164
439602
396860
136695
567558
122567
358761
230536
567507
155575
408123
521187
82304
804629
350702
529933
391619
397817
769563
393783
965774
491155
175306
555991
243805
761279
269905
826597
634466
761719
372974
56972
387752
317768
364630
767507
259676
774377
891625
300282
806823
781870
583971
70778
992436
749070
33646
860617
850578
662318
25895
497177
119693
320953
77185
564559
573910
204774
405933
885146
86544
856461
451601
836632
329091
697496
745822
72825
665676
125683
649041
959937
589656
846803
849220
754530
348699
472731
878558
939010
317782
452370
513095
146517
440837
567711
797593
988719
827240
987499
286739
804629
474479
322328
503341
809362
329696
676732
507634
916314
675673
414220
584356
861278
715908
912198
77947
409808
575171
780595
297101
680502
337959
602067
72059
128837
160051
514448
380614
59896
830932
964208
368286
837772
149967
402901
811422
494283
27815
168489
522579
698307
153099
413114
156726
680158
639500
223390
740844
544513
515737
69252
559840
945638
228432
999161
605737
436887
787074
586501
663429
469650
125969
50274
227620
573843
630638
289287
279111
154263
986854
794110
601368
401656
978917
783213
278477
124229
568481
375890
28111
87000
326773
133748
767281
222631
643687
49842
314310
908031
531790
780677
545917
207174
969039
616073
508966
988215
93787
35753
703285
614250
378180
174842
996803
365710
777784
866978
905784
185094
625004
651380
916918
372511
532057
399115
669718
239384
988140
596256
143726
331171
673101
261518
571627
413682
148813
165405
19615
159434
649967
117871
837039
242826
771368
484794
843856
691194
210750
569493
825594
659222
241021
767271
174942
539264
270833
768616
376930
906581
56544
144052
971646
954445
952129
874186
393397
253171
496993
402041
572112
987873
989251
217894
95040
164598
47815
14000
102279
492807
531703
97627
327712
737016
710893
228171
312609
283774
230898
788020
198162
128083
26918
900405
640112
171738
736991
712078
271189
951367
809189
775444
331394
600629
457821
234114
22158
313336
523661
796608
112382
811926
122748
329668
816207
814264
736651
219044
619060
881815
138181
732932
402582
621911
740608
667382
764729
463782
774858
310995
483388
840552
100670
36394
683748
497044
41300
468692
437736
691514
136599
477190
265102
758362
969035
761883
736794
490926
735320
10645
365487
812263
533317
323243
675543
533961
394565
812377
827754
68802
109558
559193
693989
966258
730083
790057
713470
744314
898704
636597
813853
961326
246399
46352
915210
161837
942792
111231
567974
180592
77380
207078
578178
811561
955062
450430
63500
446866
843225
489184
22669
766706
495792
638467
315750
652737
805434
113813
226002
123936
951053
505327
960615
131423
441459
360372
154365
907575
508151
919338
198242
792453
178300
570026
240580
385800
910597
152178
664064
946314
799787
201339
273528
620261
31102
579783
931634
29219
17491
167986
525214
740281
905604
670674
996641
868467
163591
176658
300385
909798
599851
838304
249660
643826
704472
66102
586720
425605
948909
757362
691221
734596
497480
427229
997606
430957
250815
598088
516174
921470
810821
168907
829997
2444
764665
4070
121459
936804
975399
301929
386047
314930
281552
760134
535808
195884
442405
288813
425827
754700
844463
688622
599793
369397
155375
428804
506131
974076
972109
167569
878238
614532
289148
100619
46753
404486
980313
206660
461440
592237
567607
296260
597575
386486
889085
849100
766751
897493
538666
799196
902389
373886
285177
675726
462850
652789
64477
710282
781422
542248
350923
768668
539354
170660
300447
495579
96288
487848
825652
530678
733442
645131
533574
115780
570853
851030
353322
136892
755423
772598
971142
221458
295747
675052
546322
784228
273165
427524
14977
262441
38010
459701
444382
874496
361754
720855
789453
901563
563978
680700
545050
469949
316832
119141
25355
851720
114657
604692
212977
633833
911375
936260
155503
987629
700061
157625
804311
25748
945221
344034
410476
788838
764140
734678
994056
655512
792626
911740
835302
688906
13188
359992
861320
669109
829337
246035
798458
948267
259316
405877
597266
57802
316978
714965
606463
689988
446690
699673
739058
875031
791218
275354
860794
552191
45217
732786
491522
687102
671505
965047
573981
395287
997309
920953
530884
875267
660185
915543
620976
510888
454407
855500
808524
710091
726820
448255
585566
644117
872887
509
108028
550530
461730
367426
535250
931240
464038
52022
920700
995058
905988
492942
568110
695317
442002
357916
382958
504407
932029
569174
675481
985953
949984
721760
867141
451762
559128
661920
758838
552930
960258
98116
52489
861010
733897
192580
641947
841388
121138
48173
523467
398811
19774
755614
270201
17653
250252
276339
345949
407160
209619
19274
115405
283528
969367
369215
230096
171647
787224
133007
871050
740930
563356
135893
405134
570080
242004
219105
762924
31869
171248
806451
782109
7080
475036
463395
143305
560351
421318
540928
279680
251565
579632
353451
282044
455462
778633
666606
361037
598250
200430
182942
818542
916478
481978
277463
786840
944147
399208
906425
63708
189931
277254
196932
771623
388469
97676
709698
503148
670339
77359
244193
174111
282476
756832
784768
355116
424110
446286
880749
334271
700508
772934
426350
597078
895193
17855
553791
164314
10171
749263
490926
333988
908019
11269
724407
22832
482914
630180
797550
232560
196341
705073
844077
960155
779119
117937
710258
638523
129087
458982
616897
74798
431363
936476
123165
52673
845984
282538
685175
529063
661950
658412
219275
757284
718165
834128
662595
877654
493776
893229
606862
446679
264050
180179
233387
495505
129879
240173
436633
75091
198112
77603
30408
933215
578260
209185
428251
832521
672774
583562
955510
234981
84546
233056
486006
107212
688406
242426
838123
298821
298976
734909
826848
235168
15472
625280
852040
45719
381898
573978
453338
382068
856230
127641
848036
478789
440217
912723
193839
859511
609240
92308
814438
548149
829722
888699
283785
45171
650901
593758
636418
897152
947614
252100
786355
154668
144179
300415
646102
36180
339952
407160
166664
263916
44510
812192
442915
41198
351685
595211
540571
206297
361729
882851
16711
244729
821588
5300
734424
655449
412309
860112
129720
353691
201509
282265
74417
766007
856519
474532
276239
929950
192426
450158
951518
857488
390609
989167
568909
722514
965749
475402
629983
291500
203839
898245
934842
311785
390959
652461
236874
542801
810289
947582
741467
899060
953595
965884
65845
298387
831994
722540
518652
852033
305428
11842
671186
154673
601625
499343
777801
738005
184620
541572
107005
529592
256591
999860
646614
536551
135028
676185
225522
758312
761797
443249
512841
97195
768841
166482
651052
395343
543166
77169
539897
463514
643399
325088
544992
763200
315786
666525
952603
367568
598960
221952
672828
610122
439302
998824
547230
535958
144419
547697
134791
415128
142780
756798
593306
180409
557430
431172
674949
291811
924193
654097
64204
648564
617636
55486
798571
834734
443207
55340
633397
807467
226111
560556
79359
999370
856700
817747
12177
378371
116794
438345
88248
421854
523957
423171
134649
82251
985426
821425
879457
191694
507697
486845
903372
584891
86507
218947
628780
302964
82720
857719
697170
898910
482126
850621
990319
127107
923456
550287
554748
345728
306932
90563
501050
596586
888004
687663
481782
44346
803520
112437
208240
515258
980773
964294
638484
813949
401268
693882
844750
821252
645477
852176
640674
858769
407135
231682
628084
98899
881619
686392
293371
493299
880814
282029
66377
167837
486571
873771
907734
375524
511367
588717
372836
725481
794689
372836
468201
313958
969248
520781
914500
917755
463351
329054
773552
433365
899936
389906
839658
656351
133125
551263
593954
453959
167779
788271
656609
951511
610170
459750
400232
149967
87564
480829
619335
631681
339076
207460
864156
22179
394394
41735
125946
781613
745536
547561
557681
851153
134228
255203
156487
125613
683767
122221
916748
274611
443116
670692
543508
789933
229752
311831
718996
900648
350606
374768
900484
366935
279103
162668
350103
521586
33961
165099
454218
660419
436150
715376
220075
699696
437018
103736
93612
130796
758777
148767
937141
373982
829507
564435
157238
132991
634413
966282
777816
971463
905508
289746
336376
794688
743959
924104
275297
924675
265170
532978
309155
563585
791159
116304
508019
311770
39075
411327
542175
946785
397177
785438
930233
373644
441732
312875
487650
990264
672775
408538
400874
915697
894360
652101
705884
520997
951722
714595
511619
206578
197456
871441
466434
4415
339397
67711
580623
224717
567008
791597
44130
70816
653540
996161
590858
681675
152745
703780
886552
88033
368079
281599
855807
772177
198910
921164
242865
608542
973001
548619
604682
426783
917743
966639
807806
686080
416219
545873
43035
610065
255019
776658
409219
539394
708293
215250
354453
980930
198291
965582
407903
727849
550214
792643
556952
817398
650198
127247
830195
608596
233325
932801
669041
376771
64777
214624
963709
387768
770322
135633
544194
948445
636067
740296
832293
656678
602279
232791
60533
566174
53384
253856
513474
183361
520799
855440
73314
723313
287450
906890
850601
153687
77237
797
825631
874814
735729
403812
934946
396664
626900
474577
647135
206887
945790
396747
17217
574896
566317
234619
329007
187492
341267
421340
880744
223065
941004
151837
568965
11257
114423
917109
262235
74487
878204
774741
240155
381127
427042
444722
226878
880455
39101
817642
508350
845484
996665
594744
153642
579632
84203
740091
382302
784920
357580
696659
294267
57893
715677
609699
349188
709060
602819
958892
867745
279658
211400
205757
408119
647148
676518
340556
206839
471048
123068
168845
306607
597476
141795
745994
471697
319217
80789
862751
30401
793980
499997
813122
481488
674767
553140
862098
30912
452242
22793
573415
935369
747139
853449
606841
195755
270835
811735
488726
328170
573132
174788
612245
375853
895062
72977
880652
103152
130963
519630
65301
971917
865708
880329
565256
294704
343658
898159
475837
293503
235639
179123
495431
672605
716524
954786
304146
33116
899524
975607
592196
709352
642126
823961
931154
957088
708090
503157
332193
552971
226939
120313
486113
983045
80377
947638
432943
729122
226388
740021
899889
508976
451677
308544
379467
204124
914654
57800
20435
920338
328498
311171
618340
471294
413657
859466
29749
905352
867257
612526
217988
966479
482520
290972
982802
250433
116059
774103
127458
453498
265320
641625
667425
618250
376206
145121
275230
919257
506101
153787
977499
355698
955634
621872
703032
859983
370685
384364
236363
422477
575770
399948
413637
155767
847058
231425
606563
513793
774590
989581
322137
643667
209983
95507
377199
420288
672259
803558
631781
349427
532235
99839
913701
367140
270766
886322
767381
78826
126037
391222
225830
728474
448568
833453
654564
96933
674731
310174
880271
983201
16887
969158
93570
763802
452089
276405
630106
735331
812761
142286
923770
505669
272439
820349
601801
328498
948185
740069
45264
688113
369954
246697
443828
657813
149408
124848
367714
935858
558180
488250
803039
26464
333825
539264
922368
61107
747563
872572
364338
489189
193563
508556
471443
236052
194846
472342
821034
979859
78721
298104
137916
528854
332198
627552
690582
666739
710511
853767
115517
800455
588985
592046
503414
270686
368887
718301
80924
643307
571153
639476
723434
442251
90105
111802
858167
689017
665584
112322
721341
152940
417933
947097
819670
298260
682806
774412
187110
391085
355431
518559
595554
509750
785055
844416
680313
595084
387642
820124
502585
318015
574751
531041
55093
676776
890683
676077
668254
514849
909788
843298
252428
765649
601296
726850
627037
80962
407237
135814
273499
312107
765780
395992
248467
197339
685817
229866
547867
44979
148418
866998
54743
733787
374034
391083
383209
556359
154211
499502
169545
743767
741121
773839
628035
915834
397247
680781
850924
622620
674224
557990
773520
918618
836977
5903
810428
21712
532
630353
159500
818290
592219
969849
694830
279830
101923
118085
467302
464588
65944
580349
941601
958832
369304
705247
752381
853985
587296
821450
546675
147357
702938
530124
859831
404822
693154
286776
472122
876312
35489
398884
263830
410678
85884
699379
80931
408731
738506
993217
796125
450796
641109
972081
491042
292737
455355
856169
349420
157205
526404
227394
902068
274240
972746
599213
398545
392098
277777
373729
862392
244566
479136
476889
280584
221548
376280
660941
484480
384088
204530
897004
120188
795658
917402
228206
824563
13237
577067
980758
915816
804481
617899
671811
594459
460541
159435
351780
59669
213641
222820
393080
408722
940675
446308
712862
61823
636119
772584
33825
210263
841754
318544
803657
676077
980257
885609
21697
587952
835506
856593
551845
463087
226994
771229
902539
560911
546781
805411
875573
197295
430744
30838
744418
145626
584295
528124
28190
600143
39175
512184
787405
652202
5611
663538
538152
30536
347720
275749
672261
550604
825537
384626
870314
196299
23584
441324
997632
714964
205087
120148
208893
871796
713442
730503
506821
518158
306840
831152
920587
453004
984750
37295
521615
604033
211916
435851
1440
172527
476474
233106
935920
17162
437178
20703
14531
803980
9322
269955
145342
494967
563762
197734
310835
568563
37075
938154
218731
182673
38512
242702
856881
545479
423071
203523
405023
599474
562502
557890
176622
457253
411440
608387
29582
81962
308792
864603
805607
303867
29032
796587
9842
950960
930579
564944
261926
27847
514851
336369
944915
823814
605107
929968
860954
369922
689397
945522
185074
491444
645631
756726
743978
947814
984216
209379
527157
36065
278759
601322
433181
405599
386272
284860
588469
817652
514317
424942
303103
834396
975179
895226
791729
338061
183075
249403
344143
774741
265378
590871
960731
853611
678304
859245
960726
676249
820388
726078
573932
420432
349041
983717
699714
616932
369641
284221
558264
252232
322366
526399
978597
99623
385721
309797
352494
529277
363029
761999
908312
233189
26356
783234
664507
41067
757961
351307
474836
879564
962921
986463
71834
47293
105384
507182
170288
965429
179793
559457
934467
753737
235939
517730
939745
375953
355876
981162
444834
535478
825702
38186
428232
613416
250025
138133
337454
856470
185938
691555
990934
986195
268549
872430
361993
561817
91266
565279
571227
125515
176374
501221
6563
406829
266564
814981
101571
545923
201702
695876
477359
416276
652649
912470
164634
634034
862039
682930
218482
880965
853321
986148
464895
502200
644978
989066
363361
904799
284553
204457
513575
321827
685908
976823
269459
323141
177452
829386
834628
675554
789402
87032
263520
684769
625751
679940
579307
46591
127319
583287
716902
112323
417359
402828
41909
641185
510880
831976
249985
202531
691972
552869
745381
315080
234768
170011
887447
353556
493023
711
898416
60922
232383
401465
566915
469319
66646
984324
257200
757692
166050
557744
533277
528744
540676
823323
116079
997888
992226
586709
614031
694836
511123
339115
133904
994179
635359
341977
291234
691622
251679
790201
416232
856301
906003
987674
364363
608344
85793
199907
302957
34777
219309
346622
783894
271310
914644
992122
812008
93848
37802
462316
104463
356874
651704
232494
117195
89312
540021
725038
905411
967772
279584
767110
829957
554745
667939
766244
235114
970678
987265
119866
541014
428841
995095
862893
871991
116680
765202
504732
449956
656640
562026
272715
759318
906923
317477
891224
100174
500958
602623
580400
832296
124893
862761
461045
849323
166976
459404
200858
70994
623726
370185
305676
298758
534622
105671
495677
154191
51191
138084
102517
321341
702520
96448
703527
193043
150468
186027
949213
620683
239456
125208
471740
525614
83928
944453
694247
483513
187540
725250
543412
283025
799584
345329
385567
516398
460944
969230
583500
490297
375596
101614
985828
955348
897164
633871
733057
598542
312388
722772
18468
13411
513942
417422
438948
723185
154346
733366
678272
382566
860136
873266
282343
220693
261695
739080
245518
413847
636552
581804
897472
20385
258921
937206
602971
307968
884425
318676
128711
423318
712460
141199
997430
142686
964457
701106
23685
968770
217234
361497
175072
507776
996531
220836
536192
730886
926108
497526
789842
530010
876680
10971
219120
317502
194144
815037
739781
508347
831290
30200
442637
857288
384113
967814
876747
428773
323243
520291
981970
416437
830071
854698
902305
157906
229222
957438
751843
796112
172137
859964
723621
495094
507316
486794
545876
325042
239152
468244
382205
344449
56067
21637
292542
177316
448863
35739
26446
362322
388525
512314
326818
851518
893199
876075
103183
853720
985192
781918
910796
67797
868501
192277
661654
534145
446333
327985
789768
869321
60224
895979
290853
596941
395380
468565
474490
181868
635816
70676
254256
895510
232526
495186
634857
590207
185902
677162
161291
351019
547648
634799
507328
438056
937476
963220
482460
228113
619623
797424
748535
109090
11
316521
669315
600224
979662
928742
551306
814865
418016
954174
382950
592087
207963
744910
633035
692612
33650
650096
354711
407963
89684
501075
317600
513359
81643
315211
477392
363005
302009
643871
870527
56263
162851
487339
305483
446359
499070
553001
132534
319858
360470
205930
452975
742678
889107
475221
670761
526142
222059
536605
317249
967193
352427
607887
126965
667208
376175
62879
467935
643262
608230
148407
141395
967516
865379
324383
257749
61343
119670
687666
893980
412759
286464
359951
121302
124340
528748
155908
855134
874305
68404
257318
666189
310236
367362
110164
635998
892487
301113
887625
300560
187110
112533
232568
284476
729150
506269
858801
358610
79390
450158
795518
676440
472849
654452
639378
297730
92996
475707
930408
637725
616134
639783
605530
853345
851573
433686
41635
847513
781295
168021
482115
379790
512090
227100
320724
452448
363641
795367
589427
940247
511482
626316
767716
448503
971554
588702
207858
726110
7388
949986
740968
278963
303573
875454
469238
485587
146796
63352
636267
1300
803223
187500
487256
743650
560649
470383
229825
706026
303862
614490
225499
58909
492523
402462
84888
916390
829091
722018
682285
219385
827376
450639
913118
509946
57562
579742
297471
870085
336417
448017
793980
907154
525502
656157
432933
680314
268815
510651
854439
609933
760287
622831
615419
83891
831348
741207
866727
49709
640632
666581
303462
626684
298313
559886
650836
141942
331270
513853
435746
538233
454071
416682
230349
645705
225592
577013
750150
955150
897624
528823
960703
661331
753237
87509
962753
920491
767380
76025
197667
985175
154445
326858
414923
958649
284629
47036
50778
73142
551143
991958
866421
902943
192750
629917
466545
366599
799502
986511
974595
989988
428541
761788
886714
239137
751664
428530
392279
114325
527770
889693
558710
546722
291173
546123
21752
282035
99677
348394
429597
81066
973025
136033
175824
735536
385023
455654
969891
970715
775935
207174
856961
819721
965931
388949
774828
251063
34696
408961
988987
872590
233027
999571
743777
561344
737748
172342
805682
164303
706251
54869
744805
727224
66097
264423
492482
581236
486388
582275
159979
484749
15353
726083
637612
796623
587654
372412
671959
994471
945201
908331
34766
455125
604023
952103
3448
766407
609876
350955
958256
934475
774741
447987
516131
295212
892275
952674
622066
698773
211754
658763
629566
444570
773381
259197
676646
705835
534031
598537
665566
634508
109973
37902
488378
669065
33388
395679
570676
474717
913755
272024
577766
796963
513498
986580
835749
681699
817189
830091
87584
81875
938186
91812
338214
15491
865894
124390
822113
183275
346419
995481
852619
94101
699201
940836
710511
621722
323333
49835
832254
493680
14859
383759
716102
275923
417116
205605
845576
677667
731416
859281
314665
379106
160989
8147
117285
692533
510568
862717
351951
729924
933761
814174
704242
385808
991048
517142
553456
827069
537698
549217
519943
879048
803086
611137
487245
678423
192546
922314
709680
830349
367369
229594
65462
171097
846248
314431
733415
112452
535448
390509
583653
664130
251992
469129
717492
48650
551349
43779
598851
28032
361838
799787
720239
248467
611483
678844
527032
397166
534828
918719
494229
57031
35624
448345
323850
360144
715027
772465
996431
722995
858105
909010
574429
250641
516441
134561
625921
1214
490118
356135
127710
884393
941406
146651
499490
835525
276413
292612
664755
61885
884442
584337
408167
973822
407115
145050
788138
307564
83882
851050
564142
621895
268368
29029
513359
118839
680931
388874
112579
505384
788107
602528
295216
988215
572810
135979
283741
510132
272482
115705
126140
68771
165590
637434
312811
926669
896460
93489
18585
284860
456787
102482
246431
826735
630261
153649
106241
521019
331587
236320
441976
147161
236076
117195
124176
698511
289390
835838
19279
23277
432596
513404
19226
358144
610570
167515
379747
362412
320352
969420
359903
630178
19745
677579
814000
247874
143795
942736
352861
937498
465219
899401
6194
407865
372102
566827
104599
993576
378455
539318
55128
728794
140792
271168
391237
889483
250072
779945
144216
200179
371159
734039
120491
716581
231425
256711
930172
570866
698665
11494
921883
141658
896269
228490
735148
112190
847502
40555
16174
871287
218947
196989
450268
944028
962575
137765
99991
422623
750926
725600
342717
780904
408377
326826
815267
213237
623788
786757
399566
176203
379228
320207
856049
484515
518336
724023
940421
13621
258866
435182
862272
755359
55115
965458
292181
420733
831525
840518
688390
52891
77919
972032
382917
499575
811363
437310
143214
570906
842704
488794
640797
208059
420733
540393
153880
764143
515562
997206
359344
37194
323041
901198
87544
48705
634761
84585
843085
690104
669137
798929
530223
910110
796179
140065
491856
139962
806248
664175
13850
513501
252603
413481
217107
994263
160643
504269
431783
351722
396351
106066
648545
709768
126447
216231
892284
436004
446040
906969
172506
417096
904673
727462
979954
456429
208067
649296
958052
256040
567035
590260
571723
608200
333466
306011
798348
465698
596728
40753
432617
166221
143214
249984
29198
244432
35345
865300
35334
643170
402581
360427
681095
796755
327631
804887
693284
2732
621796
938538
69914
775311
700985
786678
334241
57456
196105
645653
295373
874350
699200
785204
286110
950306
328810
112084
900953
823272
214463
306974
526925
885061
684636
841860
178752
764096
973645
941758
665482
399409
790298
499023
497025
25308
548581
36862
21332
810304
640720
755695
129144
202090
80401
990583
376818
831426
649861
948234
869522
105827
676945
582775
281887
226488
627159
7280
259958
60935
888071
338780
324123
83985
657600
128569
515864
307159
3742
789676
938737
563825
532134
186315
367612
155751
126729
659067
28508
368253
911854
469730
776519
242691
177013
507401
380202
789981
991958
869800
689744
271143
904494
813947
160576
419709
334131
734531
215311
708163
507248
472882
721248
562369
115827
765780
745519
622713
807430
44870
291370
811689
503995
969442
80267
907134
631052
397694
880458
717117
754298
153375
435708
876510
787844
30958
789283
960913
129040
590056
690154
41057
198487
400205
788297
453498
708028
856017
574560
264409
878024
484671
993502
115844
274549
508757
5328
65229
930826
149088
659949
879442
323435
456362
355162
43551
627038
16963
557067
730786
980425
66713
783061
825305
154318
963566
300282
555919
443253
631961
996183
934704
48627
942025
241891
928017
951027
81125
592379
62147
853681
625893
668191
876300
523188
917077
745220
467596
514873
979979
721809
82375
370922
73770
478261
724276
544682
569207
921206
182488
127257
47657
509137
383492
490860
512184
944215
871378
776535
844042
270276
515008
208494
252520
522918
279412
107759
390153
737333
319659
436555
21996
409182
460143
270588
271309
584872
470998
50990
257754
200037
83354
780765
243561
12516
297009
642677
895904
956809
181807
461214
22946
59871
425345
537398
464561
140908
858039
401731
808729
401790
810663
114242
936882
158038
108729
185969
318013
727151
481693
498658
530861
464613
758547
367215
801953
645472
966896
84874
191899
596787
38170
190313
836856
456362
380353
645472
83729
46078
694184
917213
163984
124106
329010
85375
355906
728342
616467
545296
364733
326430
530223
261779
112239
374483
279728
573758
969719
484717
858782
817188
185510
47121
69403
941851
361976
318087
545443
562085
538332
559927
272217
390329
814273
28482
206824
639517
864991
289139
985710
35801
947994
750811
618505
62530
409503
987522
73274
661178
483587
998517
298442
97639
72148
178248
635935
445564
166459
655473
367879
166926
403206
388447
36065
103228
990160
934149
916129
240392
882916
776674
853898
293172
593136
196835
844769
124582
31455
223643
268562
389495
364974
201377
307460
271060
432813
76715
104617
331867
760546
250272
793584
879333
450668
692580
654967
841368
798003
48670
749707
964797
170074
527688
411327
10658
774434
653869
247570
915972
591213
808214
388999
768124
761063
673695
746282
355423
764499
513498
373381
603346
270576
84726
460961
84709
63535
648452
105508
699411
91216
796847
816207
874993
920422
622384
522049
568251
718227
109241
217453
826787
932267
336788
296400
102697
544425
711370
907130
756689
674887
757431
17707
304452
796981
452562
825344
965734
738956
813583
697276
565513
252366
233100
657883
889683
444582
595330
936410
138923
603954
131818
376346
426881
104006
555991
928716
7096
21850
387423
359745
495779
677119
944611
17385
915607
347989
281454
921022
868659
300312
620758
582934
135926
83729
471171
807321
885750
743935
286423
801782
589423
771697
708403
282992
375097
368481
849344
20931
276794
931319
491341
56882
982329
771676
333853
741151
786781
730368
733504
102353
245919
300211
599323
669120
765846
149905
213127
765938
392141
894833
980642
985445
262408
493640
817199
366556
887199
743516
207870
941132
915834
199336
759614
43713
624424
791294
664726
692934
112618
156887
969719
817962
790412
28841
53463
350088
551043
33742
879027
666179
842783
105827
412176
428041
386332
25859
698283
790669
50230
117824
288714
484891
686074
309900
824325
162517
410678
982599
492950
528075
790220
840469
281658
572721
963555
64772
872378
645697
447657
950814
873788
962512
790250
431326
32562
614138
58144
871530
873611
462528
571153
269905
142771
371701
677344
887439
412382
787702
979579
477096
439859
720019
998701
861456
742133
21926
824513
972109
829507
706149
846929
482115
413156
19755
822030
167151
719845
11794
376800
762500
998205
773501
195473
20127
656020
212169
411407
978491
596869
968183
290302
106689
100650
384382
14659
591150
597271
917189
99303
33084
880818
284601
971526
418194
855950
526062
102923
591830
401594
964890
500817
401454
48520
199705
125669
254465
650894
313373
525810
497042
448359
761651
180609
979673
629271
109445
861065
503778
785204
723657
291003
24077
283717
215588
709188
346206
211623
876594
796686
808056
580349
860972
851375
88156
166021
543744
427828
38766
432720
633186
342797
579450
368466
79685
195514
292315
841307
772025
524709
584561
835211
53617
806738
454950
361540
715824
7689
249094
642016
777349
462695
395004
969048
669434
627770
645631
960208
31409
998517
305483
359906
63022
878151
906580
625817
62996
171251
61380
164802
294760
823017
184512
878799
998450
225932
504947
878485
301603
345720
152330
693082
922793
661305
231481
618972
867281
421573
531942
554055
319993
242286
205980
230820
300615
716588
439804
492440
445735
684894
738234
614031
338821
597376
69969
740807
792277
80297
366659
361155
853028
190979
800158
666119
190833
90507
218329
821617
349138
699339
235304
392451
26865
741219
44180
395812
218592
521726
30084
710653
45
723235
503148
44202
772085
888673
6738
932533
509920
278017
728709
5297
143037
681812
534023
549687
603489
443020
859163
668579
303549
43421
713395
674818
696337
702671
101884
400346
670073
503776
49340
50230
168996
691209
942399
406172
989841
337518
229974
446553
533074
899065
532285
163314
788414
560284
277694
761012
992291
699159
531032
834993
441324
839248
332918
786703
32343
655
94915
444186
581747
283142
208194
942850
127101
35486
346466
269137
877051
739994
987278
718793
885018
870205
798914
910970
951316
408471
94697
608566
902698
521726
31608
523877
185188
257016
176664
303600
292937
32638
683309
474164
880966
20506
742288
612365
507234
801370
875343
612457
18614
821220
805105
652035
848244
894976
141463
688390
989365
951100
417930
370932
290598
225261
628959
669540
699438
702488
292240
293328
147477
466630
515898
81852
140393
203026
783590
199123
968904
259469
569038
569363
409950
978220
150672
696801
582080
627552
331815
931434
797242
766750
880782
891357
452821
263128
398926
520695
658570
793639
130839
57783
757577
65515
612579
821698
834072
987796
778972
33983
839465
132999
675679
671798
429012
600296
681874
387723
15115
593449
727593
154885
524622
358840
25716
708968
167767
588610
899455
10057
18793
166734
736229
445906
918101
140136
767799
856630
894518
269541
971993
990447
891122
308274
941879
716514
332036
755737
67455
962957
684511
916659
378091
216339
763369
488938
233675
570115
737889
592688
64808
36213
389176
523402
439063
218017
709933
478366
18906
889870
770168
727540
238903
954218
298017
852751
59044
339986
209970
998843
10897
146120
693855
217985
748357
50148
413089
759770
464336
579837
18622
8937
895808
727343
305483
289746
474433
293118
523334
499118
734637
194223
706298
987388
575071
856273
818303
70279
295674
749824
734647
998478
727906
145291
187386
446553
3483
956875
298274
865461
124456
117737
509626
389227
78958
648239
10213
636794
175663
639321
362161
847072
379615
234519
759801
738741
789503
294630
492299
318056
903089
224417
596059
327529
148626
746940
485773
598888
271458
998278
98232
516741
443597
659626
715365
273241
860862
194890
587165
879877
562607
949436
649447
1599
222039
244608
759002
526605
365044
69988
509037
242557
161472
942567
81935
58152
816030
840680
659774
608499
570755
426678
687121
457727
160915
593714
622661
452242
216730
890917
6500
625082
352475
697682
649956
969643
868446
72665
779911
281854
845925
914611
211188
590912
819078
677720
112846
783620
829379
489487
486090
544425
13879
37163
395812
38808
869572
314931
703524
555587
335274
864507
11688
717400
119607
475002
837160
70167
345818
459210
584537
977134
734913
28190
514047
117479
620197
734738
682380
776490
441907
619184
776160
605304
236083
307222
272345
684918
176798
667502
416328
631556
108917
260836
195785
210725
212023
815013
878838
91804
335154
885685
791527
531041
950654
50092
385731
87185
797286
523041
370014
652361
659814
575744
325983
440025
841711
953755
143795
304636
492493
440806
137430
636573
795988
602458
27461
307207
776011
78079
894366
893229
760197
72107
564789
234530
60470
7990
693011
471589
218246
166563
968705
612103
689393
867043
470979
323431
698353
899142
60071
205638
580478
258759
510945
60011
231771
728829
216964
826935
69926
358401
671280
770959
212851
967546
333654
809651
220108
79807
313416
152397
611026
978995
276109
153975
694406
604078
275244
338293
952884
994146
187595
883694
22131
793327
596585
433332
189050
682724
993692
824547
822694
483230
996041
337238
453313
508554
986195
343507
890937
316729
824672
308036
340430
872147
712182
964734
732384
883530
631331
715352
598134
330332
158803
825678
709436
657808
929250
69684
127118
608726
972813
613903
986616
689744
400099
383390
2227
615567
769559
730203
799725
249117
108292
405556
303454
39574
382163
445157
924051
805135
127014
490443
926859
688101
477757
799495
969266
705069
338477
683426
595554
637087
33809
16422
725040
872378
722654
402726
753967
777980
835426
983590
450208
774171
900401
525181
546781
680185
726396
584169
660490
737742
252461
204347
360541
347625
450358
376322
679128
161388
375788
166692
992537
179172
270246
364730
64718
496161
771957
933334
745285
106561
710418
339031
289577
998310
521165
249909
813604
667392
125947
850511
602236
688127
699484
850774
132895
965309
814913
158383
779982
445281
460471
816207
786194
329581
733253
626119
774323
37445
687922
456334
272316
170254
162688
952308
889527
453814
581947
207561
452057
724864
993797
368569
664357
591229
492235
697213
568176
577572
815479
703622
813131
252631
222252
105525
245207
181506
685900
412773
527770
271407
584998
16272
730203
488848
160446
160807
375438
792672
173294
402277
15180
196687
660130
341753
27335
751092
241629
78219
987870
128307
951377
373415
756060
224224
328678
656231
313247
712035
364209
29451
651715
17226
652854
701201
858380
84279
21359
853377
92405
386674
129857
972645
922665
188027
283209
332183
816587
294730
397910
307541
178694
847990
187317
838765
312871
458088
78509
257317
354348
116133
25841
333525
768658
226354
334610
153134
307633
712747
982382
123068
626293
621109
423582
667392
361782
143797
919379
525692
31746
324734
766739
919390
568640
291677
319843
941496
838721
61976
47543
968114
994576
873555
926129
323750
450
275097
21322
630689
879376
328502
58239
690445
18356
634180
365917
147460
785247
111688
634982
31650
265506
221994
763958
344903
483442
187180
412252
178093
221223
339
601462
296873
779881
488898
902616
964138
813442
94396
82621
569035
102741
593236
965755
1452
108907
25275
494557
912980
368849
685065
645472
734472
914260
31393
447373
81484
679271
725040
478139
821330
500413
442722
232427
77131
26784
460819
573261
478522
829989
441440
671834
911134
184601
885334
561934
950948
682846
864014
332665
137099
183945
102517
977957
539822
946991
414841
169764
350196
228310
906619
293150
389900
533754
862944
452882
940040
24766
621178
892560
355656
241806
685706
297621
236349
61661
698727
487192
989350
234530
831982
188957
525442
975653
213362
130424
669137
987361
40102
226878
357464
669534
360216
405090
22402
234996
42120
528087
230978
894759
234272
973271
191140
509495
854677
992353
556880
12741
810415
79979
982158
210257
555683
840528
290623
439725
563158
298638
934973
195531
609705
799106
856858
185616
80423
220571
134599
689568
812821
667015
468606
17235
368690
493071
818515
20156
792840
421614
550015
22907
866503
674253
10225
154711
194414
561093
349030
910558
350246
502051
933362
739896
312570
823801
293380
831455
829725
475184
281552
663207
744140
5121
233448
422237
373886
851758
647956
923040
507281
805547
788401
974370
423902
542412
540808
791497
693312
130158
872142
46150
467976
741043
795658
292239
144793
645712
605304
468550
395454
586782
373831
962813
654638
908340
732236
333987
549973
674502
49826
445547
997924
914054
719079
464293
190091
362901
143781
109774
68238
503963
290824
318610
428799
304762
282483
471689
119714
8940
88124
84541
77368
107354
925848
103371
473191
915698
670125
183601
101656
445166
550246
180080
50914
36609
419124
787227
771879
825112
459578
344105
803888
172708
736271
613202
799439
122341
182427
351822
712087
490745
569779
169597
461349
941504
371174
703592
678794
410357
325823
601511
856500
898208
593354
203370
34613
375300
106459
579307
694956
126174
95211
105244
711168
565245
8110
232634
990236
666178
244699
25658
369067
480818
693855
240521
436174
684682
159858
714068
810276
185614
289217
759109
378061
462073
338887
376334
527097
686594
943325
997566
613738
198488
470712
1094
428980
713442
436505
500601
163961
344514
973368
305788
652035
486896
906787
72256
260099
768342
879854
97758
886116
189081
348339
950309
185185
756704
993417
368839
159778
37027
181851
332565
241063
28074
304364
406508
777922
257872
486559
910431
919149
665086
357426
726195
27817
367078
270344
541015
793424
514555
960292
850543
761176
355882
547093
214629
286183
702265
652351
87960
370564
278249
385148
872038
15813
463934
23507
390509
893104
912200
766793
354847
694778
771396
577772
798234
895129
167343
911116
617321
826480
437877
72751
857269
747430
945305
54529
378713
373499
960397
587925
612522
253856
971917
743031
328915
179926
512997
187443
12021
42385
601361
799105
43852
418897
313612
711834
8306
193737
444574
460998
447081
332198
910267
894983
15431
88411
97406
564783
887965
673493
104632
626081
951087
659561
746577
681111
616331
641335
336208
81390
446840
684210
209031
757967
767921
369380
319229
260818
415415
827419
875427
14422
501507
311207
746144
263129
197589
727498
748546
604914
259113
4283
244171
103055
355118
159369
9041
765199
939962
968660
241989
746451
201944
961168
729114
70353
554564
160560
566693
693988
83243
500958
827127
794688
331177
58812
512128
549926
936644
504081
23773
480393
955213
352720
370390
869568
929804
304883
590282
716126
243346
727798
966798
541083
223643
713360
288149
737212
973871
163867
501084
791705
841357
988537
138057
459524
732484
598306
254720
991771
440331
799049
124402
212751
430690
594808
260867
224682
27595
573917
397344
313176
964219
659102
210257
127528
645299
389639
819171
864651
705015
319761
737850
114889
485606
465937
784787
127654
744757
445106
881171
216750
453115
684769
81898
140470
520997
206645
102070
311268
876415
626787
450884
846206
202281
427319
57159
890859
980993
626279
668095
198732
22597
649972
631062
362763
179840
197548
242622
984487
815778
319756
556737
3876
200289
925233
202869
9852
765748
827024
649070
137588
710888
732260
160754
173896
766742
924308
114285
465186
200518
674595
117784
581097
774717
596418
424652
399200
774590
924412
298023
204884
674130
195647
225388
343138
144076
233603
426591
389197
659265
68585
628596
415388
421932
98985
750661
967295
857288
92060
984253
670855
775996
948352
218589
695121
648503
448975
209623
237528
383651
912437
947248
815629
234821
563728
402409
166757
362490
994663
48785
268169
170426
172830
920574
29228
306144
400147
480643
542386
173823
799803
838428
855924
798327
444574
659495
288424
483158
558900
597906
527065
419125
135409
582292
666403
766164
491078
13425
524421
485402
922671
938628
354941
462173
237057
463332
627472
137469
570306
110314
354706
857805
84830
502622
501113
120102
421354
419180
540901
401007
530057
89090
771369
861038
1124
388252
615340
914772
768129
74621
273097
173904
46029
451174
745136
459426
96814
409634
984178
408820
409002
789897
987996
168920
640196
551880
897113
456600
453744
852746
593313
471341
805922
130250
878716
488564
631348
999393
148570
505483
778753
598499
161569
503272
119616
302925
338254
249986
879208
457667
102134
236882
371062
323277
934592
523527
34833
758777
119935
212977
317032
596703
598677
309443
120888
746643
702202
115974
890009
459522
561580
846102
346888
508019
913700
291312
404207
519088
390148
685819
405241
409430
433006
906653
647039
748437
65951
84146
627586
559547
443065
802693
667319
22909
131917
866993
685890
578793
8171
303102
871676
774782
143221
115288
230344
248219
601915
81142
286675
236928
55758
38378
727977
219123
863643
529686
169084
775068
365562
372662
141947
645684
59044
120024
640079
987207
471176
296554
82218
295732
176358
782369
542681
485520
793369
265184
685743
698189
444918
300177
517977
736416
615639
712453
138990
857269
767194
869203
530749
268021
456502
834030
931896
259607
45899
5067
212098
107442
810511
185841
275162
866460
805594
480628
959438
741913
767588
152169
223483
278842
444174
563215
754530
513526
612349
812354
219864
294820
87055
313533
784338
243869
228016
747809
188642
995297
633242
767609
367066
91179
6937
87181
987848
738711
310736
310890
661807
621302
499923
899821
190704
746053
458937
62053
915016
364426
242038
771879
714210
988354
51025
111434
38255
427529
293489
113314
131843
366534
109703
128682
446876
314013
750947
964984
840230
464453
488005
754353
151104
407084
457534
681855
19154
266
432769
928473
486794
618919
223181
95797
963423
536068
681809
204177
919570
514555
407972
246824
838332
772329
415814
504468
971342
565763
146959
550328
91700
377307
291554
784228
355882
493699
699939
19199
786132
920166
229047
811636
676155
653552
739468
681809
95394
718927
835945
99947
787024
680581
998639
352988
44183
330311
835176
356145
408578
35396
531647
842116
537159
600813
127275
124109
196369
83155
572751
647072
587057
205229
609670
21393
983531
627112
891988
766835
681116
771974
535332
219513
283932
544766
935796
757699
648071
427522
987418
111091
266039
526520
492612
552910
593392
191558
845205
224815
971798
77693
86965
815203
19451
964520
686290
525908
806339
420118
763955
529230
379615
816867
602104
347840
869323
966047
955688
167276
438194
1618
506675
745309
667553
170227
444602
984447
461461
487667
834316
97038
228708
482977
325418
370418
317962
821915
612223
447880
862603
858901
365061
208080
157053
913143
484462
782498
171248
813187
401980
107469
625140
446502
778089
974351
73898
59394
753095
655403
327771
349660
885412
666370
787176
980042
150147
131417
683540
944387
625989
419612
1584
386508
130415
724388
312797
2279
75056
193799
454599
524004
200280
786027
270932
715604
266413
705191
701852
974794
247262
183108
978775
623674
11367
178493
34244
79792
373940
773908
589857
969297
496284
889815
905148
339815
330481
20978
267411
700641
634671
527607
689811
963152
670106
545592
822997
828536
921082
18092
557267
254831
81444
140806
564106
598682
754729
236185
397683
367666
69402
112579
823254
975616
517318
861544
838365
97798
127434
298758
243744
383830
43405
702815
454390
117070
263318
513808
518350
341185
194571
500768
605358
311079
633110
102056
996113
103867
76942
726898
404726
743985
171670
604974
140442
940607
330218
736595
882722
425631
342618
335665
456975
27714
30598
701211
490611
657275
384895
884210
166160
791316
946058
194143
953694
184548
916918
933753
951971
713846
350246
232564
355864
674336
816339
123061
537600
715034
6428
516668
80944
732363
277782
199309
924134
495643
482452
301849
122636
294864
36234
954502
155709
772329
787688
827024
789587
524098
369160
340962
782618
876747
537975
143747
181585
854402
86883
905474
600306
409485
860031
414054
831111
967293
166897
507842
730780
407719
547897
21439
663042
922705
349043
686818
67997
703667
949488
537087
881208
887069
867504
156794
704012
800450
725426
283789
928097
429862
897349
396637
754071
469131
422403
588003
14484
861968
59434
741267
870306
192532
690847
604629
447814
833686
683859
935797
382958
405548
832872
60282
449231
904801
299648
158969
62829
644265
223476
117083
416229
163676
447801
394671
714915
53562
326619
254683
835098
589859
320934
88156
666205
301514
506131
479420
591207
859239
389151
596687
783085
217272
510518
710879
177299
606292
220184
784824
420342
393688
668122
934927
420992
412250
851875
147133
840392
546162
745281
799424
703326
276443
991823
924393
795997
725416
549863
546888
196866
375657
220181
695373
570314
956023
333279
761939
476547
437306
597434
230522
843431
459172
781893
947286
182508
706889
741647
135844
718505
269908
923329
178026
403521
948352
250751
673022
511580
711314
543808
88058
820425
965745
427484
383550
652852
901465
769659
284913
204454
539243
918221
426536
816022
626570
762410
986098
719753
938974
664538
432144
537607
496609
783548
75247
129371
109233
761512
108222
239493
502589
313669
688397
833671
246625
843941
283341
967793
509774
48676
339781
167435
80877
637751
436943
874350
684345
211796
159090
736620
406520
238703
530508
258356
16574
928898
956117
455718
515490
250818
679246
7388
856129
438857
21033
39516
610143
857298
653520
402621
753297
202908
779316
827082
578656
312274
588849
664737
642734
291699
622247
710173
30644
491144
536629
90711
622605
132397
677575
790074
44138
596787
699601
724877
554341
762132
657541
690327
679406
500347
948197
702287
34562
833340
784659
251247
579978
175843
317499
559151
905935
407750
665941
461525
843264
389856
638337
246446
626628
704495
940865
810371
520319
885848
819591
848095
664664
827578
71381
689694
839924
720830
769338
650970
428518
814588
211364
594898
205305
415449
934248
659561
190028
751409
423318
45240
750434
7573
944936
397896
398814
556850
3209
610696
712649
533806
155193
181827
528558
784374
515486
337449
195339
652919
113161
185415
519311
375966
109539
654080
616369
724819
153032
987742
564703
31114
312111
887506
915816
882236
448354
312412
518503
770168
954695
124862
734694
254778
705933
478819
697496
451564
774747
846661
964880
636184
332644
742373
612839
763909
185965
726626
769634
454140
326188
112580
365948
159445
521054
300137
254112
85863
494116
587922
911814
379940
754386
691910
729968
369202
941851
744418
806214
806395
56270
140623
852915
357874
47560
463001
502645
126259
853065
117796
342927
487777
261129
53104
128303
679414
486946
106561
7612
916217
935784
637420
285878
401851
506311
840356
932197
394893
592678
878806
899972
591597
955029
312544
990742
676898
858053
929378
494496
913818
477373
670336
490619
281956
300878
868447
780935
821908
457942
349164
320880
665052
604820
521443
188920
338859
962272
921782
379337
659508
954110
836047
536544
588776
439404
655493
757573
917759
753318
440227
205779
116675
582272
173428
396035
305243
105299
563288
764468
44401
550403
573558
180178
325126
982380
515656
621869
845008
948009
289748
445205
657024
329706
296194
215409
43093
556570
52029
3452
222868
890122
481287
802927
67417
277070
398192
134940
888095
748757
836632
381491
241951
881429
278461
358761
628780
269677
533800
519677
42582
881990
573911
929235
947784
964504
37766
307180
850993
158364
980454
399584
334158
582175
779462
516587
682306
902007
466402
370075
760882
817866
464560
630836
489354
837378
74417
686315
415449
361595
867745
380670
775471
784924
425952
378618
622661
168040
398774
455137
146876
997549
543128
637189
746921
28313
133866
378768
837564
607871
853345
166041
274702
496355
792811
751757
391567
945508
923394
468857
173979
246221
551397
616369
396140
65348
628532
323719
120874
518050
790015
646083
10192
484737
973700
201259
319999
380819
935468
401296
599464
249585
683230
674037
111789
898371
290442
123453
645301
14575
842525
635152
745269
665057
483817
7372
340944
711420
511769
845425
811947
337764
466808
3579
983686
936594
799596
910762
337064
667506
201040
219138
66223
654357
295681
643243
255515
233099
915876
391310
499358
976977
991079
666178
849582
925765
386832
424721
20065
96029
600014
705788
641627
439791
461394
550037
480940
612506
130320
627199
37523
369047
841038
122728
747026
817337
263144
221563
376372
508605
898830
481782
702234
100960
265203
405594
635206
23336
540884
793763
871680
201455
706341
448444
723635
607596
598280
45758
321699
268919
250025
329680
897851
277966
143889
649722
710888
454977
357874
122851
998794
851559
294921
910376
544077
541486
795151
728212
197735
345371
497074
69329
635295
636020
503385
385471
50900
947992
148977
337051
541060
61312
462901
991177
699086
203385
994020
719254
27324
418095
210055
811153
293412
743601
119943
767004
654807
212478
335583
404319
404438
891556
244404
827791
849066
363526
517164
285351
641672
821533
169062
408620
813520
831056
421511
572000
323267
212060
831577
707828
991143
761022
821698
739694
308874
592688
883271
975978
271825
730674
156266
991992
791729
654974
260987
95200
959888
249020
46661
345436
767042
126195
743461
855685
370677
493077
219703
356441
422253
803317
561100
542593
33528
504441
937634
730723
77327
137947
376502
933245
685136
871680
323677
327197
134422
719171
192192
735353
217114
661968
385111
930284
416823
298712
867050
943810
95261
604157
697702
393427
715518
964436
716432
633889
560351
740693
189353
960348
826943
630153
423597
46933
416300
242241
775840
311106
591814
760397
443351
936122
567807
561475
520660
566133
293602
955242
772347
922772
171139
12476
358028
423304
846838
908207
163806
264498
687998
589841
988166
450703
69910
902734
471
173596
887193
443158
123582
103783
782353
773141
231145
804887
958529
114794
870557
259287
255210
181415
74359
537366
507981
797265
172345
126260
47058
935797
966219
983930
231361
827362
569317
166482
126499
122320
769188
509035
841503
310268
574064
694721
752007
41027
783091
56921
784715
159082
33849
969620
569988
963628
627430
963081
311549
752928
555245
985646
604719
503157
204797
466510
866210
949933
281406
855811
680164
555514
347533
801483
500948
427057
731821
781297
853337
740278
678995
442564
436273
151544
73572
120904
949432
101602
981402
647651
237744
145719
984875
597096
817384
825112
847177
566626
472559
363483
37895
245668
487473
103282
823936
415308
950428
209906
530286
359951
186352
681112
296438
70231
83522
118447
503410
560694
396623
202090
777867
441407
71714
442613
722124
730530
163597
214177
342272
153183
514255
691404
914538
761731
642918
111174
691026
430431
522519
314106
897416
93479
992314
745256
895159
895773
406130
575869
398664
724580
40924
321463
978136
548156
25018
144611
640674
768310
295152
583254
116497
532953
763003
152967
456410
4582
644917
432945
605351
35869
102916
897050
136877
93454
105480
83289
368175
945199
722429
2085
112021
905834
417382
834286
837763
318695
884822
20112
650189
81372
923067
6527
692904
169704
142178
344993
380682
653095
976298
650084
361051
2603
728512
69377
402428
39983
173741
238757
136104
273422
384585
86246
787830
236530
957482
172506
157906
275971
690209
70087
750190
836355
925949
830420
508227
917939
350837
552740
468905
389683
753429
345921
414505
603309
321708
985064
956880
706560
678290
259338
549101
105639
887394
655493
163777
999307
588790
368410
948857
982737
320259
366086
538885
875773
220199
333112
932354
616982
840842
346905
428428
620233
988401
42748
954786
171297
889948
721900
289823
43301
953700
343972
607377
728749
248932
209350
277829
612055
74819
394219
853310
388949
924574
179052
569331
357066
365948
194463
814430
424258
936789
547444
520319
71777
526688
792968
638399
701780
277525
392361
353677
297419
982838
846716
76223
569462
871460
392452
662471
748530
177028
84565
55510
510747
895917
444213
172307
42513
936498
550466
412088
739588
276372
35235
546831
297417
252283
125516
30496
447542
467991
344494
671229
543792
35251
979252
679061
651825
775578
696750
77499
490961
959530
381639
66612
92649
765484
729228
486875
873546
86670
550859
91391
88734
291321
904865
483377
820361
685526
26874
339673
576741
87801
819357
52465
671248
579246
109350
481551
410322
744922
701598
743691
211940
200746
381230
287770
199338
509911
424499
616619
49915
414585
220607
940981
886374
46543
207632
746609
472684
175337
615737
728933
179154
629499
295769
406755
536068
846684
540111
522761
441917
58217
798031
993502
725071
341102
317065
964547
799886
350830
736613
103363
268519
882539
737564
826572
735355
120522
520714
303554
462508
570202
862603
401818
500422
198806
75612
358003
999701
13016
355984
226737
592664
305435
504686
843658
919339
331796
611974
747820
786363
550343
634041
593715
43551
537963
952564
814022
979859
812749
65934
207193
594997
752613
624118
662080
763005
415618
868786
720956
691929
587861
442120
820571
997825
878655
25663
794784
184723
20505
25030
740608
436012
505005
102156
206116
716772
4784
22186
509579
714292
265813
968001
872478
682083
229191
59542
605923
738050
723598
305288
720396
410261
281774
901611
897652
695813
676299
560956
808003
602328
825587
209031
504809
466877
632523
935216
570755
226805
158698
873095
28968
736493
95403
223218
594256
405494
118045
513018
356396
94581
364233
442277
241932
993749
851173
343105
38136
929919
220091
563349
832851
636407
985925
176476
155613
80963
938575
799320
34047
902314
457032
485213
319217
675953
312521
387070
818414
169638
979104
502992
554653
910964
30290
494205
225299
988617
958625
855378
177366
759197
295981
875223
519265
621171
98069
986092
624181
929422
548424
800651
898394
964693
265108
289686
853107
163574
862302
428402
283636
545275
832570
899523
143092
114193
60034
33455
269521
577906
323804
448281
603489
425542
534065
282054
837997
500505
863627
528992
663256
293714
315428
714328
644791
683386
743281
169728
256644
41500
905863
312453
756307
286398
175802
397173
364766
852220
125847
338343
597909
319082
374069
492831
796837
21364
991894
464063
373998
159450
14307
77882
644127
960943
162688
153975
812670
620968
806241
21794
752025
523560
413306
408356
12628
960421
186189
426003
650800
307834
817929
683280
909709
540992
33084
170732
721362
761941
516700
664042
290486
428068
415897
864088
400746
755695
923821
73476
904290
101877
994041
526584
830369
579663
500964
408666
221238
171514
754460
810437
55435
452211
979859
806740
800388
203399
151551
474114
877029
901650
2444
888113
984996
321707
385808
668426
254383
671181
753559
320835
557012
322641
984612
873830
90185
113545
490759
307990
539733
34476
778417
501538
20288
845065
304189
468005
259544
127075
784750
790699
859234
53134
386535
307608
463647
520633
544729
911465
508101
499414
410882
109839
656890
431504
361025
688766
140163
17628
667917
977702
645665
346164
843215
264830
370946
861705
891122
96814
310741
698486
302191
894112
459563
37174
752720
755665
487564
158660
160928
312192
135438
929661
741539
651535
838721
60289
242251
298641
569668
586290
461576
564795
777024
940468
373257
861145
902057
848968
297141
119017
87475
319999
474920
168976
654060
103903
944205
667099
610050
220648
834706
475904
185001
951239
948025
149752
185128
242123
909342
594992
20829
917816
372879
568190
983043
152034
946328
719502
281181
321487
938842
786618
398475
493336
323294
106080
943540
106309
525624
99187
474771
504780
832192
19774
293233
11251
140049
944594
585218
817215
291554
728076
281859
399394
184339
248920
386025
4388
814892
905160
637809
534535
198057
367081
709927
914016
235939
952793
371277
564000
731783
338575
137099
597278
540698
120376
95914
131892
193862
838421
806014
723284
763185
541169
648270
883658
620226
762647
543466
86199
278952
774831
66581
740851
630292
245097
712970
394909
764864
450848
49415
579398
68385
613246
394336
788065
50186
620170
694136
21617
242452
478954
953346
395757
199015
615967
762230
745663
878545
866164
914603
131936
920769
345818
237573
571056
732975
757365
352549
637487
980455
449536
431445
962387
813598
361980
894179
367767
823586
483812
286975
488572
681829
430139
654766
558455
353277
808649
86184
405213
121953
65149
652649
721497
900983
891803
978274
229059
45686
994174
557371
293083
756138
379025
885835
452628
660690
472666
807575
742255
405511
863686
609227
76025
287841
83354
98043
535268
455911
683614
98043
449724
83251
533564
539237
297868
30290
910345
97935
282989
194533
377318
631117
140590
341951
40924
179728
332571
904793
207756
17712
20643
585437
594124
518569
537587
280218
562507
358485
513834
555074
860201
743476
69957
28456
192469
332260
717954
56787
383963
653285
943859
205887
400712
31404
387038
568256
560766
319594
559731
475977
46104
18211
432590
964050
328180
68958
621156
666923
647946
687347
693348
168489
739736
127613
60420
888032
194144
979242
498761
606769
374950
125115
743406
455687
944787
131958
879764
12938
846507
518778
328195
870537
771358
62416
510791
217474
177178
414634
268811
768151
405349
701010
619369
80872
213387
587114
391085
993080
363902
70676
574429
49534
704872
5300
752818
751197
587297
868916
428251
2754
123599
246873
995200
372577
943523
359573
872684
512676
200102
141366
997673
624140
488225
274945
871730
905491
601750
419949
155844
633332
240461
159163
658283
705936
901038
823142
196341
478719
766086
322415
632086
285253
920992
316837
498685
503370
109558
567611
527599
939865
477920
440678
572399
151414
87103
447546
717890
194888
318321
852557
130899
485246
954110
180198
182573
621936
713377
700846
100466
711646
648321
268617
425471
196866
880480
922793
426107
567485
192145
744194
872608
389640
56436
117905
454434
130193
726944
822402
19051
748381
704495
978018
493776
399120
123281
73343
649897
499384
980483
807024
544629
477853
52301
237939
773560
589968
91855
251361
462748
127966
747972
596782
620890
336994
530247
537877
101227
561931
814889
173115
364339
218139
974089
134874
274091
268115
166248
246528
980028
982565
464236
328254
597848
991048
224887
551956
930688
890933
15888
254217
296552
99126
181736
900843
874843
930397
224256
522397
494556
907749
789509
26309
144870
964407
740538
802397
200037
68079
55209
992268
687236
262287
623968
726571
561573
588435
338631
226212
644659
212321
915543
67718
394279
944306
507855
342955
57206
458051
551683
849862
895339
482515
512530
111817
380447
22587
413840
727483
877963
46539
453937
348446
971397
537665
18429
830829
165039
637871
226808
934340
372098
7045
320175
533039
529182
48862
788247
863569
729481
765514
233337
338757
302741
266842
207688
825985
760481
396132
376334
363740
590978
804234
200459
285242
979331
788976
284596
158299
541889
400126
980522
234626
344840
741776
840817
378457
695445
737160
381733
86621
717129
915390
199298
280915
492964
723612
241649
468201
765119
50700
267955
562485
932341
204922
4864
983043
356865
726002
779969
382834
963850
642495
288086
7074
928830
341632
525181
787265
976298
514079
759485
727237
661778
819771
922493
587978
355850
402630
415578
696926
897400
521137
957813
897953
152592
100643
629033
92668
113826
858735
203969
565245
955623
407322
185989
875229
702810
383913
579715
187275
202543
145111
122143
890667
497647
981557
463111
134021
203418
773473
790609
847028
962807
849
335088
765553
886833
141190
374267
851559
67215
216553
328434
623547
615000
428922
400488
575049
418554
660090
2036
568622
569582
936184
775779
244254
388574
713959
205597
154207
857487
489125
104789
117634
287140
428833
298152
932053
335067
112323
143063
684173
202740
860481
135319
266905
725416
297087
518729
848344
129704
993631
818897
377314
492156
342174
850059
531095
220024
809198
580669
92315
575988
130758
653390
720252
776490
626923
818728
311306
426630
73697
787440
140550
423194
60786
959263
837390
437662
339429
790263
94915
743701
124428
53685
723049
306959
51864
356575
102073
58573
641953
4716
278390
3909
168180
417526
799522
246325
138139
214160
33367
431957
364691
46232
734371
470772
531639
878477
311262
57592
271753
986608
108983
560224
977954
777964
176794
432544
766882
242557
603952
172667
438647
997962
534874
528096
147710
202350
454665
838661
182003
990400
532959
619674
594623
995366
59637
640576
174276
924283
775008
532406
775380
88189
701612
685051
516174
298245
843215
767481
209877
163428
118431
475668
326271
719009
293371
45606
245983
749634
880484
89549
967108
807456
877972
124109
624251
875972
143374
256998
814
964401
605898
853497
885042
545399
809725
824005
240200
817623
140371
523455
368763
830163
525197
143441
511709
783722
94585
81603
334961
678542
917613
750486
530298
260338
344887
902673
964596
249674
803834
835000
436633
45606
268522
738132
214832
347311
901216
246477
980103
75836
503884
14644
172792
697613
738110
159382
935550
591779
766937
73251
918691
432734
187200
496236
477190
419470
487570
487031
740712
399855
342615
8003
24043
251346
169700
709400
368025
859949
64700
873608
91179
262964
978290
930219
494137
837277
421994
934248
751636
267029
102893
526440
510888
460823
711029
538408
544790
278846
840148
18340
329341
447605
613155
176382
695094
929919
953127
702650
784091
32692
291831
133552
13646
987192
3090
822026
923869
507562
340494
331650
888377
861957
183973
847864
833660
98176
592179
544269
137764
319909
238424
137705
461353
