365763
780448
223546
803882
538369
297690
716661
649946
140011
536165
388909
806224
946496
631229
450350
419337
767340
411361
686208
293865
397652
870825
589472
136489
914108
459738
203465
613961
499592
251504
681772
338893
882074
740211
450303
126271
605860
513955
149437
711541
157040
690205
936292
207625
738755
205804
101789
581290
612589
892180
623199
61643
629007
577887
309770
829675
763407
210745
385241
503182
14620
39833
522110
388215
598021
646667
719044
11266
469562
867367
50834
591909
712022
223269
291193
184317
340450
710494
288971
859740
731221
760593
596550
159472
865603
470683
919626
375656
303104
611230
871098
286195
683357
165360
428060
467294
868293
915841
675425
52631
743507
709303
500598
990715
903245
224895
222625
66618
853885
8842
950344
945806
536617
884022
487340
977221
961364
544260
2602
250880
572896
942064
263819
656634
230553
427618
698174
912823
92219
218334
214806
683282
657279
605860
732733
757996
100477
77745
105221
752569
979310
405757
146689
809038
628364
929261
205163
736172
200024
384922
692078
201301
189858
664518
343960
644090
208194
979523
708004
729642
375629
831715
565685
203793
945315
371685
152321
99088
437671
112347
359335
713757
376734
398740
382728
582432
227111
421650
514834
782081
913073
167802
207144
281469
708350
969934
854086
21640
933831
747512
593260
104479
5973
300996
190268
247527
717268
493933
211523
395540
90897
904228
282009
263127
51400
26738
983272
714824
590437
412672
5232
750283
389355
904864
608635
713152
371209
546733
456839
929190
555465
826377
741723
662368
919552
296492
482748
92438
708296
893551
303836
819972
445309
545900
193430
70575
460006
377911
544466
619827
649762
255136
690103
467747
22115
353921
367460
42110
411000
813639
975009
801984
545056
28579
242710
576840
638558
525081
629578
36123
631389
113167
401975
282986
592948
610903
937118
673154
364133
81836
91673
991285
728660
959785
457704
563434
361330
914634
408732
321849
187905
773881
756507
948386
583355
72579
395219
368531
365963
262707
945475
34181
215138
865219
178664
271017
730212
492150
145591
4842
759503
246810
633259
592275
692918
354629
450029
548890
846352
492956
762317
278602
289929
763733
718273
12323
200555
379051
181501
696770
291574
793990
162417
592501
833464
109727
823572
707532
944242
725075
657247
62753
152157
99274
793978
426319
33222
51851
67216
263186
407366
858640
295724
130551
641705
198702
648467
313634
559767
701308
211590
264133
475554
351766
954217
346718
381909
156384
345507
943394
738082
813270
970153
856974
13688
202102
356370
147153
249513
317131
365145
277232
988790
795601
237584
509998
620342
86610
254153
839176
536359
554098
16027
693717
437479
541503
777641
973427
16734
464265
522629
751356
518362
912051
249367
554985
735013
577983
835211
246194
490469
397599
184310
380539
333497
120371
316737
694880
712637
776636
166067
587900
843318
985016
14581
32504
449273
803740
581546
702191
824194
563655
557402
298081
626874
833281
424323
977985
151198
765510
674453
642603
860924
927042
136927
579062
611824
505587
53744
484346
949943
244426
261643
981526
62915
896285
876154
617512
248858
760228
113043
453602
903147
549897
209311
625585
678848
712951
152247
850049
117646
679461
379467
873024
773795
544629
383822
355855
445539
442695
135671
795688
632476
923029
231000
196455
775344
927987
508553
731642
517346
763946
736962
21556
984642
871719
486491
624384
903222
889765
8302
500468
501065
930155
287205
445071
547628
272850
747605
535472
35016
948386
71560
105301
655408
32711
520068
900813
165130
392909
83214
644603
143675
24423
214168
690161
740964
783793
50182
948680
42581
551440
355198
110166
877276
627648
286327
569763
374050
925701
205336
538632
387212
494591
331363
28136
220923
78451
73451
774150
145726
585884
889877
818770
425864
603179
490581
363223
296738
605472
949062
522406
719208
193745
207215
774954
838994
42513
898039
1772
221166
781290
83009
176147
50975
924735
475967
970841
690086
30518
452147
21092
686255
507982
423373
896846
514520
9487
330063
933912
442618
617633
633918
669800
393481
5489
788498
731760
29850
338145
837626
703249
129111
902053
316230
499279
903953
300444
575423
799257
146208
916352
987148
981784
823097
18562
508790
325996
995462
755318
239439
966743
482650
550524
765697
762956
579758
268796
625613
459197
963419
928111
335252
158507
622926
204819
362713
271781
134380
120815
881818
618794
55026
113935
351334
775276
214481
211632
258611
244559
326708
616311
832055
568214
531129
94097
564065
129130
441592
782206
156580
895809
610519
123549
315289
465999
798265
880629
18481
850436
859612
488898
922959
751567
270776
480528
21241
411861
30630
362830
5618
581646
186503
565472
540054
621516
41550
581439
678797
341661
523516
165487
504555
963920
173478
377973
402676
92892
869866
419827
31130
405814
671395
337635
549317
690746
158948
241741
311960
63193
598157
120923
965365
997893
685555
125821
10568
200132
359225
886435
520268
184689
732869
970772
235694
300708
58050
102581
872812
319363
726640
61494
138421
491476
297564
433676
703153
684547
256947
366558
936436
660196
622119
361753
87716
607677
232172
326563
674386
747360
424646
3708
769739
131677
15246
13038
796528
652227
785848
900096
459985
413555
100183
94392
393734
331503
837075
90338
277003
76013
539992
849044
803367
271333
263008
337873
200651
598035
795381
830488
997371
215284
611463
750460
347673
794618
939361
784034
893804
21556
200992
491540
820566
439182
82674
194593
167943
684938
689739
63941
357529
89331
411900
522956
85043
138285
899619
840392
628108
625083
947241
360292
255947
686387
191888
994341
730974
518841
131202
419530
829591
732449
607438
144262
875788
926361
774371
744318
581035
89950
698400
639239
85018
850991
184841
275279
834782
810591
342512
471163
110163
819608
144723
688188
776509
30547
698728
102628
239777
211194
687041
510358
260062
547714
448855
957659
391619
124724
799163
992281
591164
940954
351625
700741
349263
526051
740555
287325
493066
972668
21572
775291
56461
989861
149931
290074
645888
325525
175700
398744
32003
911495
748449
580653
163064
423411
480839
795399
522056
32744
891315
273772
229034
828298
171648
69684
163631
447269
147707
232973
775872
436321
288987
770078
370850
714153
913844
227842
645004
924254
362597
181084
835943
924430
85447
47439
195035
719759
188679
970702
456970
296597
630382
341038
980889
89432
714473
918052
91869
970438
166033
498935
11271
911147
985159
216401
435033
65197
371808
17902
686428
8966
813098
593631
641028
385760
382518
319910
166040
266387
934856
336219
68335
282718
319986
53335
957406
652375
492430
919779
827344
393005
838497
102225
175763
531182
823170
3543
928220
999529
272452
591137
535874
990829
963257
106907
386144
391595
397559
275279
889682
661526
189291
196744
172382
357953
732802
395650
560462
8291
333366
826707
380589
931682
927551
224641
755986
632799
718274
581742
70943
621176
368431
226112
700212
583711
959212
941316
658993
729118
384455
170608
985125
635628
532906
346526
33329
117698
915386
611875
123018
149643
614339
410833
656569
23406
7478
224451
338714
394620
311134
74145
215424
213857
575171
927761
891656
734098
554932
5691
237028
424722
642902
800992
469244
805272
472660
24640
728217
831222
475375
500237
926532
300642
792347
604856
264071
574417
657789
632137
924330
114524
769080
78334
561029
274001
843807
79186
863639
118809
425010
972431
417481
197142
61507
150734
220051
9800
566627
565125
701703
408125
557151
332612
122219
366622
526673
332581
321155
254532
281914
426396
895998
192037
462784
563571
601527
915054
367622
688990
964587
426335
902842
368111
878865
151206
33907
35005
768914
356332
163522
549553
193770
88708
891258
496065
307154
554553
875709
780148
187672
646423
806391
565087
327889
126271
893346
466411
758078
725999
957824
624910
376618
961004
215928
369773
623950
611506
527999
617935
326522
763865
953495
666015
964703
349494
683842
484032
35353
648415
81121
882654
666040
582053
641979
685842
280869
350418
50150
220037
313324
743482
199413
777073
399735
480279
62828
617869
741115
688006
527588
352193
911519
914424
655789
70505
730516
655062
158883
157941
387018
477416
239470
6736
457546
427824
468193
658170
34212
556367
609623
100190
263434
772377
831900
584488
592345
180918
497926
742668
301919
96215
509992
723857
286752
703015
796194
648838
552754
72638
948940
819537
482743
108884
132702
154642
517128
472913
979207
935695
648474
382327
111565
963539
780903
223021
578512
188744
439669
380021
273218
27320
65516
975266
542963
