662450
199085
695580
222059
52125
87033
108901
92973
582565
631492
413776
439957
472809
71606
776834
505267
205482
600015
436264
77973
9697
212666
309595
859323
834498
629726
964978
317514
276271
551491
66685
670032
615409
469225
750436
271912
182417
410984
49216
273933
135316
332619
965364
331007
289694
149282
252274
190213
56639
826873
131203
864858
260727
505266
247759
388748
729616
477598
587388
854609
993436
652374
108369
275692
305450
923608
56867
582206
978063
645144
113637
829157
254441
995640
490636
372681
211312
918381
529499
612454
840148
47027
33951
667010
905246
264494
39128
91909
509384
488154
843269
681993
35866
66711
619124
552355
371288
403001
431404
309780
141553
344217
454039
256619
932956
174065
400814
200514
265389
752543
295802
940485
345920
886418
808371
143637
160749
335213
390755
343575
406954
319728
355358
670457
794460
803124
589359
378231
338156
874586
159743
447385
420188
925863
994820
977795
62923
982130
991620
733708
141151
871074
525828
364929
82103
88450
656944
759214
758945
704183
734016
868234
898175
113876
523260
454286
652488
445952
851316
796712
541521
262090
354775
40196
438561
594007
737032
388539
534310
616950
940418
976182
802441
529132
435535
316598
9833
560143
51541
519238
282392
442702
84546
965420
308168
58696
718857
22579
544714
851465
583807
947885
310066
636495
434059
969972
105712
724973
834481
517878
892581
971232
712178
202430
725175
59851
976013
403769
185920
376519
399570
515593
270576
575598
414090
300778
993233
118558
46801
761575
640334
871536
567434
220950
983977
779640
664295
646578
917019
236741
842180
604694
501954
860158
562522
590503
606704
603357
518594
841306
295773
779782
923111
945037
881364
568558
510227
763088
178034
27860
41722
997827
724826
272520
246717
875321
384575
268885
374889
202416
881364
656773
832360
792952
867339
315628
360053
36058
850254
124588
794985
997935
835967
35086
63503
184715
739675
197415
103955
465569
455543
542634
501539
90212
248505
168426
624397
765830
920240
122109
920202
589086
515764
244175
614761
830983
252241
777199
504231
889835
940016
864313
659706
21516
455456
521611
578591
523982
865448
189057
261803
804702
416772
260093
856862
614833
877858
717409
700529
394267
609645
986628
979114
986203
185176
607190
761551
267580
524774
642591
985023
835342
818948
735397
548786
643279
731974
427893
756973
496915
691418
744150
697546
608264
629898
515508
785894
209155
411034
487935
97006
409907
459094
830504
279844
457911
862961
998975
715909
445618
637092
999591
10889
247736
136049
873909
370246
482867
138583
676610
747835
250073
263681
309994
64688
748898
229891
338567
189371
482490
554109
501118
165068
58320
618936
629223
817247
54390
110127
633336
240629
494352
683825
681628
266747
336095
813954
208906
340323
803289
521129
91508
333070
402075
578467
217344
544000
893207
466523
652755
92223
964878
446307
460193
669378
98976
530834
56806
126622
750677
211092
189853
431887
914684
360359
710800
973404
519182
249240
513666
803540
270351
8231
607292
138581
65313
194645
521203
159690
824022
628684
96898
813540
821873
924454
417370
261123
874459
508348
270199
366126
869853
45624
205366
248739
797213
697200
118387
34447
776439
80723
91338
496290
956221
468339
327791
718166
179580
156360
590180
824661
989409
37234
67244
433740
250150
798936
280013
137300
974347
674244
719394
177916
318217
979742
910282
745855
26542
996353
112073
189453
634671
529863
331954
591823
566596
685369
372324
975423
560444
528346
929010
252409
80337
19586
688426
625682
252082
930446
187366
434927
394090
253657
238282
492310
445170
727688
173264
223992
87319
25015
569993
788626
553116
598172
190059
295276
270330
140895
298803
683819
895628
99479
441390
618510
805273
978408
572876
208890
642643
597549
901934
205950
484473
902064
211619
742357
733039
368308
254506
960039
550928
393446
706419
817709
292292
47852
127396
442595
445975
810118
610309
194018
52725
906277
569137
940554
394103
844942
204798
414149
767658
946021
571234
408789
840461
125773
643670
86598
211611
707801
622803
640212
922680
795868
52136
47956
163536
423871
495240
181706
941578
51060
102472
730384
829023
519346
598134
148180
442374
564513
97377
105123
841815
5026
292033
37167
579243
537191
666859
251135
249064
667980
806186
15145
756937
620723
520849
920963
85158
153561
643444
725175
882800
411103
32929
839042
861099
348291
627337
749980
611079
739829
928321
289133
992411
129503
735868
90284
636372
892565
167855
960313
622849
850644
921203
949222
658324
856272
408165
932146
324380
26072
648349
816547
642890
881000
904512
292650
482563
673285
287690
701701
53548
533013
933923
500336
988970
998721
156132
942894
102276
689490
482517
62010
949682
554711
608519
791587
305641
721795
436348
812283
257016
258082
115827
944218
826355
461229
429263
748043
367194
959843
412640
212619
516439
854181
559019
998860
984755
407835
160598
724032
282289
63374
449126
179724
935141
736599
632824
727434
534284
924892
332248
166268
871468
187780
391937
290563
890205
161395
514063
745620
151875
587600
471738
315366
571061
648842
478285
254672
980311
347538
340114
180424
448009
506585
902054
977794
598801
75781
335670
747227
864800
91980
466330
199944
754660
964199
380109
128017
964620
866108
7082
86802
850562
159753
347609
321683
386005
952352
668362
348919
106847
397196
434669
504531
255451
706831
790669
558313
455722
623643
13143
663679
498522
94228
749583
530671
980621
977886
993362
943139
968242
918624
92104
430257
313392
441433
292156
206844
813433
611751
243206
213292
810252
434415
202223
434880
583584
6802
53413
502980
805138
666705
665432
140394
285896
842184
46669
534284
959843
884757
726201
402466
60252
163483
880077
363114
148136
433211
944468
96527
191476
397835
513196
969530
833694
61599
328355
773071
716206
847778
24092
375457
75153
921454
603255
265446
526478
356616
363466
409689
867937
260714
63904
727763
870756
86931
822875
193415
713768
16637
944729
8642
153956
948099
71015
526684
116601
989509
870135
86246
780608
596550
683257
591628
31077
58222
932460
409170
847006
675197
363277
706613
410705
388303
423403
132032
477583
317060
556475
273934
583060
795779
628812
536526
315604
675729
971743
874311
687116
7618
905940
555018
20450
237199
175132
16116
667096
440707
496038
354272
313604
646493
479038
237054
967151
366245
941147
922046
885294
491665
446907
277568
331342
343417
444732
100240
544478
643652
392712
725170
235093
789812
30691
504535
355480
104272
370441
175931
125064
74127
176899
62625
887047
175307
918587
994301
453772
228253
106858
536628
502247
655776
102765
835155
242210
394922
460809
738722
821185
645377
402805
961634
342642
984846
785865
868188
408774
923437
210123
183864
647881
554954
557829
962900
302974
22982
916928
178327
49230
944192
567405
108152
408583
524899
799573
847040
294110
237685
315342
889677
580298
639290
953081
418875
273032
242514
87383
398843
756390
696032
843602
676613
891736
756193
571476
838847
498611
81989
543128
592
540239
681545
518552
955195
534399
119095
384422
672722
775025
986628
848547
72636
147520
218698
361778
546053
835774
469057
130324
634992
152555
685911
307461
858323
795695
539311
421478
226180
827321
676174
974048
152252
834825
83913
232097
572952
584559
357825
999787
222059
121278
618827
661719
498909
602441
490302
737906
707312
497261
41402
612529
845219
530567
463651
361239
102465
661498
387296
657683
277472
372401
411313
415126
806043
450900
297615
653764
839552
692898
718660
75110
544047
944502
488034
371194
579975
610642
872239
928855
471097
763317
885078
201359
678516
834964
877371
928940
639668
136513
276162
118313
630245
620799
597759
38020
31163
484909
184254
295960
502168
464951
321685
274579
786643
24706
80187
544145
30989
710336
915794
8468
980592
727060
657926
261803
253396
414913
561379
831743
793596
382414
352311
656894
249186
81652
472301
965000
625793
456489
505734
918627
561521
292125
348352
522420
968316
534395
395094
630027
563124
61479
142907
844119
845953
160102
981377
313853
596536
123148
738479
897476
273413
54352
27818
875299
173114
51739
644795
818113
680399
292662
655505
372683
922442
834938
235293
359979
927707
784324
444202
378815
30130
487892
252559
106206
836087
177824
958749
889877
968190
605518
728878
304489
666189
979852
977570
374323
934204
898196
468286
572486
426400
301259
34479
65746
327630
585365
240563
729097
345150
970199
114268
488667
685625
377066
785998
23637
904780
617541
401762
506403
930487
888807
599607
44191
858009
406813
670641
449144
563813
965007
167433
330106
851498
531370
527628
465364
513266
289441
306874
572734
870756
111782
508053
124308
954651
267158
310679
771738
209612
97921
943509
735157
112743
711638
108102
381290
751841
725170
853314
868190
542323
133162
283802
186701
119500
392444
290027
714708
444636
118291
439355
373792
539458
73122
458405
707080
948902
817933
721089
301072
919608
681771
926083
169387
920963
276858
572856
375614
828936
534993
687302
633702
929989
999450
275491
239693
638505
25472
493874
621004
514147
166015
985002
633972
141988
591530
484974
308094
239092
581649
205442
624387
256445
404817
569451
441336
623642
574428
26699
242556
21383
347508
918806
187418
446224
525239
471932
37344
196723
797551
413075
836583
770534
321871
472099
241571
716697
596217
951178
990001
846280
616894
508707
837137
370429
228435
790621
327232
870325
688378
372853
515537
906666
368514
211713
74322
531034
541904
123638
621818
168121
665308
866251
486836
504883
279151
84928
145952
998229
101216
617165
41633
384877
904028
698074
727728
465602
751510
876024
537483
562330
209407
457715
197854
314328
638267
954831
808184
138462
760957
117470
420954
795461
926281
526100
705759
823649
889149
435327
291745
443863
803557
186940
249149
952726
846252
736982
606824
276509
216896
513471
323197
375292
939524
795253
691075
142447
621885
490801
937523
639493
179093
477039
714910
615291
593804
668466
542180
422621
491693
141624
381567
32831
539966
181484
304771
336051
671431
813057
464113
645454
946021
379113
281693
538133
661524
464976
87604
332272
5782
624898
467428
174103
936939
697729
154007
444957
934946
189156
750486
805147
600435
766725
600712
455043
133669
428534
954010
945410
694358
299615
81841
929425
918597
490972
292246
68024
195228
16192
102493
449621
692411
987076
972776
636601
33762
420915
155770
330058
725923
885473
952726
789773
530294
796235
39273
729459
830747
627775
864428
106282
220120
125653
349043
951864
832867
399931
822471
429015
75590
338647
387130
771862
564545
401829
790181
854122
392216
588423
184174
544102
811360
647137
595436
387325
369151
81832
981219
75199
453177
446913
913862
668821
828479
439683
75108
452564
765732
868331
570091
370283
888119
303931
366550
61941
529400
852037
540054
528330
942122
515334
849908
956316
831810
953152
13498
967828
785135
122944
622888
242071
111537
979316
468236
601884
913711
259225
991008
19258
716337
60534
293083
671972
321951
902290
371333
379725
177297
288562
143830
204398
806206
231255
416650
251076
887459
687267
528669
661597
815608
427195
480006
775398
729711
80756
96461
781139
884654
748750
66616
395288
736064
379602
421391
170647
775123
199197
231040
191050
180347
611933
526742
520443
111873
590342
982911
982273
923090
44015
357514
337863
575350
672615
605068
889512
479817
828204
738315
168386
743079
641551
548035
24322
408206
187419
8609
798081
791342
834838
303777
513243
693733
470301
839963
628455
23991
936750
566
195570
245085
384938
805143
162739
864070
810827
409568
376109
56656
162360
195187
926658
511428
24595
916600
596115
854627
266757
553149
848563
62632
389775
409899
151815
713136
25866
957347
405704
9010
517419
553675
889673
250924
962374
752268
373016
853185
860031
153754
269221
938854
127388
163258
412736
470694
356414
712778
403040
551057
119676
27501
344691
238308
671498
77960
748823
590199
370651
549262
434059
997579
361318
600373
216621
330963
570732
687815
96356
839909
716998
259041
344233
985052
546814
155426
298183
172408
290885
924623
378175
932796
31906
485819
463695
772570
159753
479819
199023
195975
487654
430957
386831
730088
808593
94812
579235
197567
499465
393599
388923
578549
464450
246387
768398
633712
852171
249163
983834
572927
520988
299528
219026
533595
883831
146461
83231
578468
302293
283990
349637
908178
913218
123771
125502
606768
304139
467508
731323
414662
297747
528388
829553
742238
317757
995150
898632
118315
210595
378022
828445
804348
262831
899112
591823
343612
359182
874580
577679
78786
721571
467805
782162
96729
645151
403423
610867
912085
159082
490433
995443
148204
192158
459129
622406
762155
58195
895145
37375
744814
749215
853657
580868
940550
345864
312931
184970
459926
774248
53506
992418
776926
733972
383772
612767
880418
331724
104098
18699
122831
626066
9360
258710
880814
729390
686190
383417
461077
627062
945205
685490
942764
725811
356582
27901
658375
780543
134382
481357
110164
205055
449699
174035
33778
300612
819881
937607
297413
159927
901972
737786
575874
258782
295624
606216
270019
716301
249391
947604
437829
237457
323901
271392
371749
956388
73315
714862
995391
307309
235917
533325
933421
896472
160619
349412
535679
315293
435086
462279
228043
455809
233659
470730
539170
637468
708977
417867
980235
629045
229865
130600
888744
289654
270298
926640
553918
378348
649434
255174
664878
889833
163826
181603
9705
219161
31022
453953
135937
560250
464363
92008
476203
844619
662674
260760
328094
864858
366084
474735
121710
133803
784916
435271
387022
399652
407994
229293
436119
864805
457492
320871
