502653
576136
494418
593235
483883
737350
208609
964798
131132
644359
540003
403391
79454
916900
962301
989799
42107
786934
271580
802818
227996
56126
736609
442663
794829
172963
656204
462748
856093
674782
443124
354203
39264
296819
611317
811901
831526
871323
373704
297557
387455
980237
746288
600373
989373
685593
34156
644023
718436
339160
871323
393670
982467
391004
881992
497446
899662
468641
779335
53333
582360
830280
520553
925191
517796
435456
850038
846609
20778
230780
412792
422876
938265
841285
223549
403081
609916
41466
530135
208939
907514
75792
302812
996851
308230
436704
335506
875091
538425
399239
179400
301847
122837
877918
789801
812440
303240
143058
888291
200926
575460
733170
331747
171998
102191
980697
668854
204375
483303
397574
513780
525877
195372
243794
400395
322282
235096
995692
985943
723266
572258
331600
621628
508006
42639
674387
478526
294704
801537
767398
737740
446629
100534
842053
989463
691443
881726
450562
24935
609894
275791
664406
355593
414332
752338
843429
217102
854621
219515
248095
638723
410355
358484
645640
736135
614143
637471
811336
274465
666128
642286
233125
299457
463594
773277
387834
619939
286463
708318
562031
388876
570859
184276
568835
953988
535939
132031
317027
209190
891252
595042
590521
397559
787133
32297
194221
287187
583804
710021
512466
111250
668693
15997
543971
404516
827134
998838
543154
964927
616215
621131
890990
242575
401575
541833
531653
641458
238721
306095
329999
158495
637914
343008
214414
78113
815253
510295
374706
485235
422326
465546
331865
371782
475943
382064
937026
505441
374328
611181
61420
338273
940422
606968
627000
316410
140389
910136
607457
349909
794010
376202
536302
564479
344884
586420
81010
440141
847026
736503
292813
689335
214892
340887
977727
439453
243600
942085
2397
874201
443266
737125
213769
17487
769657
935409
72449
790289
709842
76012
230780
384187
858089
586489
515174
988640
75969
352322
589239
24159
862151
820371
592791
847009
376165
372812
367493
642685
727903
371126
92490
570926
259567
679111
106816
210085
571700
305957
790340
954800
588794
287671
102416
729406
799897
89772
742407
719305
62675
100668
200537
634081
835755
673135
356981
603898
211676
937409
499117
381425
472734
473365
342549
926831
495149
63014
923887
762943
473198
667291
21690
450921
932971
173898
271785
765336
399720
814989
952834
858886
288395
20905
334553
23569
795598
602659
886911
31848
690802
295852
206624
174599
396719
28911
583875
557216
566798
726971
570200
682786
595333
654668
521410
358998
223270
904531
669878
678312
920120
203662
99713
369875
400619
415793
154815
878175
726692
831720
685923
733661
497094
22649
572343
925260
567175
171962
804117
752559
993604
482157
480824
273741
777811
488785
412972
780924
504977
10826
228505
712269
37642
182856
447274
433910
404667
714981
978884
331878
921621
419376
649019
199211
740265
50749
264518
169141
930605
144827
599135
236728
548861
68318
683070
898332
837539
294971
249805
379997
666631
613706
43189
333678
691568
815141
328308
804100
43303
213265
354740
954670
132849
144391
519880
947240
986895
867158
226801
395126
772128
5726
912887
466196
634020
268164
238253
567706
722167
177564
814248
621276
751124
25000
583934
160265
620514
638732
293008
941916
274148
12894
452002
123905
109766
438533
707165
746504
636956
589263
390220
223201
56841
680822
747758
393435
464434
396448
256714
373892
293834
553938
983344
380512
245993
124009
102954
708697
68757
905117
807028
537005
286463
796082
516054
72223
22719
413956
927129
335717
941165
677652
767818
878246
944480
32717
70602
376831
990542
782258
920405
912183
899219
368488
681877
162518
39103
104060
276283
210106
887704
477625
913243
268891
687079
896671
864313
364810
519998
795065
458998
338451
698149
591223
774475
573688
626540
402352
810299
137128
623159
308663
647951
773720
828970
552362
917097
238847
984102
4978
104655
417801
643729
106609
840288
282097
501914
738461
585106
954548
324531
282208
613455
16062
612069
365594
273070
93364
603878
813878
840245
890699
576499
464845
292686
740977
171114
623264
604693
871099
451043
691568
932512
668228
106121
913941
123854
262140
344087
461819
189000
96016
896817
807728
647095
112114
246064
336331
909326
152846
250306
464235
960590
713615
829654
219773
269426
439323
855641
443726
312612
577396
953143
343242
506656
906235
826668
401853
419112
973405
308637
266886
477964
891504
51254
292728
45767
12325
583635
744705
346572
610505
671085
78099
895999
808114
883484
112109
160104
73642
519297
368566
519903
98744
191024
877018
15114
661690
34511
479252
602944
395675
341806
357243
55910
523757
895758
936487
334808
81883
741586
329013
978971
168560
593301
338982
346799
86475
641723
218234
20626
849438
932506
24232
372548
634254
18315
244503
82543
803174
278462
188616
681300
121242
587778
192835
824530
427393
880708
50849
827212
604260
826360
187893
202754
98257
705330
124747
819010
447877
70020
322024
620814
275561
128980
469480
421388
979186
585854
373744
197573
620209
176026
143788
461038
739353
339887
701781
760283
758991
889429
315306
223726
8018
900188
311917
550091
895695
733076
474972
719988
465815
180974
843871
383569
944030
455365
388637
508456
297314
340377
822160
751191
550079
58698
702208
869860
157507
65065
478169
889848
480214
934271
61945
806398
152548
782589
307345
742450
246426
813790
385248
649067
301636
818261
552062
909986
651349
295365
385376
560613
877977
36604
712512
420237
54408
204447
128909
744482
472583
259320
737317
814044
204538
416379
108836
336185
423791
80176
559787
650067
434019
538037
322061
232231
63764
455086
742407
377856
434877
694626
303411
429260
444291
990885
558235
16757
47675
475766
977627
758442
675536
546461
804995
577625
15450
311038
737723
370270
880381
950169
207949
490265
239390
645824
514866
383027
156256
229856
959851
710866
818861
930213
238273
386252
597039
429638
211321
480967
389696
73912
446608
195662
167233
677152
730123
675924
741456
99131
162080
345401
199766
139619
30300
352503
721972
21063
43169
440627
234502
716685
780523
642955
411476
383663
190273
345581
126185
332886
933706
144434
952613
820751
769117
4182
179789
909150
880722
824661
527388
62359
711155
444109
941741
671732
141574
36666
830595
267636
432588
453085
290432
771089
745842
437837
146309
30125
69038
431347
362778
814917
904374
686323
767461
754356
727145
899708
467993
621752
566667
828795
939950
466701
454848
129927
544639
891425
602559
545089
900116
267827
980789
395675
854593
728473
787382
118131
671529
339660
66588
969633
502058
192717
778567
847289
592702
109131
374451
626996
59563
526931
973040
105111
288334
559898
545664
993832
783974
428367
222644
346291
412663
68039
126073
718240
865726
198877
732307
744164
461665
775641
94173
543476
796195
85557
33097
871232
39878
499066
112353
432280
572009
385524
63622
973140
449848
111417
420500
192935
443066
948013
549604
948357
351741
568145
977988
965897
212202
292695
684822
925927
820586
390402
17180
608247
52470
492845
81608
752708
853338
655978
784397
514293
699686
189140
599677
838528
261196
791351
443223
636461
590209
440615
845484
679516
949564
45789
63145
314386
749468
330171
970756
77931
33810
761380
778700
35143
611183
182206
646290
805449
994355
882995
983138
146143
149755
802070
270374
651470
304849
494368
497965
734780
114623
808525
239772
880624
946458
207685
130661
770008
609733
699377
58330
275064
564112
217104
640009
919645
860641
41846
35107
107864
463036
490749
916809
695797
805892
100570
314937
616784
887728
751537
78874
947171
806164
684355
224643
312002
53266
520463
590949
525647
151319
68473
480321
682998
637996
424769
302747
143291
761960
272311
631396
537326
772644
109797
843506
368197
746850
756447
813980
694425
92659
166662
93174
50060
788273
753259
950104
157508
902846
947224
719475
890411
176847
611315
70438
981660
956365
445113
261034
978476
773292
587268
445173
786679
824446
285247
62917
211444
701170
476572
661017
973486
101681
826483
909005
72676
623945
525587
888540
716885
21967
993026
719560
724302
39769
311877
319035
133686
102940
70693
290843
63381
806821
741256
815705
60501
340961
377807
422443
597506
819750
584551
240529
427038
521349
14067
258446
478947
956861
411390
722896
734598
176667
653094
405266
321634
878526
84273
385342
557044
940412
767342
539385
857901
679711
480500
759735
761837
980053
383085
899460
435955
945696
725601
420153
834819
356276
889839
411450
882274
248017
471271
435529
187266
936745
319335
403227
50300
598320
400183
275546
778824
121423
461292
278201
651244
696116
512636
459
134688
385414
498594
113448
312215
907778
778678
426481
414822
354669
14359
464965
857689
864998
90528
870396
675080
873354
320211
945344
470230
546134
406047
16972
425698
38528
862131
933521
652031
301961
570470
505112
958709
267322
406803
242368
176230
544336
728964
93863
924418
884228
402095
244486
460802
362443
69608
713100
282647
245721
470123
962234
461176
584960
661462
741590
508305
204546
65747
765343
731587
338577
789390
895248
763475
716748
829170
926355
958565
321623
683461
842121
379341
840001
348394
619552
510956
619898
456823
24483
762402
835920
781249
897509
893040
642237
915485
368630
980372
590035
978346
966355
62083
593544
423603
296314
983950
797359
957997
204737
106584
413090
685649
766800
198950
938844
250079
845882
76310
799688
581086
156769
252808
227673
548210
691715
417325
527565
58310
909699
773087
533755
959812
235787
664329
48650
117297
874628
132597
616283
358796
391967
306129
991494
552683
676127
649407
27770
933270
740958
284507
74544
663516
2272
895616
951651
445076
835489
521229
378607
940757
540845
806047
397160
93939
48093
171655
430767
603194
751685
803504
964770
608694
439900
138338
325656
301471
477304
143011
495229
518364
244760
111415
882604
833845
238087
965156
803288
303138
679125
372360
617410
347129
215227
790866
290121
394622
293260
748796
749988
940122
457360
274730
634360
795268
106941
542935
809748
875164
401352
499526
456053
741752
709687
794042
340195
895712
439607
793884
2610
564792
726976
709752
222556
224735
616243
558561
678051
670573
922861
420278
952346
561911
520319
220799
474850
730403
535524
7153
805262
946834
135429
968638
323607
167133
646146
486784
902939
807615
28805
245794
30302
685532
634614
918746
2860
726084
833560
889515
779997
378480
369575
561248
261682
678671
575854
749858
19124
88735
787628
294551
719562
116475
574091
997400
473193
49032
646593
455422
67930
392187
288320
282810
357245
853108
548149
617629
879465
513975
116190
748321
372437
868794
146285
371782
680822
749144
827069
776760
198493
55426
387460
218422
791006
277711
944827
907824
599847
615449
260924
389453
535095
359137
928799
716884
598173
787380
787048
549172
993381
899553
414161
707038
300518
224457
362247
494652
25002
10096
312030
217653
963059
486907
619573
824836
271914
301266
750216
632537
51285
36055
812088
133939
324559
419856
29596
790998
684421
237519
525023
283838
352347
498395
175351
986656
14461
504684
313610
801666
711041
452189
152029
564675
112351
216544
947430
823443
993822
803343
724302
382993
932773
569007
298220
890900
912252
226144
584960
48943
950686
54886
41396
351486
334236
637780
400657
878689
683497
876152
514866
492845
915392
975807
424836
473568
226688
792573
819782
736137
73118
205808
662603
671088
316962
836062
569146
592791
671636
694006
471741
769816
614524
447855
165843
100326
338819
899868
879531
638281
498782
810469
587068
695699
736704
413740
824766
477535
718794
644704
926457
291282
385589
552213
302258
439453
595837
349890
26634
139821
566924
25637
529994
341962
950108
510606
669191
548738
782189
332460
440325
366399
950643
472564
204676
111061
283811
427931
578664
129382
318604
277252
178041
270805
585815
420246
315169
792670
848472
179797
428534
941024
764903
105356
295761
275889
881527
352667
291601
838610
862119
512965
832704
459562
667802
840090
649219
381919
371725
783360
6261
419086
572486
83419
639068
787292
436152
335566
117532
152935
863998
648637
290291
918611
382887
795220
769083
163126
840103
781225
732437
741582
947429
237840
442228
226840
269181
79212
429920
568412
780315
508197
49058
829563
729284
222311
370636
59559
520489
820587
449164
562882
380224
879598
76710
241461
503209
48650
253121
179554
998697
173847
973040
246481
192237
930617
785753
428358
991895
742289
217364
925689
407362
38295
839893
420037
72929
974762
956292
943255
187222
521522
733736
100936
544982
407743
521243
72868
395221
700339
892180
937928
453914
358982
385502
751846
506768
711741
876106
585787
126756
803864
226568
790192
943094
437345
181994
185875
332013
690031
316024
462853
995672
186575
481103
322765
627247
271841
473555
763456
117879
400075
208510
493773
262713
369984
219302
135862
817085
948013
51912
968462
212037
130267
566191
87954
697216
941336
722411
275390
621085
887588
923764
625434
691712
85304
380471
128741
63266
10568
427430
530331
717669
428992
930321
82453
986678
320524
953662
583228
315239
967775
544807
50568
945041
913822
485505
87130
429825
14462
523379
986223
864956
208269
706346
817895
557912
625780
175070
392242
280661
664543
306465
876135
222383
728498
5830
201208
892904
424631
806987
352827
890107
44126
696566
114475
701147
725350
733934
24463
3737
659493
132422
879297
946914
485613
809042
948500
901873
969163
995438
319927
690962
445835
517694
972672
519104
544004
108527
4509
723666
455235
419042
977988
231033
982243
153334
865760
675905
921087
690106
33717
970481
896913
756359
217770
198328
379977
685548
658620
793938
367050
954718
737039
540738
644876
492596
772311
538019
765147
261468
233500
389803
566786
264345
557791
706843
44850
537485
970582
626715
713037
601542
306980
767173
602478
899849
283838
903226
44163
346990
725349
720080
13354
668698
633994
401355
328547
428384
724281
537905
946527
688245
965852
896660
594203
213409
337159
75090
913357
89285
217012
512980
8989
939108
280092
476291
926792
779916
93752
591085
496903
539983
66052
132324
751045
931771
202103
633003
875265
386736
451699
743135
909005
139841
378141
878025
743692
256081
641096
956976
528075
879821
896225
945088
983132
830453
770227
961838
409732
611165
233432
413021
598283
840259
995537
40860
848379
116502
738045
427848
317046
247404
99887
291464
791451
629016
404189
795262
880696
932881
99701
401377
157348
276138
761201
211603
708279
946698
55156
826291
782254
749858
486128
911825
862399
236299
894833
261222
772390
908663
193322
22339
996620
778408
142439
78685
664026
608369
399686
888669
493527
21878
411093
99701
668107
455774
933270
276259
642484
716629
963606
235666
774630
986082
864214
579387
258016
413199
342725
529403
837438
927706
634252
729344
804119
329782
73313
623044
19990
914003
205612
551822
70625
239048
983005
643152
942905
960944
379382
229342
290686
38561
662249
167657
433910
116947
736922
119266
398250
772695
707822
428282
469862
220667
10472
78439
579255
655698
439386
499601
824592
317715
346295
55751
825003
45072
401245
767451
265701
292157
705274
585321
918981
129634
616232
357486
901584
319509
505092
704472
568654
786156
583769
467010
230688
165063
883863
581637
177506
652653
687462
216528
658891
706332
771181
334700
408016
849412
884114
631491
959461
815377
675414
92446
239027
331384
386797
102783
144059
214892
124243
896172
390597
586489
138690
536379
652075
967029
194830
964110
197064
965852
406216
638891
925952
896767
570555
932499
591817
319623
261482
945161
533101
438470
462846
88333
78057
754517
886722
801915
867116
734039
397928
839984
910792
301752
626497
589270
994869
767901
668901
602116
393263
873071
897778
333292
633546
914485
869002
470866
498428
758478
112157
908118
920064
620874
754869
259651
504460
650531
556629
77523
560504
716868
979674
948972
688839
814433
287484
768572
794157
942038
373445
346996
865218
348465
524762
425567
593967
919537
633400
63592
271736
373161
765466
698240
803027
929298
32474
97969
519371
447829
872912
729597
25889
668988
291518
418774
274108
734491
9621
682672
102689
43923
580665
796782
115990
392039
528541
483129
51735
554318
54233
378466
400093
694957
872896
783080
489742
486303
916573
407885
967238
456687
150493
8167
399002
539047
997244
334102
920760
678547
712202
627435
706943
517354
392847
131888
582713
772693
287836
417535
771321
82720
356735
283562
113548
22799
539055
258094
519589
138016
24809
185187
544743
291002
254288
527388
181525
189098
40900
241369
966898
438779
972420
94959
253604
189609
370277
168898
558250
326370
858333
66685
87192
988347
614381
177928
669725
935008
464028
965467
827796
742809
494146
768414
999096
977129
811259
776579
638279
819923
331756
2891
328469
156385
740223
762918
583668
567211
592658
584021
384184
312338
205472
917222
894169
442818
25930
982631
610516
609390
521093
290930
137979
462868
588541
507966
446939
425281
218646
973272
77677
487129
554068
990343
613860
345563
753978
859708
490035
575705
263598
180402
92848
219997
891833
805910
507576
566521
893048
778560
987253
478081
804735
940664
355933
64600
765505
956366
984374
16449
726182
571585
604777
574010
976897
237309
780657
26933
207083
937563
769508
159972
421446
803322
224566
117782
505381
756255
23170
846143
946073
986931
539808
302177
391463
891488
892307
833469
510927
127374
72219
833277
772218
63827
496423
363240
347678
426653
856052
721930
214148
908290
527602
490715
749243
489235
11220
514149
566391
747793
97727
510046
399484
790670
930624
551575
327021
863488
821297
116557
210960
376214
431112
913620
257114
398419
149761
757515
831207
428346
268586
780531
173293
875688
950069
244967
474100
215075
896612
742786
221608
874757
405629
215248
656152
81803
795931
593262
680835
257897
53686
551335
209055
440603
308321
807775
989622
77081
906058
677076
794288
533575
206858
252340
48180
188448
161984
942597
411932
898782
285014
451278
549818
264919
515450
759113
789157
365234
292904
212668
111686
68007
168076
454172
632324
489333
933532
679115
661556
53956
212237
551235
677522
695897
600371
809157
926546
176988
35008
427485
712675
367840
706189
41504
167221
553936
701682
224267
990719
689474
25192
441685
337685
767398
938183
999434
770175
931094
105176
109082
37890
616365
741985
849322
967898
76812
988127
875843
589822
569347
956154
582190
656226
877671
36731
749145
807631
931085
574091
119702
574524
235449
90654
457331
648481
584792
27798
136679
68260
136642
944747
150583
469526
196943
742220
209137
637939
838152
87895
61095
827364
919818
979978
972954
402566
500533
568754
48749
381494
679246
19395
499637
940585
410083
538547
176058
306435
231723
901249
510672
49626
663584
723911
104076
941759
401228
878284
78168
625873
140300
42411
980433
470858
190300
173597
990837
737613
961836
443160
64310
169107
875881
895032
529202
80452
652308
570492
306435
745694
626263
217661
599519
561990
956382
821247
231328
76552
157512
331522
845867
533269
865129
469124
889042
81438
604081
158931
703802
739619
793769
69355
959114
850991
456337
219370
835755
203530
454336
857858
169719
423620
939981
588633
486428
128374
886005
748910
821671
227877
128004
400619
813064
388190
917089
852264
886684
553197
407309
818690
811002
135055
949497
555704
236055
451356
377350
563210
492135
804799
908168
307546
934451
510006
814060
627324
902503
88010
789770
399058
913519
206650
997997
47530
999303
128746
380831
644536
902365
297792
793050
806254
761051
121946
787279
821995
882627
182756
624859
208538
266532
188047
319543
865468
992176
100711
813025
334145
479672
9514
160269
798480
678477
552688
179592
787800
311113
478526
233986
199499
618009
505381
565970
796543
29912
92257
771828
755481
51645
415318
31792
201993
863067
234091
229010
640426
566688
234198
252997
776060
495803
378260
150196
71635
537182
376974
191662
936811
31091
66646
822283
232857
243978
215185
983875
429253
594731
77909
390179
927151
509520
426802
539468
658313
59465
735150
310588
695637
496727
306572
639166
304053
142556
99957
760762
968044
857543
745586
825511
189772
625913
178343
724244
809184
126929
65340
912789
556169
293066
766633
55539
823977
896
45080
595076
771606
672821
750600
929505
976239
133452
896409
422514
874882
488362
869010
689701
180245
543109
857594
325448
208235
325891
95573
89423
447279
999142
993589
241983
250691
837576
285299
955804
135580
383021
614193
900938
995724
10871
134595
467828
855353
601552
614958
882910
987419
395903
79791
332242
251389
75795
43866
232685
654151
2315
442127
688458
112720
256087
190981
746689
1315
59169
910401
318508
816511
393194
424053
295790
980216
726160
244405
157169
891346
982852
533856
781474
141951
930572
692604
784850
829349
203843
573350
430255
218026
446202
698254
142072
943870
58217
267636
178173
938094
825850
781953
485531
384030
197110
385946
781533
416264
336393
762558
128150
905496
500796
420864
225948
569966
652553
196297
785074
425081
515814
165332
872998
16025
971441
566844
838393
762391
971193
230273
593092
154218
677936
237749
120696
615381
620355
971546
341605
798744
897359
541215
603561
121480
772578
873227
754025
664669
97595
694863
648410
602914
411256
226213
366591
281487
106379
240447
379534
202839
802912
771144
169273
361120
991954
79585
671179
530978
469283
790177
533554
47666
569767
232247
382359
569921
136555
356674
288270
940842
565964
995173
804240
81764
879654
159316
655835
619933
86616
202939
490211
580809
576800
283113
699686
228999
669385
14268
176271
739541
358161
114144
909051
224465
343706
786357
974162
619440
70936
201136
571946
964947
802719
279220
4545
293140
5214
425485
940681
443776
182413
182735
765446
549773
106446
885945
483151
277155
651484
810208
632165
713040
768557
681645
454370
358354
605134
698444
301568
674079
405542
730468
76596
638286
90116
237442
104790
175661
611873
313880
792987
692786
753461
949220
739476
983953
696827
516719
10407
249603
675454
785682
630975
76539
341071
363423
802605
261549
485316
779111
146992
609826
397683
235518
54753
979050
212967
800154
423844
61665
590511
96920
79850
98659
382982
418151
215645
522155
869860
455498
189863
779125
611141
74140
831226
698379
176157
836961
509485
141791
722005
649909
840604
578829
673048
537141
878965
492734
657572
747368
476673
754270
22993
31057
244292
677362
685350
26814
950500
284750
805437
840364
912270
341269
425202
563337
438209
800527
21805
50951
802196
987811
124658
512273
886005
287324
345889
1866
435956
640015
516523
476465
954042
825616
812381
22545
228258
392788
895579
202429
620753
817411
611148
536922
577639
154125
28515
56330
438448
736272
921060
17674
741883
645796
135875
81889
357664
4470
466363
467014
617052
368841
631187
997660
223271
732258
253442
805050
113679
326370
10639
899473
684469
925546
645074
575658
548913
368814
376856
390025
92485
669872
609873
317720
985552
605633
956704
589435
222194
694719
570210
605278
312301
257936
682639
501787
698644
662834
236543
904177
427574
807739
843494
413137
276155
62393
72294
710443
156562
339728
513038
723606
110161
253903
787578
320977
341695
845879
52132
16352
700842
550098
389047
548105
626028
955701
738964
424089
43109
83783
79294
827014
719697
564906
909479
817819
131792
98545
566932
262845
52557
695637
814612
250729
774381
744744
623499
550987
191151
805840
870543
158245
799645
143044
467516
492026
592547
287283
319529
715359
690740
372532
649371
85500
615241
379508
123078
386096
737508
317969
62942
136421
544238
703998
460610
387942
362503
703711
551643
979192
871198
485987
567385
729021
87015
103891
996740
866535
379997
931572
664994
769058
667662
366027
632214
192489
147912
607508
317968
171035
31402
509512
44946
181153
549583
91988
257933
234442
29221
450548
300279
138343
873670
231754
972072
989762
807889
99145
98062
447898
820947
674612
725706
355884
683715
207083
735013
148915
75477
261919
376792
729947
550076
357903
200077
527461
870311
515881
547873
545197
667487
17
303522
965051
18645
205555
926867
595447
138477
747704
292566
726851
851245
435078
282919
445326
560402
383002
481917
976127
165652
938201
932587
851051
56224
20597
288534
689522
85748
748578
619093
286251
72740
29729
594204
243283
913674
970676
993983
663868
107108
362741
419544
527312
981656
902508
175111
238994
820709
749463
735069
332110
769127
617813
311529
981764
697525
878905
798325
879821
729857
325200
174904
905293
190166
360116
118659
322706
167673
122824
817528
534494
72496
995504
29631
854450
802761
174957
867381
938867
824140
325287
267061
26959
512629
133502
912993
661040
125533
882370
444258
447353
219199
353212
118046
262050
274377
103849
266774
424224
645165
709686
127078
947181
25249
963035
355933
594207
76181
275160
249625
673603
355605
296413
615824
876710
177680
220556
361378
581600
796741
904589
606492
47685
581302
761499
134595
44343
125192
334019
253071
979752
235494
771194
593235
591214
332739
417807
292890
558558
507731
978986
536345
599237
990728
171800
51638
306114
288395
281059
699398
217474
291574
835469
602022
14224
651080
781901
30405
100308
158100
672023
988697
898247
624787
233770
285646
591060
793208
797571
240617
523813
320867
666487
399553
958235
691688
236778
525556
843031
869567
296570
927059
99703
425276
268586
731579
861378
557001
419580
886809
124330
955127
446358
864408
459780
5587
690879
86491
186255
589268
762969
103993
569347
143428
566844
500886
581693
19885
218739
709707
31931
408305
983442
637273
422344
720529
785827
738042
578849
908080
765545
135807
989898
248261
220299
787471
185085
851254
66588
686708
434086
455579
559734
676125
529679
34844
624246
103177
187977
689179
644367
155134
194714
836560
742232
335952
86145
398977
361274
80860
728691
572080
428271
455086
269229
338657
580499
104742
298151
16222
721254
239369
245254
555764
256980
716612
498635
688877
400007
466655
667407
363232
17859
398092
706309
944190
399000
525559
389823
909544
412419
727612
903613
460278
171274
381696
35504
647947
498121
700740
854774
495172
196549
616641
159780
286565
221634
569228
602054
837382
504438
293903
417465
6498
920004
955079
487559
500322
998941
561039
456856
913118
852816
288620
971045
771057
170835
290121
412844
685539
486393
243973
427263
534338
147121
260834
961560
882799
863257
805420
32341
904177
931116
336269
872007
31582
790297
134828
369984
852464
859803
144129
294873
127468
868379
390986
462795
615399
768067
652754
901217
868137
436640
567668
843126
730551
821672
439009
532103
97218
521647
802507
823184
687922
897424
97184
332880
131433
500729
183083
951110
152668
850520
991292
289685
550674
886723
451614
508462
21877
542055
95476
284196
249659
302127
517428
154085
735416
942630
200914
859597
42712
375797
92564
983307
476572
195297
413568
970806
125376
653377
377299
282219
665408
942442
687154
654082
396381
764851
894017
350336
355439
95244
858819
611073
306247
783626
654166
913605
143666
66173
749455
877336
149658
46208
697681
109158
662182
425438
237307
189772
241408
451999
823925
170781
795359
421354
464428
312184
529141
964263
147701
386512
330453
16546
187384
734539
850859
36536
416275
540964
584057
96100
56472
758013
369110
828677
843531
811877
457906
81764
748601
286985
680199
256464
262421
599706
716594
782323
366564
477550
349031
628937
287568
93087
105887
507012
976215
82998
168014
777343
626436
281755
469118
574571
680736
409614
974121
757064
991042
49542
788830
698588
105896
968929
992035
764781
285205
197129
791109
920678
599001
898313
645743
28021
261223
40726
615680
216916
847431
850529
562412
10512
296514
725792
528746
121149
211017
510759
406031
103871
457941
739867
497431
140916
122927
762226
336369
566977
992035
761549
751457
123697
595081
809607
97727
162935
239994
84670
627487
573636
450103
626819
603312
279724
984151
682496
508136
478568
466017
718994
882303
788308
293404
82807
899562
22933
453251
262989
308419
343171
942110
16819
149608
914884
581880
97485
788905
569526
163058
633271
739541
863076
299833
395259
192121
744552
512211
815200
70326
766197
383938
616332
597461
627550
342029
570227
292256
965752
679739
26580
765211
135390
495286
772060
602898
302216
201360
641937
382248
810492
127679
740013
57291
775957
498893
958538
899929
634421
557084
23365
419295
286415
458091
906122
209140
28805
402995
6527
260637
615582
51846
494005
979870
766815
388466
362281
292597
691493
548808
21767
289843
266994
528051
776698
155715
280346
249757
216479
137730
1005
38136
604964
657029
895206
382286
691556
514295
325749
156114
742485
103104
524530
188616
952766
574653
209289
59590
346659
354773
846703
480007
123800
846595
344158
213961
325637
151717
120997
715106
490437
137332
232854
864287
843212
247658
472734
565262
732574
134104
21499
203894
48064
264034
603681
20556
149763
362211
614867
561429
375653
940189
560805
233616
170724
729122
250282
591009
188497
928308
610403
582046
494832
827216
418992
740628
21773
200393
749956
481172
634906
507876
371822
83167
998642
208850
740977
471686
633801
283398
65910
230438
361360
37674
748972
78847
856960
365743
429893
222655
400248
697523
592283
282348
988017
130556
427625
660849
317785
302250
52223
13082
210534
426503
255792
597099
584562
516317
644727
72742
832595
225744
32196
772153
360622
707443
220018
11539
534976
715389
124948
67812
116106
166820
51535
487111
982624
964716
163259
529664
654889
275741
996765
22074
558467
879931
419857
27315
147840
446432
262971
269054
46703
811932
767276
546134
248949
516716
646300
274846
3114
634936
802555
569709
219203
68861
82406
395170
852480
824615
110359
509338
50230
682644
880428
821912
821418
772421
862295
852629
898383
345287
913026
218371
553757
366956
991015
404377
38847
944782
698364
174754
2213
481284
494350
240588
352048
958282
169383
876683
712052
497858
565370
386688
835767
312354
4254
808528
381360
389704
162722
61915
499502
304849
47299
80161
211480
996745
353516
82835
438522
359787
301757
987811
557276
634973
100113
881924
397992
130441
547332
180133
215201
325340
323085
502583
18244
253727
404701
885861
872747
445574
702299
16305
278886
198511
552623
996260
601512
158811
98046
752219
494699
508912
601801
954439
666324
772760
948135
730570
955784
287121
311579
470545
207799
125731
716343
730530
744059
232615
486321
432627
47943
742307
971729
49972
213690
897743
48299
770970
357167
150980
986895
620700
400845
841458
498634
295285
703697
292958
179648
762766
525885
782360
168689
397793
734704
671529
305681
602337
569793
848803
240221
554658
74558
745180
199392
691855
340203
578395
195620
747201
291748
339333
766414
731769
725563
74764
119615
269842
383569
905902
221790
272618
762635
545998
888864
984797
552112
873985
279491
358575
894245
717488
589246
225526
759447
100668
347563
195695
265701
379283
629864
592005
176534
360977
214728
15162
910628
721298
437064
969002
888587
59726
196528
617293
114827
372942
964385
52469
720443
757645
782109
668906
795569
581177
690973
503075
465404
497205
619881
745765
910908
808802
322512
590729
274410
473493
978738
537073
387801
180333
138055
334794
558229
987230
217119
539125
952954
321014
492388
746875
950380
716783
918092
243813
99117
470940
508537
939847
337076
24844
795123
571778
642719
109566
515519
192730
912530
222315
693503
357120
470138
764722
585363
641116
996619
982504
533147
37438
44726
907666
262858
57226
398535
861349
519906
724085
82203
663372
513274
807841
303937
665079
529630
381805
787557
616946
20798
507206
380848
65271
4330
725748
214597
571133
791454
862392
222828
114136
744312
643822
229391
85723
779639
84121
237574
670359
457219
308540
774639
270730
835968
908609
750307
500931
489240
703998
856
349135
922201
5764
609022
95055
5775
946645
493099
900490
827526
752128
784331
320203
608589
915184
204669
17227
452809
842012
789035
26089
307841
437450
814176
904455
365932
466964
801235
292289
259817
41238
274983
705023
507708
962945
831140
365288
240694
848694
538226
720113
747806
228472
563403
213117
147044
113029
647591
504449
860023
77138
347690
770564
572995
653336
862852
47754
330121
749374
437030
190920
118412
289525
524762
598864
148122
938473
401560
401889
901904
845081
340639
3932
935330
303599
586236
678436
732179
112243
273647
169086
724306
208857
487594
83204
986074
433068
159211
995814
771081
34384
805595
143638
512212
802178
122979
730403
749863
342979
746061
255303
225817
309465
10108
466620
165452
394152
811105
325417
888577
976604
522378
594177
500435
654048
539748
949842
866845
293079
883760
370408
366377
854898
838967
269618
677271
81069
83768
312873
163721
416961
583941
68497
476009
127174
673646
910893
231889
502996
370710
182105
210530
735834
830453
903839
402785
536876
497381
254315
675604
945804
994599
54940
513938
741553
550645
413595
443160
381688
672150
585915
308603
942089
79048
955829
98046
702262
585879
56398
747409
249551
259444
955245
850020
168324
236605
823766
598454
478423
967631
665526
842560
936167
704475
54619
425140
199993
410996
514839
283276
391340
757274
950958
780616
754032
499009
446347
237613
939133
326818
417935
64153
665743
969741
484911
849482
638732
200928
452202
302281
903441
605527
381954
654057
280870
181283
62231
960179
270025
783508
226796
678719
309276
67258
7831
525487
423550
145015
368488
257916
755851
647894
439698
66031
340845
38715
153427
357165
576494
131737
397319
802798
685201
545714
498186
613454
125326
514153
34149
982239
447353
350368
404325
190271
20617
108364
872582
138723
657372
62063
779562
104523
275707
321406
289201
980257
997156
78227
481415
43696
926809
174900
117293
820129
893365
729545
434728
218034
226196
623970
661776
636138
941853
600426
437490
996883
792314
925182
588998
445970
788727
460739
164955
15391
430435
165977
17790
348838
54235
709738
203193
341507
978441
908299
103702
143555
964086
80747
94791
625523
514301
46068
631229
996930
572746
282721
791944
414003
529773
421117
958578
711321
868137
836471
276978
651729
977327
993589
425554
383401
756009
534669
98358
84321
500474
320275
612512
763858
245401
760403
587915
281535
364851
421920
880097
150827
150492
434086
968274
673135
591935
530749
290322
628054
685564
735139
521782
328486
813376
966350
789752
830844
546834
966354
642422
696681
877821
281180
972278
360235
770178
787474
338228
33373
162002
200151
284501
506195
343286
343546
605728
398274
356174
437070
956826
661070
36120
705931
796547
860058
483441
557366
657161
552864
483929
530641
990516
340716
252715
468924
769461
557545
321451
371913
267371
508356
845195
57030
129969
37419
797505
716526
359650
799446
270816
772387
830062
827125
112990
174201
685717
935008
746241
658832
786422
219333
800714
56521
553140
98409
777256
256105
649524
378052
702166
65124
208486
81571
304696
830034
489046
796320
342936
42423
364545
384079
839561
456256
295988
47433
438553
533533
5259
382513
649524
733119
389410
543405
944214
404822
570005
311329
536318
419042
799587
662579
944410
938397
647976
490996
597659
65863
835286
764781
323502
994270
796462
476816
5763
983294
183038
650549
473552
156322
21373
96073
132064
290455
564455
552573
945023
884127
239212
611165
154674
823407
236348
726325
588901
74289
641733
498370
20729
173460
40406
927332
816255
883618
24900
777089
236710
495017
990831
652391
439609
96386
778660
545536
357165
624236
888158
317800
275119
26508
321122
552362
605903
345884
372930
587268
551231
497773
990028
145576
893896
703979
117341
63380
225325
979152
454172
843772
778412
259502
69932
703032
303417
913778
119671
300528
544506
14311
347269
96823
777337
925493
473006
870279
309812
452839
267750
60425
461080
474199
508164
490544
963689
797085
80714
695461
327131
787836
341258
368960
996744
117552
797387
837305
143325
958303
297007
520538
878284
958793
895637
89563
736704
670701
26055
63764
70001
879555
204238
747763
462276
304323
998768
183283
870670
633157
430527
350864
67733
779468
437920
195257
387199
811381
688956
155115
969020
973791
122904
855337
383515
248315
370812
708671
545686
781936
423777
568679
804933
639114
204610
733183
180447
531905
809354
979273
916517
327863
142118
94646
135483
920669
845035
392205
18143
552573
468152
384411
445785
586127
1811
284675
93947
354144
585862
710753
223201
748072
58504
374050
799656
924649
916258
971671
45582
606842
353385
983437
587565
714136
492602
735208
373329
468127
969971
19647
291205
295981
906168
678624
603425
472556
571413
795005
978316
346680
169780
371324
387655
19973
60694
232208
297258
150228
806277
313962
370023
926949
993489
872270
563608
554583
132222
261610
959584
483287
417038
82950
486381
893610
243401
19938
58946
762502
894096
219675
680983
955456
552903
601082
523837
520001
319521
392139
953453
628585
995991
26988
660667
617719
251131
12659
421078
311917
934170
581086
153533
520191
110001
872984
352012
409926
935812
637951
694410
652335
617759
689789
962373
113868
86771
494590
644219
534906
933596
436234
208960
667913
722985
563210
563005
710297
292222
894447
731503
329868
415895
578765
304664
694650
216851
286058
366834
423844
401085
622484
413568
279432
171062
264091
368197
454848
799808
508230
699916
538582
754164
960423
275084
157153
196486
734000
385335
154879
327057
800901
93525
794987
29054
250763
242124
746559
55012
388852
706816
435529
872083
737932
262488
526905
292956
829849
646320
616323
574519
185055
814653
568145
664035
406604
607522
480958
184033
455712
913026
437995
867111
439986
857603
367244
822188
66963
262710
248490
475820
874027
73085
460511
183652
405747
554118
7595
737494
720439
35427
651941
998610
759576
210370
593382
759233
257933
914131
372064
662583
422164
718770
673064
387228
823
929805
228184
217576
875613
159362
891348
463013
786001
568149
384258
859842
175872
549394
914476
121319
976165
85591
558823
626838
267903
159160
815104
201118
699551
267526
352577
900098
187128
827190
493769
724992
266998
165451
162163
749694
375514
755985
666330
253464
142848
395755
783227
889294
929505
312234
201743
663543
606061
630042
868546
389799
741768
717125
133195
725982
109354
8519
23285
788329
906504
672012
712359
436258
869403
225195
654710
3165
683916
413378
689758
145290
818820
101071
218306
930946
856500
210494
629226
431589
589795
978504
989735
191106
786129
221789
91773
360423
94406
147959
188576
161496
239178
783029
332090
945587
124278
31325
460584
988955
366716
710522
778407
477304
716380
365025
502281
833446
158244
23072
97216
149645
79327
810618
592825
260159
225993
906901
637877
237224
607363
261188
189318
133454
141631
742606
421087
137678
515927
864392
167727
654442
411238
413299
383720
547815
551645
235458
82305
589417
975476
815959
182147
475905
747996
711634
342870
277139
217462
662406
962429
213278
961991
435116
609130
759347
795486
845621
543534
247060
492493
414486
370241
388689
141041
620127
356015
737090
823646
373494
913416
176988
508912
924669
797468
844911
322753
211376
661242
954035
1504
996736
344403
772578
545536
850972
296199
285792
741164
268212
923722
39334
13780
58057
846331
868434
21855
73891
749463
839645
63674
903634
97103
907320
711759
78534
258473
913826
609916
850293
963410
719552
240612
694560
657767
441703
359656
54038
76468
512498
341383
829604
924160
131357
90894
900110
133140
438187
496755
986809
490000
883031
917209
551839
540813
608512
685654
135133
961395
991915
514107
836553
832152
399807
871249
100494
761217
707381
406146
481589
978758
877472
1731
332365
191705
866828
628890
894784
65118
722660
704086
772022
240939
713802
933934
562265
711875
953185
534217
50804
67651
250122
427101
417653
75409
545218
489939
485026
611065
201994
941311
680490
412845
631362
659030
527871
560852
144687
55924
954691
517220
996536
113204
426844
687811
675688
145083
924721
811629
389400
812782
152228
256685
678310
609460
844182
45896
890435
332794
655904
760696
737807
524694
678425
718485
165670
309865
178198
896651
297181
564738
934505
833287
933421
730402
949136
742450
8363
711938
895616
451000
362354
747210
405735
565759
378624
127262
318557
97641
552213
171365
613743
82710
856249
309302
932250
975814
588574
640603
464467
598816
892459
177334
898491
246804
150617
799395
848170
382583
900923
746936
626553
923332
632848
829905
378546
846945
558558
20182
284585
873987
463364
763124
292289
422766
986377
742583
342462
365761
90239
922672
481325
203316
455067
505794
799178
812638
435912
136294
496178
359647
552869
311907
359028
633400
16692
943080
334480
712080
551556
619315
474367
484231
68634
945446
645063
658601
111472
659132
551897
563988
838238
378486
50693
572086
584785
129898
457938
841925
983647
603000
687228
748265
913827
595823
769508
936399
446654
745762
958370
876724
880504
763044
362812
509269
95916
364209
427861
195054
413857
529826
951808
653477
258344
95310
972777
584333
640017
344481
849695
487682
603451
9423
365815
28872
593262
527847
291861
438930
324346
940564
413263
3583
509124
380642
42458
354834
317434
567127
456770
616006
793954
852854
163912
673903
913704
77742
930157
882485
26283
989491
279846
559953
122253
163352
162605
737160
609387
129197
977445
116165
948406
676931
71175
323537
740453
355759
27867
317322
78406
435937
837592
584107
231533
364399
443238
273656
368766
848757
469839
979896
713739
639475
888756
461422
759563
477403
269680
575980
258998
338273
817842
91859
366448
124000
818467
609134
980697
416149
123447
283683
374377
62178
575555
728515
941045
282773
461672
697418
93712
282202
98960
643723
859609
391462
659002
147463
794086
699889
361188
329634
209420
546030
519295
672109
620849
614326
244698
43215
475302
35114
769546
575866
957229
861072
401548
131871
492280
825279
482359
955936
947754
366082
361092
972000
90946
387857
532559
101122
924179
662283
678313
872746
11680
479709
808254
709986
294607
796980
885834
321858
95917
895556
949669
229072
422035
40981
933996
887464
142257
233107
866100
155213
185795
548813
20812
93128
990684
791814
953327
989530
275298
325862
390989
316221
670113
925235
151267
754494
921690
274082
876562
569228
510318
185763
931102
520115
28022
437221
894813
676373
18599
63735
446318
259106
477519
105946
171290
903384
364493
192677
486316
941721
921527
333384
434566
334485
312608
719362
175871
274616
752480
925740
752653
393694
876080
602828
136166
203901
738344
172340
340512
162323
341507
895746
260486
811494
748706
624197
706599
196967
469809
543215
818800
867901
825857
390597
820140
755228
290260
131911
547589
524857
820978
134368
391737
494901
717320
807726
507139
998827
827976
895586
584467
190452
111978
609403
330386
341128
57345
456607
381045
657867
564973
4063
368650
628981
904166
559576
191315
629951
829040
757582
587522
595042
652030
432233
50385
128909
254510
77422
595393
823849
205296
825108
166803
922680
88289
75376
887463
876012
976943
755050
645151
75241
113541
800816
488661
430524
159839
383131
219881
490931
930946
490205
237050
413269
949118
14462
449130
905950
907614
264091
468563
532697
852179
425657
311448
804954
946366
320930
535022
179064
285661
647243
273635
511545
779582
539682
284942
448064
238518
149100
810484
327913
797415
689560
117099
990728
692325
969957
908689
145197
193940
423908
747972
800851
316716
532516
919060
804799
27190
959791
42565
616985
824809
3406
662404
484696
229047
542552
206775
493226
343638
945906
594218
558374
129342
276160
740988
419857
274796
319838
710615
133627
110925
901656
943788
106025
606992
880164
470694
199744
655005
255681
85356
40596
917393
95398
695322
397966
779207
840101
753148
555710
718616
678163
939565
71740
937732
800136
737772
150979
7307
137642
495141
422026
421335
50177
744760
119159
474589
362869
126699
274669
614409
608920
619824
942924
662838
624504
796327
721555
832814
745162
149288
709501
292965
564237
688455
367603
680284
639417
367872
952577
729214
740302
24398
429402
853943
615734
226831
724925
709681
707410
858292
543632
264426
685517
47055
346392
5733
696509
289325
540651
818946
834188
921313
477337
826642
190451
221840
394729
144157
762969
674442
21000
70037
772171
913
829424
51731
132172
659231
266283
669114
761898
376867
528051
64580
361412
295792
423735
792164
406566
694918
879015
964945
71217
216375
263025
352382
695740
477411
15005
404244
761538
272875
551913
762288
535500
63513
845537
427744
202920
550528
658576
953245
96405
389478
22284
756662
572219
202939
241985
138657
662603
123181
917492
731339
592262
396622
959602
745288
270336
95315
489982
387349
125943
801037
274723
918043
253682
634817
372705
877444
247069
683726
638712
990280
901249
333867
101267
471649
564845
261934
397284
970565
641590
516439
962151
966715
12949
472831
944064
970289
565898
446608
818373
122775
294599
263916
98149
192507
257963
708504
621659
677407
657932
454390
641334
809865
625284
1624
659497
64600
795884
112744
214194
703943
609733
655117
67056
412906
730956
148571
253470
684761
731977
506409
140276
42541
226112
884293
74557
144391
917499
652766
410792
320241
275385
789722
540086
896994
719865
591142
453914
578697
192865
105959
552714
875761
24867
673567
408818
692725
100391
978501
693297
840090
905806
889440
200381
262786
644651
667232
588645
851687
81034
888148
319521
102594
494504
434679
12170
645006
785753
699966
638926
329653
822948
625692
315826
334751
115283
801581
498937
870827
237107
259643
191173
345056
354538
986287
370301
917307
47965
943477
356699
74912
358441
684327
441703
236235
947193
680226
312125
955279
715056
263001
728064
354061
897318
29729
461531
151824
321515
979654
200303
678011
880637
721254
103605
785936
800656
211372
564088
541046
480057
995665
683244
899627
702094
322082
153964
64638
428755
588063
306572
599226
228368
522630
253917
127447
80379
736626
675551
40364
595239
808162
851922
971055
293174
723114
221281
990067
128937
912993
67536
648970
432858
971456
6595
240714
920070
981980
617539
314292
203260
398411
491787
970690
903416
192148
106112
719139
118416
553260
944217
479170
474441
157253
107445
215155
687426
386814
341224
950034
376920
108212
371115
502270
441724
685649
499304
754398
393881
79515
256676
135492
728783
916909
60463
158393
493059
422344
491210
399163
982854
771293
14395
429568
203841
330924
399715
438978
413903
127200
512581
744130
617367
385246
279156
661030
338713
519203
749506
672536
929793
19628
204280
231233
171931
128229
353115
542382
518225
30335
102506
652975
297160
707742
799500
339017
963069
957051
440535
289905
789391
567241
390783
970006
800022
36490
884253
928765
831346
651750
840628
705618
503070
381621
977005
445117
193345
222951
732506
522451
77677
13424
409078
47209
73386
158773
883374
777138
488334
886329
372697
284720
749353
432772
263314
658107
93861
293592
802813
102637
885219
840187
633106
258390
495076
610235
296013
64674
852699
516069
244803
854774
737790
767901
788273
936597
642065
222255
427405
758108
452466
264473
98042
878183
170979
777605
47165
676954
258632
601320
185483
995165
306090
765554
257484
120419
826814
467020
957203
1315
346502
645579
536491
598223
924853
149608
560096
177515
808407
569711
34259
597256
625333
518114
469239
219661
311626
848112
489504
954598
197417
281382
32967
329513
644969
407602
120383
877780
747492
654182
264150
501580
219825
659425
242108
302522
507022
826026
933284
516970
212900
301568
292613
271679
64654
720348
210520
953903
67031
32013
517722
129367
428534
198978
897923
122308
151459
239685
435888
920982
776395
467964
943173
545498
977743
118888
388660
73202
78323
803777
803893
793874
717423
984238
840974
163694
147733
99109
881259
221569
828022
38180
595935
603903
860135
364615
762635
518855
722846
609201
897941
550446
96405
80603
214871
132324
202873
717565
883817
97981
1026
721740
296347
394661
98244
396849
985563
325375
992799
147259
556084
499368
102190
880686
517952
241625
86863
983148
775086
329522
259278
972263
275169
891224
638284
200313
255923
737391
455879
491661
605167
336893
38667
270335
468809
672360
88190
202130
484281
863001
624264
396464
506369
312715
836425
946130
56041
987574
290643
241508
472132
245192
710565
866873
487049
704086
724605
459690
281850
786713
967462
645273
647591
19944
230447
994268
23019
508821
417634
446595
29076
959105
38680
617445
467599
498179
17792
375503
538350
899831
365815
130216
142500
612586
24426
522082
175753
837114
516162
242226
243350
671344
80363
598187
882286
949025
368322
519037
197333
679958
852958
25000
499487
708652
815151
990790
720271
558716
695814
274846
383144
863918
498567
375160
918539
920205
527693
909256
1366
711143
380231
159550
229218
872278
298093
349225
375335
99623
9618
865069
637375
74454
842393
326234
234026
161610
230349
325838
998279
691125
465000
29034
930878
489123
679011
609697
434218
467019
441529
343873
356454
722409
75342
668913
727050
747948
767807
309496
606764
545607
786252
764047
57643
461390
267381
994043
574010
963225
726680
884101
400506
411765
827526
291429
348585
524211
621670
153234
607956
515009
315946
369662
747663
771885
639634
109972
288047
458275
432610
800249
122702
532760
794013
339310
787961
546852
885862
696256
948832
25849
469129
222131
944567
20881
940849
24112
241952
882099
412579
61384
343436
804408
80252
812976
817928
869723
804729
760929
147973
644574
64277
182383
319873
15208
580585
233948
621805
112604
474159
942905
634258
383647
863620
363764
995991
124853
740762
327347
712857
30297
142766
801024
803796
77188
781561
140686
631939
302034
981333
512302
441263
474161
312165
876683
86671
652133
512273
39157
126882
480423
685905
925533
30580
821347
291060
583700
641997
613848
59938
389352
339017
539039
951911
217837
638784
291423
983652
360557
586537
283647
636120
79563
624831
422853
614529
939401
150131
81313
451834
20111
256678
462967
380923
332950
32651
551873
879784
571638
16062
29327
207888
767743
324255
571073
929793
18164
885350
337932
506095
241461
895052
103536
319445
153544
828031
721087
873297
927424
498896
227031
401631
45249
932180
237981
666409
300257
214429
483737
692294
612912
698428
240204
876411
631877
469452
232887
137844
727373
868273
425091
760249
901570
35384
865442
603914
789950
105787
823000
755317
932899
85679
916971
267041
913172
13910
55949
182442
589809
316273
298872
774857
459067
761374
229336
229693
741044
653822
314793
710179
114395
697654
108138
683308
464346
935008
423030
512816
292027
125199
890448
467676
193654
89556
704807
99776
683325
344855
208439
240815
34998
866540
127563
641376
870553
517660
576526
804653
631674
951611
866184
730275
327446
876929
110616
407699
314934
412908
907836
545998
511257
744733
597900
468576
580585
553312
864525
220130
75116
369440
972259
965436
358164
912789
409125
562740
682157
474262
292716
695681
479581
933532
756455
239999
796221
436996
419907
108387
297251
860241
34232
387801
615980
344660
132095
655492
988127
301748
753884
383798
664499
981076
524582
683885
14750
701857
660425
59901
224086
662440
340714
531427
462649
4849
490692
581637
531557
376792
83266
307786
344660
272518
926019
118647
601495
9773
405452
17679
430501
872156
274082
104162
571819
267945
113448
107429
603717
322100
838722
479532
574687
148302
952447
198463
665987
593290
683978
899544
166952
32570
456015
130076
522061
732391
877592
100923
721701
555709
738484
921087
223822
809267
52434
54735
54637
197169
608055
764600
848970
920247
290432
157497
62276
441868
285838
224798
489046
429681
758331
357521
5795
902508
832389
650736
941864
74477
346132
366049
921340
865023
182413
460349
127221
593451
312215
710480
741360
287714
12689
719756
153603
118886
716388
334254
259952
549388
813018
764407
784074
448507
809302
735670
209761
725118
622209
297120
770215
849453
398930
97002
766467
631365
232288
348448
161705
425135
874320
605359
3167
320267
693669
89061
408167
794964
831891
162461
297925
767218
352749
857708
196811
181675
570850
213216
666024
53013
995826
635916
912440
276170
552878
782914
897830
660251
91311
317621
196426
350171
986952
440460
616448
593559
149518
720656
536755
334740
864196
756622
574313
102174
594129
388127
118260
666883
749506
764939
388259
828155
202591
716685
41738
726908
120587
610408
802293
40417
230731
979200
451476
642891
916436
442627
909861
208191
881499
258417
285136
64999
477246
637071
510235
645275
807440
55768
73882
523234
213286
244996
522144
721552
514
899372
536876
156231
102430
969002
492371
366188
232834
13070
356095
735376
468054
635863
731556
949299
520970
545160
219960
143721
27867
246348
518130
899313
529143
773815
28370
30762
339461
128288
467064
103766
514420
966117
152182
486020
447659
427972
651195
264459
466179
168192
748253
86283
275135
672023
902583
143847
603631
155786
211694
73091
479572
680351
855731
267859
622952
823990
938044
535559
187880
343839
672245
666014
296478
182312
211287
338216
521455
869983
321261
646656
994764
779759
281024
908960
975073
288134
810028
146940
962543
983782
783439
717712
384974
576092
658505
662479
619051
493983
532991
773196
659682
979296
436099
121297
943864
639160
347084
592001
236844
359639
300953
580716
714006
884003
708887
214165
441907
19115
53742
344255
398117
451063
634109
412352
868237
194602
776724
852000
786929
942442
959203
420954
186868
406935
277905
814300
773774
645711
558381
574959
460166
557856
607027
414822
103698
811752
925374
674440
582032
926538
807847
664085
684986
748815
406029
121754
322200
106380
538235
140483
156402
634888
10362
953377
762765
713240
542269
894973
491104
631538
523021
486257
340150
67930
864590
740759
795462
405249
381837
691257
504131
165187
429847
263914
383004
354224
618090
674129
228551
705302
315197
438447
615138
386062
877072
393538
107647
894108
616091
702542
807957
730017
731543
358998
261766
938954
526430
534827
915547
950034
198730
337377
984928
555369
124534
122510
60425
480321
194440
882136
100007
254037
593256
455402
110393
356397
563975
71664
774614
851676
791204
982220
537351
842053
125194
266626
858119
30089
550162
21573
695751
508904
633753
485688
447116
941556
830253
415698
718495
693341
360118
745688
669860
429328
385809
679
832328
14294
63623
560534
171231
885964
471471
765581
601351
765439
343441
946434
521349
106693
160301
797027
304541
361942
12706
51092
55467
568552
951167
597437
249825
894108
306657
842299
506738
502913
746549
233023
414531
463176
139285
540737
907817
535101
567200
478081
290763
547905
500731
820449
909110
493300
487917
546364
735010
77927
925493
216814
37073
322357
288442
106941
655274
553539
233661
925859
69981
321845
503480
373756
818629
697009
37893
489982
684822
751253
86267
22465
313602
428562
462508
764602
20283
937213
614460
237362
1633
99388
988384
712653
509816
302005
175467
56751
222226
527902
332905
930133
828498
37563
10309
239048
179181
878175
119459
759602
905342
257489
793857
864202
344829
284890
97815
81626
524304
40377
341511
108387
647543
961337
464274
456306
970325
175985
769912
772792
301629
605347
109450
320877
761022
956812
782799
106423
561929
795123
144161
995323
833309
449150
627861
997154
495317
916713
674531
998768
972154
308491
378409
556900
610621
395529
601811
891425
563793
972530
328425
395611
307696
82644
26103
764691
51760
794995
608540
366645
623331
94913
856085
475489
106491
730935
109101
748318
54257
13289
709281
958553
112541
858240
546030
558084
8771
141282
642255
694169
7169
613712
642891
626021
248784
646227
963776
64475
985845
16950
509636
580441
954767
217963
515296
491502
310506
147805
755810
378256
31889
522966
276437
291171
821644
270650
807560
197798
414942
690966
180720
427499
24426
428144
97564
174001
56053
810853
124341
256389
99476
450679
323483
699121
454950
218857
362214
738551
102043
227313
865011
312687
573665
144048
673708
924488
511241
105293
167002
591477
615582
611806
749463
321000
830968
535310
314003
715710
3002
858552
463199
111344
84646
19615
671186
959895
695452
895107
978558
885024
940585
770554
933478
460350
435852
309276
275211
879372
375245
252992
850469
531662
633984
299818
455000
120330
483981
953419
15071
946621
87624
682177
197938
701088
262477
255538
628797
307466
71300
151082
748484
397165
341028
848112
986297
844446
259745
534603
52909
120759
295981
294968
214307
696681
139821
130231
148464
610221
11916
260637
827718
425273
804653
63553
316163
203821
909670
362850
135507
886178
5427
545821
757772
85307
429016
329756
195977
485219
20532
417988
189546
586976
516198
666001
376254
212159
712629
689303
721339
178301
832561
955602
687749
964137
143857
796211
505101
87416
146337
696509
536777
665425
537669
695726
271713
805143
197147
673646
240623
401139
445897
334753
68688
831381
59940
652281
836562
889738
404943
198226
871577
607814
454714
795685
888411
440141
310171
391197
676235
966480
658714
286876
918124
789191
497220
818829
21613
751097
518051
261853
394545
393476
758478
703992
993210
353355
117027
202615
445214
542602
743938
532850
195989
169599
273870
778490
57388
529616
61226
200687
613472
887111
884404
551174
966355
336535
356976
809475
217963
716666
660490
883263
649064
668407
411345
489465
816986
533378
639823
868709
44647
787630
835265
595382
563001
304464
570011
808974
621925
3654
574102
210406
554572
325649
283807
763152
696375
133454
664903
152827
643197
259980
654974
906007
36355
104436
228646
884096
721280
397037
613729
218315
531439
800591
924721
271096
442231
300114
733925
194800
617919
871560
683568
313675
508517
222830
690078
601135
364319
419809
60759
282165
54038
704417
812182
430834
82363
17297
477055
281229
684218
31125
990943
784198
251020
95020
469758
570011
35277
675667
287012
953057
902117
507470
614350
110354
540651
151672
590928
86701
133684
871223
528377
160591
101821
447376
87568
503787
126641
371176
462171
179742
309966
843530
532002
805770
14327
576461
778831
384496
940723
168332
248313
934450
828018
396570
616849
295662
796922
715644
706269
735379
665865
180535
424793
81165
656846
717097
530632
625864
87450
830784
780363
862091
429130
753539
348795
511758
183849
647477
687079
375536
670985
514505
490847
622924
180482
406264
876295
703566
304736
813142
953021
231555
972405
219530
152119
790355
997467
151903
683475
279515
91356
394006
621543
930270
249252
993921
850856
282561
939443
519441
869361
