264057
235677
858561
29467
730651
982078
316110
508344
429692
601104
999078
359561
595938
480336
305653
589711
521258
986237
653110
94114
611556
32675
355751
219674
59692
897278
231494
22610
200710
800406
154373
546180
790391
819325
245550
657076
504195
154544
444490
266020
748794
209428
970652
346023
488828
276042
308550
139173
208398
817243
417211
943898
420874
240107
520279
248111
242014
493239
531975
334201
505183
904039
458770
754456
77755
704799
274267
480634
291359
79568
984986
736997
341333
93417
777832
125990
985424
526482
463130
847522
553297
108668
299992
373786
336546
60375
791824
930716
483747
641922
38750
76860
494240
676387
339228
859064
55968
175709
479528
217699
436522
911031
428446
222761
642021
362992
844016
982183
72505
726678
46033
958027
524702
126703
637496
694041
252593
444121
822956
141453
986257
138110
345446
882064
412990
623097
425862
129905
525619
297805
460897
474525
692062
681949
158566
328258
621613
349278
365564
326980
501610
381493
95252
164191
692888
213047
816627
60728
881852
905066
516744
731204
794733
136945
779533
767060
246812
992603
456215
379875
69261
487405
515416
169244
120245
199369
487199
45639
367328
414257
402979
109237
130694
612561
731736
886523
924548
579984
660785
963377
11031
942074
942849
774054
102541
965847
966394
359445
881742
375353
687533
76694
861861
968032
949410
30210
737443
808669
119058
233183
601969
131216
901475
305918
387269
541200
555061
82982
600713
283286
140468
312418
645934
564667
330989
94847
876534
242547
66749
909107
731614
572402
755256
32250
645410
302520
758845
769614
161793
649811
932337
339987
922151
984519
331043
710350
178376
502094
654584
751299
550855
997617
646485
334192
946311
531586
550444
531698
657394
307831
379608
446005
794536
176683
440430
354997
593172
718117
549410
339494
455237
358106
300735
233293
439196
652032
745838
278756
569510
911500
475030
676320
49478
536906
229830
609149
491624
170107
460625
882033
721074
362655
562120
212528
394150
297669
720884
89143
329447
623634
285069
394785
546294
75025
359653
812892
884802
784951
622858
924092
892775
776165
614546
434878
868287
982011
659665
255365
823231
226835
407497
629232
299399
973005
959993
802399
410733
258842
441255
790750
850451
704447
535852
294318
35578
589514
729102
647950
537476
127497
595436
57087
735895
778230
86276
81209
64884
744677
107517
944295
133478
416806
760498
460612
922627
818522
169956
194497
8491
755487
408498
30830
305525
297198
927779
887742
268896
303691
89430
385529
49262
755051
186706
955368
725083
930042
863951
887223
821093
553026
901752
335856
812427
869980
210743
493956
854161
340960
18592
122635
569144
340299
291582
347349
512492
809344
726500
348666
658172
329893
604477
287045
924777
345239
976827
558310
828336
457973
812328
836267
243067
701298
790380
416245
265798
360487
505495
125467
708153
632418
657354
693377
356584
734126
850379
895019
409241
480033
404267
945337
881377
632526
759795
616950
572058
604971
804903
125677
966435
62270
677539
424112
137901
247319
345430
199128
152066
669853
769185
329788
714965
90225
443984
606577
855611
690184
245250
6537
790323
76689
833317
343404
577081
345633
851364
886172
543196
350834
955852
251588
802496
438938
414052
307747
401333
579815
16885
977264
279215
181254
501072
914798
899712
699025
393084
175284
889406
264145
232670
846730
752494
228488
308030
604346
296235
887223
713688
207150
262564
197067
983449
149008
555734
998888
465828
225341
500799
158301
114926
655273
795537
87264
65755
981207
260683
687098
155516
786919
922211
107303
705163
578944
949527
321839
130391
418737
652950
289055
312849
627009
857373
488327
749570
683336
675869
250655
207926
259572
890641
561671
848299
806019
648067
830854
755563
291149
896012
267466
529008
60912
21718
741676
111175
625779
226402
229669
114227
790979
921168
468613
139818
963364
140748
311460
475977
417309
886615
131649
134667
833251
683643
489697
485238
257989
892370
76142
452810
690126
686619
831906
882982
180104
233198
474809
13582
290287
516919
253079
440752
237015
228911
833728
709806
556188
258661
46599
459771
154247
751023
630078
106293
351011
554635
725621
900849
424612
349764
686601
261476
192384
995467
930959
469195
884504
672356
928644
500651
513952
128405
464126
522544
855742
368762
580163
695926
810391
185217
688576
46947
300407
295919
725794
905
786515
596749
226568
835296
687040
899934
271420
118092
140342
114282
73324
458141
304959
982715
631587
596141
528520
942766
845646
291290
42364
276525
256388
27036
245159
724869
906017
992927
558300
775433
929417
833519
741625
154443
711954
766257
32668
922654
110294
711309
413522
701306
778691
211664
983140
376291
487241
347465
582635
765566
593632
324515
42000
334626
151310
223038
127228
90189
759631
955567
742920
132264
383016
483717
821591
975828
158174
169913
317082
439590
127502
488609
306352
80805
193679
917484
704065
75760
830411
657164
737180
611270
522870
916686
969174
235741
388418
595852
913145
611084
738908
460447
532595
110481
179544
327311
282548
822695
327431
518531
140593
451639
271228
265744
679566
19660
531273
573254
167439
915354
357014
226232
387200
752640
429233
548756
9798
377070
427166
46755
899934
379852
961361
242902
601125
204575
373968
210094
211092
577929
53535
582603
946191
972491
512891
846193
777203
425152
276281
894908
282486
814324
613972
420898
591341
892091
623430
360923
796779
285227
72380
440866
635667
87241
235677
280668
912124
808988
325442
541401
219315
610706
281872
380650
509756
130349
189745
766479
744428
723226
403990
733026
36160
585437
613900
189882
49413
877323
611851
465184
276712
820544
524791
367569
644338
839120
549594
32103
786280
571619
733918
170131
984668
942241
294318
35246
635067
48917
921845
953711
520609
592316
712649
161463
841648
482175
913109
840949
659128
721373
847346
579019
567198
885184
662108
487132
922627
112423
473069
514655
451565
812601
960401
842197
645839
222355
361899
200413
308824
872196
199550
575850
679051
843953
301837
381725
609612
375936
798693
622367
696189
408055
782329
180002
975660
996314
397231
351909
895892
764179
566290
629904
885415
445148
917821
451678
549642
439104
201242
103082
797158
849446
175122
432627
96997
334059
767180
898931
759971
158953
354152
151756
26669
192236
35960
616656
547859
693000
497637
22199
65633
873531
197464
663154
629106
131282
766680
215727
611530
439413
877091
790592
472697
636436
660623
277319
18431
169402
943734
180143
351488
753289
422095
839389
906112
968952
596702
710440
926844
547772
497908
374866
638268
560591
688359
778896
947160
866997
840671
521635
904269
447503
590113
353108
283970
225790
549537
777695
328732
708162
792240
473264
858123
830261
978762
978255
897347
465146
482242
92989
415024
747977
786260
965636
648433
689441
496306
400674
146179
464137
226334
391181
622640
910293
938967
394669
855717
6390
37274
344571
616757
307153
731764
829389
231574
460339
971000
378049
291555
260730
942429
438484
281407
385314
435969
503973
717620
332488
438871
243117
450494
501243
666957
488959
960863
345715
598431
826993
577462
911226
191526
934115
124608
847811
223852
747741
844558
751706
427781
557855
352573
210595
695073
846680
495493
36194
19030
741696
654409
537464
408269
570783
261977
699356
45863
206737
330263
661647
829898
834948
667602
430962
9090
258323
611673
101811
552799
455280
399656
279414
426939
49012
561691
432698
481227
511499
198338
937586
428913
957306
825991
955243
551529
785228
449700
363089
441368
180959
283748
494345
644031
899430
341187
730881
676723
887948
871815
135497
399528
705431
544376
773870
29695
867738
73534
451162
744806
302875
4767
892356
693000
373495
976638
722848
162123
382754
850627
657381
643990
918356
384959
778485
106377
471669
789507
486959
81521
640066
392551
477257
136839
566102
729266
992810
134694
839363
290231
70540
453664
431872
531168
879381
350867
479409
929664
835637
828696
900729
401136
556032
581707
859740
862720
144771
224871
715214
646006
15407
958938
971012
296494
693310
150130
539526
225884
342000
224254
15102
624448
139253
682824
220271
952294
307140
201723
445180
814866
413838
20762
18958
463583
490548
676863
644154
337249
926004
873621
541136
195940
719287
469234
222541
334604
822695
820783
865764
198709
361081
246945
55160
302875
21290
75955
709070
508839
68816
607082
386954
21202
620703
203665
609890
946901
941789
183109
939252
411176
75164
289471
798517
163414
373066
445059
236803
351746
305883
606312
768216
335743
32613
17012
677158
34822
639318
257545
870055
590176
30094
298559
2390
201638
246385
354235
916567
266318
625796
448791
187008
255494
146495
805846
581234
823189
915954
545655
219543
688039
639671
292715
950510
591820
64624
667415
445568
545323
630164
92295
33245
766545
689520
254152
157977
541117
476476
997028
21430
630283
752109
186238
420306
861009
66353
914713
812427
612696
636781
546532
130015
552055
648125
337035
248804
686648
109158
253914
298586
748694
563897
512517
290153
549212
694062
266717
249360
570407
318526
199407
435910
365810
860388
347937
653744
425913
248442
85952
668552
41461
682279
500233
313292
387264
404843
170018
743387
366358
477451
918270
909454
795315
950531
595852
718614
567902
615334
977877
21751
327256
917034
172738
27065
250747
963614
184485
960331
364703
953292
680058
158321
107446
524791
851867
70166
392214
148294
752882
271793
126555
917808
63712
45080
863452
877224
682455
905254
280099
505517
367896
938602
109056
614170
896776
716702
535852
300674
548840
734403
999391
896820
122450
389607
749584
180950
280146
487829
954606
842542
458007
673761
46576
928807
907233
524343
890019
546412
984722
249138
213261
358442
728953
755584
506110
823910
723043
909168
385019
317679
899335
317478
978274
294800
422902
981070
619654
283573
740360
694041
718651
323528
125496
624318
458386
883444
37350
531943
8628
478249
670007
290993
195926
227376
983244
897354
340399
393145
36570
752757
938581
763492
644548
112780
659864
858144
618133
865140
270332
951276
632037
554528
802799
564432
780758
641160
297522
609474
779801
170743
58571
187578
677341
507971
709556
796101
5197
79192
763592
105533
580227
403675
63204
133464
841547
681770
496728
662255
66762
114254
852937
164994
594848
982315
900068
430459
729219
962592
747409
838173
636259
153589
741117
514995
314135
289614
922424
824342
541530
411676
965666
63926
470792
636697
370233
478958
481392
80838
51654
299368
554035
838067
170667
762751
525117
216958
893022
519631
908011
765538
829430
897257
804911
935015
204267
667781
313271
805067
930294
153620
725858
472210
557411
729809
882755
165143
229983
606670
725680
517496
859332
673152
327106
812307
497209
73534
21776
663886
187552
230645
633466
416111
496937
762361
665247
23212
324197
557191
501363
551052
837872
312478
885118
76291
982112
983611
12143
482870
511067
553000
78629
282630
585545
30337
28497
790586
848208
568570
415793
264590
823350
297590
96480
445909
203562
362934
950754
722536
150715
424372
833945
38735
418867
910099
189114
488229
859389
325756
858180
793815
426055
814172
544040
356834
914227
512672
213727
362507
51377
419536
553471
999977
11017
781744
102923
772533
258690
865387
134430
195397
726088
41381
407620
116517
196968
879580
418669
461528
208051
79549
963336
928417
651728
268788
500414
319370
650024
665682
611347
146932
522350
825750
55500
269337
588210
383430
47208
788470
871619
680678
430263
588819
776606
605291
270167
290957
20386
755747
183078
906622
547113
601925
560788
142696
435447
487262
608174
857131
759318
436828
940479
493130
99302
609000
73032
769069
443407
980776
421606
889561
695525
386385
383516
507403
769897
997543
895880
419118
969516
755497
567179
379982
310797
780386
356574
133263
399443
439469
726522
210028
57158
996115
720843
643690
500197
934666
981711
649877
511603
188833
517649
932266
772350
781121
49236
272533
443901
266624
549082
67051
476472
274886
660782
677200
266174
787229
382551
619225
299931
796652
7446
127133
215689
939646
51018
899022
489409
105675
828710
697198
999561
518825
389279
113075
22768
586758
40618
410079
833294
521185
174332
646215
177875
396296
248994
151975
462837
42082
337833
226337
445578
576838
685585
954466
35737
982017
633235
88846
965816
385675
15708
638800
531499
393915
599006
106212
684603
342268
339991
652968
351552
685045
713196
578832
781512
647970
940313
408132
636293
734844
887713
522941
255557
842602
902261
451797
696844
80217
552557
935591
991358
413191
520693
415281
421996
902261
470311
68377
317687
874227
551304
57151
817000
861800
409143
731781
273597
933384
247465
491201
411554
678145
362584
98295
2751
478588
226251
161354
16323
541004
913623
686519
143776
818008
430605
225121
51167
300739
601211
490798
387516
571291
145448
978410
607458
488828
943244
268902
213077
870930
986080
736207
358772
937835
917007
766006
424716
697163
791941
678407
225816
813076
247210
538086
101114
332148
442643
923969
571565
387639
222488
68875
418162
879805
157972
530033
684040
466086
742491
242424
356980
150130
979153
505051
292961
684541
478418
832115
578913
405421
565624
644154
146891
50535
508868
914768
107045
75657
316969
316503
188316
109743
838553
301412
583311
305918
719774
576308
245554
218689
448101
769276
948143
442098
435781
320240
556827
211792
900202
544178
808487
861009
860586
825707
588932
61843
136090
36300
653553
59210
458194
961667
265919
140263
408557
141027
422479
783585
783128
687248
15498
277891
557458
433884
688483
809251
251211
333504
96228
580581
219007
827874
802496
431416
519998
469770
764403
461234
158183
787747
630653
823815
243011
752534
496046
525374
693568
572689
166472
843158
738324
90915
747646
154426
173983
80435
726713
497076
906885
965336
291423
594931
620738
996295
199690
612879
32054
56334
316029
635428
774665
615603
782384
624354
663913
242872
63321
529167
254787
72273
265856
259500
577608
521074
717882
751489
703711
416835
893411
354062
887464
248116
827339
721334
808523
945922
114885
560225
625515
582749
341592
632738
536727
723131
261334
483335
68283
380907
869185
569248
488005
472258
165584
947257
765448
276223
974944
846829
179092
632196
777219
486257
510511
417247
422855
152940
94107
894973
492397
307639
89875
359561
559521
303374
469634
118084
729358
96401
130665
510811
322164
699353
895542
451446
92464
582091
945352
126212
628491
559036
916448
663190
153742
436934
232231
613357
583546
561425
371125
690379
160433
397448
769143
813984
817742
89373
973521
117793
463477
460123
346056
931408
781407
369673
5018
912336
626287
429941
579577
286196
98247
543072
142213
45136
747511
473181
183288
57704
865073
667865
288859
282515
396448
829289
727960
772840
819542
575661
820532
945276
508529
229519
187408
424429
937509
435983
508003
73256
423693
682543
95184
923477
439038
908936
513311
788476
744346
710511
245374
135253
748872
106035
907082
923228
24164
965627
122450
310012
184671
131940
725992
537322
424387
190259
241468
285007
869838
103796
222466
632657
763362
336393
764684
686625
680823
810518
859928
545731
99225
450737
111660
589602
217180
994902
688058
902022
310848
802152
333257
296316
655373
690120
878497
44374
141691
462051
518341
353014
36593
860187
45523
722282
568658
402934
10645
763315
339096
400190
531908
668966
451283
195288
747494
620656
375375
59273
845719
289196
104748
747545
77864
684574
367910
132441
16790
916410
577693
83416
740716
186719
506365
504320
867194
557066
651924
842314
811541
116810
204707
14501
225364
683418
570647
476570
512603
788772
123271
203135
564798
927637
849163
247629
31414
854746
419242
800938
849974
169618
909083
140189
963257
824823
385251
239244
629587
436679
529214
237267
229343
621231
868220
106200
897635
591512
721709
8518
117932
605432
326232
252791
147485
209964
236120
743838
129662
274596
620437
416663
277768
218230
555988
257002
575631
914096
46874
558678
649135
358773
660456
631646
128411
666850
793551
706573
393506
918356
351642
601478
619840
291675
934326
74581
579454
80157
715720
650299
773717
762
622282
180393
523559
180403
79141
384339
444068
58054
656017
287221
519910
538873
578186
355937
814081
374526
847825
286458
731703
370268
415931
971926
527324
751286
467339
661173
187824
996554
522316
571017
808686
76091
614807
506402
329788
944050
632112
652568
932918
890888
324770
713688
20315
459039
178220
241430
762361
445437
793395
334959
814531
20762
577460
36933
907606
653375
179705
807157
63134
185416
812922
338972
385590
577282
778887
175502
753237
372773
400564
348800
967206
89180
363321
482626
305429
276957
593010
126454
369127
808751
396955
663740
752140
988738
657577
831305
502767
145532
153554
494328
756131
394723
522862
896736
867076
728141
559028
700712
69185
370901
485825
631878
592577
222960
533724
668064
520094
735396
84630
637017
489868
245283
194200
917422
99809
295582
135012
710171
824472
460007
832619
868033
72718
478234
955877
961866
513962
804408
12903
38040
877249
358106
574837
339902
422119
42359
101424
532884
978453
873568
372200
516279
359908
25712
409408
467198
85180
265609
255777
897667
995135
248680
587321
661724
493930
363355
924956
495855
293531
147656
846260
267201
848835
385391
90915
852827
251324
413786
716761
301701
671127
672968
321323
783254
110919
455040
717541
932371
875942
518397
57520
605125
581854
343790
382258
762188
128153
206933
991358
172816
594187
392489
672546
695092
312800
466690
373216
477039
920989
208399
349580
773099
728188
675639
193178
450101
366895
299631
944920
948337
171096
403329
640554
74961
755590
133872
882033
663013
184076
775260
154773
650657
791127
538024
64089
164062
121566
503639
410692
381589
63027
654235
373066
207393
419239
949052
809444
640040
597511
881513
47460
999391
305554
181894
406314
595271
247290
76346
939986
833791
753221
252131
658695
295600
261266
804492
972376
568282
193452
698811
645282
614166
508839
231898
56118
449203
574627
618688
164786
508130
226379
399163
817329
286387
830359
656697
677117
298035
853116
64096
335884
367293
690882
274173
431921
68081
314105
609536
771792
654143
320361
638487
323536
363145
6027
568939
824888
118852
929472
980246
715296
115268
792790
983244
356014
429876
701333
331026
557910
554125
573907
154144
745329
697958
306594
190328
379757
974726
573348
721140
531808
762313
493140
466512
426411
882392
660446
183907
80935
208477
644277
38192
830148
593868
997305
902562
727237
268611
5917
302610
121630
146627
416567
52937
892175
104998
188051
363211
736267
301312
194333
920397
956593
796769
123248
687479
7897
214042
561992
67988
77864
763350
637693
676703
318605
904682
21275
241328
282133
127072
677530
975906
63926
754805
436271
528283
355227
796770
669983
54599
72819
178648
799441
51022
178122
449828
117650
687098
728084
562657
168115
417126
387018
167842
51170
593485
305461
888185
660636
202238
440564
567453
825991
205125
122377
252791
464138
539976
914452
555914
92350
74840
90575
559608
619311
266485
998510
709935
15144
517804
95750
233149
210318
513105
794676
884509
690879
141081
676678
165240
217099
520279
402167
360129
976021
77424
364230
81918
595524
615053
944060
6137
602094
845320
523864
47636
205321
288862
967917
822439
466126
834288
760194
442194
321013
415269
103646
82838
79304
127774
691102
885391
61824
352384
490857
691950
376789
723349
854201
117941
344301
920335
31492
857389
752181
750457
485050
321127
168962
79950
167410
14325
859932
323064
152158
785978
500080
29695
383286
785921
360906
237481
419031
168142
322401
37946
699192
406042
984991
657033
201214
77368
422470
991099
954572
820946
846830
25091
916555
313351
560122
929970
567180
881940
720093
678088
592783
646233
678109
485285
935400
398748
463962
3979
953028
907461
304775
77498
931498
415302
992752
234935
974694
626361
623104
365546
772344
606497
937174
322534
733234
623101
59552
942824
115899
918610
65005
608289
318417
292421
85553
402588
199761
631802
794142
732523
219042
685575
666277
333541
804006
667451
907059
235630
276184
618387
189758
497209
119217
482635
632363
851986
425835
860770
851120
913359
961291
434285
689863
632526
770864
328612
133286
955474
619578
533455
535434
18388
334843
407111
410852
991754
707117
489504
644611
867877
164210
338079
802231
726440
168653
567052
211636
883644
971040
413759
94812
687299
664353
532642
507492
738246
283405
343335
682177
310424
349551
65684
134486
772153
701441
247677
303827
628071
622905
350094
501679
10246
626863
607631
248905
319890
481273
922630
967281
417063
696423
474689
90495
471922
894287
659410
790910
106565
980522
432720
1020
944038
676759
801651
873569
497048
346163
667278
696449
113749
157320
365300
913935
748545
311973
119095
54924
480035
868977
240162
766006
460850
728689
38671
389308
416093
93741
807136
752311
270084
481587
159718
887482
322426
571220
719844
305271
726492
105133
185141
281486
532007
709831
799863
714318
821174
283003
375293
377944
671409
956733
191908
302286
175638
48614
350582
234172
352850
414408
518340
303609
718817
276040
911771
381617
415191
585538
602378
605882
939501
256580
730942
936878
54756
614409
170125
632072
504541
488510
91622
936124
363267
502607
84622
864212
30616
415198
762301
850327
184349
153890
618473
960218
345960
498865
536426
219908
314151
145314
434286
547568
933397
220430
674790
283405
215870
637648
980108
686110
983825
513643
780040
356174
837593
74900
424372
179990
190795
93269
32494
534405
992682
649660
333021
253448
736371
498559
504498
693365
118644
267945
694527
39539
660876
703517
801427
373775
157527
181780
955661
60147
418901
675292
789824
803291
859684
130021
190981
419907
737539
481104
134287
869674
353755
810506
979891
683237
6043
819380
995699
757842
493448
892648
903528
75036
759819
512866
668130
796684
888798
609646
308631
797739
294041
182574
448013
663584
137379
277723
814915
741962
612628
651838
851398
710039
321154
968083
505166
971905
563392
120796
664323
76338
956847
761206
2533
747749
44242
592392
481736
413916
47184
462679
254204
361184
804980
453651
766503
573837
909159
620174
881121
148883
273618
493992
699275
83109
202574
842574
206352
63902
790068
181614
158920
420921
256757
459921
275118
903320
471348
80981
465959
349606
421763
867961
932558
612669
25250
114072
380796
439549
158283
649247
774884
30095
854405
581234
880422
796901
93737
591074
57070
114753
216155
902981
66989
805032
61557
440026
750538
907297
526662
895880
586854
993921
225580
481740
88540
999453
961496
960679
344202
861681
649968
106081
605407
941145
868977
250481
95594
924764
55356
142225
224075
954314
338354
296654
823340
991918
770447
226639
936490
653320
500420
266772
153262
656881
759967
485519
139353
443216
120473
116449
704793
717882
884364
213758
887591
869987
459872
775054
299301
914709
406427
502398
878132
370810
815336
659608
738853
595470
62285
78933
940410
315138
920400
206027
473056
50388
562478
182377
951316
450818
983322
795936
355157
766518
308035
615232
426877
888772
372887
892127
450389
778576
278898
450968
850920
860652
14421
234340
305345
30811
834162
962205
195359
927468
68354
838588
646748
186552
165830
712137
818595
33762
947470
100154
147480
612732
119346
873757
194952
225350
502193
838380
91758
33226
960445
834231
378368
180959
283171
479783
497166
960291
440754
341089
3083
300842
917754
639399
143912
719400
306006
351397
181909
900363
325070
352215
148418
607907
994674
499838
738908
55276
846249
175134
283178
380898
877318
407563
160179
734245
287040
247437
594233
225662
780812
282450
536647
463998
578460
220217
389619
938402
398826
545144
701165
569992
360234
539449
94100
17035
913878
940228
611553
294428
230858
715737
489959
814145
7216
111784
1030
746590
206313
365930
58365
594659
294281
912085
147877
467396
280666
851835
140734
718757
820178
219296
95130
858655
332148
924747
583509
729921
62784
176997
102583
696218
871058
412792
941471
622306
794
621552
632170
511048
450391
886808
408736
443256
445430
652958
707618
827927
521605
25254
445563
267367
326859
115616
781264
905984
924029
681105
483013
345069
485528
568636
554035
371891
311155
135192
759366
205137
498843
125193
731413
882310
932164
893676
315307
813183
217555
706490
252532
349020
412611
947219
186596
624422
477946
195765
941293
912581
170244
863296
363643
106430
632979
933472
593796
186001
707618
303493
636034
620903
973298
791598
254858
326086
882693
767487
431661
181878
190307
451983
313112
5657
872803
714287
131796
640795
118087
523278
317830
965316
144076
90676
847646
535094
639318
499040
160992
349072
752510
121374
133441
316129
294306
740186
660090
406898
831735
23849
140636
702953
63365
417996
203256
732276
451987
975411
210859
183489
285841
677460
2932
425084
124065
140776
675865
341032
8372
577128
116922
986332
477378
816964
88268
523934
363372
408750
156971
307929
755999
589707
994353
325551
712974
906313
211092
421067
408172
113416
424371
138196
898454
410692
720843
429935
722126
984490
809975
771209
397141
867262
787865
828535
46306
57299
148603
227322
964846
224297
930251
612083
393746
661871
322794
387881
485367
871740
193772
629937
132607
863392
747283
857156
200070
427377
876613
682060
250481
67359
409000
201002
998175
139092
52048
303438
97208
890575
33104
652041
75329
357607
474235
77872
792488
694917
781214
179070
604919
871284
452587
668391
443550
814741
325921
591181
944916
252960
26717
515699
550985
737054
357668
293001
611386
530899
930244
112106
696794
890627
523082
157642
895946
719287
340832
338073
401976
141284
335236
475275
545303
43943
258052
855678
219232
758928
227250
811270
456437
719412
502094
382858
618972
37874
826135
280817
971885
383554
552653
168848
82073
216769
851835
471323
9706
281492
408883
444068
565649
794
45290
250267
462505
709070
631260
782096
556201
747197
184349
142663
440502
306111
362945
729214
368276
909381
132263
286135
51551
842734
519972
93590
499133
545074
278991
201267
803931
985805
391000
251400
80398
477380
219820
965587
12103
976384
73930
998003
176787
475326
885418
142571
312431
287968
55160
179584
232185
554744
588365
512908
348007
375207
34238
781458
382018
104
192188
337536
840442
235921
183839
998123
885132
308057
861422
623496
950840
295083
810242
950056
598281
525395
135800
424875
746875
548248
66723
759734
17997
282623
954665
473445
668718
102893
648281
624981
439778
21452
676957
26522
628313
442911
369330
482472
456475
34144
493130
439691
23024
365313
273778
548756
470965
101729
607660
557987
251643
123409
1593
598671
374420
84380
309002
932779
208936
977527
167354
249212
258948
632010
290968
785028
359216
244856
917225
667341
795691
750967
879028
408130
789412
595238
687077
705748
82937
992377
741973
901470
960527
301813
360022
163788
369827
60258
258566
677839
181526
718966
495997
937068
737719
254512
277011
563981
523303
437120
840571
262350
777092
714154
229504
772863
801491
566013
971403
300297
840876
802819
952706
222684
459358
463672
732291
661871
20556
459610
465872
357613
18958
699070
640225
282074
159402
855742
735860
247780
829374
8325
254686
772574
304386
700348
73344
305121
431617
978459
838868
76043
495875
53054
848532
975828
674700
570978
257836
985264
554600
101423
463953
15308
224320
324415
621472
7859
591121
907941
714754
45222
930562
740654
928803
736207
221788
839204
19830
608376
913410
330234
595542
466386
596807
947406
951987
361087
774909
782854
476164
718887
375952
729608
563274
827453
498198
765841
655191
942659
160155
554348
303930
225458
238199
483747
779520
694442
415844
682521
787874
72045
373620
209011
251253
686570
680443
868933
823531
481892
293713
996969
434293
233612
778691
638557
138366
229915
518884
697804
350757
121424
878550
924898
746252
75703
378919
276732
239331
32799
612317
727378
830997
128122
610782
436583
805690
109500
831744
493188
516385
430775
536862
516135
857863
451039
966980
432890
978290
274910
195199
437578
268138
96000
883171
511164
281782
410692
766615
422732
988515
634646
728796
658020
821365
575356
59443
502694
346211
325253
306926
481118
854769
826709
481307
479272
128053
717748
521185
362745
533741
626453
947653
114942
45530
265421
267565
565687
436644
474217
871692
237153
852610
288208
276489
752494
317459
583244
83583
373978
830215
907614
426975
275458
867961
895461
521744
546792
787392
74706
348514
264827
346465
461455
956408
929086
871843
765873
863245
747803
972257
913127
108892
826334
737551
753919
503947
614559
467977
279497
302151
335948
886547
518884
272394
43547
68468
252622
849776
58114
346004
306048
346931
661267
999572
116985
262600
112740
356460
531240
10233
57299
808437
881705
364472
312924
10617
728648
525820
154340
283740
688842
91209
596696
418218
155283
569871
536172
358163
458510
937919
714249
66507
976053
740989
502306
185968
575039
478473
264904
39713
251025
443323
34101
473037
876848
870817
418476
648525
240625
759015
171983
219243
177298
593622
912729
380934
177649
129917
465530
851947
576664
566948
254688
359588
549574
949361
142398
125766
272302
127057
49217
790824
376262
284684
448353
393317
228521
137879
956543
336769
618819
962654
35098
514388
962385
289873
602540
150656
615690
191490
544018
93625
426903
856166
570783
999166
355274
783672
237675
730756
811269
853481
572087
802475
438213
179521
593900
134919
310227
520655
142565
791147
596180
436318
261393
198977
258740
856815
782945
15648
541595
298885
593485
114288
154620
388112
950413
615906
183100
494841
130962
77706
571324
378391
695397
250443
566035
582800
844927
94429
29265
576253
523741
129206
152246
495930
921214
710078
103215
646900
132976
913166
570489
674235
550154
352083
409588
592158
447250
956396
369627
489036
175110
592164
177379
297706
332966
600649
47414
424582
471628
869763
738552
827702
740924
605458
822449
299228
420202
384736
276987
288293
349309
795118
840505
488321
577567
615828
223449
643055
861208
280654
523626
283219
142999
110533
299631
555124
792240
787949
993623
193796
771106
81096
368484
477076
177054
695419
642502
910077
997067
161626
600302
30880
779832
232437
667213
638885
532787
555715
609969
934702
441104
870690
886340
123887
308313
20357
622717
526497
659065
588410
676557
866738
119000
845676
979635
875732
884400
485254
850331
218495
290516
293789
494993
784927
342157
941061
433931
491376
237008
880392
161743
430652
423516
815084
232276
295512
992825
868092
288446
286828
539246
625917
965337
33032
63862
326633
209507
251627
394420
359653
93393
983284
772207
934147
391282
71985
13029
868611
274408
215558
867013
746620
427468
741357
464068
98653
142565
383902
665070
624585
636021
368808
913912
405072
420685
503652
927778
807976
731272
811842
992224
359976
244676
333329
767748
715478
116704
263373
233049
164452
45193
812978
847803
927577
486389
10827
32983
834481
486882
921358
179799
533080
20760
608177
154699
195792
447267
887775
116798
424444
565235
155521
775414
81494
668301
274939
58122
465049
595962
142277
404611
257730
900191
976799
716545
466900
876929
605062
273618
319980
207778
258234
350793
328087
726289
253840
369790
694475
969420
448245
697284
269948
865032
261095
747327
207685
54313
662335
653178
303986
472683
200604
993225
55582
199507
913667
531110
904599
550723
105333
755381
614426
433817
201974
21899
847227
329032
551969
412985
755023
760674
155839
309633
984717
131957
337534
832815
13904
449934
74556
358028
522212
562550
397443
522190
251802
611873
310427
943738
45058
52373
564548
985696
569792
907277
183778
916762
707036
226150
866157
841451
895290
1100
735927
230262
603512
252913
541631
105509
234282
695762
27366
340370
550373
166030
541282
354596
704270
662934
881445
100373
235843
794186
359257
336329
944912
723517
971703
948694
45453
681966
75438
243107
343396
421918
770580
603705
454468
118977
250418
551023
624349
753077
405968
419300
870674
545885
368978
892127
658087
28418
111230
835937
163697
776581
803736
608976
590149
537583
281199
275967
841314
23834
554067
761615
875146
105283
802766
532160
656338
296034
602519
14285
937224
479107
578712
703770
45431
217952
432432
400564
51409
630093
335534
545858
963051
334604
214305
232213
962590
820368
9842
287976
866702
920663
961123
520808
378615
672631
532678
952566
806646
14177
494769
276858
461659
663524
454754
109422
584951
727632
234266
12611
141629
541033
950675
937828
68567
290946
750434
973560
960166
663681
49835
90057
464996
224788
135478
970637
859219
218495
47944
6479
154138
646294
526324
476570
799292
42968
250686
249755
419558
536748
970498
662570
35732
739531
663031
541595
296070
875084
428116
988738
760732
959781
390494
650896
369169
681648
126307
338948
569806
992272
264229
481239
346975
169048
111165
247937
157998
553073
745909
989474
276728
67472
209018
487428
544922
755936
664593
838992
661845
24475
823896
311608
376342
654989
950347
526056
320240
50896
42625
592645
629131
849903
744366
149488
514279
524365
451375
134117
554962
170845
311888
253964
921366
16751
24766
19177
182652
299992
520003
673970
631949
331093
84019
304434
758928
179516
419395
632874
632032
107576
124393
808593
136785
620495
665606
226296
265623
9691
123739
574502
753735
187107
920844
409930
244387
878595
946890
837897
340975
700706
606314
373775
613594
730003
483428
328426
659427
413392
204043
215269
366225
350280
25919
106951
303235
304794
173747
305145
567985
119116
41143
286103
426447
896007
974091
850246
194298
990992
864205
741547
853092
605912
325467
304830
781882
897131
418544
430848
707192
417123
853521
695432
216091
36261
100607
557710
674834
211590
554121
299768
454878
186525
753327
561732
299792
90834
925053
726733
34635
524306
171838
652288
614696
19553
887812
860283
535168
597148
196949
308030
949298
543681
619468
357840
890914
310222
415082
990919
815975
607374
739893
482244
592576
220499
771625
378728
533557
204663
255076
817854
438613
664763
712957
847636
881993
146512
435316
420301
491130
293632
164864
928466
883681
332580
528350
750755
884108
440670
7867
949480
857865
949382
572131
747744
634567
907814
238787
480599
730561
542310
45923
650209
31849
68640
373336
759526
898403
178657
164052
472732
66471
619848
471528
104344
215804
826884
654076
908018
622848
784138
344479
622340
788430
298559
123423
948405
515715
711225
554609
192889
113065
123740
946121
749619
773106
459921
364106
957977
924557
302520
323422
435483
228040
517652
634204
334138
13760
90456
553839
795665
751874
920786
392382
34195
398628
808209
211587
349504
259698
103341
311584
948169
353422
849331
177094
102064
777155
977148
721940
249104
986410
928344
384733
116639
706832
752311
865671
733739
732749
409073
550433
227748
392510
432523
719321
541063
163108
509048
149717
917016
160647
141864
22234
867718
745870
69481
169176
940199
818543
963742
594778
403447
543992
863186
604643
328589
130391
806781
250127
765931
556475
599636
768394
300550
952945
837495
52692
561517
537605
803582
484002
450574
472457
102377
721252
770814
809798
154728
45513
636389
742437
405130
65390
620459
604006
567434
156416
784572
768037
151812
996330
777802
483116
14863
391070
63666
413640
401834
704658
50868
313350
903160
803251
951729
335744
972662
670024
347183
758007
188130
828902
461126
807464
812350
369154
826464
690049
685709
543850
177468
480367
332942
469603
300808
36381
845646
361371
295599
927945
312750
824174
424738
953921
329744
751853
936708
191345
591788
281
420607
517734
955168
923941
698487
256540
479526
47056
444968
832177
41112
102009
187844
934949
936319
30880
940520
862497
119572
347349
870638
50568
841418
944573
954350
96025
792245
627249
559523
185141
492586
911141
483013
676807
446767
782077
89464
364303
41727
428530
566535
684853
165717
154496
202766
734268
685645
439457
99979
845020
525195
786693
78949
860602
918691
96668
217879
111327
757760
173741
897400
208052
587562
770672
196992
442956
160913
331559
686087
221670
605463
628390
25890
960720
569648
215211
557329
693095
83052
408893
627653
292383
340737
699457
86822
691985
819146
576531
590206
391546
363148
187718
861485
252815
258568
372430
978730
952314
763315
853135
944441
471019
774391
349465
235089
625783
433931
412047
34345
125328
154879
898829
978698
772480
234633
262848
398477
611989
608378
652314
598108
421175
184595
599780
985732
239598
739675
47968
557855
286987
342826
704718
221522
497271
125222
631468
517054
212622
187175
747174
193638
793097
860114
183947
239259
901624
379052
598112
634683
231171
860714
704222
389080
395282
690136
214224
896695
552586
765931
722283
335870
259818
268322
658092
752181
709520
17808
713670
863508
700927
99769
415288
284585
923794
798188
532052
391563
452725
944483
667494
233867
62843
554431
112192
974149
374646
953284
256977
540561
854164
973199
138082
530940
121486
869501
333334
724393
582589
356282
857810
66605
797352
740926
868759
483920
273358
292181
246608
848549
511394
388163
277866
532723
844471
213412
826339
464827
350867
386359
915618
311253
285936
469539
368000
896189
59883
267260
281948
508104
510975
793260
836178
167477
843492
534973
689548
226724
436211
350646
377222
685608
688240
742525
551835
359881
235481
505142
799709
502255
297915
740716
594144
611811
421982
364156
128705
234440
553001
429981
13461
350975
502650
799987
516703
348347
193720
929254
7951
425341
127096
669963
529370
822501
928854
261727
638660
756797
543994
509316
963741
934421
549853
76599
833685
110606
640064
407091
574289
469289
452000
853866
483049
326868
322655
636672
505787
209102
353359
748449
177295
5072
242614
120332
256493
896880
920047
322854
936961
11891
896213
603399
978498
803846
920828
529214
689595
248994
110202
528619
534206
49344
40590
386480
31688
761796
748041
541732
373761
285610
722729
363238
285841
864404
171978
737304
642396
429142
590546
982889
421932
727351
613373
199425
537231
946002
612571
852387
577849
777751
102767
826584
151569
500233
55515
393334
190439
223309
409101
176213
834235
794741
295245
575694
553263
535785
20904
977014
367979
152958
635857
81489
477478
90550
45634
771488
625959
319002
958178
665949
657133
516702
37071
915371
348824
785127
605005
866539
838796
808846
128376
718900
4286
719859
153009
757869
290570
99657
140372
726752
991944
214463
905331
633435
106192
352456
293506
169912
767376
402585
117895
427047
718277
713692
561240
123178
19340
683131
458355
497076
215248
746324
124863
459515
190307
231004
245229
171049
963855
166985
430169
1315
915102
200088
751401
158394
472533
115609
48578
175296
758685
154527
151786
500136
225675
660953
497879
771328
720306
21628
280003
3272
779782
559190
590426
938259
738103
431806
803768
141406
691040
487768
188854
302400
714292
457264
300477
161838
611304
989929
784138
129817
188913
42025
297881
202465
923752
189377
578829
761306
33357
17525
647067
613641
966313
481675
307674
435037
849382
615232
556438
315178
783821
415486
366809
888777
341279
73194
854140
412467
583022
802611
362618
828894
592780
49228
425053
209421
231255
634637
329315
420882
136040
321507
525647
428577
990551
86117
183516
764897
562740
786933
454576
244363
803411
22401
906103
732026
150430
627937
463011
954697
749917
697413
233893
811673
265919
579010
16880
802844
729851
775262
100516
632263
8134
666743
509344
129106
379449
557240
874140
396819
769305
758127
475663
573816
676863
31600
43462
224888
382993
755794
132825
737204
266773
843061
548377
109047
84560
329157
682791
380000
406707
507527
857861
434549
878885
864350
604615
81507
258306
407508
889446
403694
727766
666202
534501
326922
674062
18920
134604
23516
28905
225458
562642
331245
911634
707544
800292
115432
472659
222841
723078
984071
693148
839081
541630
459848
234217
774470
871568
691712
37496
473520
72538
136635
525907
294926
161619
582959
677670
78338
76059
146617
859010
639528
895120
123334
724767
865716
833089
634866
16567
37447
317517
910274
801124
476576
857684
750475
649971
851715
926939
867196
274216
770757
176855
229288
766377
173236
539441
246695
420837
242663
632677
805794
780005
829783
920203
54424
366333
159218
655330
652704
979874
201096
804414
219200
927008
531559
315703
253636
473313
635759
785082
92165
236274
951886
529577
320387
161293
496363
843218
238807
86826
471556
106931
44152
400097
66113
754019
339044
529573
547054
720739
120563
121496
449271
546764
325366
160753
626573
117804
770359
15673
375459
793175
144982
618145
657179
168560
152406
90200
750718
51170
918540
229585
393318
220670
462405
791613
803939
291904
720528
718220
857093
461753
571230
556389
877844
689721
865390
349973
29588
831582
400908
977194
769041
472356
990517
491906
846492
569687
911634
739831
178630
863107
794915
151897
957372
193608
233819
440558
278350
24190
401257
343907
300379
556438
936034
473453
909311
376497
387368
453472
87181
54684
212092
246008
103813
264492
645655
53726
82145
866045
908779
824712
761416
120935
105303
564689
487306
794826
583224
916921
157977
890717
679803
261794
618160
435305
930569
540101
691712
413626
601389
336277
844080
418701
213986
674439
927236
800445
593997
537382
252568
408883
503478
335605
204584
856195
570587
632905
792555
154453
158134
23341
837863
405663
94006
693426
432483
631629
535323
248297
690683
562471
402657
228157
132131
423898
490448
531586
77265
820239
818606
689659
229734
151406
787667
574464
885870
806587
84687
628640
466785
572951
958213
537578
993760
686195
915057
87702
981369
34755
684347
945180
237463
963446
110140
351815
723273
274430
591965
199835
841154
364319
38262
143262
162225
325368
648282
185319
266104
768779
48700
961291
317535
37448
767235
873156
172564
710083
300154
892408
927756
952483
821677
546680
958367
149960
267877
694381
95622
231624
283097
547114
553592
323983
226417
390944
902050
875697
18291
754676
312370
49056
94170
491127
815422
128160
228382
905285
526675
487372
974773
45036
849239
807079
878809
416523
291672
796609
805227
719027
914516
798866
635384
739002
59073
359498
36832
90602
501320
383191
702746
747035
27605
961857
661587
270578
845777
287144
770916
257173
310293
214946
275017
366894
24812
175664
120291
623917
372533
761355
310990
959888
797438
517362
112543
43324
547543
880285
608777
799577
995940
735286
122768
567985
775372
939229
705712
505176
552859
38574
310808
945677
430616
375771
234983
59103
655444
83846
598671
592234
136866
79768
872644
882056
218882
865032
937526
237690
533474
763852
497812
170271
501921
422757
128993
903282
924592
486909
320921
506723
107866
514985
424908
795579
357012
116440
700907
715406
135829
364235
460159
380622
260730
217162
298126
983831
775227
37076
144852
315712
14689
502828
804676
768216
586496
983333
623339
366732
637124
42284
736428
560298
903401
816265
530455
203404
621590
367316
787170
829004
153072
377695
728785
526383
197512
7124
910846
916001
64329
716945
942670
245270
745024
23104
188933
585408
855384
447276
705653
317005
950080
159808
592706
331546
210962
17518
127842
736316
115800
940553
908413
5949
454050
42729
723473
72833
85741
428784
18822
271467
505050
645651
118931
906362
279553
372275
699692
526029
972012
886487
223502
289873
44004
871217
918778
296564
988373
883633
34581
544899
440236
971112
850098
675736
303280
440672
807592
60879
51478
513425
721300
111944
431295
246620
758321
310528
464325
103384
608663
359228
727589
608910
964896
412939
265243
758901
243059
910568
279033
386972
379326
785325
397640
143019
228507
249265
283077
687355
239434
561530
94102
1180
578454
53566
934613
655335
289316
626176
505416
425664
448196
952512
670309
984353
721298
105585
126454
902357
243828
474445
361632
899594
346023
594628
42287
197848
901177
368810
342362
432380
485879
465101
156347
817540
564830
799231
171488
596405
496994
432937
262542
394543
956466
640154
880532
536713
397707
758058
61196
292985
997040
530484
334790
898563
484379
72410
973921
550215
106129
280474
456215
561450
635761
898607
362086
665251
890568
11730
391826
637257
646082
349631
607203
752674
944754
40484
19565
180619
42365
662358
409206
398220
43304
856634
9218
585741
170040
397951
993651
493788
875039
452071
180334
228217
749169
807316
829104
576697
289818
908789
419033
719473
590648
637344
458213
571772
362224
754098
641882
766393
554465
938000
439864
695485
71275
314394
281266
906337
453905
103056
279188
640304
997731
432939
381364
756076
209454
546041
719710
325480
423527
854338
996151
461581
949650
808487
609674
410417
474190
579320
113819
509606
158283
883777
164440
539815
590591
735070
101587
629971
319858
156024
994058
703837
119062
440275
650678
954703
653999
471843
11912
428042
314118
875033
686276
167045
135173
175625
904781
705600
512473
841154
125032
1171
475266
277768
249650
788910
929746
716106
911334
549219
49862
127831
197314
921226
770482
446958
106808
923474
777863
506933
339499
945583
586779
288963
199408
361242
215241
366688
198083
173489
499700
868685
66847
316431
290547
673169
551069
683283
808440
7868
300890
102058
45049
394278
150638
323836
141643
322544
917963
889839
938390
91080
956240
384083
621878
758111
618517
698967
896807
860409
227352
47859
347565
887407
384848
941743
72813
404132
986665
179187
84758
196931
559093
977896
92557
534078
85987
923212
671127
890000
782834
572535
758586
641190
883744
913509
230688
179877
364798
8717
538279
608433
704445
553845
577202
437673
33149
949228
733134
738855
409902
608237
992155
818182
598113
934446
589268
465203
175267
735834
136477
55977
498889
680566
230244
753803
79173
565366
822846
767830
575781
74465
721801
460210
131046
12646
327875
518539
257957
865797
162121
833429
8104
136132
607199
93728
367293
232507
78526
282695
593177
609743
175593
379801
815717
734473
209667
173923
125577
154058
132062
939042
439055
945189
529080
863142
210138
781865
899088
711944
957969
633782
118757
3923
374079
300842
281283
688594
412217
232728
164379
744490
272162
917821
117421
882168
691712
541541
172077
625606
705210
768513
406751
568246
858379
264195
862463
63201
252270
723315
151486
841036
775912
899818
982407
535527
202752
811413
25259
68645
620856
420340
160549
754066
846058
480634
270639
887808
940310
392626
577423
316390
396049
727237
545256
298109
51038
777903
762972
508727
232592
701403
510258
407723
87824
516044
35936
444939
179070
242040
466749
911964
801427
794025
320821
454246
616346
449906
78042
383813
870230
197652
499991
825929
949922
101641
998385
36832
592770
357631
803874
567157
777831
151400
620950
809684
568421
378531
767845
963130
195550
348905
915634
677789
150883
174700
967157
464861
977688
428769
610651
723078
288242
676519
16435
394848
554465
767935
414404
727433
412109
507364
889421
302546
18390
839836
904255
643738
255433
294306
610944
217899
4500
638336
46104
190560
29877
502864
841253
394990
480486
342614
385929
603821
760888
585117
244247
649061
603043
233619
279228
278002
54329
528633
951348
209529
583244
509206
567975
223248
304832
370543
986753
530194
986235
726565
346820
89291
423170
874108
358442
560274
472444
876673
81872
58667
737277
46548
809644
9125
393818
53955
580645
827296
777154
820532
675574
116356
574811
524798
310443
537797
685117
786286
570138
889080
940159
418144
761182
354413
483602
710078
629419
12649
169133
377187
969296
436668
634686
472126
254630
288916
849015
512143
83108
3882
436532
660879
730392
79637
507749
725815
535030
555665
226625
326746
745282
293621
746934
1941
682869
570790
553842
403202
576777
568770
592210
404589
506246
725465
261722
138642
389016
26341
354546
426310
330021
558040
941235
478143
101011
193671
945143
403169
197237
154273
457530
128013
667381
497812
319861
98163
858264
707397
561681
949521
192452
881216
54516
908646
331694
244893
154754
209919
224256
582918
275761
741150
650656
46111
278300
423007
781214
939596
762085
830142
735331
4767
402667
816301
667543
856882
777601
635598
266840
319686
543162
830587
341979
218006
174938
800456
169326
352214
12075
227534
583557
453214
308376
415368
455982
640673
858835
350998
983489
400356
979147
700053
746601
768062
446801
960499
99131
695151
496993
710648
219342
59526
222422
240051
724630
481162
845168
599198
6024
867459
353221
713425
57044
214541
10073
535324
523986
948748
528348
784106
269393
121319
19548
296320
199402
273419
595669
870555
613474
657394
445255
917726
310368
907997
997700
977261
333732
319674
538281
640949
437223
94094
793503
786946
455965
748809
706780
285571
225756
511949
12169
371999
787726
318458
478675
664994
795236
813588
359392
149535
905233
715214
536402
532978
432939
711111
12964
43079
71455
473416
860929
216557
916033
339423
884235
392822
713917
554224
537759
859287
923816
380797
940782
45965
328101
121400
874642
69493
386902
576531
617514
901842
142781
484581
46155
22449
41158
857401
502206
862119
922279
385476
553105
446801
663143
390300
688404
483515
378023
978431
605234
111986
783188
675177
381759
736293
129490
612762
586574
249007
83295
692508
648141
227835
610524
78005
223127
560941
860804
967028
428873
673038
726966
456352
708479
303884
188241
793806
85636
215262
539956
218540
983600
381069
830435
203057
116156
693257
425600
123226
144700
631374
213201
192756
431135
682980
154697
174761
215516
447733
537871
778908
323509
450334
760847
914337
494381
872304
198264
475040
325551
103154
682785
576644
737443
315727
396651
726622
159327
664069
11168
938636
247932
809438
582781
814340
389116
815336
356804
999354
718596
636700
472960
291446
90494
388287
372070
590796
657009
804438
493658
659322
206126
438228
762994
321870
500827
173483
583344
218009
245055
165095
77775
711221
858101
307635
116076
78894
189448
471556
366146
673924
918456
624877
384884
710320
24893
419651
923212
270499
628356
364860
148530
99458
178745
454605
875704
256839
658302
994816
58470
204660
424988
723519
793990
683975
179644
651152
249761
728818
61703
842099
594878
474497
81822
762
22279
592478
139644
59901
385476
337489
289016
289394
419125
411377
585380
894261
914884
672616
546180
826640
619436
935693
624981
168804
999133
514420
509288
983867
314817
478102
643999
262476
803689
18201
918542
312924
64233
713859
707114
419256
726270
429269
386521
866248
436504
506223
764591
591156
787877
364682
740458
97307
473404
334159
727344
914581
139950
640717
85235
160163
512076
346755
327072
536380
795408
247393
651392
30589
894118
45300
926259
829193
526416
476301
613381
527324
328638
838052
726669
940951
298145
693064
948883
489646
456750
343551
784850
650132
586931
338107
100307
121645
414715
884317
451038
293068
933870
833497
124942
456141
94586
202311
150632
802666
893006
933573
338895
170213
91384
595660
672462
679522
995107
876235
305168
501666
343749
746992
60009
671024
306926
792258
639684
532427
436100
706981
869674
840876
806352
42922
140109
845499
360350
968927
36157
871272
76656
515060
785244
537776
143274
303986
457420
951985
73563
317915
347553
104504
678233
195988
451063
636399
904201
752825
527420
35311
587492
943718
384035
876811
790953
100307
601721
136248
253220
296144
482268
86304
675065
287212
630647
483717
732872
746322
488766
436129
84291
422076
237131
363486
854157
347884
711455
797443
126989
119229
602480
675705
712594
761463
370511
942827
146568
437513
993490
538279
239293
913665
304296
474563
249177
103864
623520
918451
214803
309730
728128
990598
143117
425543
454975
440502
752406
322161
606015
208364
534866
95622
687206
461413
508004
584602
905697
705491
982970
231892
475522
592785
445493
294304
109809
21732
244563
197170
283133
953538
463931
356662
900695
446171
905219
181571
654168
444064
59555
651716
641143
512818
972052
47184
698192
686529
634912
878696
15594
359143
7771
783107
624566
907441
607174
724322
417147
107766
23822
415778
943442
296050
834867
224169
461650
595736
524108
73458
156280
50550
156534
386114
979448
802000
369911
560770
421153
588137
512094
445640
32971
263830
51800
839398
803645
880159
709275
197715
968955
978193
612780
363031
640561
428442
458516
808715
896820
745251
85842
508231
216641
357054
977317
380067
303455
261550
81986
45899
532039
304053
71358
430112
354927
82620
988515
317128
252330
645878
879639
664484
711403
77911
979741
188179
816161
845566
415348
425341
296939
280026
670279
968492
430687
916509
727589
348691
980253
794216
596042
26491
653181
535299
992321
799441
974122
109148
266024
598630
768453
97688
858940
928270
996839
318990
403504
638516
540699
339220
949754
719202
217954
112367
916194
180325
130347
422833
396036
118038
766356
953905
824083
567323
725709
252387
655652
387308
491578
725185
396234
100602
340036
147816
21250
321127
345609
274159
549169
557455
369175
800795
837646
765046
898667
321589
780794
253087
498576
689361
444570
468499
45290
156500
562554
420519
445597
510794
87308
906803
927037
635127
361192
857356
522879
808496
324274
77310
666526
546295
875649
37784
921199
438628
492283
223814
220834
399950
814002
177423
194234
11530
312381
899407
777445
591952
608077
39746
925871
207881
567112
850634
655103
816151
621412
892016
306249
28961
721074
431388
219530
117115
367823
192825
353755
822980
120124
403493
585543
293502
883212
407889
916562
551973
511176
760019
700161
891029
434066
302371
607143
980719
17727
429888
737854
973155
640854
413872
100467
656327
452942
636259
268410
104574
810778
270167
602313
511680
711695
589640
938513
724713
218980
128504
407372
439642
952321
327059
793676
927236
741925
831137
196120
180825
61320
610591
849034
74967
16706
632267
435534
291596
856065
64251
829597
151150
637568
145235
727322
323876
35312
660769
973447
248576
701866
791316
579419
1044
517477
560634
682505
9592
996976
682294
242679
290843
160217
381069
927009
251812
843805
22169
970456
118027
712092
375950
639324
190815
740632
966473
169035
498745
877118
30175
861143
760315
815275
469125
485203
300200
862875
865562
715712
410452
44646
968801
500046
531295
484762
756497
821585
528757
234921
214662
921875
651281
105241
843971
838114
104841
237512
670024
811869
147152
878869
768274
285619
350174
568905
621752
151570
31193
707389
406150
278041
797389
931713
109563
54324
661706
539069
866783
244478
894253
33409
3337
799119
767122
944538
545365
733941
276399
800036
819917
149538
543560
512227
548083
75019
131308
452375
840819
960832
20519
416284
648422
119834
410952
338334
803443
676875
930171
871490
854442
393769
509737
708331
45379
903217
206501
137445
679051
516738
105135
66101
386149
207083
533183
212377
565529
555200
884116
524365
374778
312491
223775
807397
491789
279489
471400
759819
85553
598860
281979
952524
711294
867429
863840
317865
975904
93261
683099
716325
594698
535434
626639
44563
57299
512740
126282
534775
383813
900500
750360
236642
829108
131434
918705
149844
136445
465932
81283
35650
615855
997182
26249
656990
518745
341386
950487
919999
859949
154168
912085
732911
222855
382143
698207
670954
74031
625580
880024
465359
429730
673650
776876
490202
589915
995988
386194
971069
557246
24586
523319
7608
263722
468261
638461
131409
615952
530409
217848
278996
9522
123307
709463
496955
287533
604971
391249
208941
977395
148409
72601
639216
858264
488639
789817
143338
174138
902512
77968
568999
24447
578515
560523
886775
302149
195424
541251
242349
490091
277446
59510
937172
718101
498613
938765
165413
857447
507012
689299
91470
932560
725058
818313
462486
497043
760313
766028
106851
534968
482723
56326
584355
781861
705399
910133
546838
471528
703279
279268
531416
214413
425194
299093
660709
558338
282206
737376
655998
227500
12622
601779
697485
659883
353523
32799
708805
444677
174118
305680
199003
338955
436888
18897
202747
328448
855095
155015
925435
70814
325633
937206
969400
246315
567436
496752
289300
329334
453667
18152
928022
32553
873950
418854
395810
210245
904378
632196
445684
980776
449639
898486
996712
431606
305528
930446
234277
703745
83839
136181
862086
955337
533977
50220
841571
666634
147628
112280
369994
507881
639596
416609
198190
35246
220125
560725
182757
406629
721003
772499
690287
569792
82753
700048
491732
305003
602124
623775
701735
963800
965829
459442
36413
899112
375569
934122
343215
274517
267566
311622
925880
385901
902700
786530
483108
684661
785804
709419
663035
38128
270012
250139
387181
986929
591021
341472
712297
850952
821739
574954
849526
121236
76039
885036
821
143977
945430
130347
983393
136040
702015
625377
387179
875033
203638
981571
520377
650510
775838
569945
185082
835912
424429
70595
509856
458863
725449
196197
984917
803176
31461
723473
317952
164395
567438
166815
925412
860276
492749
534145
816203
966851
489617
916328
31196
222085
241658
769725
473453
578617
980183
239456
899943
80568
740785
334201
211330
445664
776648
863669
52336
854632
640718
948865
773773
956312
527883
288140
526194
930944
322655
248067
588119
407434
314790
534353
82447
286191
810778
663493
670541
843880
988437
66704
571299
648980
697201
11947
436133
222332
425535
611076
268445
140611
711594
722701
542958
363598
170825
426903
268295
668288
687038
693455
67077
265410
992371
537479
421741
725037
773760
371748
809251
629223
772949
121746
533479
710619
838621
636833
959226
500233
986623
186739
692757
154668
152920
972369
971062
235332
767256
753777
854847
922519
884238
992810
650309
855452
872803
214269
274907
37661
423773
808487
805115
151764
804545
433796
746721
615937
988207
453667
447763
457052
478367
363550
771821
257498
197278
941847
370620
542452
323132
826789
714102
185752
54713
470350
70244
490700
450678
63869
142364
216205
628408
986475
936034
343954
504065
391544
600452
248564
393510
623816
501653
68442
492586
726605
130557
468091
192655
43997
236571
441903
487479
79648
964879
124736
888003
627286
677689
612122
981445
465424
989891
706713
325921
959209
366461
767535
27868
877948
398456
380775
861938
559703
540235
952826
477480
311739
9759
818001
945025
384654
496780
448398
170860
475255
775405
298974
66640
812762
841572
226443
743480
542858
810634
942650
17451
212408
232338
263180
232357
248722
320731
31900
927264
454694
774573
490990
159365
9336
258231
425325
678381
148684
507765
929804
323558
824613
781215
948455
452593
468985
948543
762824
207175
120582
481652
233711
20052
128953
995262
100152
724649
88812
791418
142735
552326
441385
561116
938202
154851
960149
428901
655418
724069
812781
931505
938261
689576
556254
567132
560688
542473
629233
695092
615410
998305
458587
985123
918778
668064
125600
621734
403969
90432
308615
114625
507527
157046
992210
149551
142946
941160
649220
828575
937880
169982
963306
822165
662243
482886
723651
894194
653930
616922
270167
767626
622958
619840
933819
851950
172077
206933
537901
32839
223232
255331
665749
571231
227405
442060
18757
675647
415425
106985
809673
722758
335271
182954
316238
502607
661815
827910
770203
913209
537535
133263
87253
303662
87698
939086
540419
973827
701484
394652
294120
870826
658058
987913
365761
315779
273597
777650
400777
209979
155451
434243
456014
656119
471158
59103
42804
86542
571687
417823
744677
555211
804683
233961
896950
365900
970240
657854
699723
60499
413586
817223
177447
79285
734977
417374
745588
787989
251397
912745
85446
180533
962237
523204
174009
47052
287425
581699
241328
370509
370763
523207
68988
680779
332555
698055
30247
334456
511270
40054
875649
340299
941036
2282
360875
733645
480448
442455
15775
352635
291439
8957
103761
727499
136534
58884
512114
29883
230345
211998
500136
652674
153210
101501
243319
478315
87485
5220
394513
760130
411140
826924
543196
8449
179266
169492
220444
268919
249632
163881
870657
13871
209152
21117
65583
749884
467975
693336
158353
575199
143438
333077
453627
3046
679880
326528
473699
220088
795222
142954
665223
910889
965967
142290
376353
869107
13270
404105
711489
201626
753866
690923
146731
487034
30449
996712
875881
299780
897267
154330
651675
319205
686716
408928
71709
331194
727871
858264
359964
893549
374841
285297
741027
760003
771138
75478
661116
944177
290120
327332
950999
400261
381237
728743
961164
671200
372831
320521
523303
376461
848844
977486
993773
112411
320688
607862
183809
634675
149100
510217
850294
665183
256705
730135
287618
31644
533348
711553
382002
418176
1656
753275
63605
796731
594147
693464
622210
664323
647903
132939
574603
180875
214565
644331
829269
11482
38484
767004
105707
188840
316431
100409
456950
765339
726833
791150
422033
94107
661145
399712
729264
695176
714630
291102
505495
467287
602469
888211
447384
280985
261119
667928
224611
331206
112887
509233
345320
242194
755672
246793
605717
385669
908781
62566
889004
335247
407310
400005
352915
568567
630768
112280
353671
224923
530065
126963
476609
703117
841513
748590
247885
690646
710448
896997
729289
780529
954002
145615
369607
391544
335600
215877
36248
330002
550915
568171
943665
160953
780544
656359
564597
368668
703313
389854
268876
316707
389356
248708
919877
586457
949980
306352
11964
896019
944061
389102
247159
714506
799367
787064
295898
521199
962277
897673
888185
394325
589388
305562
469855
945664
180964
263112
465629
834291
120490
548281
304703
972826
476906
565123
801124
146078
48966
647922
77357
670853
468333
142671
826833
335607
730897
605896
289243
190268
843811
786692
859039
916404
234088
810093
147132
709604
645337
629564
178831
939530
322451
734871
719796
265986
994525
378148
920498
250205
537795
315726
799454
845040
24372
504373
740277
734348
263107
448353
862840
875247
744428
227769
343162
735691
812968
277976
218104
545194
814203
539974
336574
225354
847074
923466
138530
397063
80190
540061
701322
409130
905029
97887
216812
680459
18272
618511
763982
972855
226686
356819
586541
68430
362063
965210
51978
541368
742284
824866
719286
493824
77310
217142
732741
340800
589048
398523
445597
731950
207879
79911
923830
730572
125600
711153
884365
111044
303857
448649
540729
34965
879712
783862
581661
57335
551094
128391
994924
654600
381278
684573
90364
143765
962724
553606
355251
240242
28365
969510
837207
568713
814866
439227
868577
651035
851843
162053
163570
311227
981577
184726
290941
423851
378816
334507
143307
199216
779641
887560
207591
144808
290153
455162
175795
726438
863531
879739
584913
943983
711604
894593
918509
222425
802237
353411
775535
895474
565060
809755
423035
372515
906317
984465
911802
782247
301127
260601
371715
942514
783396
317000
311688
585781
848168
62627
506994
23100
510497
717371
303057
332684
477881
293026
388803
908902
796095
283422
267367
66532
30647
216231
858842
67754
768859
944430
422010
24632
93890
491884
221481
387518
669703
815148
914439
477055
296169
283565
288239
250252
881380
67621
16703
728197
561858
494182
853818
902243
445593
40750
164423
507501
68753
778923
320113
439048
98433
528918
826418
709640
987630
912134
101501
239251
822368
459701
806335
943941
184347
945761
116646
495165
28544
337609
24338
436409
809119
131678
504837
936488
705685
267688
900530
901350
89826
771477
360996
748587
652989
358910
923826
516044
19600
999193
753359
809259
976278
141444
739370
878963
137870
674831
211398
20216
589504
937171
158656
390322
776120
655442
711236
695151
35212
905827
996435
918606
855549
642969
137415
722583
860210
794958
568460
500294
863529
824488
546336
575621
937761
316942
881548
875230
369046
538837
774546
910926
557728
772401
910889
121266
851246
56665
523210
29861
614763
807805
677789
72960
822013
477834
577951
232305
845798
512673
928524
341429
986469
153635
569348
546713
836309
732171
870097
185116
170163
43892
701056
541525
221017
534117
735975
702031
575109
175122
372171
761441
6705
897445
984129
734473
96717
701027
721554
720818
438613
955252
928944
490641
72879
891047
392007
2361
489955
258855
974003
426088
9684
202472
615474
499456
545451
506321
68442
821066
466812
443106
390831
355329
404456
860711
479315
244290
452762
786578
856822
812762
906702
108892
590176
941461
534411
537108
449837
58520
994117
549377
783369
655987
879549
205008
994480
199948
974547
149313
34332
413854
598324
146283
873171
897226
756045
79045
190402
342598
30589
966621
560838
139580
636909
139920
857062
804496
756475
880310
65673
498445
604607
469222
98759
628896
982430
446169
535770
904543
888700
18196
547113
989033
849693
411228
703398
210985
759934
307011
627915
49288
778520
362895
641405
372533
997274
824396
477804
9133
197046
624849
6249
339574
778971
649674
814080
673066
224456
545703
987188
731096
848192
120265
945058
162037
412114
523065
771701
446599
954971
578218
162952
107317
183721
180228
765796
900400
241670
337165
892135
328851
243881
508205
604804
169959
810213
660808
678157
505349
377186
999720
962145
342477
374845
918874
696043
438628
877124
536841
462363
939976
747974
555659
110481
784666
999855
601265
66966
868136
216131
771035
788385
42968
512381
866257
657752
698641
159772
818854
185864
494494
730457
852514
236389
62052
3074
839761
49324
671442
292288
300762
338940
64649
453999
261062
230417
125896
620676
820385
596441
223771
666979
938704
136735
331848
330968
160819
482477
328638
921365
519382
231655
903957
308615
596778
612190
998305
231620
42055
875981
333178
262076
454637
665442
764506
877771
664659
461793
735490
867897
248181
210819
886805
694344
594223
428577
845719
827121
960788
314584
393091
590142
711313
461098
786909
436502
981349
249672
816699
845338
404589
166075
614409
315721
444603
207386
825793
335254
355349
513457
410480
842048
386441
568595
533977
388090
789838
350609
897544
347876
562557
268410
471183
923430
603556
845798
135354
811257
523944
486511
428913
694673
220617
796836
719859
756655
331938
119634
558082
227339
506660
791169
608299
162436
460271
482489
169059
161900
525345
232326
332942
590142
245795
509329
327884
257948
42717
467774
768257
122746
560943
29445
333021
797701
219388
803543
260037
182770
826778
339423
812965
666185
373741
198876
421146
460105
83065
694395
874153
964238
985668
936633
499022
950487
556671
573050
521654
338311
905087
33201
169941
590928
295229
145765
11730
568128
954867
539802
506585
870150
684477
796055
993383
391547
284861
948598
342362
26154
36116
216556
124777
48365
617623
281928
18542
356859
22112
864730
7109
889836
796000
465274
240601
542468
150130
805697
566119
5787
754991
206478
662636
924865
507452
766708
509148
662519
460173
432382
562826
111137
656043
58253
232719
694377
725709
99805
363850
49313
939999
798900
681017
110395
461793
736500
172614
854023
654973
712422
902261
722729
378019
108437
715347
673503
155646
791031
812248
473933
391588
667316
619958
51097
952204
339013
677224
688292
882076
732987
293503
113048
338270
977533
31146
337592
97443
554776
502058
424519
175683
266460
40750
135418
887577
947907
403800
877860
903981
68022
53010
82954
977114
629318
745556
969114
199747
631475
459950
604042
804750
110303
381528
120445
395334
261825
872494
537371
915673
740487
468262
983605
443225
533877
291582
347425
21134
118698
522431
480031
658440
580162
613767
295043
640840
296124
121424
121309
19549
560208
420693
454328
288392
668897
312301
491764
37098
212692
677992
890309
7795
869948
358537
391181
491133
766657
425236
961208
842941
730727
578147
914407
550226
107803
470278
654150
642444
782223
230295
865002
299248
655486
267491
497083
3661
739948
282074
934227
510997
193997
509729
615370
193897
694395
403809
49177
639990
793674
820422
229308
608105
140346
889395
378930
625375
699628
182498
549069
992313
262128
132960
517014
145729
564473
389387
917534
267215
80276
922078
429401
321507
957594
683495
646748
416567
52373
716286
758999
321241
647096
589407
24243
850125
519863
694283
329364
850724
23259
750545
165335
223558
626124
773668
341386
659076
120823
219056
484194
895955
782537
12022
422620
412442
174701
428288
997091
218509
510249
967417
913409
154846
731671
329640
862240
77005
168310
237512
962398
581864
960391
672760
714481
707544
783662
113969
493571
242320
444677
657992
190878
109553
460669
512143
295366
821117
290596
117856
639017
948032
833044
505079
133049
787086
970563
665189
725538
494082
216145
135895
257089
312208
978660
681786
61050
559265
6287
539143
938961
801453
944918
421797
905737
553596
569054
857383
987243
630786
719369
911119
644481
604191
423437
905827
689299
243551
190377
249825
525777
269692
76574
588167
150642
712841
9429
548588
742511
813534
418037
822592
240406
135606
794085
879092
505176
499734
180345
479216
935293
64564
105576
592979
598113
158229
531257
540128
850756
877100
72046
291459
170574
715580
670279
665241
709593
543971
13135
566977
243602
257282
165084
914956
193220
367643
475304
974900
624428
985988
636200
518248
637638
917577
287593
599950
819294
766138
652977
572009
361892
786544
625166
753974
270982
226255
990913
376789
711147
725218
209418
659007
623476
767235
464724
354889
361515
705600
773292
813374
10050
297822
834356
642785
76922
540573
932663
594040
540506
478493
940371
314457
95717
905957
563466
720007
783237
296649
378433
760607
297024
977213
599474
234682
958352
625159
326591
363539
96461
382280
190150
369254
244710
427808
706445
5805
824396
422259
915483
770273
27366
361438
777597
249304
209264
560555
680994
414182
761479
196843
758915
60317
711672
300266
115064
65246
549444
958102
605287
841946
961335
386194
125983
964348
687415
53255
127905
636275
566042
114365
295066
25330
841689
919195
424537
613405
918731
751822
475056
108684
858690
187893
47856
787949
539054
806315
982338
805932
524205
576509
392623
809022
734098
91412
64587
745858
752788
714895
912987
744110
711957
290337
805636
184514
632929
509989
195218
941871
210600
755272
735396
408139
120012
53379
848793
340408
299777
454408
459671
962564
878782
650129
676032
619732
509446
147942
219787
300125
458982
679173
588666
669102
401714
85182
973969
220489
765941
405894
74266
385163
156822
176607
291524
444815
135928
813789
268987
100608
464
7854
525721
873857
889029
211075
878876
953344
376681
174543
242499
200978
104526
350260
85941
624566
203160
69476
90726
542669
363145
783943
106969
808134
476476
288984
80053
85108
231109
470046
387160
788522
332282
672416
380660
659757
980337
543453
831370
681745
376293
99805
523160
873447
83773
311985
144083
828687
667278
109242
871016
233204
754657
839137
206447
312066
909926
521066
703472
969381
932065
340476
930011
169408
29809
712195
883675
273334
30991
607847
998122
330805
53921
11482
83941
444836
340561
496848
811186
529421
415747
278247
252257
343695
556122
591756
406284
50896
196327
272241
915057
489170
463986
932507
500803
8571
415024
628413
593239
882111
45147
581164
978317
181069
563727
319907
475
386390
225146
833915
291055
80549
550723
413814
886130
201793
158150
422596
864848
757839
30583
323274
821802
374640
374876
538799
1820
457849
427885
937398
138430
978586
137978
951023
960077
373092
622078
208608
65684
799094
229435
499997
787591
47714
184826
373413
864219
374644
937443
849400
871964
585119
678577
599080
381880
804098
471519
10778
269942
747066
609498
369502
924509
494962
56888
873733
326042
698536
389375
57032
744252
382635
766701
277671
316469
284164
723509
894387
953296
957581
337140
477895
355994
525296
482205
700620
951200
975866
216641
464259
132607
111300
599006
677484
170352
413454
42717
379561
363643
892104
983068
355284
652697
928692
100012
27641
914396
380783
288601
426711
658507
565627
426178
838970
70315
213047
341676
22346
383663
899606
366104
236410
193509
199542
798757
157083
128586
43642
129186
655094
77005
930568
422358
992052
985930
774190
33872
340367
451710
923090
886759
136385
474447
326606
319002
725053
278964
655343
873330
852363
837626
181782
908018
726128
286604
676041
755914
837996
350969
707114
193303
572736
687452
467176
419033
859405
350280
152520
1870
567511
755206
635787
813416
115231
855289
623445
977942
682643
913665
905536
694744
105528
884725
433571
399500
397511
723779
743358
473370
647984
762113
145257
910426
84695
945132
67599
160174
961361
587573
757815
261803
825808
489657
944920
864353
644233
699993
827559
289919
928235
416769
787656
806784
424007
215904
849412
875842
326423
759217
655840
737389
797452
68168
826350
261659
497220
590275
246001
234855
834159
159088
891882
995763
610313
793124
616730
583233
888456
126938
117631
993734
282429
30816
320361
688903
331810
693064
7309
233917
648887
866001
466829
192385
697323
769007
86474
379482
152457
977936
511563
104265
754753
426742
519173
334906
984110
608832
225350
858211
836993
372925
716992
323876
484388
803402
62234
696280
907006
628639
40616
264349
253029
425459
771185
90988
505340
500231
493930
85464
177837
414226
925785
805115
447261
675480
311219
463028
78171
666444
460324
900834
808748
65481
994912
90419
513351
935221
629869
269436
642641
763702
12653
578020
246771
588446
359632
678604
146827
308310
146494
