424035
716867
448551
647219
833821
690627
419885
593876
776822
626765
594160
490105
438006
878455
814131
87945
107848
798745
40178
985641
796460
499251
68101
494386
540493
239161
547822
812239
257645
243707
336068
505737
858758
122640
508334
681047
784644
413160
143915
648016
609902
180390
889757
478240
745207
183226
665787
436077
511429
815061
958604
167330
753224
753491
168474
762183
235372
658106
381826
455481
595692
917044
16118
291319
918291
321610
586488
931740
789621
55460
182786
37174
916159
382586
649517
279878
765360
789138
198284
383944
995452
250669
197776
219804
621970
409055
663287
178550
483782
25542
671470
823204
226517
28057
372360
657605
715788
408202
255121
586401
911892
16343
992156
922691
403337
667291
436289
987178
942879
702075
999878
232623
49806
669331
755825
131190
863550
564969
765339
693535
888843
198697
349614
810810
203255
395801
965413
405001
478425
815523
970956
850878
913035
643690
129431
835989
778165
257669
854306
615698
438253
64256
398658
961772
275748
73621
130508
993787
134304
168551
658372
534151
966801
897563
348969
664336
135505
43585
44780
38142
927268
800900
297718
220778
962371
102644
902501
297539
376871
933470
473307
467350
648117
585513
611716
240049
280365
203892
533618
636329
240946
132593
674496
750670
641089
227398
808977
682820
695455
933525
976944
278458
967925
194612
616798
560271
466250
274214
317086
175457
192107
490251
63861
41150
203794
337306
237313
117710
179531
720209
61048
381332
828617
541841
235751
966196
116177
492418
731247
113784
625825
863967
296372
957746
573030
367358
749962
375226
933249
919020
910805
992404
220091
54955
509729
166937
176727
664788
475438
599250
621973
647691
51095
783792
634032
679539
82665
675991
316146
115759
229335
434412
136096
347664
963193
748155
770943
932604
716477
614743
91041
404910
460637
663994
269153
54105
588468
368046
317305
531921
70237
188974
643432
632495
693266
306729
215364
53589
66422
217282
583193
488736
241162
196676
167706
57984
885954
326900
111387
304726
726818
565013
117092
362647
613929
301857
789954
410386
295137
894116
863272
198434
690115
646780
47650
47853
470453
324587
947972
368548
356596
14104
441321
652501
190760
536889
219318
267730
718180
756735
512210
765456
851514
837820
654253
896550
568419
349212
205559
522633
547024
878635
575841
713917
760670
163403
417803
663239
540909
658795
69745
3966
451318
555877
985279
591226
374329
259232
500418
559698
523099
184490
653136
525402
470268
403889
772562
702237
943809
831298
689102
757041
87397
156574
30780
955851
936560
47533
351286
722333
292781
624501
977278
532582
442164
121949
591557
15874
345526
326359
295490
987003
15601
54469
748979
403650
911138
378799
933964
345835
694524
421738
771374
329022
866985
101263
67203
383812
563779
245656
983569
878715
153139
182924
437322
970489
12061
109321
174846
933983
936979
849590
190178
369642
887656
571186
149135
807665
252075
418826
952841
862890
928737
965359
35386
840379
425041
314051
833059
516511
99872
483846
771020
867241
535636
947259
680066
367402
484620
695324
832682
406547
444251
552390
632506
527726
102274
311642
791842
306090
30499
407146
132489
884656
776474
59228
898732
967378
951158
248884
515694
140372
49096
190924
213510
364270
631983
324270
750216
551101
484660
89779
470737
546246
799139
474183
127231
806941
656525
304686
640318
207757
636476
920332
497244
674103
182991
129024
185179
396351
683237
100312
220855
128857
802758
266754
134045
147394
609973
463754
232798
572186
757046
371474
127797
261773
297861
700372
260584
367422
710282
943739
525879
582803
161278
210656
153623
693270
477185
112385
485860
209087
181567
220084
747164
68204
898588
471543
433950
222300
637085
610808
545431
820947
939173
214422
660298
911062
888871
493569
627118
897735
793503
229500
100678
59855
123410
405450
20771
684168
748912
574840
770212
61222
70092
824518
226367
471455
132608
709462
787874
819425
7725
885138
355736
314049
831835
367505
121569
537281
884535
445418
290938
375777
35523
171383
412196
379078
611003
771041
597193
410457
364217
913272
404948
599688
944870
615153
875128
125989
36891
217638
373072
60657
952380
777881
858116
722333
918176
654391
255310
999187
25515
902617
601751
515975
738952
198604
587138
868324
683728
949511
782258
910021
428466
403732
603517
658270
166075
673588
855489
379654
307074
52579
728308
17392
867351
260485
577184
200465
618898
935442
972857
175291
726163
814377
520436
340494
336202
964335
853832
190561
78810
428444
720420
462625
258850
887259
165404
230427
256251
611516
440835
388795
725282
673209
699765
40070
814697
785091
644897
832827
269517
35190
20594
95553
18159
207068
846822
891872
526884
451458
641628
865611
958618
576307
304411
534503
987546
345710
992397
122792
411734
646352
663714
605836
933542
995806
986580
905746
44646
895262
937373
909243
704876
72696
517864
283944
531221
693830
12662
918724
384072
744369
820250
188056
828242
130223
26618
817332
843230
800391
584763
494760
827188
251250
267166
89065
637157
128028
53695
545176
893057
424595
883498
648200
154696
424159
667023
45436
625733
452740
12806
381858
317082
978416
223219
555615
960763
941554
872650
331538
794882
547450
665861
754490
499810
269462
30439
127128
557799
122918
30989
929484
806628
507853
208129
651081
492655
792254
814199
66076
290352
919135
248998
344258
248547
352123
401076
699051
587160
255848
517437
397688
320072
567134
52911
351843
108513
846131
598773
763091
296442
477404
186260
107270
256007
828997
633142
30741
745812
111834
122981
569169
519217
581166
936311
77078
888865
386413
949844
52642
223378
511662
699051
381586
489227
57436
548144
320724
407665
638523
39379
310717
629228
467054
446635
174262
272402
126533
804871
642223
729861
754834
11536
872619
822965
980891
172888
511580
862405
478293
690325
464432
17757
707707
845063
43477
263116
768568
120370
558800
744508
633406
853227
241829
579236
308452
123523
341760
593152
106572
578693
672331
610025
916187
115995
373803
75628
402068
522553
847292
720198
675376
847409
245846
376295
926344
764720
622955
364249
331762
828469
164515
38291
933496
375035
457958
466987
4688
163094
226513
662319
117142
895568
116982
870640
829775
283878
707828
730738
849652
830444
167556
236589
405570
652798
737894
752879
24196
670734
290372
912991
519796
928355
291963
409361
891897
532814
753201
290174
280735
357531
671742
540451
308842
279449
302801
562655
220708
998289
473281
964984
988690
805145
287101
694914
693645
652903
142203
551310
130615
199048
747984
201460
332246
177445
131955
96560
767921
667665
226228
203647
587126
953117
595093
887004
407848
88508
36461
388163
404275
280112
599250
22756
333573
268694
49384
453245
684297
553176
367
751260
651993
142011
71295
999524
827393
841342
56075
390331
362074
787311
727852
498405
60842
544749
595093
885423
620970
383284
309745
970489
211020
797103
411778
141392
533839
662299
392716
466801
586369
144882
27115
458922
937718
360485
440425
929033
685866
350226
112878
450684
548932
890728
638656
843944
747032
940793
800938
288503
866410
1556
664183
589907
743679
301689
272802
46666
728983
89142
479578
626891
894927
342180
292144
809899
801394
506491
29869
935899
460218
37168
578084
883340
63624
922936
822358
792495
57755
882921
14127
996311
385665
130406
798197
818780
945443
675424
632012
600379
376707
255318
299577
168734
388203
918227
16569
781678
467449
289470
726807
233000
950450
498040
155237
449243
950369
744486
844191
914182
944008
334827
301769
927693
930698
281164
965232
397211
913240
418735
483393
285197
784096
580485
5664
777662
411791
158118
995645
305220
278035
745028
269744
163651
136551
241504
227850
565341
29369
611779
776541
415689
652001
915259
800365
399316
887365
181895
858415
281591
403817
365728
710425
222926
585197
12605
378066
822526
907864
354423
380917
349047
309568
231553
66659
13453
449773
706075
12542
452305
208863
313856
914436
338836
880924
363718
544602
602641
396697
947238
961813
303875
757631
486345
44927
715971
884946
654927
158985
398839
619870
546891
988274
74681
43035
353921
19500
883904
768702
203274
973048
911651
369347
37550
842541
195177
897235
499661
316496
942974
169598
777235
271240
272680
821172
509085
369998
213931
610393
195332
195702
433344
821434
874763
106239
346281
50915
164553
331042
563153
701561
123245
355045
839479
975829
391663
178034
638894
873315
693882
783167
218749
60284
13786
939182
299633
226548
354230
354191
665586
330199
792356
31219
688862
271935
20092
904118
523156
515493
187512
656318
422961
361235
835750
90538
756912
929855
580252
65180
683591
179844
341540
821168
952772
960630
960315
858109
766764
271660
3275
276672
554971
168603
507041
399943
395928
811328
452275
852329
708102
411058
344148
922141
813935
557548
837583
596202
738098
432383
550901
769134
112338
215173
472624
900983
406926
302623
650750
187429
406634
755467
622353
752519
24558
411899
725386
506636
970038
190541
575335
654586
866546
173151
228884
527933
993037
389944
307807
225981
368191
156019
432462
405266
538164
510363
953743
352330
404219
910436
361572
71545
745035
172656
815964
589607
263213
438631
208793
689236
557533
377949
835947
94497
850921
369202
37346
39379
417568
350105
180557
449981
128832
537623
246800
846017
444485
220636
180347
31176
489533
599095
767955
111306
639501
514581
249103
298776
368611
733932
65505
643564
143208
497792
181959
404620
53215
85595
282706
772498
641687
480448
384891
579494
360081
321338
771624
564983
840397
950288
593584
90590
61970
851359
242437
905384
607045
185654
277840
210442
758918
623482
905878
386335
238085
446660
346336
475533
289304
916928
732988
568446
292563
451818
134594
535699
180918
347267
82159
370216
221475
343239
360808
749094
156918
430941
517351
295676
252931
796934
819216
484582
312435
704319
994392
822728
922840
552390
466077
986426
854675
308122
14022
178712
270783
967353
789684
409444
700440
734237
926243
652651
199500
280425
520511
737344
855212
886129
418098
354753
568685
529340
472187
886974
854534
140395
747708
699884
557970
802976
600895
543831
286818
465548
613066
145858
828039
215882
112772
432631
172791
620513
617986
97333
561691
379350
386095
362658
465521
345294
150836
961426
770635
666777
745877
788380
338577
105232
15662
842243
121748
224348
163010
994089
535415
978358
161944
74462
751255
815782
984001
688151
555303
793232
197504
384231
338144
790366
777392
903634
58964
462488
664199
458765
287142
87003
283869
462890
952444
842388
782972
982253
808246
321475
293442
256321
127797
193436
315708
4072
768528
7561
644408
684678
120413
901451
153595
184842
419392
489123
36345
744151
714453
140640
690926
738406
686387
414290
645031
107625
955724
240149
981273
388554
723090
915299
925570
197107
349996
8254
888993
541870
492637
235123
704302
159445
97268
124556
482721
366338
439210
785243
895376
221903
369558
891874
723836
512798
879389
703419
453803
217144
57204
920756
442892
189686
233554
338699
535401
737635
994322
762172
152374
481522
774867
218247
34236
838610
16369
102397
754608
295846
541774
166291
433153
206207
971419
428844
787244
389938
733404
780291
954245
4321
280547
76805
841681
186194
188473
873174
186199
941974
115652
275059
189168
810810
562952
893957
850402
938838
394572
444447
861855
852602
98590
812604
937535
804074
253595
586228
419841
557917
166357
920146
91080
695358
203760
46350
944748
397110
60838
570718
944692
750068
984074
919511
804912
955421
645913
702027
790604
970721
775408
153186
557330
983215
365142
563397
459124
794926
801701
34784
665656
584836
881915
607815
61575
99471
105129
517368
937310
602138
188127
611245
304657
875026
892403
259105
656196
367795
754172
200781
961982
231462
152618
683252
215248
425420
158644
941294
640544
735693
899381
877666
155297
48226
50034
464772
91474
173537
119406
314746
530264
654872
280040
451928
968736
35322
964152
587449
349125
853257
964724
782051
29573
996888
476522
170347
477145
106225
351118
725351
570730
479834
368345
48681
588267
988527
276726
494218
720369
115073
410701
447320
582887
876798
857556
960606
669066
860031
327443
318646
562002
861934
664507
518967
404069
30918
116328
321961
877366
153053
356695
978053
425130
992926
777775
144687
414678
125829
640828
763741
171747
198670
490174
74686
104362
522057
935198
487706
392230
931560
290386
184815
317881
245561
985801
102354
158562
204603
497982
930536
781784
651825
640026
774538
392744
201229
362455
919225
413781
325523
885743
736323
79884
747551
852429
761816
235453
323722
397594
945335
672860
825456
9419
204262
649588
242515
447186
736327
994378
717798
913751
21074
695676
861172
599575
392010
340464
852458
767874
620193
825457
508276
516898
669309
51834
869869
868836
327412
151799
358380
77487
825773
766548
151713
854556
438811
275703
901046
610139
669868
639538
546035
846574
881061
985740
550910
432679
827376
527211
327978
408313
193720
783032
646352
765002
313646
198114
97880
128377
776806
256744
100678
289093
959692
520606
359570
805294
733666
412804
539776
935237
989781
649385
494945
329096
44415
889306
557281
590031
939994
481990
413360
503812
132068
793925
584479
678242
551101
772881
687052
504520
223055
447965
741455
328298
440876
373089
494373
596067
413706
523715
454495
283672
618097
516719
83607
843643
516238
236045
935885
157057
90158
250447
617715
991760
168556
522589
464521
935104
80103
298203
788849
590820
541287
705275
234938
151801
398260
986950
225622
454985
821799
153926
145758
748085
598120
393541
806817
609896
344748
832443
21241
636056
24404
104603
763143
25098
884402
873143
58546
987094
61773
592986
992343
786874
323624
69701
576889
161221
496231
589289
128597
509804
636795
734321
10616
958465
407503
589532
41398
896501
701982
328401
871473
999417
13565
321433
148330
5089
129057
64790
476382
500115
431341
983063
660982
889636
417762
768581
752108
607082
16586
433794
327412
838548
819884
715534
257469
675741
930453
501242
132685
372120
6410
316821
172089
390771
463630
753333
307501
660245
743387
495047
949713
443972
894827
13119
588900
671784
284280
90377
813938
756013
150431
858764
397850
830871
106731
802149
220724
51145
490948
643565
353828
569579
699980
753224
667306
429221
715565
28093
880305
315073
53495
135569
731448
137506
198848
962069
748148
192277
725061
243652
107526
923328
28253
407059
402987
867347
261710
629395
762157
868637
245176
585837
510237
518857
176094
109910
548707
796826
28926
127067
508394
646232
953483
543510
219932
803074
343087
567736
743666
146542
646840
676848
706694
296934
755052
883145
206012
618290
68439
344329
446580
624111
547339
473990
53116
859716
97873
719973
736683
782353
210507
181537
805993
285431
975525
972017
878819
369208
571898
259641
949502
100170
88560
220737
139238
979192
982838
219476
5024
665059
376901
558549
195199
684804
838643
61507
240095
654424
76101
6044
123905
41422
392253
805627
478547
124114
750957
958486
648569
131400
862572
333727
653881
748989
761563
779752
622080
163470
803824
429410
518196
203092
374983
747950
164089
552596
549319
242759
830309
171051
792037
357723
891651
380769
713393
666652
896475
229204
638896
352017
160316
859786
732267
672773
424805
471190
194200
939712
811237
26231
248054
183643
808297
253144
859913
172893
515952
963763
223938
583958
152374
167330
371579
632584
436436
263212
439182
204953
653398
121865
924792
770967
135188
339014
482922
293486
428849
331845
203361
991912
570103
949369
237386
751176
49535
356532
235729
324969
787689
963822
106617
862543
844368
324936
126449
112112
429326
777261
10667
140286
165627
182989
562832
988900
467874
996781
539937
950450
345184
296924
259251
375885
323239
475536
613593
303840
388470
845361
126852
209817
236064
724715
11191
278525
123039
442440
192721
471682
49953
2370
777360
395216
336734
137883
509070
307317
689792
71295
399462
392342
492140
928995
258168
455661
686402
863015
975727
493468
168913
233961
248564
14260
340885
376495
683246
550087
940766
962227
370002
498158
916980
860515
623065
775816
235352
947868
477540
237729
892337
247432
723469
283749
469910
531785
275005
895856
566940
73478
319418
865633
557777
352017
683291
962147
411458
114336
843828
428297
530590
823609
88318
786013
624740
438216
820947
129413
140981
468917
254509
642149
691927
198555
512615
593709
274664
855414
77962
949663
656569
452250
606415
34798
127079
975164
748705
629951
45842
795910
69534
233405
928945
545738
71273
149061
495381
291878
385817
991736
530017
399727
873940
300983
326618
975200
93089
624527
472077
26990
89654
365857
901174
759750
999592
532383
352279
328469
275311
841792
9732
172283
693210
16250
155650
288600
234318
907770
209448
762419
838136
646067
498987
589874
989445
415361
85736
202900
388884
680530
607707
264449
751381
283082
112601
604119
434077
518992
102626
671071
931189
650136
625568
111780
251167
353427
473100
478390
395066
169823
609110
354990
715340
661423
183283
171342
11993
906186
143288
141206
496913
680566
197608
167332
962702
447812
728453
54904
796088
975692
516891
153402
645165
5781
734671
743412
520729
292563
767292
102022
497690
501538
103506
120983
331755
534433
750722
160944
229413
445036
770905
774200
701984
919079
787652
892325
59925
850578
363146
507831
187512
984453
527543
143661
229053
861147
569278
8099
955618
541713
388187
239092
407363
778535
948723
449183
107952
719003
750837
651994
64281
874716
298773
552022
434151
708333
369677
218017
166909
378918
105331
680964
435164
173792
295188
652303
465709
974997
817666
907873
447160
535948
757694
501398
605762
454475
357833
201074
651334
398196
159118
981463
474152
858979
651161
387943
919060
375925
899589
527311
11675
505367
799114
100832
334499
551342
666296
650181
291663
636261
327561
74732
170823
897109
714097
119072
192024
24661
335733
416020
106572
152071
284387
904411
849890
821168
49197
481910
23279
389523
699974
802049
20407
610104
483715
16560
116449
522180
801377
907112
488413
785395
252026
636149
388267
81221
400817
317287
933359
323560
77076
816299
113835
578909
154009
708103
355217
397398
468428
868728
546128
197608
435469
123380
842705
123743
317164
831964
749033
952076
87938
514790
353828
251014
1051
467134
461802
974399
211286
546246
824608
539991
761846
189524
330869
586228
608904
200585
942792
333567
123400
239271
131766
307569
261477
454375
743028
133240
716788
903217
635780
756398
307583
135286
729863
29867
524386
800060
881469
774976
365466
732892
324209
381404
983188
560354
347527
777091
190847
877995
18230
330986
202500
388266
938331
402313
821985
77490
191724
35851
17633
933553
795330
441211
541541
239866
50460
811025
70238
825241
34773
703877
942104
405965
778052
455698
826271
653252
754172
37135
531609
569214
567944
759531
21475
938986
517053
137936
136835
732646
794247
286743
389469
894283
706633
49032
658350
475022
259373
394602
198691
177992
956279
483956
503865
356596
890590
778491
543868
740968
252685
450394
714813
320408
351568
849197
912637
844963
532236
666170
801469
933236
578170
850260
819205
693509
77360
489488
944974
713704
187635
251866
593803
444775
605035
365722
73930
326995
105963
756007
508668
995514
808921
314633
698715
708571
61521
645699
489785
138235
516636
240141
749962
920594
717280
83424
805476
379133
507382
5099
8068
436215
528317
536737
511139
615580
593336
559425
890230
204792
213355
885568
419841
120415
393770
459081
407775
417120
202013
227362
860763
878208
360970
526258
594866
556198
349237
279617
595924
478624
252994
327726
203252
476096
820896
490597
43326
387409
800594
816480
504249
789514
385961
469941
75860
906402
87271
408018
90713
574095
628681
174965
373089
195296
773166
856513
988375
107879
813099
642378
494570
615657
816567
199263
183998
323251
136361
822310
763135
295345
558078
265493
460126
105243
445551
291763
992343
176035
980946
974978
132889
310581
329619
697009
642365
982315
935460
239613
624078
846907
715555
864342
220212
3411
638319
187416
619829
932051
569909
550406
316141
127713
814482
590145
198595
214304
20563
516958
277802
20193
732517
389878
715256
478600
119201
977614
979642
340394
900516
801743
40593
155826
148920
858728
399343
117209
925988
453653
516289
401406
51623
970280
999349
922943
359426
710955
911759
275005
965936
674252
226458
604860
929835
958369
243528
878966
438333
227979
316700
952909
452850
297173
215043
26925
444493
168874
119113
512471
113066
35960
548255
921452
269323
849961
23295
214140
104642
235983
508394
91762
380297
902095
404752
220118
905382
834938
464399
865641
849112
344268
362642
741193
309538
540234
974365
860696
922840
743396
637262
396275
829929
620537
404564
699409
557127
786716
98879
589619
893896
84014
528239
473625
714220
425503
85589
133069
164220
848030
445886
593669
326619
391203
781675
323759
945824
418472
802149
536968
166184
341173
616794
873843
61517
778343
103221
892041
181484
726580
790056
968788
863427
710890
170276
528101
644779
818692
758998
876650
760533
244698
608591
819100
383340
243465
664521
926286
679437
932491
54311
384658
857019
575291
29517
94458
525138
309342
74725
755487
681753
41517
133881
415384
836918
305967
399295
459575
392041
329578
68650
910059
659440
954861
911573
169860
506977
545619
141580
754663
575590
92659
924265
485457
732135
84617
293307
163921
372798
982517
859545
76500
799114
485169
404885
103233
699674
372158
679736
85962
74556
592477
506337
374430
46785
463064
364040
912817
77157
422137
362633
54742
782020
643167
144603
762530
488203
885688
457797
364019
64888
748372
920212
37448
177275
615438
529945
549032
747240
469372
788946
237582
866361
990602
586723
198509
312323
101774
732415
914754
199301
166926
412196
169713
950115
778198
367869
873451
403122
422586
466694
99870
773959
772666
481852
963103
34864
665358
936161
15798
916145
399943
904552
450710
201290
299666
317458
372590
812365
272489
384320
131017
99470
611405
421265
328007
146604
941079
272219
754310
836902
324636
321504
214984
371966
879650
708878
410014
544953
604101
691885
358046
506093
238346
597140
539603
447186
664227
652253
878301
595789
55181
383399
663031
652562
136970
724556
695840
273781
167352
580937
299899
549319
854211
307898
722148
625319
720997
678839
335950
208299
280563
121475
448409
18615
481598
863219
708845
859716
910004
633043
87262
566093
554890
207523
152589
251199
462305
10202
233636
744897
193849
486408
723342
583869
43585
953357
757916
558932
500406
16668
367522
390727
962566
797284
171259
358852
178018
491896
871378
773854
11981
148141
769930
639191
565693
756347
436610
572656
608820
289431
413132
121220
15601
345867
314315
29298
470357
84008
13919
361852
845612
644952
236112
255101
3871
71030
749790
988893
586238
844731
31412
463330
829707
997220
832520
574570
642086
489573
930881
314229
890928
70705
997233
173221
706199
691345
963277
624076
219202
166258
144296
615776
504859
251076
744990
301642
604804
988741
809814
167750
873204
620908
306590
5643
530715
395867
771557
356704
298501
226291
707590
928170
299152
346065
971093
878031
709501
247857
94316
252594
840690
614338
584107
85963
54233
407058
362861
605386
587919
628686
514611
790366
178976
253064
558768
177495
337642
689207
759946
436544
384069
688915
425832
367381
57368
789485
91996
831388
15881
437342
390634
465406
941923
595645
627024
267377
192363
3615
23871
250550
575265
151857
344752
180942
641677
11183
252488
566039
180484
608904
688457
738869
121710
867884
748094
424779
141557
204352
324461
448098
391018
495785
298773
487512
496211
282365
795142
652521
233416
148655
9474
74159
406941
159642
706823
691169
583320
536489
218119
701595
797042
280920
902033
925345
104894
806001
897609
968503
337071
73342
112049
248457
972084
133346
371959
904814
766416
8583
425276
299960
797023
25124
519113
534119
971409
696208
473084
508700
571935
116588
518353
261207
31300
771973
83985
630961
96639
590311
844805
5752
524632
969871
943300
134912
722767
810051
281515
919656
229118
383074
429037
961771
532741
294915
276464
74749
631040
85574
533387
940010
101118
727248
175479
824958
356986
913320
795524
525727
833874
530756
559604
862215
2147
625712
56774
977386
360773
168423
627434
795232
802929
653597
738499
766050
252253
360963
247310
358122
397671
655947
223602
58838
302931
442751
714842
435398
127265
772577
958773
762339
368857
794485
708339
254929
661974
389532
996372
646075
203097
907728
954337
631880
288240
655148
407518
747669
491988
61629
709772
979494
659462
332725
898242
793870
351957
660895
755737
987699
394742
891030
242192
8819
50802
317596
45942
438001
754849
298616
77529
737005
167681
173458
325004
281813
748205
323057
167928
546935
373855
793854
837135
309603
662022
507020
364949
585131
377441
979815
752108
33572
79116
838435
134725
50794
779016
922364
900926
925523
757869
118535
165264
185975
348223
618353
824030
59992
260863
426152
505184
542154
813974
984471
193919
188289
636419
783614
945387
67856
26692
263788
966583
414864
227465
598114
64665
509341
297665
699969
961831
526343
848244
803767
991017
216070
794922
264567
838470
371709
465636
850120
661915
407067
378491
50467
731503
670832
946159
791871
555368
479885
156667
359546
275203
547677
197337
74036
217213
690670
608535
898893
613210
860289
893373
247936
451827
562847
624846
723564
513292
449286
615974
758927
230474
93612
502945
810083
116151
199779
723648
910184
527758
109698
450049
398054
229613
541126
96921
890993
653529
219250
510573
926944
698774
855214
844431
443997
715145
183681
261856
696714
374045
624619
692071
605043
773213
424779
107941
537022
723377
430819
252520
551504
548119
518034
713067
827811
689301
448824
853300
562867
508215
569381
419539
673267
30508
976174
913369
771800
852959
853443
514490
36927
2597
826640
22526
956809
626827
197319
658118
897082
844586
248118
681531
832046
974191
563065
757274
110284
486176
747563
543819
271807
615529
377068
616655
494597
97234
788785
822744
657210
455596
785634
315737
782520
622324
715167
233732
899691
944614
635854
387309
185183
982379
518892
91820
734289
788452
335786
529157
253000
324134
126902
106552
68309
907789
144791
54691
901424
798262
365869
843745
81825
537847
841614
340731
554717
754809
273903
480542
31177
169491
735559
392321
344948
410362
715116
957846
749757
447860
235702
223310
401712
526231
844880
233146
398744
682892
844619
119108
487442
176471
818342
61427
968419
278153
126675
756632
936778
229172
512750
403131
555502
906375
779295
247888
1756
442566
188032
904099
146758
772105
824668
312288
29308
807648
740113
383311
325626
735198
64613
105433
325523
688883
508679
15605
158149
92730
355023
721430
190163
505505
882378
797969
117717
531492
298838
354835
597573
810745
940951
630033
530196
935976
941152
135404
23041
657033
417242
154141
461196
108799
251420
361436
23265
248764
168401
248137
534428
45798
126946
421361
612731
438303
134415
36087
584479
27718
986065
106520
688259
615983
434852
857566
30316
872709
747707
712267
782426
396363
427844
242228
856580
86857
788382
307314
215044
980631
216536
143599
298446
123432
280493
312683
839087
929858
161072
26086
532893
580661
511541
142283
396108
472270
364523
981227
249341
66674
135428
767292
4955
392135
171503
772139
571096
108502
281137
169257
663249
127067
633941
521280
693726
286054
776914
489320
906847
822784
952914
702956
822197
539289
146814
588090
881927
622678
524754
999481
168913
414732
593406
899892
645280
644372
77478
751825
4032
473309
455300
505481
636409
277435
573109
389289
331050
299590
957575
771580
314125
615050
386165
730438
417710
717076
68134
844488
639609
732290
735660
437547
965195
23206
952586
579775
96055
965140
744099
622700
911798
978319
681552
305674
847505
3820
60115
670530
178943
183435
170690
261483
383176
18886
546928
356361
37268
448848
261649
447276
129950
387923
861329
232191
684080
526618
511339
294451
739671
989331
80250
691621
357028
614405
839794
457160
654788
577887
927462
38914
145243
56977
581171
69620
777475
617978
932006
897351
129239
991734
189724
136891
827696
911174
293116
612788
594349
823145
665786
82190
429598
153866
337233
4923
285207
159719
388971
333844
13573
527556
926563
829183
78610
916218
415896
347033
845363
935178
350254
871982
397658
353764
612894
419882
207087
172525
386554
75186
349320
791705
753103
346888
886421
94912
915827
798061
642769
109994
808306
594205
41541
452638
400855
490605
583704
885496
658440
615872
752956
984870
286156
701031
837858
997524
463306
64897
912525
368971
46365
639131
687147
501601
295149
329945
33223
432921
710760
426881
855755
232149
661104
83588
1757
684638
446197
114666
118290
911204
37766
532192
608460
748856
748694
485204
122716
24911
940661
259380
324322
350267
186764
540131
61019
817708
443199
697892
925917
46525
915802
272849
769096
13883
362039
155708
667851
689236
126614
863823
340253
182809
548415
97840
514596
121588
465860
904958
955970
995519
639379
804771
841614
736256
513224
788764
809137
640394
199555
119688
500004
825572
513782
788211
572735
258475
501516
759010
292169
917569
629335
228884
386350
756551
260517
422804
175447
86360
826204
62804
464652
448165
853508
522064
55862
715858
163921
3224
443192
331945
401825
168599
124798
256474
840446
944284
798094
975123
29678
189472
539217
160889
166051
763547
975788
604119
265726
253455
36605
782295
686503
806282
316027
772881
167248
651748
864755
560876
129340
547566
135137
464046
223928
308866
471354
606857
269313
942067
631302
705226
205249
478952
772736
100208
606025
651208
182592
709556
169699
430838
177646
760825
33470
524797
902708
72056
826265
780397
650729
760638
565322
531672
293418
528913
188835
879513
577852
298386
250488
513757
994256
874132
701497
74178
985017
518729
237785
287966
716477
54521
535044
528410
904156
546603
39168
555813
835436
857235
401541
768304
98896
757067
528065
184815
51556
425894
793969
232800
959668
345106
352341
335984
837964
363579
341540
455669
138204
894574
935476
678483
202524
404641
404337
413630
96046
386246
228343
315204
136324
323875
43686
955363
79892
120052
713726
669978
850828
922906
426244
416837
871928
879040
553
354855
381684
73039
227149
598734
799875
222938
449537
825961
195409
199743
152935
958800
87296
904788
764792
925563
508605
192263
546539
481699
152935
66017
26317
509901
757631
35597
599431
89170
49754
490646
834892
864342
33112
774228
762585
862006
348588
307320
480205
341434
810357
800057
497188
561510
633325
17821
894599
677518
68852
336003
62147
723642
534853
706509
239656
230509
765788
538276
223094
507014
11394
222206
478263
309617
273122
998088
279004
41697
601929
961480
614157
684830
745837
685375
435402
383719
413164
145837
942879
415830
615956
50423
565589
713122
416577
538433
72472
388600
282545
723530
902202
558101
279561
713743
27575
698293
346868
813022
49177
188558
947857
348779
950571
951438
397607
59038
465521
197964
143146
671888
513428
585787
574512
512692
121537
886948
585649
746943
334078
686517
21609
461244
188111
148399
813209
64312
711961
120885
370141
383588
365576
342091
74198
761635
678033
507325
203933
438370
575903
48505
584801
384816
310540
759370
221133
9083
314364
9625
786293
978203
720843
164369
256829
175848
34734
63979
57441
703648
490581
690629
780061
119533
497986
843869
831727
128652
897398
802991
756958
857314
679626
333979
133847
285193
467739
766925
736715
882565
857363
608427
889834
830749
243174
426933
917928
554836
975922
365697
11838
154535
186985
930480
701863
88642
442267
759482
60657
763176
894395
145954
702125
687729
688681
16090
242201
315528
63952
608129
118072
379111
343742
137749
415530
195387
719000
825450
891442
215079
958317
32278
990243
268794
261344
635443
758567
43700
959308
456693
889636
39339
291779
297522
880497
996705
994200
614950
556434
674150
652052
727871
619553
824297
730199
59466
379538
187173
839217
449105
424261
691183
941813
106036
32631
43518
52151
55160
584174
794448
268910
933239
680631
653551
429221
425501
868453
845067
112164
319246
77081
719917
450564
625509
8727
625811
894529
221784
773415
896915
346617
985126
296682
818500
48159
914801
938496
199202
804085
201209
246871
586620
293911
569645
696416
366851
236752
835035
880
336826
449537
983221
746460
824245
283831
854912
163854
389036
862836
19079
984539
743504
764857
74620
610082
950894
434867
861559
933296
926059
421750
560729
294377
522696
672312
369651
850717
650318
658646
142088
754178
901333
806159
499911
858258
818786
802899
244810
731404
614648
569008
244863
74901
197053
513039
653026
83836
541494
566947
322883
576619
566861
844689
44965
534657
228297
22953
532695
185517
107661
727559
599294
29541
660550
606914
157370
444734
374752
960763
275588
362252
213194
749377
366851
373114
383980
369369
325611
687613
200081
727393
829094
146664
541863
830381
431585
326852
665449
516992
601803
143993
31219
968883
57936
635176
536986
680879
620181
943613
913319
791978
225120
988078
172660
50554
306530
114572
523125
67624
377876
872753
253008
967807
611450
75731
975442
278006
836740
869382
133446
324912
625520
229949
876751
840636
853381
501862
121643
614321
307049
403699
227770
412084
60735
475146
277906
296059
780604
484464
487458
295197
194861
876576
321812
12863
372190
70421
442353
325028
262029
783207
625134
927548
904156
981073
427021
34511
641021
309746
994542
620967
917040
582972
730403
490612
668870
202581
205071
719103
117706
352132
535937
514582
45680
341205
514208
786384
313248
85804
178911
875189
648820
380090
114231
690775
691524
704941
412184
384146
557459
835100
912945
69351
241880
259502
274526
941923
38647
817145
49367
897868
62393
461591
511874
313568
391085
928647
46913
724544
25932
956121
542678
454781
307535
282630
556908
633707
627002
336005
110491
605845
179574
176141
965820
850532
253104
167665
904938
44366
569325
141089
270245
291114
65937
643545
275314
338991
560129
998067
663454
417053
678281
214926
855364
348939
910467
284811
327739
393931
535359
851401
814191
449198
503136
665719
725087
214403
121121
324461
917123
277491
463761
151789
369504
921196
734132
974253
813241
252446
5184
256251
502646
19134
960509
270261
834190
213610
878770
348798
597345
77309
459325
760564
382799
454811
705093
481371
660133
98954
50326
130737
778681
364026
850481
940915
127777
295138
706748
716013
508016
399175
224084
233351
302524
333728
115919
762760
163068
283491
169949
728608
138122
399525
942721
616962
651288
973034
972593
63306
760867
792113
366896
394298
985038
829411
905035
571212
150121
731113
843925
302060
170322
667405
130380
608167
704470
392008
315452
954753
106724
22173
274400
353454
897945
294214
91485
693457
385918
207910
250766
903382
611411
485786
104144
873988
796540
82484
163568
642802
586948
956816
520313
552692
971961
165436
680154
445335
745597
375950
899247
576808
436562
75860
667071
68023
236303
573799
363200
402926
694847
235530
432209
926816
469906
320502
906966
704953
889812
93076
81660
796032
316577
330227
341659
548474
351089
637547
252055
866037
832827
19438
801057
68247
815416
504209
732744
568416
630747
820270
472185
967817
209411
221050
661604
250290
578375
726835
217105
714351
727571
891543
33661
628480
229465
732858
917569
301810
45298
599652
422665
45006
245029
47036
544957
185979
425936
998856
245353
193232
540961
394491
894666
313549
687840
733876
191280
600477
509572
497691
358389
113171
443897
590629
943750
