750203
370609
773530
657775
644928
886636
259293
520637
263141
829804
546497
940470
755661
830687
535802
90793
163302
39056
469780
62039
918694
701499
477177
612676
314137
526153
144866
607639
544367
108562
856570
743108
310453
173053
274471
91800
11027
344156
981006
526320
194496
705117
881208
958990
638403
950351
26200
174739
214891
903451
219123
213942
261032
41366
52222
573299
397527
86508
50968
253939
204798
988489
914436
636808
974494
960029
575928
204506
876106
10776
494728
344330
173638
322959
456551
715665
108127
153995
215442
961501
647530
530000
992367
842077
939741
757267
479194
408085
836349
289469
368986
511672
413
838652
223620
791704
521761
783803
555767
3880
418572
642482
142489
385696
707263
924785
52642
989429
990215
671491
941778
177660
535772
585974
896254
403064
102358
173751
454616
382129
896241
280027
851495
823717
63293
103106
825111
863191
307167
599934
934406
137242
53231
541878
778304
853090
623914
508026
776834
149072
277322
904185
682146
570148
898734
728358
474760
684928
761094
735833
119280
785826
446893
320025
458352
860384
602321
231634
906093
61559
259951
301784
545262
578326
716838
961139
78733
770922
742236
613104
520503
979488
858852
132431
755050
929214
327284
921372
245758
692165
933150
968250
398923
76892
905968
738175
521595
722729
827141
677927
337580
769710
315213
479420
54664
230724
667273
724256
223862
261907
754442
469215
131417
119320
801340
606025
441301
999746
284337
81454
809187
451637
330462
653285
930747
117329
648508
671572
900511
301467
919340
97642
519292
100221
516919
303367
712770
951731
468967
20079
648618
273658
258258
374664
97440
392054
710746
450474
934188
479723
151611
534274
576343
714096
488556
507218
689671
5399
164229
157394
816474
158785
623425
3308
22700
106943
907602
939353
632998
853559
494806
912611
598787
538520
76892
100863
621336
800532
200970
315497
535397
696460
588194
621497
464320
631430
667648
417130
374636
948935
555394
922094
896594
773854
822097
68176
454995
511182
256232
437270
410289
17079
275753
772255
680917
628316
119218
988609
507554
675879
414431
343767
398666
567306
732319
224006
887117
572368
666732
136116
436667
927449
526107
584232
14182
764785
562996
500891
669556
653969
752211
269616
310541
331245
191440
577338
734947
982248
90433
133332
172561
884520
355132
137601
823022
726097
521070
989227
863293
140581
875507
596530
592754
52002
430002
95503
740005
985891
257721
453789
252426
700912
44486
547898
673316
348149
974050
564551
39002
960389
750314
196806
553784
229425
914628
287549
321869
602063
752351
64144
124276
909640
557085
913847
657016
188909
404860
633484
225580
742223
216416
313830
614608
77783
925644
934223
149603
613673
561124
955157
471495
379953
370902
604326
900498
54601
230658
73723
534525
949792
392995
811147
560678
459977
89778
161836
536295
306797
429261
612733
990721
872236
632739
132222
522384
782599
382695
381933
993092
117746
334491
298969
419314
755983
863307
691264
143608
408041
758431
674413
672154
901658
569601
531354
440612
186984
630727
980013
329811
649840
592773
501607
963327
165198
185852
176454
633653
373458
692282
911064
774446
177556
297166
85892
754821
644601
648466
683327
745430
747357
330450
772572
409641
476329
469606
682635
884566
36763
626827
238934
627962
986808
948964
624913
462263
973345
690719
546374
137601
743863
736227
530026
980248
625547
258759
974943
413084
207453
849786
138117
536505
393674
478926
877116
341475
458640
319070
334798
830453
829546
813083
88979
820912
247457
973920
688967
445264
891626
709647
971420
83427
109688
449951
157272
321084
502414
353662
54911
231877
363972
196
328975
522189
537866
315827
115
851968
855867
620125
171002
407822
223131
238777
709271
690593
850596
854491
626113
446344
874666
540636
603007
768040
486308
166586
266089
553676
733524
533144
970690
820912
513979
757086
867014
780292
786404
247799
794516
133950
227170
386173
33183
831437
930353
389064
370866
853975
739661
459836
236078
627583
440123
842981
586562
389294
418670
338652
275286
101708
537991
823717
955113
547181
812199
211007
764523
374405
61787
864218
959079
806842
46162
34406
602456
783869
377517
712931
646444
523383
879371
302475
654409
63491
994441
544472
720937
47386
519477
520395
913860
827252
598391
101745
13549
690240
349994
146805
720514
599010
229961
614798
770020
705614
199861
990788
768793
941219
118931
603896
375997
716732
805380
980231
875646
330193
953960
357445
774557
752304
544132
265649
649451
401684
869272
887344
119670
444773
730090
193140
78552
375225
959361
54709
18935
861326
832971
337839
738372
457353
276596
465938
732018
115807
114251
665916
554933
700783
850408
691128
788017
893017
782659
852562
282876
954809
936740
132556
460032
28956
136048
305813
708197
892492
289062
106047
473471
411888
683719
953695
968776
189624
873675
334887
996927
118816
179618
448803
182638
67369
394921
14628
905356
758981
921318
533977
506119
847371
48308
506376
762888
668868
345128
534735
263939
241803
380480
175481
849689
718242
926463
153560
933774
903788
317864
285952
493463
126913
396179
231954
12129
408320
306773
723889
965782
899416
991648
531767
447102
166440
262468
77032
695325
97301
659198
766852
320576
507468
661441
893647
752922
415163
132430
214027
122919
862153
353285
394375
214807
951432
953254
383311
234490
808090
634706
892539
503616
204749
165466
104857
663454
542484
549836
585204
280704
702469
160030
989708
435741
46816
212173
729842
201645
175575
838155
906252
406159
970961
938114
1297
840626
376283
882100
67513
749201
814530
941281
732020
928874
508172
332564
671555
814043
250986
282305
651855
269737
925817
490729
357995
820734
962970
180871
189988
494460
657572
239473
51276
743291
970475
894839
210136
216637
920804
535010
530876
466796
921067
180367
944548
153774
28153
229404
876230
737358
772356
715458
498612
656815
939040
371683
189734
264855
428000
963587
907998
466331
439720
927588
776012
652050
252448
395139
126908
304999
565471
691854
744233
959363
718295
932607
211407
973293
792163
435193
895410
322828
706311
991816
396774
258724
263370
76661
138497
91355
259005
39321
414526
418350
684150
274522
38072
494538
739706
403280
600899
752472
352621
192806
750987
978383
692895
337884
779981
71482
318961
460984
253120
169526
911592
788714
210060
564673
327783
459303
153412
245014
324135
395175
175093
488974
98180
389654
706182
99509
258276
808932
993615
579421
997129
162874
906473
168064
628273
442557
636464
884433
517015
998216
575997
381462
735310
289266
864342
152420
374025
607396
898577
591672
756387
427081
653802
552807
646406
901279
901703
728924
204666
558032
185598
64677
782901
386554
633652
137622
540114
174404
97827
52459
121388
884417
723264
662330
908254
201392
53913
904118
298016
584962
877693
768300
197960
892667
29066
470533
3323
230290
532705
460707
135461
822122
823162
780778
778952
364136
728402
615594
704197
706036
339462
274954
846558
309648
47213
160767
364886
306392
55384
576552
445918
764582
202885
795924
438404
252358
916347
759198
393960
956581
273940
59706
958471
747493
926656
799453
168799
373757
888521
321791
683194
716118
699769
803180
617289
284966
302902
275390
722720
862032
620270
545856
55093
816022
23537
6327
911651
404398
392974
289365
793592
957196
901726
61028
2236
439171
747538
891104
710550
729781
75684
427162
286073
632040
385942
178295
922538
407231
488821
397011
225215
967652
640294
313749
311718
733080
764111
786116
410697
527475
621094
913234
785243
496426
299761
552327
39927
432259
222974
505662
372377
909535
588397
479340
769653
700794
421651
809935
784955
31672
505723
834494
466235
681656
178591
325329
943055
181208
116476
681406
826390
518888
749589
471416
783058
546853
116671
378426
657815
473062
317643
818542
997725
503703
463151
820760
738372
682479
999517
324278
798927
679252
858742
548892
760377
87384
705793
752033
451536
362638
177783
111926
183132
472017
95507
631401
370185
695047
98169
806070
261987
916795
286072
441624
819792
377524
726704
501184
110894
125945
949317
759804
80142
540812
165902
648956
800970
796058
580292
67369
773130
188191
874131
738727
823755
786799
980367
435532
327063
794338
88394
335970
816490
227806
300152
109203
428947
137320
450127
987267
339997
900739
423302
811144
810409
735837
839938
581543
807843
993328
765293
137836
223798
859615
25949
995798
358675
571870
320913
853748
81302
733668
69842
553081
192082
825602
89286
523617
429942
593619
372124
576183
956949
494343
350882
418939
935376
640340
735524
70583
449155
153381
324840
238215
562862
552408
263967
959447
789670
941765
832180
147004
482194
432949
530565
288511
414264
203648
480249
688759
305932
506754
908014
359523
778677
479156
637185
317720
466534
294396
792045
241060
114916
642213
712832
345526
174882
703121
833567
176438
870763
21395
457234
301445
23344
98917
641359
758031
881679
463114
750417
748905
126915
828547
561978
280819
598453
800651
855961
741627
605958
811019
975026
266512
892346
407957
15570
484306
919645
225516
563493
216833
349625
597161
10535
574351
266459
563359
359616
75903
719579
824338
301968
529306
422028
149173
348461
376842
256661
983804
517072
517479
692065
766819
705201
285183
686232
507348
182071
265882
196508
368628
561681
356564
629386
123429
225537
735639
631748
922385
333404
204463
27325
444892
330307
471832
688272
830794
307094
17529
385025
612064
312019
524702
692804
749530
966855
3954
534329
757385
807303
61772
141311
706295
340702
189038
872055
822122
452449
412306
80224
824877
158752
331645
315134
421578
669265
291171
29045
344475
857247
134873
382158
775904
771208
790217
750138
333248
622959
110907
556120
407732
270182
798576
810353
195317
960400
907227
484580
884808
203459
510684
911064
940614
762582
552374
237386
621492
515895
162609
763164
398684
181522
932167
669746
148622
406677
751629
895447
460409
439426
975689
786497
194194
888546
539905
516466
944694
880210
977807
104856
694561
365587
908329
855573
765947
279975
678470
193513
940737
192604
819283
815243
48005
730450
277865
542609
959191
533795
782076
706213
624727
626266
174505
141134
88770
12356
144462
791505
432769
601082
990298
290058
952495
66433
620183
573734
204901
570537
298016
489203
251318
465331
137956
520780
800682
679960
438336
816692
858691
116669
175575
945246
893179
599280
610203
788769
160163
362748
515424
582634
149790
809231
821596
957216
390325
616061
963935
547120
354279
234503
302422
999512
77518
845349
892386
976594
678939
572832
711346
652926
840416
536314
167259
175658
940516
990215
818669
788389
916926
403729
708425
679639
677478
47256
671561
142101
171147
792367
149803
664176
824525
272864
38147
731143
355699
234457
859828
67568
316112
988758
490712
542700
720729
248692
769491
254247
411681
934273
711143
730462
564250
569281
901848
236970
928488
671360
879514
474545
212618
506715
592182
653453
615962
396392
275376
224669
100844
919312
701181
671216
47974
331261
700024
371885
952984
55418
946021
594441
98427
150571
916525
205847
227553
955562
308038
308085
833950
906995
117488
982534
872469
872125
341266
720730
842480
508967
318791
827024
730175
474837
981171
90920
86024
720287
7868
990967
54231
961391
550867
943188
718718
650996
435502
357919
167668
751263
501627
274855
333362
74046
412059
221432
682580
596634
165613
882570
207490
771146
500820
477170
564413
330193
71582
28153
301850
479906
756069
962982
197382
872603
505881
567611
428724
831449
427555
832088
998076
429723
552286
35397
331796
827638
480565
211720
463977
781346
343230
561210
890959
62240
668513
436474
763376
91750
461042
717081
70250
819975
999903
41423
467480
102224
83435
890485
406351
25845
513167
226881
892542
911458
774554
543590
730585
286182
685763
157490
971331
900222
386624
259232
284529
666885
583718
387879
988109
484244
342295
254698
395251
102344
687294
528230
626669
271940
852709
271749
484371
108286
152734
124759
959003
149782
835767
703929
638125
667947
804238
700456
803489
957885
186098
596766
840923
981777
805883
588697
32181
748161
214460
288648
534196
724075
733889
479757
387908
183842
933016
498254
1488
515288
689047
550062
761849
52521
138825
466574
851203
767701
967952
904893
539314
560985
704355
270892
677757
909066
505403
944610
221228
40940
958418
11133
267372
774825
664026
425591
886413
389227
578049
393638
876035
303967
17262
466493
87200
299812
314036
943060
455774
487621
905630
781271
183698
566418
296605
679151
295764
863683
317782
62818
735912
20690
115904
414183
694988
256843
395352
168064
26358
622795
687629
521164
617028
765495
801340
613578
903146
209836
563011
180224
178744
286514
559238
406573
219081
518920
304459
177632
772113
235158
231620
795412
543392
591693
183069
967637
544134
280451
433463
676526
967947
450312
423927
774688
64576
401028
132629
351496
128421
390244
399537
518742
165191
149059
60231
977799
309822
793051
814293
245437
892329
456115
668994
171423
557023
162245
438812
158324
473847
90736
292222
709531
424
891264
877477
752294
959003
331401
206188
193585
628268
817727
133410
364004
2509
660681
766137
548623
317720
335904
152004
471695
444523
54236
944073
854027
370772
835744
73259
210497
356952
80240
851911
173996
794135
471004
536005
39674
382488
797680
598259
746218
651697
114852
192922
549768
632082
588212
733112
447282
670820
368733
354996
743740
211540
809987
875382
275281
804309
582548
90039
587981
645030
691653
251236
278625
4173
733983
705074
276523
648175
143469
871524
425192
640428
946670
886510
47974
352263
182658
780948
992000
593610
521314
533891
752124
132248
7654
637116
54870
15777
427124
530865
400932
16276
592730
830352
594410
369869
878572
744038
121314
344873
7585
654438
239554
849994
471991
773246
926214
309881
745540
939278
17347
438774
432091
498612
675589
100173
657419
799135
158839
30699
943112
804942
602521
67681
864289
420899
487282
95963
840830
579460
370354
623027
546790
492803
914790
900470
765062
761717
565967
431215
990987
528664
232829
876870
362171
370656
232049
804640
769028
522662
524498
158466
309239
62147
762932
225942
463314
943919
726860
687848
704331
452595
682286
480726
789171
553204
697125
266795
913925
869482
515167
186657
369476
98917
15488
686079
802685
409457
525663
613958
202520
676110
943445
93030
65685
898729
451467
279816
994961
583790
937384
322723
7104
884839
516265
774940
681903
520093
209921
588156
92932
670506
968696
737148
977921
507243
857295
228838
368094
386401
9667
795121
976463
976379
89792
164342
890111
791674
637059
978984
561040
132489
12956
656525
668641
610862
128887
656737
384398
133384
125271
616602
234731
820865
671132
773954
194773
162285
427520
356575
322460
418350
472047
661592
513019
362316
596430
951030
417812
491900
348553
394981
344630
770372
393241
469791
788181
467643
398630
245604
689617
890926
511920
44378
406270
31283
53784
147911
613413
685572
652088
422138
729281
71678
724207
801857
607985
305322
852648
477611
972652
695316
693339
453789
794335
933348
647882
80922
303016
409790
63692
577128
307634
537689
572243
776925
605630
548610
18476
254846
937575
338732
420852
980209
35279
207569
325410
409689
447120
905657
959931
606363
71270
91548
731007
488111
584330
954012
577931
521752
721018
352957
695288
773361
827358
829277
576931
508564
81454
187870
921000
360620
661586
849417
344050
66837
629365
970463
740235
642434
21525
39165
524648
954812
643469
45146
199411
231981
717302
166176
84318
796197
842490
452701
567603
348780
502253
193879
792840
198066
711554
916597
939384
339502
626390
877551
237717
31349
886388
340004
340414
113538
563965
721673
971098
251867
902971
518984
626817
157858
486754
130599
775336
324859
136318
549044
659965
887799
98265
695563
27332
641970
704916
995913
939067
513056
352144
97286
882282
834397
193338
318510
615243
824655
311170
264151
116476
339502
214659
314733
164275
784741
833667
225537
900954
16044
84973
676350
680152
729323
906479
553510
555903
387948
860864
359488
306590
216249
94153
728393
967733
750309
324412
144783
28677
640704
206694
247901
622851
587841
884265
148863
277801
113279
571963
487025
885200
102379
30319
668422
759222
210056
953962
25657
918499
55588
433454
27195
30792
262773
643324
164267
512757
155145
435490
340111
619855
607208
244558
328420
457017
803567
918804
46547
533404
83674
941072
279158
202757
933281
172983
460707
718125
388824
881083
879069
13517
881805
62853
827544
984329
508172
148739
751952
308810
313070
38027
522953
780829
734236
479297
746120
345601
817327
631848
16698
68367
721180
32444
178898
568070
698144
222459
970232
528491
666003
127197
118023
560688
574170
188457
401411
766084
922767
626258
6301
91075
949958
366220
551949
569492
748352
319211
569745
40819
42835
527418
28709
313695
168876
100405
367681
127054
467453
263977
207669
746049
425174
629414
216123
562007
639565
293064
551188
878934
756037
394092
219148
790957
211198
300264
943678
639272
769986
730701
912041
351533
572313
762838
914404
198350
565840
411268
631842
409163
725389
357284
915196
233293
862954
548557
793467
603208
756410
810043
52571
784705
948752
483277
347039
611930
571171
35819
545512
536297
635738
212425
121757
58059
659088
943017
88380
558128
356668
183713
532233
7947
709942
349607
565211
327098
286020
163481
395467
768550
676323
295718
639106
72037
759868
153774
259754
739494
123126
507572
652701
478248
928804
888567
975875
172918
900074
386429
507048
582840
686768
559971
574094
686491
40131
624987
208425
864335
315364
984133
986768
576801
285034
449812
278488
995019
478363
577355
99619
175157
399092
18381
407131
345840
146516
854077
503751
323844
535005
313997
337918
258671
904280
917100
905995
36389
993440
504846
281175
790391
877284
171343
906722
942836
560803
289633
367730
663436
996578
835206
209354
798558
153411
760257
964444
476540
825353
881675
444976
426430
381669
198253
724088
912118
976916
200188
876353
34774
287687
689995
553672
246395
428581
973581
952849
693265
189673
206456
162963
771932
650915
902363
284209
240625
492446
861656
651854
520829
981084
250876
56905
378305
275149
256254
321386
8872
142125
287400
621521
448421
898844
220412
784453
773342
132521
482326
217303
391658
253067
280941
674434
426720
970967
997517
906960
443436
779970
323160
173921
412427
128580
924265
249495
414304
17119
927013
494977
607299
320422
121690
289894
725974
109167
162948
455296
452755
476271
66441
75129
715458
993991
709469
971055
468657
580505
336894
850238
975995
435759
686787
284168
313782
593298
332096
180878
472830
669933
105991
102083
459227
772237
742706
405491
367815
936026
980738
544214
173761
903821
126699
927617
330112
793148
315730
940192
722045
956316
261099
523089
956168
874256
466136
783364
226517
769934
724967
677926
835427
532763
164933
374517
495102
547474
339296
223955
520966
144148
994488
113337
116451
575143
846495
759221
937667
738677
308965
961820
107806
357827
660036
926106
962671
798980
806461
563874
272727
792649
806266
685607
906872
781538
935906
345997
145344
441695
915338
96369
674139
918350
723240
121100
433328
470323
920534
347380
419115
727218
877007
957569
525626
607313
802164
532140
552420
982155
7154
110649
178404
619874
419863
706862
275009
145249
845978
232364
792240
27239
615075
572834
862542
689839
807191
591482
589770
775214
646400
926961
509148
489055
690093
296848
414428
71881
265580
668321
643819
527676
521311
440534
410124
836086
927069
322582
359201
423434
188451
858040
783090
779715
562941
829011
38985
286259
281852
431401
738339
421012
852285
122746
82789
536838
641033
42864
765904
605844
824307
828825
642772
41723
993594
606821
149383
19500
433078
784656
812540
476096
72037
877706
223580
968307
296032
340640
565718
124517
474107
745151
36464
931855
298206
979546
743005
48732
766167
673084
21284
465441
953691
769351
824338
981553
373497
119963
630671
101919
707440
365759
797235
206104
12344
255205
609987
845304
191745
41543
677895
100372
178824
327788
769364
529640
383382
595570
757493
73742
760174
753569
194044
978252
331729
348123
768026
855401
975819
382531
661201
665698
171190
265780
22932
149308
422109
52544
284211
435759
383191
605419
700578
574516
280306
388040
176482
186984
684521
287221
765927
520994
703730
508290
820066
433747
813164
111754
350160
938935
205052
789126
434438
902530
822079
156907
650901
966138
4732
639381
411231
736780
276479
598198
108105
801763
253687
217279
235292
827106
736307
488927
357512
251325
655982
920091
51153
206906
282238
78639
392821
647569
825201
841171
154539
23078
921510
717529
222052
713791
575997
465172
621521
958939
581663
39476
792771
664246
121573
67934
447754
121122
619029
659122
754432
776118
280761
48427
659494
388578
929794
529538
325388
346752
345060
258451
659399
979210
512565
270546
888226
129515
870888
142594
865939
530966
262666
321199
649049
448181
428507
468885
822743
736240
393363
871943
324797
193879
77490
6598
770606
932363
477352
173065
664377
617140
430284
459644
670871
325494
85783
355969
397982
149173
947556
632190
713294
448509
389692
869279
310321
72536
64117
359067
293462
76859
746806
377321
507391
66743
254698
635862
336819
363440
47320
396044
176300
303667
149909
57075
88263
516159
1386
109722
528070
948017
321637
577336
503464
667441
545025
507025
136414
119732
989377
204656
725768
581527
3900
371224
413624
317331
180585
720322
805654
160698
958977
529505
371455
899622
152229
6901
480214
510214
519167
182473
493213
619023
762155
187519
918903
782135
486334
569098
94588
672519
454472
788306
306249
263144
62394
824334
20222
490398
163312
942994
505359
873934
909701
19757
119176
333483
961594
178266
206298
452576
392902
920371
767581
783977
538172
775191
564521
939384
587181
26099
105321
483027
585447
985091
23816
634301
393192
194968
40280
745405
936685
490726
641045
639603
171147
891918
908961
466982
392670
753851
889692
476040
228628
206308
806618
980155
227553
758833
304945
147779
74718
410899
182170
713740
648247
154397
58980
922115
532820
847143
597644
2880
623711
535396
913847
793727
335086
973009
92392
774788
309573
761365
574279
340446
427541
435792
643866
135114
826606
253902
47930
995987
482168
916245
617682
462159
636854
702037
465926
716907
109328
314958
306936
609321
846109
22322
752034
810874
886258
715375
963535
503741
620962
586857
252873
258855
715579
603629
419896
529091
504085
166472
167983
45630
292268
228218
957216
803518
358170
476223
860843
48342
130799
766953
334979
435579
395868
209252
957036
839979
85893
107720
539050
674821
19674
596559
57741
786251
170252
443330
165601
489334
406210
924278
472834
502179
352330
665684
421148
669365
589429
849166
734771
853753
307065
698658
522086
832409
54126
5388
885977
671405
941324
863430
699535
834890
196955
24002
9481
779222
319588
314827
59665
53637
770546
588268
327011
480748
893910
731214
726618
590904
398319
688133
602545
566089
521383
797122
253301
89468
300348
386277
338166
558415
517819
291894
575256
364929
540517
400209
708312
14756
953586
53913
327590
808415
737813
582469
506754
284966
81186
618859
372996
544394
964596
733485
96058
323322
27547
871362
617440
116852
268233
398232
577338
442461
595783
335472
946456
99662
121371
513891
545476
892835
59807
457039
735880
949694
247463
3181
121615
55657
220245
637072
136320
970091
2827
343435
943825
687869
492594
149626
337174
178306
335375
863845
279975
616867
695048
425005
863744
462712
171667
508962
423937
863815
679892
861829
945907
600316
316469
347673
664268
111484
413390
16570
926241
552025
573130
219318
635231
802422
838026
963212
968354
585082
148950
602041
140366
793768
203469
868738
18587
667648
82051
811166
528047
163778
777743
868848
324806
266200
82094
986880
785789
881851
688294
565948
486739
616138
862922
405043
567669
211153
458494
873280
941781
641375
149405
532988
157693
237736
907352
350878
793800
459649
888867
934680
659352
704178
612496
113946
440803
916679
507860
17551
533017
485613
658676
279011
445831
302743
322484
888795
357794
143426
147924
232789
103402
161603
772069
798259
529344
566824
397023
191252
398948
117753
520994
158811
833282
906106
387902
677364
378958
332603
644453
498186
46200
823568
926982
382240
346752
566211
908371
168203
270112
497976
403452
697616
663653
160799
991277
772095
2764
189511
862857
421737
652688
807114
699435
849088
709751
302488
227649
30648
828264
554093
446734
531837
772851
322889
116464
724479
22305
68245
138920
514735
684575
618035
13236
526607
698944
679328
58012
76367
760665
907323
747380
521024
907470
279674
575856
759351
922651
701029
518955
493580
97470
659493
422207
82454
525449
608820
88893
99230
224301
615706
308854
677932
408972
744038
676157
526526
920798
567790
151678
711513
404432
927899
610182
150391
782822
38156
377330
585555
50998
635184
498244
978055
981319
553046
721321
631
410419
635515
549660
395620
730824
310944
721129
963634
419432
362026
545764
580018
702993
58142
348968
436476
447251
254030
862503
563095
511294
183449
794338
364224
547393
940054
441413
528248
80747
893716
990542
955431
807440
484134
231110
230706
382799
832450
618631
857415
670236
200953
666812
198303
708772
332794
470667
830771
166586
67425
60232
612746
303608
334491
766409
511689
277929
417757
833477
969680
429237
144607
987114
848284
711975
65280
733094
459368
848596
613488
222391
365196
17218
485159
708421
143655
159259
28499
987088
827080
142145
536591
866578
731053
591519
350470
748569
973305
733112
174293
390232
313900
813817
180741
110126
2348
968954
925620
303842
265099
775468
157478
861836
370528
374530
51700
120028
925901
226410
648553
247823
921181
846054
475022
970349
941599
381337
186648
30416
133460
375231
180120
252690
722729
253557
925726
206334
712692
318614
786336
479341
599651
222256
517564
658627
957984
409137
773342
521537
27814
1673
862604
807695
163513
186480
494084
917750
292967
284281
413376
896616
589938
51993
298334
235782
841243
42538
57744
718854
762577
105726
229372
202825
104812
406383
591744
550812
255790
789845
890
66435
306503
15959
699008
648206
618693
465544
457592
360867
785938
794352
107029
297514
647447
485185
123264
698697
824834
910445
465145
85029
891193
516515
885823
991173
415271
677645
656743
2622
58276
39303
155259
655064
597585
450106
758569
735145
544659
72864
118769
263242
264095
860745
419775
886671
266731
184474
14201
83456
82596
330002
698503
20655
412949
780049
909552
805294
630638
848286
279993
581505
128079
45224
918937
760237
385045
96596
475191
897817
130289
291028
319475
94010
473602
2595
398116
100692
423879
728219
666646
947629
606986
622582
38626
118668
568121
792850
614708
743367
991064
938829
420804
661179
812837
650422
57082
736771
429052
404544
102532
29224
566163
469321
821874
654011
570537
588495
473069
343604
759331
550076
240545
695131
253873
622477
156755
4679
424783
570817
367983
558941
300730
32657
834654
443012
255034
445732
143577
365433
736435
272160
755741
508455
407002
129386
77364
720674
102256
871362
163221
534137
611339
930173
461308
586514
949850
956124
734326
894183
191576
415425
634755
337332
223975
187809
579759
696188
639432
117897
438922
13912
980898
568160
50287
835604
812225
842160
4297
922672
469776
671579
950126
251729
344960
422782
296061
846148
19757
794423
519689
837704
600869
699436
320965
998164
337308
49907
717490
62234
751867
53758
506816
944895
528519
693753
813671
4039
525068
671456
835362
503948
408350
903253
684868
463631
247451
937715
354347
430019
132177
627396
418027
750983
386554
401676
389802
699285
6388
586612
595513
908828
576367
498734
943504
199290
622648
996459
754783
476367
936907
346932
998062
212166
37855
328020
370490
244397
121389
561332
260719
654742
79388
582430
906918
956691
955837
419673
239268
123429
766965
456821
60545
782479
67184
567192
381698
315856
379510
50925
516620
229953
512273
900591
503311
705057
590362
298305
947864
888354
619562
196675
323447
345600
771432
958903
648327
582899
486753
403449
744605
414178
531538
371854
877421
633531
557728
494365
572948
857409
398427
51155
611115
875253
402618
490602
765601
569179
744118
716824
39927
787667
725725
991640
21832
509720
280311
386089
329834
394443
78492
215174
571597
181221
122656
238132
835564
446253
53340
104753
534550
868700
235403
460566
496699
244342
296377
178647
18564
686986
428801
399777
603066
284916
432193
399325
545381
339143
10349
345453
787518
640354
273883
643227
480772
100708
361293
393283
855742
848420
284339
270987
202802
624029
866366
470361
480804
497370
150879
736627
762477
826163
138942
721448
983671
958230
928144
427659
348216
70191
428631
537411
132865
335755
428537
860671
182960
459344
924478
397575
855164
343281
1835
785469
811446
357919
386455
281172
311926
764363
175914
990210
429228
483804
449688
942128
652721
787815
787638
310596
648939
589050
798554
244810
228218
621363
681702
748009
788929
210639
508460
483426
22161
57383
90894
378131
729385
493941
72523
567453
541612
387225
245950
111261
413663
163709
125665
999275
939878
495891
244062
543665
845677
62812
857808
921145
318039
174649
230627
482246
212586
474668
140387
630257
737161
340037
228735
963229
335204
954804
511972
898276
826058
51856
435112
281786
649956
324420
288217
30039
293521
237989
161057
27615
108758
835427
366962
606048
233348
370900
921606
162219
516478
511478
345079
482251
32333
979344
130802
306830
676193
426249
253511
94015
981488
631214
177132
184798
610846
323720
863061
59282
966148
897252
23923
779901
279967
727958
546766
115807
536433
348225
670635
227200
165207
166260
329307
474746
833517
653882
815084
223770
656248
366268
602516
354165
237225
770722
960967
801763
588850
976423
614047
495515
387551
991800
145415
898266
52020
276442
481873
694543
412412
228869
491665
809298
921837
78378
332916
96356
375355
777737
882387
376193
457597
705231
237386
17390
258576
379533
347947
479044
556165
226110
997190
633084
275613
186125
999381
83429
238477
268700
389064
164995
985151
993570
812483
488974
924190
724700
370737
266705
215625
294492
432547
316233
208760
409525
76576
27563
385244
140581
692585
205432
320996
39291
207453
910368
600382
981582
711017
333547
110897
570252
227073
339903
207439
648578
916540
907352
827940
591226
723861
357846
26411
200286
142878
594055
272943
311177
682674
585088
563548
650111
618685
498494
152345
62683
350435
823479
734039
491517
358048
155994
656581
93234
544700
522821
698364
568281
407393
514577
515387
525308
539029
180486
568601
972730
330882
627128
472542
619160
384840
653760
647453
529412
524822
168874
714029
157261
357423
225531
403376
388247
839857
623353
311921
28080
111148
787899
416000
539677
93757
883518
786519
46040
612695
461173
361592
446706
106679
816403
387298
433855
962398
127685
685792
483059
263462
350023
952727
98479
139154
711088
398583
355658
533506
576370
265406
25110
226110
258880
799700
476382
471479
883461
890344
828782
357896
739494
791559
727283
453310
522122
108729
488046
573366
29403
134602
523987
597190
111575
922918
623897
452904
989589
837853
659300
636976
804032
543580
101918
446284
444429
393735
134618
633316
946035
854493
990070
620515
812708
34663
302840
395353
994718
407648
458996
862344
724791
843629
290053
33562
632941
977528
849618
415488
433832
369354
106596
192300
396795
256948
490608
301089
770948
343462
617531
197688
942066
479805
773115
942446
475158
400622
120477
932379
779751
119700
769452
294410
666756
498402
237338
198001
93254
220569
850213
181167
13285
100722
876694
562619
729578
865634
261736
160704
317311
583669
278105
473402
800616
670579
10759
463918
910089
20749
238882
311190
480820
717342
567927
525477
858478
31822
842608
458867
869683
312617
430482
987114
357852
883869
362902
279913
755000
265732
494694
546145
802107
973482
590156
678854
189004
11686
701769
320323
745671
772789
188708
116872
412867
451517
868390
304968
78063
387485
641033
230278
119102
694913
19641
152739
932002
638958
251265
262815
151830
847143
385361
547698
81379
958906
723592
217269
688902
768417
541739
5653
22546
745755
510635
270546
223035
879485
873435
651922
841905
804827
924844
552847
598171
917965
585303
555647
623308
249157
640378
376949
68385
718722
723960
947133
106922
176151
711658
976004
633315
566695
713433
997471
946544
607437
639072
271720
120398
932893
396289
81592
61376
561393
299712
189231
876844
46529
500745
197473
465733
121455
962208
226473
510411
410129
915926
153330
559198
181708
650916
207714
88480
793399
809588
827127
429367
529502
237340
557710
198338
921170
164363
578305
527305
767941
402385
120786
735310
618657
540654
31907
728324
751988
998089
583968
115507
19405
695185
598562
259854
582590
916952
232218
731074
36099
627172
896148
611681
604730
690894
226839
638288
707649
636617
939416
76362
448401
490701
739089
902507
710042
168547
57597
268165
557896
583794
25541
719445
367187
999119
939579
836210
697882
693726
725891
421665
437992
980224
305389
980606
714925
643324
181292
901219
924
969221
753034
801845
950788
486587
57800
944861
40953
266584
591029
716552
261319
379165
332234
577770
49577
353757
750026
595936
739183
502495
537258
299762
540570
75084
913824
872125
374255
481609
302021
169071
991571
642213
901146
91786
76617
393622
993126
294779
916139
31234
908031
809030
105341
218205
382593
777324
398648
845534
665495
328366
351146
739119
105822
913511
878057
973518
707465
96780
422485
736912
812593
918948
810481
441843
703279
68782
420148
565945
668422
111867
574265
135769
799145
199030
993901
655842
728553
744132
580193
106947
456999
466884
911722
254847
707973
462883
264613
418428
960362
604426
439500
756493
566858
300514
144581
280980
551086
67273
298456
608753
666037
407862
808494
941488
447896
570723
176985
570269
144843
664107
252382
429945
330312
518548
795034
80506
73926
70436
632791
266575
117488
784409
377310
563578
75767
344520
230207
420899
926574
262146
38384
814745
864887
922538
903547
839860
74225
950146
717513
703411
467754
978163
723350
990743
743723
144842
154746
921972
655143
719476
563980
95911
108270
993425
708657
638367
52557
584872
312936
619588
428933
708450
569660
860970
752894
823671
78098
274275
837829
828089
94869
798565
144470
551746
192355
966985
452846
77904
692234
127880
638000
417632
898646
819440
364510
850040
675911
930158
228762
481489
496866
488772
759889
213502
369611
2919
955402
507296
395411
578151
467666
427638
411527
710598
887110
723362
502492
109702
34629
698394
394515
823066
275992
359563
974877
375261
763947
879757
534738
193645
530557
760362
61216
863883
221034
473191
261931
348299
56822
683236
421324
248357
353355
494046
549364
448012
97223
432965
859466
755393
661634
154772
498995
625627
566717
984310
426416
776228
658637
957043
730205
56920
937862
502654
523650
595128
823935
961975
521662
748388
501697
307673
338726
140550
285711
369694
7226
87728
270957
809818
285021
183599
911209
932829
127585
763278
237293
110459
841291
380931
101708
440106
563482
763381
708143
841383
895936
943165
125788
332976
827481
42952
602384
833306
621479
165821
625678
214208
725427
6474
915868
186376
90522
491979
767090
553295
838587
715069
267026
332927
331952
697414
802358
661371
366100
495102
376670
555790
180460
59827
732426
986180
761115
170965
48471
250353
889310
13023
966409
996394
550514
570014
689793
387760
125655
808141
756137
924844
613782
615948
595642
117850
393876
615876
216449
264681
108623
331151
837012
332416
120956
852747
956171
149628
591511
789577
524857
846920
232760
511285
86568
237293
632279
379767
603636
925080
375706
987143
709619
21789
601278
881902
472516
271896
8581
166360
24578
761226
589748
482324
917763
102534
504142
603726
799900
332131
558403
933282
499180
505723
503570
429914
236279
644891
671369
181548
148863
660293
746755
279500
584106
178022
136671
938926
765707
955691
261039
439604
436966
963572
963149
539368
122248
634175
932992
114273
433612
972658
553842
379908
813983
556426
414592
49419
558398
150711
652723
357583
42586
676170
402118
571775
776442
532431
825606
231695
334602
682724
640381
423937
833139
83338
81514
654730
181445
16533
725938
862440
106188
90003
642217
626035
739191
858611
436168
859809
87821
853753
728777
878271
135133
614478
23242
953504
388108
17370
325368
882825
639243
450845
843703
956173
482246
842919
466035
177417
853446
777322
516654
612256
738302
83386
432333
963138
985830
80692
619573
927455
852582
662417
260458
851978
256915
873876
705963
103487
332429
9367
869054
108216
212794
931568
364871
575624
1319
961818
370832
474441
216007
643170
456866
68005
982101
176017
771120
982031
117514
962493
589292
83755
19404
584495
230309
850022
790217
674042
988266
623054
771184
747970
265292
936240
301240
310345
632398
389088
342098
292654
545315
206184
889935
255876
958147
18339
455272
179708
928142
502652
867687
912526
139154
322108
40661
41121
850074
88438
449777
513609
610182
890677
708537
782846
358548
406439
126840
20780
368614
370236
576788
493092
817799
827700
536322
287220
818844
320069
655107
265419
681978
51902
338860
805246
259764
711014
762519
82361
554667
429302
86120
299985
352713
343996
321191
981821
957350
445029
64532
735455
24940
197167
495107
311114
803567
290956
82318
416331
751716
394375
36176
181995
356345
858251
965943
30918
223034
486491
364825
500509
71181
786434
780382
611666
938692
781941
403304
446280
625425
23614
509720
553358
916168
372227
289495
828976
796721
242871
733711
406731
508695
551506
693408
703268
495953
52135
838746
615793
390941
955200
810481
66680
516736
61352
333473
840710
988485
100490
532233
830254
735880
33689
205840
300900
689979
308796
32342
92508
356367
737409
568040
627660
320070
463274
78308
470513
309234
699741
117190
36262
346869
610311
54676
934382
189280
684588
474303
683411
974030
266089
768829
372234
572868
499245
220054
550090
214065
313618
349952
846438
832819
888499
572434
841518
993451
445043
124544
839107
551271
416241
85301
708061
877213
457797
757335
585767
927583
238877
699080
584513
537247
379574
21405
293027
440260
596382
379080
545305
424729
217466
334589
767251
421589
908901
44361
937384
330942
987286
419372
58356
91355
940470
429050
267103
103433
831779
200631
492492
135724
893194
62998
911734
146279
983294
193265
178554
79841
632346
389299
181154
319605
944301
772267
486150
280163
584819
170229
359687
634159
806006
175114
937498
642056
439174
932132
712455
619275
537235
388710
462556
364811
192357
717748
981638
880204
793181
541549
849522
386494
202140
156122
211248
832591
548740
489818
479931
282552
629614
703524
977811
416276
214102
452034
686352
824064
81908
714787
850138
937164
95463
942141
930741
566396
12631
783071
262600
513841
57966
540232
851005
165821
152842
354846
500238
236278
89561
492173
999500
857754
966510
49100
184227
736667
295116
637851
178888
117970
599489
601445
783909
681561
121317
655295
573113
147784
428877
879789
129650
645268
876388
580069
782337
630905
25487
518029
362166
866472
835975
231080
621724
824427
576366
207412
492064
335221
701678
926537
11617
171606
426498
206631
773358
960633
240479
203358
545867
182361
722074
176541
733164
92169
206381
55565
798510
706361
696142
61387
487037
924679
864063
886413
775961
209422
145502
3807
57570
868432
903310
281874
712207
61143
679496
596568
173386
472284
440630
884267
569447
151331
283743
770020
174823
773837
645594
658613
671758
993883
324784
711837
561962
606339
108866
430789
131347
644321
491490
894178
827494
380346
676987
451673
379278
192355
309167
828584
84772
703709
184454
111977
259011
247952
526107
658903
709273
796825
811519
398014
199128
280237
568603
21792
34042
283133
230819
579718
262635
529074
869594
884612
484260
982296
994640
291454
423084
690124
132491
561447
722566
6325
853789
897997
896250
428891
46319
187484
40967
143451
754613
114697
271864
624337
146871
513056
360861
645444
149790
660398
342098
867697
232895
724830
57665
249477
580272
667893
887519
952792
777737
482385
129841
742111
67698
870850
189675
969497
134517
880783
828234
336597
428732
480287
173853
965625
562228
755208
192765
746663
641443
192127
954279
647422
837720
419511
809819
115732
455558
400435
503356
527608
363737
90163
179831
670163
530981
180460
824447
203725
946776
63247
318682
463892
624076
50116
704775
669956
838789
415629
435833
167389
696871
168417
178371
420164
14164
514734
365463
853353
679111
828906
813686
838409
77073
76485
345431
743708
109238
999157
473837
783969
96662
526891
207965
602917
490969
182043
265810
312446
175742
538983
254480
408464
866406
578089
17038
6919
733052
926949
423304
445671
409258
929252
431221
743685
26480
314705
312490
230848
583355
55858
585714
426331
269221
13066
529671
496636
408041
318379
231661
674674
183523
543458
202748
650462
211629
705231
144706
881344
874025
47740
839577
908494
105113
614294
542066
704295
971860
211942
564666
648990
323032
930815
890148
658566
797134
889279
439876
212140
957937
903484
219556
709700
93231
579641
57298
128315
506224
928475
463264
470160
137448
673404
289574
890322
476999
111531
250999
370178
967129
255864
267102
706241
445012
152004
235158
958560
926865
244630
54655
268175
93995
474819
384994
276244
84051
806767
74777
901865
931953
220958
862874
202682
374021
18127
567384
206769
596649
240889
58721
377018
119000
619987
580122
730441
19388
683439
540702
725624
32717
898953
995800
578899
563874
577384
113744
525192
776471
744109
558252
327325
990224
82835
513158
780049
140448
710087
325893
557749
622977
436031
873221
872973
81814
645852
233589
736773
259995
103769
301450
434732
397340
751532
324160
89437
49107
593456
524140
23387
523541
537634
276142
701732
550114
289262
282897
494437
32663
607325
515820
488927
60809
25085
834131
239011
347179
364510
328529
117912
93342
141861
49215
734817
617937
30138
50977
585011
174639
198971
850967
312404
855286
122869
40670
179281
946055
775926
27189
585191
953423
877251
499395
331301
155630
628879
507856
30845
90894
325027
963939
115832
564223
135282
87267
813166
709657
957035
848351
92269
404904
762133
483316
949923
151253
891723
890773
873324
476847
787856
954149
982246
614041
39818
739377
163869
128580
217720
168560
625412
982060
686585
44681
421155
956934
624375
557557
765080
198557
548795
937356
147522
55077
972325
17516
143418
912931
825323
392468
723740
281775
640170
200372
866313
240116
280688
59749
969425
379942
841621
538511
103000
453387
234616
513191
257629
172305
549101
704029
341790
839759
437157
493545
53515
622822
110511
19575
280794
112768
906616
638421
9217
853229
16459
339704
607282
146819
247582
176142
631244
574351
646365
62022
693551
69314
411752
113407
187803
917256
111213
639147
763865
828645
448806
140090
913824
306296
877877
347855
197694
774491
995294
982121
921600
134563
889880
17607
423639
914478
588423
706713
478978
813102
999308
52812
71398
826035
460021
838155
752591
549194
722582
876171
558643
846028
955561
313324
273736
345572
952446
423758
453890
425420
227952
525233
991786
380724
588994
715605
783669
994857
892642
957428
673646
359188
485713
427615
89497
95915
61883
278123
950743
474659
488050
707505
330965
953832
475883
90972
802183
152606
403488
672167
220587
185130
569064
237509
417094
949640
947777
811890
518783
888628
890445
13817
745378
479570
503103
139551
360362
813632
708197
251790
128079
146726
316657
373840
640484
584216
474077
628259
407956
214500
453768
577573
275359
583869
523678
73558
341135
313497
409957
667773
912577
739669
578350
220584
66117
339243
83571
493154
412910
577540
122788
88293
914772
70601
454331
860181
68245
92954
38658
826058
366999
478377
360670
223125
545851
623077
7491
625282
177170
86320
357962
541474
21222
527611
347828
679673
989500
60271
189853
395640
199823
135680
377345
548557
940722
561235
637830
245223
409494
698506
293932
96735
157123
199429
300479
861156
934853
441398
876267
122864
668895
879191
764196
957648
940168
933665
137880
353800
115403
113249
126227
385410
515999
355871
609396
134950
850900
662387
952897
727525
52156
626492
582436
162343
596430
498262
19756
674103
797625
284244
867161
858421
380724
709596
464868
33459
991172
981220
501226
4072
240576
30332
564991
351729
478022
348562
333081
764954
672477
196486
957966
931921
249072
771811
248259
890965
951171
822972
237521
281311
513106
921291
349732
921807
537007
421158
529789
818562
35774
54232
750124
111944
105309
384787
286833
269305
823322
758738
865625
763826
246460
512788
3608
734936
174783
911877
32177
972626
395496
220276
194359
902925
493923
137140
484981
229712
248000
726353
133032
860085
510036
254510
725036
761206
745720
669313
548979
737933
252358
846674
437652
137170
991326
557324
560533
870718
576947
596437
605523
580444
203634
7460
768724
560827
680876
105804
115599
570305
199609
64076
190093
337551
333892
96369
384227
577786
589804
232425
485625
321464
206721
276195
505662
76097
731798
367052
285687
134405
337191
237815
729101
553159
157411
561705
307175
142611
449908
43348
63077
464386
589003
16574
194419
826233
529044
949659
812643
305936
915045
875873
353285
861467
39317
110312
343447
603011
282200
368056
60769
949013
968616
22606
349637
532224
679528
147203
292862
293558
869599
457591
322889
601057
75520
98191
758750
223611
205309
330215
922731
598336
730708
768969
169236
172586
285193
842147
247185
669126
916926
143522
341081
288157
695473
807838
295772
891598
519746
94967
271839
58990
349347
6127
461352
891621
491548
986082
541407
597071
750960
579109
495764
437774
84973
923366
666434
130565
811166
221216
519177
825041
715418
418653
303062
666771
643135
240983
316314
97866
455082
800843
165728
819151
818233
423736
856285
138533
597960
92693
408383
198656
163736
85858
27797
73039
987283
896645
532051
374655
348604
409059
68528
737730
292038
344566
526880
212070
18742
586763
973139
887784
557976
365107
111623
625186
782483
567147
846423
615429
301929
905336
918798
792797
564107
811356
71499
238009
326878
224846
609372
144594
936299
81113
820525
849417
633647
486307
216179
228370
265257
535005
773954
522754
156511
668237
721897
241566
724557
173819
548893
431975
855539
821533
156907
755133
236435
733446
51354
53531
518443
504534
852285
943077
443052
431879
445556
400751
565087
111440
670282
19472
876626
64048
258599
640397
624418
877573
552596
718534
712564
940168
136047
44800
362350
121042
943917
731870
750230
240035
719026
846780
518541
363094
20749
933958
549940
67990
922727
294986
371483
976628
427804
446232
902314
207940
467907
74572
86243
170192
322603
726137
97309
415082
53207
363930
353684
681373
321791
948037
163907
838725
672140
101651
968583
303041
252719
859245
402863
663051
385604
761994
607262
978108
662161
321734
336321
860809
238572
193949
511280
351997
795162
679496
362377
652077
610542
805569
242719
458001
451113
927561
878362
384357
418939
650502
179349
776313
942177
287139
638436
357217
856676
917327
647730
376903
620980
149875
646189
505396
632778
117258
958560
270180
414902
541006
355454
104539
106354
692539
503120
475158
435721
783319
89882
10769
93714
162097
657825
870760
864747
738061
498298
163938
901761
864300
732421
280442
946544
296229
914790
41393
342360
657953
307175
56571
852743
278305
553077
190717
601289
478698
547929
688977
230676
342952
600207
421093
228991
75329
975186
106259
459064
880517
356103
600043
528230
990542
326701
328913
908803
459825
594638
507982
537400
737646
703526
562377
854348
439269
814111
832577
764534
341902
344050
398324
507167
542860
637162
245441
269380
492574
23902
648990
196783
510073
976813
517695
516860
256343
15970
252147
134738
555516
555160
456866
675569
508261
935904
188467
734093
456953
664783
339052
215575
306728
558975
765778
517934
476667
677955
633366
940192
771326
738175
684708
132818
213217
101980
75093
250032
197921
650940
779847
861544
614365
233873
637547
594570
843952
135109
383292
354731
350770
496168
672786
683740
671787
254096
593990
872935
318955
124218
202577
297612
435670
482661
551658
656677
700327
611251
300134
19897
9795
716812
658004
207886
22351
430317
121833
892163
220378
419863
757968
662302
587802
830367
1478
774846
944606
444411
766977
184329
826065
982812
535493
954345
803486
431088
642969
137734
560204
784982
696603
519239
912509
185323
465232
303016
522754
263477
131782
59837
139797
829189
364183
685564
652927
241874
311537
193540
651451
811035
914665
112492
842010
421988
749623
7343
964944
908616
930350
567807
357176
950634
667326
341326
605203
59241
961602
303849
705628
485443
842708
365501
126261
28049
800251
177727
265646
616090
259800
794218
89776
849124
572424
118225
203236
537498
668752
895688
994010
620421
157905
710583
832932
285753
60122
958485
496698
480748
125535
673461
213117
697806
777974
208285
446892
463719
876809
248611
904756
341773
433171
959610
907863
572185
582238
599152
231626
724533
125279
445051
638846
694233
51153
244536
68038
369514
707473
255858
769479
638640
321798
538851
887237
71370
277683
838965
498582
103833
510105
198154
338621
770506
217495
970802
128735
926871
223947
652433
723066
342734
561733
616878
555606
963520
329907
475416
491840
418381
560914
602827
624309
491471
559198
249249
83770
493682
643598
884890
862980
274520
349702
584434
260981
878747
176421
513798
462551
291522
131537
300054
317308
559760
7771
188225
602613
152680
744313
324755
341476
931746
469268
777784
834884
497411
762714
200202
229566
999838
365313
730436
940831
423942
269111
539898
157580
174341
966674
928866
27912
686947
28490
381488
985721
44719
534225
983020
792915
159170
354759
255740
594815
612825
739517
839301
144325
495245
888541
310903
200815
606947
890994
917640
18950
306214
599612
615083
550197
329633
435551
404353
128992
753510
931915
513086
28422
286884
370433
677372
994495
474163
52020
814043
760680
45848
195054
802849
582073
211898
574838
825373
959612
331651
6647
849832
462651
289188
658627
890548
768529
178431
79966
480975
594314
439818
708144
691402
118733
433721
777873
855472
937796
145725
220218
766356
407018
644026
260797
812544
742922
674902
917202
469667
760757
768407
858176
917952
604216
517207
272290
443978
484245
81154
26327
887884
283857
23894
417257
381927
946368
565458
903117
681838
524582
980148
354425
665693
302618
695288
356618
855856
37628
303041
352667
315422
424471
512661
148106
805272
502253
547493
910593
970372
548166
831531
586128
967823
351008
116202
277339
238204
571132
689994
710860
130520
749585
53101
546966
63549
720634
250273
775727
899850
157612
812604
240175
931270
645601
624623
720002
257842
664481
488731
459818
878499
909423
419942
352832
111608
216231
979206
415843
857207
393949
914771
415251
924946
634766
456092
939020
153669
834762
972548
950485
272424
568085
910368
431087
468303
695189
597887
128751
805566
97656
10449
319224
801122
720277
258193
231783
562207
78248
249569
341442
178229
248751
374255
677574
98840
977578
363880
58899
807689
684150
371419
7062
510410
921001
736175
964177
135439
407489
496388
6756
804962
48613
967247
473793
309000
434886
285711
248268
64250
260825
129569
909557
138050
242207
22351
48499
468909
720999
62527
262513
671572
711378
650465
356714
164280
667880
488241
374944
530684
386031
652309
946470
550062
881733
632508
608095
336255
490383
592395
561022
600415
333521
600941
550308
197956
836647
7230
125467
196890
366176
920977
169236
955402
978107
646461
396022
777745
868659
133469
308315
479230
522172
594395
496163
198441
190866
418144
143250
735718
604281
329036
582743
225831
205516
797466
106918
764887
313532
252662
594805
236380
572381
991084
42987
131748
954246
253220
723708
425502
783736
181080
505133
844698
752694
516573
117935
244106
845097
475392
512757
168842
553556
516343
364582
731136
42192
506234
110
693606
810519
60816
211232
630955
494183
194463
520093
876244
842438
278036
575890
44440
237317
816739
836366
798872
975305
79450
31051
962840
741599
258855
225118
602199
725604
372475
350183
790493
559213
945790
459126
172797
868383
704049
95718
732843
855194
671972
962657
932760
443863
945326
498000
527059
427776
349181
261863
886615
305696
966502
15066
17162
662572
340803
312665
511370
126354
394773
519337
859522
460451
414387
602484
883721
494705
473157
290843
791042
460409
339329
61868
923927
428291
799397
696993
266600
426828
530552
298787
959026
785469
91853
740002
534569
315079
682601
840397
199990
252662
862389
269810
564776
163320
777193
38571
740277
448481
345690
354845
530981
560141
772042
258523
18095
79966
402541
614163
897482
630291
504163
128816
90230
376529
167354
107582
954302
603419
878986
41203
387090
409302
809746
668238
406253
304383
534934
668128
786074
977317
297585
83632
880826
198520
391102
456543
512285
305389
600887
10845
770754
32608
121191
153785
645500
626131
799891
256812
379888
735381
841697
508198
138705
165261
540911
180915
404353
711706
435877
849369
656995
451433
367294
324562
639106
976088
181938
893575
288058
33860
778459
769155
410976
455730
514651
68719
498132
886891
121198
544806
191360
283280
893424
160056
442165
931049
647373
154700
820985
371146
28156
443530
157378
879757
660966
599921
768009
579817
79633
939353
412529
807957
635706
754443
419905
269908
173050
605803
558313
608223
287612
768741
687626
119508
869347
103406
299822
274309
504118
145343
445587
165203
504396
482902
253721
892683
266692
717018
842184
185391
456736
807171
44907
836505
595800
875392
543015
133288
590957
749888
623760
263794
314218
271295
189641
926766
127983
492071
343674
447118
491940
586046
103467
688826
92153
768430
247308
780221
690421
848634
178199
143726
837787
982234
288321
22113
165090
19985
774098
320431
623340
747181
631411
987858
358744
75713
766019
19875
910933
619386
663255
590459
649840
508968
330073
996978
437703
822828
433511
263947
450769
112012
121308
336660
536413
382531
153482
677962
697698
458445
594383
656880
472042
477763
44721
71790
496901
1488
827108
124154
274380
827176
706995
111431
493918
28514
32478
3650
404468
571926
660640
408807
341475
77127
843107
124051
955987
586647
435651
175167
426943
509627
264779
557134
311763
423224
611359
982780
639487
213959
764089
659824
497115
96894
867657
409610
211267
823613
600639
824524
818575
173109
867800
117559
823875
489468
545841
968799
41352
119104
612049
31472
754035
842447
271681
25396
589331
793649
670871
929241
524639
218451
578966
159955
437317
580021
322833
850753
547261
296624
967196
493956
427074
86297
857813
323446
669891
256958
913431
447066
540748
461597
678194
870376
106374
841048
227541
612621
459604
216583
115705
328560
257707
63581
126966
568566
870541
79281
215970
387574
518126
689879
176176
596559
455237
776176
568261
966346
755034
17237
673549
206953
783496
438367
967442
703898
325028
630693
645112
827544
690873
89004
386365
774132
268939
269334
169138
926634
639149
708700
270606
591607
297768
97064
316385
45169
131200
892966
366868
232166
911749
16832
50502
160508
773136
241438
407933
109879
335065
114120
677021
274514
38072
692072
804588
921724
797848
29065
389254
930149
861129
709136
269811
538715
760320
37391
693859
306392
606027
718443
830752
332607
292654
543135
840992
661967
924371
882785
183015
911853
545587
343202
71270
489282
810854
128476
78096
907087
190582
22492
704767
832968
739278
789745
973753
65486
308436
803841
427778
828316
366737
652466
36464
497968
251448
669449
56451
508593
605622
688884
686541
114249
385202
335184
386429
106157
740537
332296
197825
136336
95917
728309
661226
686894
634213
988280
659489
343210
399539
831161
853179
650447
240269
109040
232352
111073
298929
31025
544436
460087
248038
233331
135133
974385
968249
389869
710492
916046
997870
197086
80770
122443
805701
786502
624341
671106
13566
418834
703251
330756
13831
927585
359480
489471
277724
957487
911085
479466
24895
354434
958225
40401
722720
477764
884453
663110
425761
565685
119897
570246
269501
995210
710821
398650
352760
292526
50193
566223
958711
741142
776290
164572
240948
821845
266624
711993
573659
549050
305610
565988
532328
133429
130330
548936
245736
766880
432703
857035
531889
398420
264413
763078
299494
14728
419455
542662
727832
472812
753216
55720
487129
220710
771854
791977
463344
417683
586482
152731
485653
77757
237766
708486
421588
909096
260099
66711
829011
613994
195811
635547
603033
914597
865200
884437
858776
563442
713150
164297
846461
714865
206631
749404
472327
642973
125009
753246
665993
935992
965979
636963
927761
853748
40323
347998
477565
227256
349243
131518
400922
834000
260473
145710
521595
721104
631276
878446
86393
741626
705947
356453
294999
169605
392776
259795
862420
827950
896289
722323
438227
522177
962097
884488
172845
54440
115057
581883
267901
381740
960401
487934
132598
646174
738604
292060
192206
911978
893173
770394
358647
609848
567078
439788
266135
850573
359644
14784
888142
719524
887821
750214
490369
899316
319689
533902
564991
644656
493613
696095
944657
475582
698207
283542
387584
615611
926871
544806
287712
64117
400589
632303
347855
777142
549646
180862
246825
823181
752579
612825
881522
595386
872223
401676
348756
449058
845737
264437
332397
460808
990591
421032
604748
573609
993236
762596
422947
361663
923659
415967
157411
409776
265464
796650
254589
150396
47123
729981
932271
497096
412902
41705
38775
847371
334787
776721
658557
787468
161076
97744
614370
576330
856932
212832
447709
119620
286242
659203
431386
993476
468170
860204
345396
513733
790374
943017
538426
344870
571566
345997
86725
445104
284209
517517
797985
27365
656290
227173
548942
295141
843788
788995
193016
933220
907760
508721
464699
294902
560802
525741
44378
915434
787545
8695
617578
653985
836159
603215
157009
248696
372654
536940
385023
893320
604327
202079
679358
900284
193939
639217
967820
488327
116197
476376
467792
989471
63103
480822
992733
173386
325531
256174
859160
322163
165928
894629
418627
568639
752494
906048
402131
109521
323301
265437
776062
777422
262925
928773
323062
748388
672354
505522
679725
26269
99332
929378
671405
126772
435034
797804
140147
344948
279572
446682
343783
364001
481870
593851
764888
368456
524873
144949
182573
400622
372898
863006
542645
141284
382223
107577
560502
203526
666033
946254
400546
349458
564825
532401
671555
635218
501198
545907
132524
457161
798807
565018
591560
600778
230258
403039
719707
775970
447327
328773
481601
309241
933957
270389
478384
326564
717866
122082
975399
750176
50467
251251
440537
548787
948851
640686
335911
512695
839488
403739
42050
775027
987662
520310
712068
876730
993457
894337
427551
226006
274269
832821
275852
493778
37642
752947
731106
475430
659007
72689
750497
416748
453336
167172
177018
442027
669108
48771
946972
78643
75765
850059
547528
84393
216393
113191
544884
376570
630727
594574
906843
219434
167568
639948
952936
157245
275097
564208
497830
6742
177727
990953
459980
180146
854980
894886
428027
317530
302660
904849
561650
104854
890380
319243
109011
974209
859741
86004
850401
358035
367983
978818
714180
753996
884697
513450
55920
744030
975505
284024
35318
716933
731927
411300
717654
104734
455876
161078
44539
804893
71740
99596
600474
819468
896005
827282
396022
200189
668321
545856
905066
118419
608322
115789
120650
474877
355277
237493
796766
414475
34346
975794
357493
101732
123390
886378
552529
931748
828971
874672
513457
691603
945552
547698
705000
980674
670579
7667
687283
689290
141120
548320
931380
37799
691265
778981
813582
49868
439369
144260
734789
503980
231815
763674
293595
506282
432235
838769
35033
566858
860038
564800
94850
805921
158092
88837
351549
275710
523253
507468
747933
25893
444093
950609
497162
785287
45255
926939
126228
753363
441718
554563
889777
682695
903676
164817
234657
856292
962529
469921
461291
34327
614038
81935
423728
990494
589167
218436
339586
683953
339465
837646
655595
671712
870037
723442
47086
130493
870496
590957
484675
813833
364024
427483
460527
130134
981319
673574
317664
823681
20690
241963
767898
536674
958225
418787
703433
361703
864047
249789
599586
535641
548542
847692
571025
433288
341191
91007
170738
958536
544533
170426
125072
694272
552137
211198
728550
565878
674670
178351
415947
184814
607977
746169
617513
979820
836039
86937
171233
306476
885815
262259
975689
295983
633197
61829
338957
299521
538892
437307
184573
990991
632317
121537
891917
642375
565805
421059
611116
281141
709619
826485
908693
993616
818901
819467
826178
895493
483177
178588
802622
152772
568989
817646
483696
85831
142622
874755
492678
418171
192446
832256
318450
606882
645871
644071
466757
779553
843980
718854
331715
580421
856779
134650
425608
688802
574689
988806
660147
173284
411574
789699
903400
394528
874987
496608
183965
798135
345858
294000
424096
181118
900608
231802
893918
81257
778658
316596
419611
877436
93045
198019
342498
82526
93627
662594
842667
32954
641554
607578
702876
742793
495819
92769
496512
197544
908803
244392
926646
505937
745586
90516
620997
802679
442796
535274
922921
307475
549945
599117
270906
134157
134496
693116
198001
623954
880464
948993
587353
491130
484386
936333
31306
381710
386444
55720
520506
173509
921999
573585
953799
923266
290830
558768
196071
134275
955384
149307
378144
118367
609510
37405
265502
492234
412439
560030
196155
236128
283900
358809
210261
913688
898820
701682
882982
183898
797285
266616
100852
484157
648621
857025
281374
549992
400732
874762
113623
943066
599988
740160
173211
935036
433047
656862
614875
434930
189517
679176
126697
703251
84014
511847
203897
758554
604930
849066
611825
930370
83256
60456
542997
680658
733480
661194
136049
460125
220361
320824
972268
71915
405031
384683
185546
146572
223792
603260
951806
767113
298481
643281
984155
430504
627179
934544
156511
985991
983623
556173
307473
656168
566522
249733
128248
814712
976702
954677
540781
164935
813607
259259
879143
399063
796228
847194
777720
738318
288266
49672
716999
4231
446006
730352
89774
179708
846088
680889
144842
869785
826485
211341
623697
890045
382589
214759
184021
802355
816768
471035
557658
145232
801992
617612
664377
897026
933988
479214
681720
142426
229798
54613
79633
892744
614027
260719
129569
969128
208193
467785
335129
890736
868233
444429
133095
881101
476449
762064
576104
736625
787169
118286
635093
133218
999032
431401
338265
480007
757964
404875
356719
591490
611713
35970
863681
702506
419368
881692
315064
534223
396095
347947
850004
20307
989227
387135
188418
987753
683441
857760
870430
675225
148332
333447
600906
912049
592380
569719
218998
158491
11602
865121
222641
68992
307626
396489
167117
771998
321199
373697
817490
224312
386082
215983
900658
164230
963449
678573
562758
712746
28759
71852
594333
825820
787766
553231
488291
473090
627122
916167
382831
995951
867170
447200
324537
503996
529336
784700
585128
871257
900508
794338
128397
189619
959230
445918
844394
964471
762753
670699
632641
984519
428251
437842
109913
581776
757899
665647
879624
654788
924142
736498
405621
522086
575103
69674
203469
345020
755279
304079
680888
94455
373775
153951
43140
576529
189264
5537
25326
465699
213579
28182
185076
642377
721715
693981
808985
983096
513977
495659
845781
340886
651659
818193
483217
740349
583372
123042
881198
600340
113821
354212
596038
659231
228415
43876
443497
820197
312866
145331
739669
952510
179421
869057
31683
718534
905607
211407
310262
244594
808488
694783
757008
209261
935848
629585
158467
11247
907310
500852
702564
26935
390114
635688
259190
593292
975196
402211
865427
987846
137002
527457
84946
687833
802211
830066
312452
927163
418350
148090
263326
149915
443472
108721
152685
298334
450110
33216
232313
474099
670297
583119
907392
310262
709007
192567
382773
195398
822653
231683
246937
444117
121619
156513
253891
426954
597422
742032
717726
907422
884467
514935
588185
113557
751108
147735
460903
712564
26460
675846
162814
571147
540052
689990
933445
197170
918113
215229
195436
843490
90567
790187
206398
593281
782908
77601
845868
640354
285951
617043
22322
978836
626009
186689
611933
490407
650969
502884
543617
619210
573163
21085
256418
670711
844106
671106
713857
23693
924430
130263
489900
654879
802211
628438
500482
573576
204007
201419
246528
71146
789171
625843
823671
344073
898713
787850
819462
272742
887731
781994
702624
581033
96444
677932
250765
106741
33017
489905
965421
453737
595449
44486
734023
395804
416885
810607
62814
466133
705061
784071
989529
679725
307541
119934
623572
391337
689614
373810
683687
768844
772044
674878
343457
848342
773342
259271
8538
821059
494378
823162
571217
754864
698226
793032
494531
911877
157345
274371
59409
503122
33686
765904
452255
58990
649911
738362
591233
259949
52540
665827
914311
104541
519780
249157
788226
684411
789535
42555
363413
887117
247852
992772
832697
724537
649478
205447
297419
673996
231067
913004
482316
632622
974909
532069
219253
831449
848808
756395
548829
970463
935799
126247
410988
307491
971148
423540
805469
825263
908443
155721
484601
630673
800209
251443
911924
590668
422184
814324
315106
560518
21306
358838
993151
562025
427907
775380
734256
804846
754738
515046
742433
628658
345843
528618
660990
140959
942180
949217
958903
155083
446272
477169
215707
241257
556014
51828
418339
34710
693104
279033
728309
893335
837471
949106
105279
545219
564824
970731
948116
119255
575787
293258
761206
279677
143176
8739
165954
405829
385035
200762
933589
480171
944698
667496
466231
927208
823022
704437
31673
313797
790995
71566
986489
34268
519115
876416
599717
946881
242001
913673
922346
179892
248689
506036
699775
383065
972026
333218
134184
85301
8055
556482
720115
203950
13655
874697
893106
894886
415701
927867
892104
307136
704029
132627
770964
431883
875589
8160
768047
203154
13848
542417
514000
478771
52550
93780
769018
4010
737283
765315
586017
212766
584914
357273
807695
838046
833385
927331
943748
73948
335461
948824
756832
667580
366059
904704
613847
160881
584330
683551
802123
903333
46737
790296
203524
559231
781053
280354
391381
397630
823256
68367
652087
217665
708142
909232
834781
825531
893841
928183
19552
62453
266239
154240
477177
605326
862474
847474
946921
391522
386346
453830
817506
321583
781327
718167
975345
21723
948093
575947
273088
85731
385531
392919
496636
57425
691670
152923
632530
767440
5366
772455
861849
217504
198331
788402
531998
213942
357471
660340
821776
195394
426328
788296
6782
455198
702880
524107
35964
11481
280234
833102
807908
531702
672088
229884
449519
101154
485946
552913
846502
94910
125015
600011
817328
456922
164830
2091
810989
154460
772129
884626
305021
960713
579822
332635
367044
424120
192276
893308
922678
485046
296937
81301
543898
547117
918645
892381
420174
649911
787809
854467
71481
579811
341926
860809
363229
631672
706342
209970
477512
646318
765219
636853
600991
848438
473091
143213
111597
75839
157245
449746
989195
370062
173154
742410
854997
221750
700323
807844
338352
925080
533966
437251
831561
934629
886142
473140
816935
891530
483839
128423
611933
668550
776272
286155
370480
235904
159904
740413
7976
479137
363228
620724
473846
8372
918429
888475
960711
838848
984471
259291
222510
908956
368614
829291
109488
297585
313462
149124
346469
466962
339932
261424
320251
303431
768226
449888
404310
602415
613689
136069
128390
452090
607789
633850
281245
976705
809785
285565
906497
951040
868848
232431
525062
96837
756233
167596
225232
306733
228139
946282
194443
3550
937725
208932
936483
272614
505848
243974
827953
886370
563183
166450
733494
645723
475324
964562
745604
335377
996732
427357
994709
999340
302979
319764
908617
757319
306885
403574
228994
153054
678325
717612
662067
776395
323408
177559
778658
807966
844000
405558
461047
402484
641503
905447
278305
930218
311220
622391
479487
536581
367428
715458
515900
398724
14091
972180
665306
330513
417123
656427
145676
461893
828664
306702
445432
178474
59089
929375
139016
315648
74067
280442
3192
799216
483110
155367
906138
873121
762596
664292
830478
155567
700452
860325
195180
292793
549646
407508
979437
561812
537969
535397
784959
677926
777355
31948
746732
29879
950195
28673
952183
874588
9378
446649
223665
416980
496194
265781
452617
522327
120865
854032
275659
211877
183029
269943
4593
91172
689795
972944
298473
947850
362200
280409
648617
557326
548028
169425
677035
279836
824781
44417
581523
292842
961509
19069
812544
540591
663316
198286
36892
681532
789943
838958
36444
776657
726208
212335
931557
788749
499966
256898
928056
772488
153470
764032
464596
117311
235471
212087
503544
907540
489520
828073
152772
835810
683709
486785
14258
628111
804676
65448
31917
505518
582585
46737
342086
335506
271830
547080
942943
942286
540078
765355
137500
368820
103768
27241
250314
577419
459392
772061
57747
647176
938704
565449
400792
341864
284704
956706
626249
832668
53030
986530
977323
51109
35188
515095
395596
54634
265413
202520
476537
716974
181848
211407
114651
557435
805349
453254
76374
214739
472577
801138
100453
126966
24550
358916
45705
724230
34487
435329
288004
985721
955190
8672
478250
124956
629626
915131
202652
597422
243538
965329
251224
545879
105925
203632
760392
330394
819317
973853
295014
784157
818498
142007
925237
291273
957256
66023
698834
908961
545641
589151
108427
644579
77081
638122
786071
712279
319368
432623
29296
42297
644518
155282
560030
820188
770508
373911
859848
23606
883981
865901
819337
659834
438158
556931
805990
225137
872053
126095
762489
156191
478051
751755
663567
152261
892252
74919
89993
864910
81254
817328
197470
970520
457238
695012
201239
346945
640783
995931
70133
113295
298464
922569
499603
102260
149635
198805
626303
71499
969441
60812
346461
890539
398574
480669
598615
315742
708312
646241
803865
568765
579130
921070
525349
374644
802784
813730
969009
18903
269373
353993
618027
832385
369488
280705
836505
686764
341674
693055
906252
255518
568380
919377
969042
530491
1443
790513
435577
482251
568789
153917
772030
908099
309091
440534
41470
408840
288996
870579
830849
904959
468955
784725
438782
954419
839803
534035
99662
332370
955516
932508
330710
299809
711281
322778
295811
495368
967844
985097
581987
617127
828299
812088
405055
277031
166150
623755
131415
999917
249072
929548
601918
749585
455136
588951
825437
828187
366385
485578
936079
669982
278290
217057
383639
583542
680917
47094
987469
46980
125135
761838
973544
838560
692219
893205
68364
737598
51294
597442
530843
65474
834712
665683
969156
249304
378437
832571
497714
923432
676971
932980
588516
32155
269603
251411
729205
586752
958903
104750
924971
108151
895108
170783
756904
765983
187142
180124
157032
803717
994648
754405
494735
849769
185759
863946
112739
131151
394600
438963
940997
51629
284593
36081
516258
792831
518975
691100
811145
150876
359770
9241
736503
635384
924577
842407
935976
497030
669193
365767
229235
592393
817158
223070
345583
600665
113502
209383
203129
274333
83289
744109
514947
833655
470073
241963
129283
764461
156398
934277
228299
22737
225689
20534
996257
392720
175127
352263
887080
895674
992602
749112
714417
919582
711765
504910
812455
704585
463364
626924
793307
709273
259294
490039
559429
297492
168951
638050
673389
195173
596950
581696
397844
717053
28595
910071
445110
163857
473049
838958
91212
491141
694154
639474
788306
779691
694582
552886
37957
11561
174164
149800
587544
445558
499075
260089
425310
520541
969380
910843
55654
630682
147233
378892
852621
300015
38808
862063
88770
100267
265111
520183
346894
159058
362171
557903
292524
936065
822008
44620
408920
226217
643967
696082
986404
484992
654195
915076
153814
34613
510717
346682
274544
33639
193825
911489
283267
454617
550199
148671
118418
841826
208238
228994
819438
106014
873876
44082
267434
506831
887799
681241
135622
363219
8745
584157
346210
209900
103594
231074
325863
581450
833007
730282
30375
242367
56656
253392
424475
165927
468047
949291
210597
447102
2893
60898
38072
412910
885280
43186
59940
145000
574689
968973
652412
416330
118168
210324
779578
554203
440355
436027
763578
218733
253488
616632
162790
253839
242500
156743
385910
386868
677838
91935
134653
251729
225888
230708
342891
124027
494987
170611
595131
520327
448825
924766
260750
122663
952752
451023
560069
878668
314024
364221
758554
303590
208634
364174
470957
122080
136113
91925
845726
95539
609512
250603
737308
244155
436126
762727
607262
834234
18785
943785
387513
437459
419883
713959
575979
530571
538373
799059
582427
802790
932124
135318
985932
864953
770697
945622
801941
753179
546516
564878
762519
896395
301850
675069
554216
978469
711977
391609
652015
8245
403704
283691
440667
640397
669534
230969
240282
637064
505150
62074
392323
608553
57416
166984
30796
180473
264688
742540
281206
428779
925865
788604
387491
146477
427899
918320
787585
34583
645899
533864
750230
288155
633660
949135
820631
704317
274788
463066
946549
669203
528664
888449
133336
7716
343485
866909
18095
321078
564403
242982
90398
748872
973906
166472
97918
535967
725982
432082
897193
163439
263629
485691
364740
13334
598202
247699
876973
954631
119201
176325
189272
950386
375897
691096
724464
48151
19322
968249
753236
972325
237664
184555
443497
416652
301929
708874
665014
221423
712523
149069
557293
472711
817180
494684
760652
245302
626131
33632
571003
15743
158067
918645
535212
412253
986740
57381
124071
533643
581758
227553
89931
498049
10489
758396
25451
571387
86795
181069
72886
199211
996810
929261
549880
703515
724049
377876
933931
238418
921013
994400
389151
772580
72689
872449
112284
28496
544860
824602
950593
571293
797625
604205
765786
863994
387750
654629
711837
751966
295642
642357
868503
570767
531610
105508
11316
613184
127802
226816
820154
281032
834412
916168
152623
765983
987785
489472
885362
740261
799470
757818
295608
492551
234761
98643
366883
783638
358097
749112
729762
984613
190787
218998
778080
311976
616877
868896
374478
872857
457870
374931
677734
228989
365714
53269
962999
178404
666193
469595
480716
64550
714566
809041
306939
832682
145249
963311
657375
442347
810625
314718
231157
857283
433305
537692
856216
540018
17205
371438
372740
647344
574101
997844
613746
726302
504701
223511
833469
121191
223361
995914
213894
975888
599229
794915
795429
61735
105985
602653
848438
152371
664421
230155
966353
280774
985793
573163
896159
422834
866018
944536
554319
266702
62361
672015
660509
203553
973218
357836
974968
626320
911793
800032
896985
287858
31192
604362
736935
293064
100279
634486
568511
132671
605700
464848
963196
83890
125400
462883
842745
440036
728732
433394
225996
96334
952336
620680
272845
296168
527688
333480
763293
234145
554018
248302
659693
427733
992867
632361
148991
78176
361313
59413
979765
644531
450329
681866
925898
675263
878198
931082
807643
755361
231644
682449
591501
82104
719595
85684
38088
651822
919943
674746
50429
347752
663392
656641
967160
348141
100723
658799
979230
173049
340424
425779
359777
378863
542590
703524
484034
456825
102421
932227
91406
650845
567771
392607
851478
788295
713483
299169
137926
268457
303720
28602
52375
871324
588854
589747
733028
652648
475027
673868
604917
871558
238723
192183
84461
500135
307875
711198
739706
37507
226805
766369
922642
303979
992059
482116
953179
797820
763381
400622
564232
972548
855999
157578
784852
421059
20500
300886
439392
176561
70436
628306
354993
324482
269380
731569
871816
322778
711014
501196
828881
151053
961820
121098
151174
36355
944633
806757
315296
391288
102595
592827
253717
731708
712848
245721
386161
721402
522129
679960
321768
873561
72735
88060
448594
200853
341514
748574
619088
825723
352116
99206
631553
570115
41034
951678
307629
413559
59837
136429
810583
240080
236550
306304
396891
891105
965290
566824
356337
460889
842231
486308
324412
749713
456444
38130
331121
174148
149457
84240
682428
300690
462258
936235
77904
647849
277157
74852
989706
700855
17734
89164
506551
869888
526031
345075
583869
830783
694665
468848
207575
816505
469142
763213
630158
443493
734517
997283
732313
932573
82026
939556
312093
746992
377110
412123
241340
612080
270438
516994
13552
992385
459681
234210
770293
177058
928695
788723
513443
774957
766601
544939
559994
609748
440110
310170
308761
218914
835990
425754
116734
765105
879366
119060
746117
718613
823523
588226
321181
161841
200477
735718
702564
103630
547498
347060
862006
886968
867192
717726
453703
931482
789187
285031
412080
237546
329873
354087
570555
954671
692018
66027
915868
837516
773285
119882
50272
713483
545489
406533
759870
17237
808488
461915
943449
672731
523787
511672
589292
193916
276797
167592
862356
921723
459553
117842
32010
619601
917149
244485
334300
892925
922719
404310
792838
982796
603807
947215
776228
306278
696015
130794
319906
464944
379929
80467
199711
573288
668310
711273
436010
199127
21838
61881
31447
787518
380863
950088
171002
611406
643095
764667
170235
337778
474643
459214
309414
505954
389711
782989
469450
501354
783736
950437
658097
266871
671560
11967
84661
205992
738517
901859
495742
890842
78236
768512
906037
558658
373907
298024
18823
197982
353257
97751
420520
590679
273776
167153
386116
598217
320102
308763
934541
48115
110457
624731
212523
791187
471958
293022
661152
321371
617075
845054
236846
679088
517832
714624
509491
909688
489126
333067
761578
905615
305728
503137
377031
451677
944230
780873
883834
124946
258873
86026
916464
510460
866540
22161
547059
856309
577250
671020
108637
6344
308649
781843
670166
861404
521462
749589
156761
575481
826122
568773
403478
87103
657807
445780
966409
962718
701474
595967
91271
443237
143303
57354
425440
40647
305589
83585
933496
134950
540009
384864
53258
822388
991580
351527
533927
302618
244029
626385
819975
252702
352643
591218
852743
7772
613890
224796
726931
890021
647373
595304
818061
12029
779737
551740
678088
540068
675462
851289
960541
891841
583153
231881
41166
434085
707923
618835
492247
997870
799664
740161
937553
167853
843295
226410
623054
53165
115614
866982
296984
996823
438476
493105
472345
632922
140865
390366
871883
380360
958968
5709
224144
510854
255917
389254
484045
925294
313865
861834
211206
373185
465406
3987
705514
285951
939593
696015
227342
321548
306338
111327
650545
19629
598866
795527
226118
762101
225996
31499
891268
644912
125744
589337
318688
560537
821237
115599
840452
180894
819438
50262
335402
972345
696008
541634
936762
623755
109147
749391
467644
991570
816558
350598
945965
795833
620787
908129
264876
267198
562421
988089
888895
84796
112736
220111
111496
653507
519667
465495
947485
850621
228829
792045
42799
43457
71153
958248
258955
193745
245472
15671
745409
265256
501517
153814
801210
856541
704309
353708
119784
751371
662310
793165
291969
931831
458734
58007
465158
554209
190325
448532
547220
183143
534031
810494
464857
753515
428079
791060
672393
712986
778484
423929
817373
598013
919107
480993
480618
174683
259807
872834
687423
891156
563604
776200
285272
300930
475283
190180
818087
691214
868204
74338
921289
347223
646067
29838
586735
835548
702460
535559
829287
945817
135631
656748
322542
644713
764032
591302
217302
937899
906847
600474
740766
575067
863201
479784
816463
339703
471710
195186
613935
715264
590355
193299
302398
145971
347050
767296
559240
675264
768335
334277
512044
840839
26588
175616
770201
38131
479889
178603
607602
988758
894512
140712
499332
679144
607409
171432
731193
105820
640190
664268
322757
872842
970681
522613
827564
686714
133755
795968
864583
224785
208133
50450
142401
538718
866076
985196
93545
750010
817071
737111
226773
355415
742193
610428
630684
681773
180640
48682
871620
371837
220539
694392
187089
987508
853782
419443
383292
996101
222568
581349
408811
904871
367045
511770
326645
292773
130847
84783
292245
197133
750704
733292
23771
265698
780429
33511
159074
579999
723840
219395
872642
729578
753909
887745
190298
661485
714772
531126
151407
87563
470874
874554
613042
864429
603673
752580
177007
20939
983129
163489
394555
59
945774
790346
347549
432887
889981
867848
785720
714463
852722
211266
903484
822653
150396
679666
241972
906331
773361
630588
616138
406528
642541
345832
591729
12632
838100
776055
698620
761249
579787
898362
835491
193944
280489
472336
497115
742143
464404
747767
381869
35593
671466
881163
69922
678173
603683
577506
956516
286501
480271
995798
322578
45180
60079
984603
317881
35486
983770
196365
191366
40269
886719
393605
423717
57681
528261
950938
575734
564969
723861
448432
198668
345905
930238
574458
749997
390393
181035
649919
746313
757621
187704
894870
23035
714085
470516
575681
490415
626262
259164
388662
798016
662649
872598
983246
749041
796238
915016
209582
846323
619284
393014
84832
130045
627356
343574
785181
160290
85976
968280
198948
919469
960801
334744
590977
351788
571480
762958
636587
235154
209633
731162
244369
908087
115392
913502
629420
408018
38539
490021
102549
349042
233019
817684
525308
294238
804647
295129
349270
363737
962168
597797
917241
951461
820829
823361
100479
107939
576552
569289
683807
814410
255886
631016
225795
460091
503900
14479
201201
12031
253627
222699
689617
281631
5939
441466
820865
655193
995101
858286
735527
411360
914288
490118
850064
120049
583531
837948
461739
804602
608059
125041
167274
328037
573939
866527
749533
324222
394221
799470
149029
432871
575103
609112
333185
77321
331747
146328
695636
221893
337232
585590
68470
619623
272438
801940
117392
181995
104408
7664
398275
232706
72200
259694
558739
151066
984319
238028
641417
617103
853845
870347
17362
204778
562998
826178
987148
93790
307
469359
603439
644371
801062
199411
473724
549930
94271
590958
230278
303018
967438
915045
44994
918231
829083
179867
708300
120492
530557
296941
331564
358211
613657
948383
548818
38495
453219
300518
209970
306510
768661
510825
431743
434116
723001
501881
870873
168847
916920
299632
459064
462787
408738
782717
592279
88550
217154
929598
208196
93714
819467
177632
262137
579080
473659
16905
822250
270232
686108
592682
295608
354134
795898
699116
614142
125434
623445
886151
170618
440250
557839
554216
197422
983228
837720
235262
604843
791901
790316
931752
76791
899523
974605
728780
798012
472017
660890
363483
709136
841971
668190
461545
368083
351133
978539
186234
622113
805726
58007
79241
664112
439812
741614
461574
245014
756346
171418
154697
346969
518393
936572
883248
493671
43692
545585
521761
730708
676110
794638
935855
480621
89776
174209
723521
998615
769266
597661
306524
774589
792622
323880
582229
967009
821663
445566
283722
669786
779534
474129
547929
764347
446162
466120
825554
74910
142315
445002
141375
637240
720074
839460
859776
687297
477140
176477
920036
791363
237065
770754
19187
435150
679616
702273
979123
735867
705177
518290
60512
712424
523971
786186
675872
135445
92293
192703
114864
420365
477429
873661
111911
859725
559234
527534
664
255056
20171
705978
740263
412134
190083
561755
357571
259457
795228
709121
636482
452871
615103
535073
277704
182757
218309
396298
185679
42198
761753
13058
278979
93500
319791
136397
490225
232271
268385
877760
586510
815236
324445
539373
612676
294266
490969
616281
164438
955200
230627
640836
518942
864497
694412
807682
730624
967179
710627
808792
521311
554743
987077
833752
658658
825066
323120
133632
564032
658209
809187
654498
525229
867012
720503
544972
133279
748491
953799
307499
598604
799296
320063
766267
600988
855718
261471
888173
178148
762028
775734
489834
529679
862928
471812
483582
355756
220175
152158
623169
112157
566211
957344
701930
514577
384888
499605
680431
804837
723202
653194
941855
45259
402316
212895
764957
777646
891293
642504
827294
803811
978888
770353
507314
626180
835738
459677
619030
334541
773678
895019
235446
797
491776
930815
178278
743483
74651
91303
760638
556400
815954
152613
877348
636799
148152
733787
534738
891171
870891
513691
467363
560305
932762
212478
560935
841792
296323
382799
107001
315212
681101
89855
809061
75121
268297
208564
333213
283301
106558
648139
394726
947222
714143
68385
5767
704196
279259
271992
555896
37640
341888
495526
654131
105099
489532
390731
306471
421485
55930
620142
264954
393418
421440
43110
567232
46522
399684
862177
522033
126187
548744
661323
23441
118877
649206
877887
301442
812269
252426
830656
113407
361601
820103
868124
86478
310626
307817
577558
297341
810911
560172
70274
142540
84318
78733
298074
152919
405577
714806
600076
958159
268187
881202
86354
941600
803719
786332
29923
829811
899622
730564
441442
57756
253393
218171
919680
639689
150918
272816
755944
84159
806853
702780
37628
614851
686261
17117
171336
824327
476045
501889
493789
577807
780444
769452
947030
460802
5993
73436
681901
151710
331473
631707
203725
750902
750302
644470
625342
123907
807076
946862
941500
543590
422415
50262
765258
537041
162501
794112
140733
420280
254760
958843
717706
490430
72117
249537
640003
742235
295180
570214
186451
171736
91726
813948
204680
212447
623098
906806
895936
759745
567636
239952
562794
189511
378167
405859
426569
534165
13810
544383
227194
605252
152464
432093
414846
299747
950320
888831
778053
314283
272861
822625
312167
733052
590122
166440
303717
926635
856950
636029
92509
319677
376861
66883
898553
434534
158527
40297
157201
851226
670297
256282
876236
404587
64636
843537
340816
773837
766947
377876
174783
870260
37625
118769
374837
278862
935954
374085
367511
592010
586519
955907
751627
294308
299522
738164
346752
331808
744261
197670
517354
530440
655864
311731
638954
112607
463700
11133
429087
815828
946552
252939
13806
277307
493983
677957
87038
727450
898092
718531
297942
257923
7127
63216
438192
734378
643173
175457
576801
5622
223760
662262
133114
93617
449812
220593
992134
876388
646130
648174
435102
447406
228988
858986
163867
624958
965782
388104
85976
751211
161833
937885
563204
850162
905140
279397
286743
513975
31137
650356
467561
612994
788366
743893
346058
61818
883242
3240
968891
246536
45459
178599
646764
414858
995196
18858
636045
47675
543703
798210
877843
729056
515790
933654
991648
616057
460836
242950
151087
426799
80595
124414
923668
429862
719026
165271
672484
459835
820985
392358
120843
9136
982169
573255
536433
243165
407137
275359
659908
828920
615074
656902
50391
448626
897513
601433
969277
718765
257522
451113
773596
729442
513707
801245
284880
26981
53891
562338
924174
603644
340270
739447
519287
665905
775633
106751
992210
125968
623972
862388
883805
58869
846963
154822
9015
718187
994718
692092
785972
463963
9299
211560
501634
581785
545742
452153
492634
180892
485432
787741
881028
101013
777873
258478
577807
153060
441884
690250
757173
296954
594551
473595
31633
891442
210054
714448
643238
669942
767626
973258
371455
228331
552225
771149
466596
5780
381772
145210
589793
677242
892647
949586
836193
352398
960904
331430
517355
854210
977761
224479
450329
632525
887973
145386
898822
774787
382148
792704
763101
861037
156317
604192
985520
175132
2091
72307
36652
780920
888764
211850
885168
833520
111356
776334
217380
246496
846499
790903
347346
66825
249640
177549
990979
522953
348327
828991
578768
540220
939497
875714
556255
955147
180662
794907
333745
766238
692655
194341
214064
71677
277721
140492
796802
40639
249045
202562
579058
87128
895602
456005
253512
247732
340089
42484
474922
361247
270611
613107
270574
625990
240096
837333
207246
899382
290212
374518
31234
698593
153961
395674
165628
471550
821254
546887
223753
477204
407669
530272
835034
38980
939043
886671
255648
179790
199680
129074
33832
446749
396089
569357
297757
335071
867539
918023
35757
4688
911188
849022
773335
711346
345431
573910
649655
996214
140141
312482
254030
339576
810888
952099
865653
132784
142101
81832
83373
46774
672040
88537
376807
793479
392335
941160
96679
855911
937285
326919
566147
71785
328959
158675
528153
851280
47296
479593
707840
127083
142530
721588
216245
637310
290238
380781
324593
937494
630075
430491
855314
855586
104154
664302
820631
557645
462410
522088
999687
61437
877300
930950
694154
736601
216299
356793
29719
143613
330645
865642
324226
214242
796799
516411
770843
486417
963161
513273
944796
476096
991172
762510
212705
944282
219232
573221
400028
307839
952496
492739
17906
203788
232364
286232
293027
218529
16494
535527
961432
436116
578917
77886
495390
282305
100364
847117
874781
883370
561517
859264
670687
320818
884522
992322
935260
758719
802271
161658
634471
99482
980185
786556
556532
95406
844351
685678
872490
352116
355755
756963
909747
410032
791949
773684
1730
797937
372728
282081
216050
642727
641805
31949
373863
742236
587361
573585
260683
781742
793228
15007
3046
909826
225504
864484
728924
736435
882865
70353
102224
768537
432082
985831
286667
108544
828864
216303
885643
570689
130091
223665
232281
916788
240401
29397
307509
520506
728947
163252
633159
978424
281984
718756
776618
961652
245003
91321
972202
39947
204939
223125
75932
79500
963098
543010
508967
773751
5034
827676
983308
576866
433700
293540
763364
500690
709602
833942
143149
90037
531837
556651
681687
418882
489829
31362
884686
86380
238389
71992
371768
160261
941857
193277
616610
86549
790282
865663
103764
710764
603436
572631
816945
185620
514108
70599
961017
17671
99994
137608
121417
912261
756094
578294
817773
10664
859351
27251
435074
944322
987232
480370
185544
244505
429191
484834
878752
564060
784381
588905
53143
493249
923803
210158
762310
158988
799267
595912
237636
435865
185253
692234
159914
299422
487977
479033
933125
320459
283225
461109
223798
669365
886095
441621
261433
966138
933219
803593
509115
956088
199788
498031
961201
429261
484529
96568
105167
84907
838300
699352
337336
307496
162704
570188
823782
255205
787169
339462
553708
882536
40092
870678
519489
817833
475582
171981
458245
390825
990496
562980
155902
617853
706143
665993
428141
166844
433517
626218
753381
575928
125165
147092
407567
34264
927942
6162
717793
420164
944053
359047
746362
915329
693096
103280
802901
867440
352010
916233
286232
388710
570195
619177
554830
700958
267200
154512
133521
12780
781745
688643
520807
235547
964301
828264
634216
53073
592811
259535
207246
975058
975548
663072
574755
685129
891819
122708
327648
175770
711764
413771
655780
788927
881681
803999
766267
544518
941160
806200
717567
843583
205202
340340
255116
476315
543078
92614
28513
486416
768538
618285
185562
252156
10046
864497
657689
846160
170358
872015
413606
631355
238389
644726
400075
512664
818643
468143
302934
915806
923061
368308
831272
390171
772716
842438
775380
156122
728732
870526
823180
901939
907781
994448
779717
965257
668785
919377
602156
496737
119061
964429
466198
287497
694527
369838
345404
479476
543392
256992
843862
961005
749086
413663
123446
557955
269071
137956
292719
858955
278453
170925
961255
280306
132966
444270
975111
794376
365653
609965
618793
506860
991590
467979
740679
591511
346869
870452
399828
3387
884557
500334
553046
551148
327577
891427
791661
540204
532435
596080
661636
768335
759376
418089
294393
124746
843629
251934
925776
873380
841171
75594
195872
189592
338442
309478
87926
393714
351695
142266
266554
202247
370005
761341
385321
502189
926354
42458
574126
608261
828735
707649
18504
91337
439354
242367
651110
879347
665359
100490
113546
557639
431863
65200
262101
97566
166771
467141
589064
751206
9446
993892
921783
731116
726208
31904
180203
787878
62527
943518
653750
753996
265315
764383
318575
191395
459649
507120
337099
372612
638007
793232
710580
168725
869949
721218
145069
815956
77236
519675
432914
522628
486334
608438
828234
327201
132194
686352
381800
248039
824074
56429
408747
562832
784959
501573
237546
235950
337939
560431
980209
748586
59532
639441
750272
825270
621589
466192
459627
34822
89749
994416
355361
48466
563800
963240
82519
851881
496713
829165
71115
270172
900362
911922
730865
626860
289154
83172
340129
958515
904148
331430
82743
781101
302422
524490
8739
255349
927540
840099
975440
856676
235757
177343
831731
428318
623783
660964
863322
540068
103435
360086
313136
50349
159
467922
293605
504699
593925
568587
895034
216972
141198
263102
359328
574130
810207
964973
837200
401658
255586
908193
701691
967018
818634
214418
892120
534546
52423
529545
934555
964960
330039
411618
193225
383460
528476
315213
371486
534832
781180
711481
402923
375253
934911
859290
487599
334929
517646
558975
246218
444976
938886
235541
808499
484969
776284
868917
801675
967783
767206
60143
799900
209946
238917
223587
727443
994048
794528
82019
886631
89468
267815
303232
974454
9968
381858
103343
325738
261497
104658
307873
23112
723599
583741
274207
351062
95521
326159
219722
891050
692816
697351
443896
822348
668737
755225
991470
267790
548289
445126
642282
414387
870173
201846
51223
707730
72277
478656
956845
887523
996551
496583
40457
883047
90025
300984
555050
152464
179892
624077
789530
675649
830241
154904
127903
869463
245846
626229
657881
242678
117073
905279
890874
50473
365624
485597
861819
174540
517814
204236
795751
343783
392323
299096
832165
178519
790056
644952
402797
107352
928007
845752
310509
505039
66623
826369
671676
465291
61159
841446
46720
54597
288822
78002
731116
260319
515319
471515
504637
487061
562758
32519
746560
183791
195078
473922
752902
6420
44338
611137
520626
549057
326833
998128
648867
421588
712746
648093
659276
183514
523971
487062
28707
95983
583297
912646
584009
999988
349841
385180
32342
259781
622122
89098
865430
842905
385773
627045
13032
172431
620074
950085
229451
35874
885953
154368
396298
585271
216584
683087
961085
207266
352857
664453
780481
756904
233686
300719
238208
572442
895816
293163
941069
759214
274890
728968
143186
321025
647966
473056
640556
672625
805056
698159
293097
633084
513036
748694
573520
127998
190420
579408
2878
376529
130219
266702
913973
512285
907268
460348
553204
738662
603486
455562
35721
62147
310731
726810
598586
219197
830593
847246
39242
166320
967399
295650
501993
332685
11203
63144
652803
763175
258809
553936
152893
241060
571855
643281
348665
113726
164132
983092
837471
534943
148816
701904
115338
926129
719607
5913
139775
846223
655387
33505
743372
820865
132053
658835
666037
555767
456483
590053
645012
899460
507734
611443
936740
474552
376774
50295
493249
779885
710198
934274
979553
181819
688021
766367
388490
717036
555747
955147
840622
734309
77553
262972
402743
505542
969114
425365
406135
753031
21703
267816
422649
991566
148740
368775
234788
641478
723278
18955
707593
339504
256461
196
35456
857511
54187
493025
543361
948903
963161
805349
208330
152464
822930
360571
771417
945996
36397
912931
260971
636061
395971
72076
974911
340720
280838
680834
588074
965636
166465
150361
958573
29484
457169
477214
766530
176049
216748
976178
903407
688849
64306
635206
215240
544860
17933
741912
908578
101173
808291
474702
368232
315509
749235
874144
948249
675118
798927
745471
562264
246447
729701
216410
836812
688539
18439
563508
335152
310626
186952
62741
442842
838634
150076
502121
61834
627058
361663
608953
737270
212761
774574
571047
188572
523089
706816
659157
288691
910180
519095
797680
195027
895671
958926
97993
990488
839835
345888
260003
823298
793399
3353
250761
290517
2948
670139
409194
658681
826081
393155
981548
797739
467208
831704
467664
469780
604724
157563
350276
428215
266716
333751
287513
125902
678456
884970
938094
883950
875573
587217
871355
997676
405822
522164
36099
738591
847270
942285
887064
687883
901739
615935
922764
431502
82596
842629
441765
606450
489760
216281
528557
670281
361876
594146
616182
488047
444605
303800
221536
978648
118582
512664
474030
123286
239651
265270
419173
965005
886719
341170
429190
920643
836579
838991
416376
308580
408470
302763
126984
789322
212058
674466
104279
64109
313992
734865
200100
825368
125955
350356
252448
135685
687043
706802
184168
979523
464580
399769
192428
947189
181498
141387
482009
965580
338472
40536
931064
852750
201472
138610
888740
943908
57933
338411
428421
388239
345878
121999
438578
894254
105821
393907
694351
347061
72842
149660
561501
604168
909413
817256
530280
493682
371396
445832
157253
645363
932569
379948
735323
270968
182834
155652
472209
940173
19381
111715
659561
441746
404048
994367
817646
194556
931174
755312
551169
682920
237771
868905
511011
557037
851458
191407
319059
945754
869443
69598
824203
701665
887563
631408
485737
672939
960601
848093
4905
424733
990618
927116
380865
880883
818771
966889
726157
793859
957272
784969
128727
744030
634780
454567
852979
595366
264353
791523
345713
429428
230142
156076
409734
239185
254725
685045
725343
874391
858754
734391
236191
59335
432483
815932
387051
714800
853758
307050
29225
214365
651661
762577
448607
857742
142695
627582
661447
649091
109487
111116
385475
305495
830017
69710
334861
996445
85357
807001
787486
236597
235737
641883
528662
268576
714052
968627
962167
846160
676992
458734
847942
800441
309717
741239
747161
758356
729609
417875
419892
721144
563422
783496
21606
766423
341362
232425
37287
477073
659919
248426
683690
663073
796721
264343
162581
709413
678119
96178
247849
259053
30329
929072
461065
152117
894677
807991
527077
662086
189313
395666
782344
588256
871833
358094
439610
267562
163891
435551
601014
130854
313754
242345
597899
824262
548542
614926
946257
952136
348299
411607
910685
490606
753974
146848
992414
574941
474258
453397
437749
310595
192486
594975
878286
863626
306702
664410
619331
778800
746821
864293
955615
519885
146828
787209
143208
776833
888214
425490
530559
182101
603402
257382
769385
592995
499659
453036
133494
505150
65428
702678
968153
330262
689515
449869
140058
250804
303288
44994
211454
669142
204646
692497
605659
584879
549531
226799
459649
727361
534439
841578
695470
529538
610862
531648
703457
342603
32722
966510
101423
176524
819214
276239
332053
865562
197865
583558
838032
57857
699343
889248
365767
460908
32580
580298
421334
949101
187158
716703
797848
813530
757380
726024
663781
795598
550062
206284
526203
676564
77005
