673120
61418
359355
78055
397984
724563
582756
395125
649746
65850
685358
956845
137221
824119
323467
172637
461662
837058
909469
987116
212607
411379
950293
294539
989358
74670
720693
176216
14589
972485
61076
727135
3491
367677
976957
998293
732324
1675
545966
189124
485452
475438
534317
249365
665319
189592
682868
42545
267735
453785
812626
911689
74523
477610
58347
207848
15782
41969
961253
538929
925913
379266
873169
209866
3083
595149
168807
845251
177501
592084
71377
791767
955953
310766
817391
71979
471795
373661
893936
811304
389595
851487
338162
437421
283310
582895
247421
120833
322632
69430
221931
185487
242103
268631
825141
695309
556789
555859
463749
442228
373065
239811
788699
940037
2559
862349
944912
948783
150638
456078
27285
431067
23311
879058
203685
801051
268086
150262
526839
43541
137415
816030
693521
590422
378048
917287
883643
805296
54064
149309
876931
736527
376843
345184
222890
958611
13233
901489
263358
820024
702076
975444
753728
449345
266453
618373
510272
314579
513329
514577
897513
694625
618994
371491
529584
736577
51207
986102
921530
123238
515193
404110
688806
70610
494492
590818
10209
695962
98654
649532
920267
596376
717893
825872
718140
479577
19648
235605
173896
940756
906518
729035
826812
327914
331525
635074
28717
787414
917822
701846
495408
310116
697999
802011
504137
418896
729899
830467
907128
185167
171870
309700
10706
780974
47684
396354
897675
822402
132518
580961
81814
959877
348879
153195
731922
523379
555772
968646
787613
51116
853644
798625
392545
136701
489296
382774
631595
773032
477903
85973
549399
601547
54362
739825
675327
731032
528156
884964
766371
103334
861022
344691
435325
142877
282455
615212
904547
52224
974335
442140
815646
666429
391821
489924
777930
567527
20625
328186
911848
871376
597384
708315
698211
937719
970034
25811
905811
408301
462790
72079
16351
792258
556691
845797
422854
371841
37703
25847
287461
32413
187300
477267
326700
551062
388195
734806
386901
11770
895585
851207
304940
514715
884156
94734
858904
8263
909599
967650
83015
131310
760795
590512
419398
990209
405049
620285
333565
361478
947239
585894
572824
633497
371383
204470
219903
60471
805769
941495
178320
596520
130314
119590
576371
755138
467786
157394
419544
181695
709982
222331
306245
902620
789450
708655
947981
885761
580384
329851
97045
735500
232610
424334
83662
789489
762612
414281
781659
708147
255112
415465
684643
122679
444797
300165
634216
355730
212597
546684
620722
63151
998257
565762
254174
691490
594105
147557
205845
811397
97918
726161
861492
329948
238605
274233
215044
381170
23546
204310
103677
655180
726201
351678
94188
17953
21837
639895
295567
272114
465759
706157
677771
280508
390874
937761
728573
343833
423176
401964
881005
73560
53633
224933
339703
832037
477816
201515
50521
920860
294914
71035
324474
613251
239461
643259
747784
527233
541493
525778
562129
179920
401739
898146
723114
806872
990643
241510
139977
496159
588718
991675
491916
658938
433810
167869
36134
192103
347624
56790
262388
441392
723470
660373
360161
974829
329718
816525
947214
459209
616558
763528
636520
426296
377330
392092
311575
5187
683790
426149
66802
242887
492775
23025
205348
354956
55358
411673
73790
712401
419736
432238
500821
790446
811506
334821
364677
493527
731638
698167
439033
663683
853075
398236
203731
96942
367287
648985
915995
174986
503161
434667
564757
183173
93853
849470
791853
126109
199476
952077
588895
306451
227004
156008
632820
449717
313821
467728
983151
730583
540159
921273
959157
883528
997930
42581
87242
554703
678063
795886
609376
69021
550810
212504
262627
763837
414537
610173
772081
655725
621310
645426
609741
879755
46479
991584
240466
79269
761026
129392
9571
999135
840500
885178
600274
430437
135457
605575
387133
78922
688151
775188
374439
87180
584252
148946
413981
734285
769536
28322
357363
57724
221718
622104
823945
423058
557956
783889
198965
887611
807422
395682
987183
424316
936492
801158
154974
491134
275202
539742
657829
996551
69939
210143
129692
991516
782595
464697
735278
562975
143650
64357
471027
599386
922525
150414
144115
793126
704079
876417
218559
292694
578549
233658
772642
260927
22498
749554
644500
632820
114319
788005
148256
363145
148557
204981
962920
394917
214328
969589
661696
443435
760598
863987
530545
208433
454015
595564
329415
118657
34938
792470
813792
878998
372032
409656
722068
219089
144889
846093
798582
653411
964092
647665
433810
527990
450259
312492
737900
881858
389450
873874
726715
963734
288919
427024
409175
413098
722851
281461
276819
640969
64551
126661
50132
940298
569776
865355
665496
86692
946647
655072
391400
577025
913853
933504
638440
789806
991314
705610
220431
837040
556797
335850
276043
266957
629964
643377
849702
936396
219851
492124
975718
516593
113135
462875
419672
282187
758357
176931
182337
949792
947279
135120
609822
572246
74897
13642
70450
293740
497226
607891
883686
371903
393120
864039
430809
863632
789255
588950
793815
134365
941137
199473
704064
685233
408315
4819
29078
117078
807071
890259
945277
210808
99512
64814
628517
27970
702346
308100
320881
469588
883376
438511
26823
798903
178881
511121
337505
740953
892877
842390
293157
595277
99400
166934
857498
512974
275478
115552
911975
551724
268970
274143
361945
248730
973844
190264
988310
36772
694953
744253
203253
665766
429398
723244
171103
760814
393054
634976
47331
41919
187773
429764
805376
657334
538986
5996
63306
259592
400933
932025
28169
949981
381312
493187
889265
835074
89732
979225
752744
541911
886493
148637
479711
791806
570385
858875
381550
472046
261380
790152
192915
617572
223739
412161
938471
139265
429688
267058
619761
517119
977135
621230
218753
535038
46299
985814
515015
805148
866950
404204
657
615568
478607
17072
572080
264285
629291
99106
631525
884191
368400
28987
484007
701667
829015
600645
74096
330260
930270
803359
23521
590299
602229
507637
571433
270766
811714
25040
597053
236730
448346
648717
601589
606342
542990
344573
152205
31398
269577
375894
731220
845526
428716
918029
892513
694755
461558
407344
349038
529359
264662
759742
811595
67989
140897
304193
592914
993054
571397
447650
174522
564169
718802
155508
679921
644939
674112
521058
801856
664990
337420
322457
624153
81702
526119
292519
655912
298284
881294
221049
922314
606873
707209
476518
123356
923328
58035
961866
575627
536070
438114
558792
157188
302237
295813
964858
391104
443115
780213
830327
356222
662584
877736
853092
60988
882530
141476
13942
334949
64623
976623
22749
788699
312773
939939
941342
817950
706868
123300
203402
642626
28530
596664
9149
377628
977117
194416
156553
516481
967224
30566
203731
72592
596286
465651
672356
470141
456543
672730
373489
300670
533535
927414
893924
415152
221399
177551
368538
856712
79266
842470
768871
744556
551615
367123
836123
21347
922699
567814
784859
264084
672359
615568
273406
268793
918919
89108
997561
600386
979048
58467
486465
952303
172351
722721
844851
153460
190104
575894
636874
621511
229606
873637
393825
690237
907937
896767
125177
841270
876312
46991
780186
976361
144025
278370
186217
345441
327827
543968
484613
941153
611999
311142
431363
857099
864850
374842
171335
261916
588319
619450
464475
229336
52443
117200
245829
959428
227124
525193
415602
717848
616108
318608
128872
829131
992511
605829
813585
621776
615053
378871
57060
999828
588440
756821
891676
717642
578944
995110
799018
399783
474730
294612
356862
176899
662677
156761
752113
86732
842365
328558
911629
153650
94230
831382
118375
223548
220644
496145
890137
553979
180034
346708
185156
711415
681879
385083
470147
764907
390883
173688
393136
979725
109095
173423
689831
158893
184992
502894
451781
221302
921095
786450
118016
107769
493847
639269
955439
484713
348337
123960
62941
882438
115829
551711
930490
648298
360205
243710
551909
647710
807484
427720
344114
76507
102120
923056
405982
716176
579309
782064
692064
750395
475744
663552
270808
46011
247561
478305
564777
689359
994942
221106
433001
857650
422474
69423
643619
343093
124137
190510
380092
6141
772887
488690
405901
791323
799697
551116
153454
33933
555772
312421
648723
107816
448606
523399
534891
233966
313537
342060
39092
544493
69436
94303
374244
905700
137134
213089
895553
364049
390056
936494
528909
766449
760379
601320
511379
877862
780213
881171
82305
912725
582292
852928
459241
479107
408364
739262
394076
947841
506032
360119
484671
526783
855225
901799
564446
26289
277860
564474
331438
957276
973998
877632
116417
227522
307397
137756
955218
578143
986469
932477
732029
137384
986446
495264
678751
947577
471776
275155
575709
454327
214518
263705
777407
253596
485333
190527
131751
707355
717202
277354
716044
771532
377994
770945
327914
63498
577215
677541
803220
232829
99785
348184
41949
842017
710288
277366
408047
914089
92667
45459
354299
580087
994355
813415
686073
940230
795973
90133
230067
120479
726480
252506
555016
654615
560536
925619
130238
964970
541368
738760
772414
641539
221773
367003
752721
134623
15698
765610
579499
932987
330
251384
415456
831434
758013
908379
390989
929320
701598
254471
774122
380439
468768
765499
918662
751873
603420
454345
358863
732794
549870
74246
988585
92039
454729
989238
402040
44938
357273
148942
760584
74070
234425
209849
611290
387332
154958
10946
301334
430232
813212
420524
540327
801279
62280
775188
188107
551615
34356
574039
910025
902176
218603
280084
922161
818672
771480
957015
518428
122714
453948
774477
371321
199453
212610
972479
605321
37100
118588
557012
620231
158371
845654
3334
152289
911330
905422
433668
846769
353213
81307
257327
127850
733177
884901
647002
863484
765202
265219
808934
449556
69947
224655
313734
394400
177217
124016
139504
949586
409043
266957
542251
729326
86301
259598
194320
775182
596151
231975
235158
171580
249748
45206
457224
856163
446515
115528
562067
575610
176954
607866
472286
631223
984462
374268
382387
631826
47993
451347
238266
242503
527586
739573
205805
157739
207904
658427
921877
130071
298792
878052
617963
594815
960433
771395
900328
604195
702786
501693
58010
260754
651431
400476
314746
486881
407558
532145
614862
743097
765070
243920
957537
166123
47998
634069
116252
551457
243859
873482
587774
65675
958628
247636
254972
646597
135078
373945
368542
527342
969188
841118
949128
588918
83672
93863
607202
184715
343575
833240
259980
55756
763619
632588
867832
914229
689798
899437
814077
7813
330819
555680
810240
149947
265138
637562
232736
123946
289287
923153
424900
162867
653113
703563
613205
112718
856541
302590
565862
779044
328671
262953
123875
449132
383377
473042
155634
45797
141878
187511
565996
682823
333700
363026
801604
365754
731336
368434
229627
860260
353807
837885
19824
279805
809857
24492
183406
435794
459931
186705
731613
755826
926283
4040
995501
790425
104489
873290
308965
767229
875911
762286
60187
661527
747276
819754
837795
311705
268489
813020
41812
484647
385547
37432
316084
72399
590477
454355
454906
152228
3271
421397
995464
863451
404261
131586
641750
923223
790203
195651
872232
280610
34713
903030
486503
846612
512228
732413
277366
658764
376050
485493
600568
877091
216636
469737
764098
814573
289011
693521
345821
132397
499867
352476
397061
942082
551493
767513
467039
43593
91549
690035
240804
237793
543764
156515
982887
342260
22040
599193
128535
588056
917842
846056
799321
723040
307600
596664
696940
62407
178089
72167
426934
177497
193672
83097
249425
441530
517308
477092
46031
138567
165605
500777
433068
923956
446943
700517
556485
831089
679340
721927
34518
764657
901833
31001
858848
335472
845894
648274
396618
200587
534882
362463
456249
49295
980615
797015
6454
807737
984025
718577
544157
19065
225276
253939
157974
760824
433230
968417
815330
397797
111531
216338
737823
341646
784287
186688
604588
342179
291739
747413
647623
137287
957423
854701
560084
833729
630405
29858
829780
874862
635647
186245
831215
501194
480670
201120
567553
972732
575791
702763
318229
465284
213228
341017
58549
649494
93462
699560
291365
39804
66106
75141
877790
327991
536960
933202
69914
184055
167534
353897
449414
248606
849234
255112
560969
128562
550312
99606
248857
483171
748815
836416
628818
273730
897903
574081
953189
650367
808532
574557
616948
422332
246850
797976
448762
996975
570985
512595
619626
815515
827675
575843
652795
268668
414422
898433
322970
636179
364942
609338
630993
978630
389601
206680
949511
105066
545940
400359
249821
783529
209364
698624
109091
18554
905276
380950
101819
392261
112381
302858
529922
777103
890334
253702
84345
267957
762824
622880
230106
881899
169338
190
673623
782991
150310
503706
453753
242441
656454
685919
739663
885863
949060
564300
349321
393031
889508
765447
97332
823742
346726
785198
58787
968057
302010
231431
975333
185619
458731
626713
164151
491701
851178
933748
93858
448289
397540
983169
891300
693952
37210
768932
559027
302908
473005
669761
471457
664543
82532
91451
671857
44656
221162
338685
416496
17364
873871
958978
724534
883694
666464
849726
61966
865744
733692
89535
807258
759990
6348
773105
135335
341646
251857
845244
87248
363996
772196
875165
99140
924868
689019
541454
917768
93803
870923
576927
105585
119785
832958
297719
788661
461616
241255
131124
727617
538092
438488
139581
887624
729899
854653
958478
444051
945309
799049
608079
123141
689378
743852
979986
212668
203934
787982
420967
901361
102648
643641
404781
76552
357448
390226
622479
981535
214247
65784
469246
91482
616318
611785
71604
546271
134169
254796
880814
503168
342899
710711
168606
296911
578781
937716
772065
216466
395019
488558
247182
795775
880630
650891
446128
164358
383610
649058
360502
697920
365123
433157
738666
536695
677872
401024
440022
628184
886541
670176
960500
112332
46468
920686
187683
172916
746286
863240
840565
898367
414422
743948
698488
319126
395540
993614
647475
585383
92039
855664
599950
94068
923247
98246
532599
822245
677920
742937
976880
630080
707782
737736
793372
420531
617654
848712
308659
392331
106560
191065
402080
792208
851066
121287
680094
998004
317735
478658
355478
295364
105069
238520
918858
276594
329806
612590
976466
158869
266171
684886
230925
81530
72979
338257
670955
851671
246339
47551
391821
862445
123797
446866
250293
79898
145814
893225
694566
172210
800575
571057
737968
534887
746804
907738
475334
825213
468749
479881
79895
43891
100735
982713
821851
778466
932303
452770
238871
947992
695086
984141
885590
584758
589135
795994
201307
108149
149187
843944
911330
424895
842085
258084
839732
107788
66339
826359
27960
626594
815928
454415
165290
867469
381757
195729
770751
748287
773778
73098
770047
625616
885274
902685
835438
317627
802880
361474
126488
898792
829720
464123
62106
793395
204809
253653
569407
580315
760721
545842
457640
862354
22053
630585
336548
566314
997900
666818
305458
320148
862119
651826
454712
526645
478024
319445
731694
302899
546069
757508
26189
682604
391850
417877
930951
320417
297986
352205
891915
199114
42530
931788
235512
365780
821436
181166
685003
699896
426088
554762
409428
502311
418725
272095
282979
417204
806315
644723
731366
8669
185734
397251
22247
167122
968094
253090
15972
569414
81522
318773
134599
710927
460238
509976
658429
848305
97014
865607
122700
437393
537828
397855
764372
97795
995529
350704
84908
473154
958188
161377
898675
369586
201344
153799
581823
554512
436332
876546
505011
943693
795122
684504
162515
276598
97445
871021
683283
118333
889563
718441
829176
534279
965931
403896
536423
511623
387462
943437
519674
703622
479450
430836
352968
168635
730433
360817
146157
550100
806092
770596
491664
195247
256166
141974
353420
104445
580130
947115
463220
733865
61892
516394
484340
978715
165489
344451
307244
180888
504607
632747
395524
651238
936692
472320
423389
201996
496275
830538
233236
856454
468877
722162
594104
353458
118000
214503
600368
297692
317796
525845
544157
297507
11420
516054
985299
830488
817309
24610
252574
264172
612722
530865
484124
926754
243264
709109
507789
642166
399477
180841
83369
31449
434888
446775
804983
521306
282935
520489
791765
59659
284147
92930
805029
55014
471019
331156
861514
174866
903060
229730
373677
762849
905592
421016
511310
328636
920296
314735
541855
990865
579811
840981
620756
813244
672502
793703
927469
216216
449345
648384
5234
83369
345090
665669
906498
472788
406236
619477
438089
309914
976056
228554
451335
757622
355853
502818
939103
832079
761423
875191
604154
847009
578698
405596
860125
508302
822202
367442
605480
161439
27623
729068
758726
395525
528982
576138
423791
69700
16654
756206
742682
931549
438084
777280
368919
708655
619621
327005
935616
483690
895097
372596
672943
948200
222983
50037
764032
787447
366686
922199
979511
825736
674914
699390
818592
731558
485999
514404
708505
74772
753528
299251
453339
1491
151282
247447
668586
762714
752586
347708
305003
140868
932962
538417
730818
695152
131447
880282
156172
381074
41552
760945
865204
471441
240063
65599
397250
152177
741348
238477
806891
342326
350259
240176
834592
326588
911505
963832
467652
576831
389701
126240
958776
746228
651826
374673
510741
119031
163727
753084
78857
963340
798903
604002
96156
495564
752110
352840
800836
5187
238641
845519
618403
518768
587077
218229
588905
271104
382047
739444
331266
482906
183750
358485
850050
854487
695782
564127
879749
954745
171279
622778
968922
489946
53396
218229
943767
557251
368160
181495
201234
186038
52615
206505
79770
267283
604791
326608
298760
727784
907128
69012
403161
450845
964220
347499
64187
843969
323330
232748
980682
560343
332272
904032
902403
960276
135168
125759
53695
292099
283397
770669
471979
89896
830467
39419
507950
41920
540228
71199
794081
83286
299151
315432
998293
972292
613879
625078
756380
91752
74133
315621
118192
177204
215545
457862
552364
519214
306120
223026
466010
188992
641688
845844
209067
544447
807759
922852
148052
61741
943617
529214
576968
581729
489780
773694
307260
187528
39557
305948
338195
684464
753627
207224
623545
981485
551791
307035
60701
50844
741610
381584
224318
413988
763859
279155
319432
609602
156312
84163
42184
866176
16637
435036
28771
464324
754777
32410
497911
875895
78358
964095
40195
907174
80379
299484
233277
52980
232204
566491
285142
620199
34589
788732
957537
954714
299105
383909
71682
763920
374804
791482
450260
894987
823770
594489
489932
163527
347441
849058
743562
329230
958249
192385
349568
362212
409308
298715
512278
495893
155553
582977
278395
785559
330157
348050
300998
162705
769292
587912
151282
780261
80567
174275
798454
30912
976712
259838
553611
693593
454880
567382
828252
661378
52057
663772
821617
669224
957969
470818
784830
803451
976381
705305
760561
905023
324547
484920
196853
501006
586187
100397
380369
213225
704262
626291
779813
369101
594157
873124
602541
137707
383226
622402
95762
154644
285237
849917
191545
933087
963256
40587
671878
385868
461312
544653
574439
81114
459824
520157
21667
807712
277985
187203
702396
541586
855632
81255
580753
654223
257605
421774
537598
916895
706573
190365
231551
184511
869917
833064
34050
919936
553323
304707
816969
831885
149932
76786
666429
866310
308113
531657
355186
478138
67580
95006
712954
684862
984854
487970
544869
737120
169459
590095
935192
415931
873646
174423
583358
844219
195730
531969
50108
950742
162033
832911
176091
28617
22479
636381
186632
554312
255719
548421
348048
383400
776957
835737
224200
961599
456242
316458
427220
158831
899057
326799
960888
970997
726832
211137
433624
736743
647361
131395
390172
413003
802272
954750
194953
165511
977680
484102
479386
451839
987220
740781
614865
537332
89981
175143
280323
363230
885770
287507
982706
53098
135173
488796
329170
806446
831939
448086
643859
433706
929754
713599
573472
714323
36035
576876
332839
906086
561827
919243
714898
487831
280499
4140
997774
772813
954265
334675
755251
107707
891830
304547
356941
383234
269994
913151
41228
335752
328303
570347
785947
96992
926013
812430
329804
162669
764973
370427
408804
704557
477987
710296
393282
879706
582274
728849
949731
362926
114084
251967
511378
466555
391587
703657
382425
718577
78082
219924
465689
952407
997764
844073
546588
18464
333647
86221
460349
894773
212154
30186
720942
716135
76601
107525
610046
728972
411170
39183
722162
88212
269477
564345
992385
451449
696827
387863
76977
706096
377240
919693
161640
338013
312680
435524
109210
555221
950325
795841
428967
329094
458620
263266
222530
687748
673466
420618
139772
554811
77784
180839
189541
446000
113623
714587
457224
632718
998798
772263
238374
108949
384819
858805
977334
934047
939541
117921
307746
441681
722684
10296
802401
168886
585824
173999
225218
63779
83975
285167
10360
569411
311877
734114
568326
549126
106517
445007
157405
873817
446414
421181
829520
336291
474034
19390
314602
315076
984527
947424
673645
647314
443347
960406
904192
556572
909718
13203
915486
456408
555392
666127
630162
247451
406671
33559
695
776600
516545
359264
759309
303900
634376
805460
756945
150454
805798
51808
370420
855430
674370
630355
191266
469148
238428
636308
432337
905530
978208
631108
61851
451075
66391
789964
727091
410500
681703
284941
639599
293553
789324
29375
38069
982983
47062
625239
761223
999213
885358
52655
813886
94451
165643
40749
5168
438366
550282
897390
12366
251118
57937
863479
688949
155127
612304
41303
479711
283020
698125
715816
131020
775572
963340
120105
220073
113386
248206
472208
133165
426452
627260
3241
716850
980439
390330
214487
760691
371583
142518
137140
838343
309176
678819
252170
787674
201511
725552
2890
920548
310006
292983
285250
481759
901397
189096
387498
545096
75427
740137
544493
890937
416275
791254
574193
946006
825985
102701
997741
86684
538808
508720
501043
161076
736798
978994
986014
494259
821124
602023
481952
497315
576805
30531
159567
34261
433381
869633
450178
110749
620130
342624
229674
794398
141018
400069
403522
535121
120346
401349
401032
967342
839825
366029
808904
871804
956356
518642
607462
878893
564704
643870
690365
121095
831910
104806
937220
531616
218567
936837
88417
971337
913875
670191
269166
994928
797032
209052
192342
77753
896893
988444
928110
70956
744836
722140
128683
545546
916482
661975
950081
534279
653975
535817
982787
773778
755531
779675
896036
40887
45018
559545
717430
372126
526025
274903
246422
827227
19900
126158
740925
963553
447832
281609
586521
264340
435275
16064
65151
245652
102163
515021
988343
251108
442178
16932
293635
535528
133257
148052
483165
886818
25084
710577
219074
431060
921406
30582
69261
251371
504495
239684
80471
293429
231909
116105
402667
872899
860064
326087
825283
603689
846352
728963
490252
93799
688077
821750
414443
651725
4074
505054
799614
8856
365808
342184
352851
564710
221941
740730
133074
261922
866361
960563
776419
26853
787230
965752
719528
727679
302583
678299
182472
627650
453779
164999
984700
431560
811015
738412
939653
487947
937132
19657
131630
562310
601473
794607
461379
666208
693064
194984
585574
947352
10355
616948
763057
932645
197177
210057
56157
526647
539425
507843
972147
802676
611496
916321
927193
86437
510571
191266
480570
680579
241866
462852
869144
150738
105418
898978
68630
226127
936089
146518
887308
87303
213870
479312
483468
746092
886415
698455
453007
145252
302554
519447
246477
42581
329162
348812
60593
498846
532470
538852
380663
926485
75947
682310
363857
487348
783664
38976
300670
974725
488603
781242
829649
92477
984323
116454
417799
791951
843881
678995
19950
251967
829453
386612
634550
574613
666207
389777
837621
260441
258819
269131
963974
747052
904080
920688
833326
309451
61378
419521
759533
877834
483142
148208
607995
67308
7768
21070
370368
654908
778910
200997
556435
184715
699271
236948
990710
715590
752079
246720
714051
453012
943617
441338
735144
873002
793944
109275
934845
186575
625056
721964
553303
191248
266358
955670
788395
669206
656082
70541
93763
801353
989931
8919
438594
985403
965987
988175
273229
495169
768174
579542
274618
98561
149543
59019
544358
137507
761704
268104
975544
514445
602435
645459
883063
737403
690293
869892
86739
338102
145914
784711
381663
565337
745624
81810
252654
462478
431991
201443
330534
207652
290548
617219
870366
908319
515692
928667
344634
977313
92449
696376
146949
458082
598003
858311
623007
759894
363588
546324
723113
62663
89255
797252
34686
543882
468667
72847
439599
801017
457062
864039
408706
638143
648965
359281
501283
635980
317063
188537
983899
965782
510168
521754
728805
651669
98501
399213
114216
395957
182278
94532
983786
208315
449173
726010
7266
484102
608038
861474
585243
491342
497886
155180
737410
746548
72387
354391
992054
557153
338718
898005
400052
780855
898805
523476
239758
262438
282503
474759
92039
725398
750024
117972
494391
719563
726768
815005
425794
430415
595616
691914
721560
52223
544052
112366
829595
976350
116658
238992
977898
371715
393521
54165
914678
507426
199483
575098
675390
987059
739569
466670
353875
902953
245531
773902
291430
318722
73670
933415
444295
698167
187778
787795
314384
139562
395675
296112
625047
36421
912009
971662
354597
922199
88191
809570
302742
793022
833373
425595
413055
426753
372587
139339
318147
427051
246184
397662
68220
695038
904749
274905
358506
775190
514058
756748
211828
757229
918834
976123
875756
278905
246887
314195
432576
11471
380096
900555
815611
910566
438176
852392
661435
793893
947073
624067
67284
938557
874184
397273
745534
620447
270956
883661
303164
124106
538139
924282
454193
406733
264601
57269
573103
390519
847002
633250
476917
384732
900344
147159
445476
375588
546881
766572
458147
762294
169759
614726
448900
333700
818445
653700
455170
352960
972907
581612
82093
771002
675139
889822
492356
174288
785030
950475
9693
644184
198871
874690
101701
142213
660098
314623
467644
649706
639230
717219
372916
626014
115872
11986
464831
330417
628750
612549
466229
576626
533537
197637
472261
992980
29610
627291
312291
364925
261721
166341
604990
801175
96880
586867
126468
147976
703851
571045
535038
608328
784650
320263
380916
224149
107170
167150
487825
905022
171905
181369
759434
609591
859653
182891
883304
617
542852
347881
894498
809959
818218
131717
121986
367671
124616
631006
226754
48323
381863
259145
407442
47159
355322
40343
64943
196017
983887
362974
183494
349017
91100
746167
856642
192194
723282
566741
193142
501832
704105
79791
285398
533404
198790
285169
59537
647416
149279
621566
953912
282429
875299
251513
405611
275046
702223
662429
152635
254149
211232
803213
69942
891750
1419
100490
217225
935381
351846
98933
818265
163362
539821
429251
206978
893315
986016
766287
227367
922226
247399
762962
291935
610222
941654
131310
331714
776080
889265
419996
728830
83511
16531
991391
655432
276820
410045
357350
239903
560884
465030
837281
57943
396685
776671
812364
370673
290908
147671
276752
197622
49454
749632
360740
55435
706163
542617
22165
490713
113974
319082
202377
29516
118814
402202
275384
913512
293974
151455
65675
242320
738564
453589
383434
772773
835484
713734
435960
407344
866400
271607
676460
96536
853212
360442
593285
495719
753401
599953
974006
586173
783048
337007
36212
886237
372767
583346
82656
281907
610376
171079
693118
508540
777048
641544
606592
699055
938137
105138
67045
568526
646411
87402
891055
924155
975896
712503
669657
975928
244901
115509
527102
707450
623628
565722
585953
187905
74549
350262
378406
40675
417877
71034
141476
780858
503852
671805
265130
482792
425792
64063
929118
910400
90121
520059
637972
544235
459229
143662
142442
229053
124567
501783
416864
905972
925977
741603
911813
95023
350585
17157
733472
489630
303724
523005
314664
934035
687892
367730
801270
925530
975511
20429
723739
940740
560417
993238
709139
716688
150784
215212
390413
472042
227758
334087
378328
829323
663040
744237
90629
385523
511133
156843
521592
783548
808031
590661
869282
223670
735820
594854
105362
916338
206523
42370
151811
197302
879236
878438
319189
529093
994846
902702
874781
226940
713359
126769
637433
6155
714323
24307
691109
619475
274550
907558
147159
558311
91100
557132
847915
333609
442069
615885
514660
772432
893368
860264
41876
855843
416033
13471
830950
588351
619987
364979
178087
789810
990505
284987
759955
517705
911321
898934
342060
984093
401974
399289
688900
435081
757159
965708
496618
578538
441066
605933
609624
747831
231786
459925
375026
999556
494900
957159
737250
543356
776103
22463
820422
873843
278484
475799
253584
640129
534031
451426
771181
233611
609536
698067
785127
768506
507334
82140
454140
521145
428622
619495
889161
224547
666546
891478
439622
371932
755530
88508
936717
790570
104381
128683
461460
502208
33551
253692
713584
6883
319060
98220
368897
38023
358820
111631
17941
978040
760991
881110
814167
612614
248549
559669
771700
567968
315158
923964
116252
111089
368786
75090
801220
151059
137246
377048
187754
410430
123814
838343
476752
352520
106632
703261
274858
845252
31144
745571
208849
645912
269209
1547
331370
106181
586076
10355
143274
203869
175815
689965
465135
480608
802109
862743
513232
435098
500265
456097
208645
302550
494861
807310
363870
407888
541032
114361
204083
591859
690597
314674
349684
998655
137071
607843
993785
313066
175048
551771
191787
427511
21260
154320
600073
47142
326931
693844
817690
475682
381346
213305
981559
858219
778362
179401
254471
655093
724708
961191
858174
88137
115851
909591
663944
636219
332703
2907
565638
969614
812857
964234
714827
915043
916500
510085
772122
162588
538915
708947
534972
239709
906992
867557
46243
529524
157113
650452
528902
47471
691080
82091
979789
59836
191700
689660
132802
238829
127482
444797
530012
105508
490849
31062
42307
690614
963647
694996
913403
558565
825861
423419
929640
855368
344407
460452
492904
325652
222359
23809
114870
363804
502485
952303
860251
67322
920045
550644
414581
115964
928366
595208
402187
976460
723060
763309
677549
90299
191251
88058
236551
986572
221655
757671
409400
635529
150095
532511
643070
581440
592938
903270
550195
656826
886455
328186
954413
666464
599036
538945
36570
59792
301686
761970
744320
853788
644758
59951
202608
180029
899861
879755
970667
885121
341330
584272
181310
34713
146280
963145
982675
902878
939312
658882
760580
646455
811820
985969
326468
111553
246717
255986
37676
3961
385259
235344
432497
100327
781621
311250
37061
258247
438941
900283
278330
133777
446333
49041
912964
348545
986480
804938
200811
461755
753701
805845
519556
656600
781597
558074
263438
97019
291087
150588
469622
62910
57632
553253
552807
497367
50755
348774
125917
32077
341915
414386
809728
273462
612590
539333
283203
772385
5451
762714
774242
803032
768581
288480
37830
835971
898932
137168
516681
647063
954750
299587
599902
435635
462686
350931
320966
305460
512178
957685
906034
283413
179503
807438
223517
815616
156007
87254
39183
256680
5425
458092
444446
765212
140210
235600
459786
459351
152058
824825
615709
604941
222594
51528
519986
82742
901544
387754
801957
440376
302264
182105
812826
112202
485102
362145
186992
233566
283822
321932
974142
135113
6106
333131
736204
826361
135583
591527
706550
435571
112072
777813
900160
697396
49064
492760
143962
846717
670859
789801
662572
332443
554948
944436
344573
238140
882874
569349
769425
826635
566712
400359
465031
2244
510303
945547
347777
122849
881998
217264
900936
499506
822973
123721
366556
187010
526467
178239
984834
201986
930639
254859
649299
552930
938844
391019
881404
600993
268032
8544
838867
295296
905091
594877
777694
483257
795545
42605
494090
697293
806733
697938
906040
31432
656278
185196
157552
634722
304263
699545
801051
413060
579107
414474
135342
224579
787051
326049
621952
341782
971784
790026
47851
866629
793180
342841
387466
168817
854758
396484
879664
843501
155218
89232
633343
426822
438980
928782
89944
647850
517876
665319
14191
523715
922016
488428
641087
765257
313519
316200
455722
182375
529405
803329
905926
568349
154413
738853
155887
998420
162496
732706
700517
924296
164461
841611
743018
510898
657778
707760
432510
288088
712478
995483
89544
881906
813850
737366
133724
388399
903617
73737
409175
313139
204869
283729
183646
801989
866557
819308
283959
251036
5236
806446
568112
751879
246129
353226
941141
634760
345290
97802
998872
895273
500661
743166
542312
404580
243933
586230
629781
298275
58327
389777
796391
306902
78538
465404
13963
621038
3269
192927
724809
976587
654553
152438
77662
547284
42332
403588
927443
199316
774970
126281
699458
111328
636560
520263
693523
787963
969598
314805
916181
563246
537221
985776
659971
601656
300785
886646
898975
131649
666741
942341
823451
982042
533284
947967
914481
967476
526527
262924
261115
606170
64479
605960
641532
970805
328830
745700
776491
186047
861055
153836
229032
646180
473316
861869
288213
664411
994396
787611
95759
377217
185753
510465
634934
409295
428261
578753
683958
145914
502521
960519
217989
870399
42948
757920
131569
170365
399006
934835
670565
947530
664270
139949
546788
297595
333888
114205
110476
990269
410426
400937
726028
841704
333317
404236
573994
974892
68799
771581
843047
420497
16617
962611
318804
872311
908001
472011
546654
767972
46651
976235
481863
38632
349658
335634
545966
22886
433888
68048
829095
827692
825401
220912
110556
324177
2513
224341
843671
702690
614213
925490
265962
445757
653424
630215
56918
910479
152122
104427
279010
685224
862116
30934
479137
41135
250028
112357
685781
209062
767638
425614
536383
761945
460549
393126
391426
713782
396197
405401
242983
254181
394702
375246
789661
610402
916903
707819
573223
679141
425529
29600
497363
511015
664405
11764
918925
41521
868790
785511
417902
574099
135741
108555
378547
613150
646964
703786
8439
840858
856732
844851
833769
696753
717517
516102
905403
813886
795221
990865
361716
567980
432106
29297
626222
268389
800215
980015
7805
204863
182901
247572
172285
451482
819729
574292
370878
369167
39739
500603
694629
260267
29229
634550
116216
871515
728791
374981
817406
591796
371322
946969
767281
447519
53695
67983
871253
326712
491700
975665
74523
50916
417100
300418
702387
156762
938334
895811
891300
809270
699842
109365
193445
556710
68734
533761
657408
98140
849957
18740
861211
998534
824946
38187
403697
426311
362511
799127
394913
358109
733272
780585
652176
311396
166073
474420
299885
919988
327824
921807
933920
21749
679804
345375
556183
94269
577896
289011
928075
644162
139137
180682
282563
984552
653337
744857
643619
381819
935015
727347
188453
185715
653434
589135
284920
96183
256759
931268
264162
37598
424463
850903
589968
147628
111242
235421
225482
512001
320834
258164
660255
933999
954337
677838
54142
170513
900571
961496
545942
279245
18506
879032
358087
792767
963709
760003
138408
701334
952548
319632
160648
949653
349577
465218
169105
698283
501666
490210
284917
775384
191432
924338
861795
896559
875685
831220
60111
934843
427849
612656
344401
431253
341915
257451
707696
247336
104052
481553
925217
75591
64101
280062
441782
914340
562723
673564
214673
388956
239370
743162
67747
783069
762052
772077
11584
185011
287567
939209
520621
905580
349409
624350
973245
757731
867875
288362
567314
106877
128026
219051
398709
311807
548557
356152
631836
667984
945973
153614
930543
683171
331272
341581
416622
377473
931645
533795
813346
651313
437385
741167
735337
948687
267415
891441
536466
784466
114424
640181
725447
678752
533081
555435
800926
332439
332839
706971
945151
687547
13953
508199
623394
72167
427849
190715
199346
119169
593957
514777
827843
24196
636120
957996
984204
437211
782389
592641
498295
874695
129404
957326
987115
328671
886457
589368
968746
441539
936860
335474
398845
352513
884999
431660
878225
918295
747490
487061
507786
16267
228133
540105
605274
906852
595753
55756
201342
333077
872048
307794
586441
330006
904312
28717
968406
935713
292056
868924
907831
877367
523491
410145
746804
527594
603457
162122
182089
476048
939461
338060
490139
40776
517222
948266
618696
501635
730803
564540
214870
491289
838701
357033
473627
43992
874695
101514
896385
251845
64815
704380
28894
781169
628699
738797
823406
89295
448582
850607
459899
663846
382465
464488
154919
778237
698294
480465
850571
652016
596891
797066
386439
271018
906213
87841
588807
454595
150628
79001
682195
421751
141296
600449
468371
641834
784406
317316
447611
182307
305531
924540
797411
137234
436259
781116
986738
852850
856515
441737
193282
288295
14705
734459
284084
576265
431967
984743
763648
140517
649907
760135
86399
665356
251300
695019
400530
336940
219368
401848
775231
691765
414783
716655
994482
916461
415705
34588
966788
537607
792317
893268
446313
621952
578944
866656
142442
99063
640473
312424
846592
981798
762071
451764
621955
15981
855332
685062
310906
201820
184299
349330
142911
843187
910634
466918
776214
904884
518251
55127
586843
183020
733645
213155
721565
650973
219836
31334
523119
42606
404601
264409
6590
546966
384427
403372
871086
127501
469809
853459
781297
567014
908879
269391
532903
88453
240256
810585
772
668934
950474
670625
931362
513607
518657
114269
783645
584191
345627
181535
83342
150577
979485
546767
547207
990505
109902
845452
339310
499548
165709
831369
984222
92747
73406
978101
361637
879706
261806
479711
963274
376791
197380
949301
451252
421237
674321
747984
824067
93594
422269
886345
755984
845920
685412
591926
125214
237040
248216
840524
726859
536939
434474
548331
983741
679296
853117
169673
402028
806633
227189
851637
762721
482363
321628
711334
535138
236551
46825
838502
932295
886577
92246
948113
10822
268028
518303
556664
795413
962654
86027
122487
636574
354263
219436
666127
875911
500059
832848
101568
979519
723470
28270
104381
186520
486834
630993
344217
444285
693912
922453
586459
209202
737907
242076
55160
636591
478530
89877
357760
238871
784993
617059
190052
200805
330492
496221
139041
426195
957666
598694
234289
30566
970137
389077
202073
567063
586173
530122
549627
61736
80603
906127
59059
434715
916012
887987
188494
229740
34050
909201
849935
862743
523744
380776
762548
611898
377491
370558
305440
882517
801033
722155
836085
761749
523467
185081
591652
340872
799243
625590
184319
972811
749311
990835
567711
903305
244393
98472
641920
194139
910951
560376
261794
869726
545998
310779
536138
458896
443775
671382
503807
835935
202642
651305
837660
199117
432313
83076
755609
47998
862294
284561
280084
602587
602909
304707
969765
708063
787516
90813
701092
188420
675688
572487
572751
85605
834549
173358
242212
679137
189510
845001
572168
759771
225843
698492
449660
665557
178408
400995
584337
999381
482680
845448
99171
32087
538327
991989
75893
823933
715055
258821
19480
141967
620998
507233
554365
884644
776194
476992
977881
820085
21013
211837
996051
382250
534031
749326
816030
839732
487542
283431
16039
340678
419439
285928
337625
582830
653907
6334
67014
940472
699381
599463
891847
24700
697607
508413
692383
692261
623671
117191
957384
696333
919319
279032
555012
978182
171874
127444
338914
326125
667849
546673
638179
239960
822861
479998
615785
79713
149195
754786
82122
999786
902885
837562
996763
827569
417032
550193
502241
363481
116619
507199
324008
869806
853899
902984
90460
199316
630665
61526
62335
531328
654963
818776
939714
456250
581892
485279
14951
160948
412553
665517
355862
681177
213819
439252
622382
316458
811068
421285
703261
533862
550296
837499
289747
688163
312329
403243
457985
430700
747998
81608
946234
661566
858692
119225
336775
15782
15463
940492
618936
784049
120638
280693
953890
493073
609857
950201
501629
575562
388297
478597
347079
354606
287978
72954
953991
466558
311509
584363
855504
395530
453180
493198
849995
528496
487051
477676
14705
825689
120811
28116
309401
569685
22844
979676
262497
863970
729391
521554
222426
67959
685003
409968
201291
663996
668138
932154
356836
365752
67414
201081
891308
685039
631061
806193
646262
65306
94037
493860
799223
655385
565073
102789
986480
226655
809735
984665
190231
366023
707188
996635
828379
302912
64300
346331
698354
610362
718202
738361
803220
380680
291742
823808
998471
309077
790907
344040
957737
704820
360248
879580
59845
308375
377787
105250
302889
522790
141885
776741
879458
708491
18714
24878
545979
228125
235073
430690
158371
990675
712756
457856
714346
979890
34461
299815
819739
567796
10267
743894
909357
296195
709660
654621
974247
319945
463872
48973
617807
776394
562315
405592
824466
639847
101106
173408
316016
220742
181358
335796
286836
130753
411543
477427
638441
830362
312114
649409
903588
225747
64329
341303
689349
619664
805163
300904
949981
397250
362109
346083
104642
262882
246687
339319
655863
841751
321352
128315
319972
561447
774662
193509
253918
439179
601479
370831
519751
850850
349196
767461
765833
359064
396767
118380
679623
213101
938006
212566
348233
652226
68746
211309
622814
606114
275482
605851
448485
782493
750311
858671
940103
11742
128658
912092
134075
445153
266850
228767
840104
559918
323973
824587
130701
306053
184544
407189
600109
448634
419521
622689
993807
723942
797509
937962
182669
413556
1336
440779
855664
823568
633906
457027
331329
207981
837067
125436
493454
178093
967571
82072
435098
418597
534039
932589
19150
397014
437314
251614
570215
634509
866818
211404
514158
568652
373661
566963
166577
789590
433480
170159
485493
258283
923176
525111
472482
228534
384499
858282
704037
536600
975678
939476
156273
201128
538282
518642
963366
308291
147008
508269
390306
258577
442281
278240
248728
638677
71289
446306
349568
1460
384739
287926
689471
172994
879518
505796
971105
807986
981892
183173
381289
439622
452803
443743
618937
186212
534810
778963
645809
410559
11946
464069
360779
173426
728849
98437
736855
185215
573446
496432
692165
274774
665379
66496
572549
417037
215350
544142
857194
36134
548686
148553
164780
713970
872841
840240
348411
392561
840525
116210
965465
970889
856855
188458
428742
982025
283932
151344
659014
363470
409904
829950
475437
719179
151093
869512
920779
437759
834144
783209
191679
997127
107555
792819
729546
441613
684466
787334
372340
609317
24900
975344
759969
912444
14093
710417
180757
483722
995657
219745
785907
155076
889507
735062
592124
972605
946817
220872
545126
821279
675274
550433
929837
902753
420541
491285
37793
145573
453310
642517
663708
470606
696718
69721
798887
139042
951764
178447
939191
239217
427760
807771
806820
219366
577408
39908
7775
727227
361614
932530
303680
748343
446165
256420
93502
90394
847002
926612
25876
704338
486578
705828
930369
259217
834310
535072
848447
301025
932900
589409
402574
510796
161792
21661
489093
206370
609953
849457
965274
599111
475032
3659
834659
330565
14164
575918
176613
793510
466152
480500
694821
725748
957381
866579
170330
194634
708115
624153
866277
666806
953086
643598
24650
273981
832158
805780
741348
353422
487992
587336
572229
273133
412808
581135
387657
80957
702964
125383
883805
576888
664716
445005
414219
793896
723197
860526
568396
52951
231911
252300
911329
315616
36895
633773
531926
11058
486958
254034
79774
617486
302550
859613
29281
153135
245376
570226
238866
702085
173094
651928
387608
940269
687766
94949
416844
837648
784930
643475
852069
231961
521986
339627
607995
442024
200882
843041
563155
884041
970744
43253
874904
994218
552961
585510
592876
493701
52229
532154
366527
151957
532723
334089
575695
360502
995571
10993
493926
94034
247202
284314
82828
376285
886782
71817
485995
867461
482207
300110
557437
559023
836865
110972
454267
687428
127822
849665
749380
589058
888480
878684
470906
842366
789917
319622
617151
166005
297834
413266
607069
500152
687874
954372
587855
322190
393894
345138
406210
814167
190841
603349
210486
476939
66012
461484
938029
5521
542847
25843
815784
976712
802024
730394
554153
179888
97096
892565
935950
253596
102743
289146
537126
9854
862572
421373
976678
271707
251250
627998
898623
266037
745574
226149
789718
315631
88267
628056
431200
272123
486245
746981
406585
382900
451155
657584
93803
648440
784537
814303
376460
393625
751956
955017
842366
656230
780219
114723
375485
522433
951048
716432
948865
285823
532788
295979
998373
694043
112781
990463
