329875
364781
851864
27404
160071
287059
575561
481117
240016
643878
192694
647743
134114
931733
548198
965130
191295
671358
418821
417170
870681
609315
329172
114154
497131
307911
31809
632926
365516
772
944976
128193
458527
474989
803296
280019
608488
815737
825161
290112
265923
259082
220721
614857
837578
960155
946465
228900
880194
680028
448545
491426
558294
297767
844837
41760
594203
578812
108526
218620
183837
54415
323027
904768
461499
622747
942773
46577
399661
464572
140831
640471
479929
944695
190250
659870
712024
652036
338025
720563
272506
888560
510036
149961
909894
942776
946456
477221
753020
261003
770026
67677
351212
448349
458315
459510
187709
678415
896905
912954
619880
839706
610294
669328
295495
69607
785587
456578
301197
348498
318003
265878
618915
348618
354799
441692
366739
292534
554451
671200
641136
625679
39081
611218
155119
738659
659244
823658
700429
549620
720001
729289
422683
455260
479419
687603
928729
480441
702161
119801
734884
717152
220621
509755
9475
709330
885335
240516
725319
989959
406546
743797
661832
495954
954456
692342
221487
825294
746351
603258
882354
980019
278943
57163
300168
91018
227267
415962
967008
833989
179980
794882
714658
868723
559211
867713
65955
718589
460514
659485
748016
759011
570360
348294
70020
898245
889523
634273
938869
326389
877544
703468
203196
689221
913755
134335
647900
709933
305569
276114
265937
725078
825328
426237
480880
282033
551846
374758
372329
975071
300221
678952
740938
263645
424141
336050
712525
410912
994519
146957
772372
771772
207940
234954
272635
565795
922814
942411
658865
55079
44501
317691
284590
429857
957391
869678
391958
811747
290641
165234
465489
822493
124234
780919
827761
918796
654956
820706
965121
769790
629226
126861
628581
153114
22917
831046
108124
688904
659315
635436
561572
284461
595967
775009
602508
851031
743862
52291
807533
251135
220296
577818
7745
916291
948189
327303
617439
261461
463472
947787
588813
629541
617438
916357
89592
207702
886807
861919
751449
855595
38942
252419
731336
978678
291910
763130
573632
691511
261241
834813
915913
717518
418901
860309
774040
646968
724071
33218
4367
989739
532442
389357
153157
204855
940334
314720
227140
386434
362895
947881
477797
968272
639780
971345
816809
267377
132456
866029
709177
350419
962753
62852
29212
19823
711143
254081
541254
960528
596058
568641
768112
409153
963404
341818
760264
104336
771378
616557
351827
965080
810678
112756
657579
991449
123151
782509
192067
7021
608045
988111
410207
953669
523626
430015
735703
114617
979947
483276
959342
630394
627293
155802
51626
93814
706948
411729
593833
7819
243700
921533
78049
123071
489931
23624
80625
475497
692302
775985
622445
992034
161523
709314
49348
351870
65458
398585
879
183253
267064
186670
233697
90247
697143
40778
865405
956814
57200
643347
747622
336606
782865
146445
889061
485458
766465
667374
682852
410813
390102
774087
554062
191790
667369
115774
602954
396157
111334
353940
26256
766943
200121
185390
664308
666705
264267
851141
862781
446679
512520
793376
111963
696108
647825
223215
576003
349448
154033
7538
274139
100235
330909
191666
522009
899997
537379
254708
574013
961960
714370
706774
463253
735544
964731
61213
659265
679904
477108
530060
58264
228179
793533
825959
176577
87172
102722
610464
318551
998820
354847
450754
312177
176705
499634
467508
384307
478264
212516
398066
473830
525580
848750
282853
721354
535516
548784
483759
445737
317135
571358
790083
580633
148146
66559
712078
388141
634515
463664
637445
734447
168613
245482
588855
437785
652561
846925
721499
176325
542929
677733
172048
863393
938903
646367
263700
729647
620129
819049
952092
498582
377353
460260
939982
102820
427669
158008
307843
861485
458873
334008
128245
590832
499073
231024
473680
646400
926255
856914
251135
56793
317100
461504
807741
687802
270581
449823
477106
791929
851480
31801
317256
206027
580321
865157
183117
415700
16773
689289
853278
848708
807266
758578
201922
684203
813504
970069
879212
295734
12279
590515
549659
370951
725583
624695
274049
946873
953790
179827
65953
380116
358406
302886
125772
507111
4001
464702
640307
324122
41034
534649
284466
770123
417144
966936
955851
811411
301267
832362
225416
226305
976909
141276
206061
289058
903303
226338
135822
448062
727986
104855
724074
268289
754797
465603
517140
66265
987728
32928
710617
806762
356108
571469
106928
857002
202604
730358
899131
494088
547143
541323
341158
107905
678396
463269
53347
31474
109757
731773
797672
336922
664189
775156
781214
898245
240294
22302
64622
725349
836591
608751
485466
42149
692116
647725
386776
661259
904076
233696
185310
370916
657473
599753
336129
87450
649427
665017
843704
761598
178101
118292
506736
111335
838456
771284
391279
489798
173344
645778
442151
883043
707455
17113
871112
380793
501820
564783
734765
489479
592609
218810
47693
244033
127944
448996
49620
250676
936538
460026
918789
99492
944547
704836
468473
138346
546771
192760
585420
464006
356497
258563
145758
491875
943355
46427
208375
720185
746930
461417
757495
742730
743664
824374
125855
83308
776216
469123
121472
308120
614680
148746
929669
506632
511938
965859
458206
134842
366357
705068
412023
880449
11765
449783
641760
177178
213522
565671
355181
529676
782975
424508
185764
223461
370210
153433
596894
857523
106489
184132
261534
839457
53057
106191
506073
664226
812780
161303
766963
626944
453353
817133
380597
216902
814126
571913
370140
26603
837910
320797
936174
76820
275883
483690
796803
32348
689599
971910
714092
889375
736378
259058
209481
656018
137247
594855
472687
269268
605502
152449
87889
741722
476330
386144
109718
942929
123259
817951
34042
648549
758097
273425
297945
606477
480455
476611
442926
177302
290547
235382
309277
303118
412226
195322
751763
900365
936721
115316
387536
848862
272708
432072
735864
314517
759284
92002
423265
434061
757913
382643
442277
556115
667953
352047
86673
682674
922883
159308
837964
580567
113462
171372
436135
14723
483985
282229
691548
33408
108164
789959
48479
172457
743068
169359
829308
635436
971635
584814
192035
857598
69579
703052
850023
926209
101585
298176
480294
328028
137525
696271
569686
424256
130560
917139
690384
218251
127553
165400
631023
336465
298546
163843
663081
765403
202257
290651
302947
421863
455135
714810
636142
68574
512923
609449
344332
119676
691504
528556
729395
873812
92015
747540
388982
932098
590668
43557
186962
955383
734690
152802
866589
554926
349834
204539
280946
148689
294745
158831
683445
671870
231135
644420
53057
553680
54980
790358
107351
739769
107355
539218
419863
127355
879575
877921
844566
133923
304834
961206
742667
684786
788675
962577
647079
603427
222494
697880
974614
954157
251100
369343
653384
345233
66245
364903
98564
461054
636627
170688
109003
716025
196606
570177
768417
255927
230841
556099
291015
398735
454880
166584
707869
662303
119576
845753
317611
853661
286138
275111
723017
295810
789452
809564
895495
948171
154158
554451
766572
283822
824457
342880
452504
450823
388363
138515
670843
12990
564097
9444
60925
229447
366688
164213
876052
807734
154363
55302
562438
635329
697940
252077
139816
797891
912881
642254
889713
921252
323112
286775
155802
184394
620675
185932
311571
282690
329376
411295
311521
300739
570929
540286
933936
563440
7225
199691
63280
759078
591795
227246
576267
677512
640993
217783
884014
103210
858091
990738
159790
952650
783324
86675
725443
292791
213777
514535
913837
132329
216661
729481
175981
698881
496409
58889
53927
637035
356734
6579
833660
618500
4213
219555
380528
51361
382206
604797
792749
169625
353801
528319
458069
367829
354048
536672
377124
197441
573980
972949
768195
354008
98126
396601
536437
669641
413944
792692
369058
447365
242961
625977
853238
554858
315117
165145
51511
679202
663753
776355
507718
423345
586822
892058
652151
121648
570546
447575
250309
783877
687615
576552
897185
737582
110619
189064
530649
137881
602504
94900
636508
762191
186641
229343
80353
624925
472677
48656
676717
363564
966337
578423
576576
534287
616338
693694
758835
214471
368992
901786
529352
5358
890723
327612
638834
716951
349609
489081
943177
557143
807248
266107
364683
938747
16976
606613
53082
909852
930242
670761
913050
832448
35738
629257
64655
765267
34958
328248
541467
687245
455324
868667
635184
940841
984738
794096
463197
330231
672630
278606
60876
803506
156405
827358
270932
830066
356884
622373
572148
61956
807087
814117
882304
889825
587094
964756
755552
475238
483033
490879
550261
582119
676717
790021
522431
27646
370522
827953
618120
8523
832127
836483
775100
330509
578155
577704
832125
596222
757038
43496
558174
905640
995961
632896
477116
875587
209938
454526
860439
712315
171748
732768
422695
489949
917776
132217
735528
488580
345344
478549
789659
66433
556858
129844
558264
269070
40430
33456
784136
305038
240568
455777
132826
575499
934620
554978
769003
436067
903204
920117
664224
178483
160305
306988
425386
139782
796163
913759
97241
107815
99032
654524
118951
897130
657323
68032
623978
479214
127710
209956
307407
167968
320286
380794
14701
500194
249756
428857
519820
621371
556255
938692
598338
746746
820710
267422
694942
328587
932801
428708
758286
202915
946536
452853
862203
914577
9443
538293
108290
974979
534671
69467
389722
806907
387173
608052
377752
688805
522746
621318
27216
438785
334258
83606
677196
860429
669892
294753
383222
440978
331431
214044
8835
342610
263260
179088
474181
901377
64412
633333
773559
730910
364569
378828
885460
893535
561001
643042
226944
539919
53925
67181
976111
2229
303986
231738
466106
217898
804917
59494
320421
937834
835835
32295
45259
249769
628698
670046
380817
135525
768481
298193
29379
346676
604727
407223
178982
503686
533348
217537
887841
725319
304510
809985
559115
566309
215659
876326
459815
700565
343593
162802
562436
309383
293600
927960
224794
740454
69371
308263
17859
440963
646391
528365
995961
238069
681159
414922
177489
816059
437166
473797
827432
72866
246392
346785
601508
474533
22409
166602
295142
783652
215643
564409
130067
542524
148860
269470
819170
421635
835951
201184
547995
350664
853779
203274
482169
736404
418894
72978
814011
232332
732650
755299
767886
346310
650302
737325
452395
992582
543836
247725
388434
875940
286988
398056
889748
603416
580633
594583
92288
588712
33529
19694
608912
601523
794136
365279
347575
962194
368202
785724
493289
456563
249769
599236
422522
458392
186880
327393
194315
823608
373136
870526
672787
432205
123997
94588
426300
689334
670308
775937
7019
548099
432006
289221
70845
192281
366470
374700
429708
829645
152657
81561
85547
578908
295213
508165
879111
712383
7632
101437
541865
809118
971367
262296
920039
808783
322633
167845
858606
913270
295234
911462
509246
589510
190451
532702
765465
457729
565986
318626
78203
558143
143969
310250
573419
365174
654166
42072
566063
332321
440152
611202
536113
294949
131799
955417
186175
396364
72125
416946
955642
328581
618230
723960
829318
322718
795865
177405
299658
593290
931130
331608
294969
682055
646594
41822
730839
603262
630139
46197
977206
563495
527440
765980
76
663371
476774
458859
744262
524977
245439
82884
259566
963565
819770
324376
232038
809082
235195
289124
711844
553983
948194
861434
213735
430398
814011
328655
806805
70015
838844
724925
839456
598248
149360
117150
216283
326868
272653
52032
647235
400506
635231
496214
708760
443305
977584
967714
337200
301351
177513
587
213321
513969
992939
382268
847457
935804
607289
931345
280341
835446
332826
857374
574173
601535
158147
993617
933866
798840
521379
70085
214925
890274
66468
313862
83219
227365
335778
886351
523209
959752
353605
15828
416898
675886
431600
846376
992951
827876
44255
865362
265317
914694
767996
158938
238886
461303
826730
573915
629731
910952
757604
810371
107761
893058
300382
103284
634794
193981
54802
60336
839031
308570
780455
263020
119910
149968
766551
553868
232911
224021
850791
852213
764712
110454
710004
273821
14595
511049
703739
546231
819780
1409
119244
493345
348334
871800
537898
713458
821087
617119
640750
329978
675362
88017
187709
625504
77131
614277
491353
561098
268653
674182
408374
172191
128234
912924
761747
881843
587444
22313
901974
279060
261532
57971
167421
887449
916466
53943
281455
485252
35457
442976
145963
762956
37959
304903
654957
117467
526455
482946
95770
432558
556726
989446
675062
15621
476643
432497
767127
357324
979897
204422
921233
265096
78093
26411
403368
21773
842837
621740
596558
450442
312699
775564
987292
942977
235382
960176
206686
923483
667190
36857
873661
456534
166482
332734
649293
365219
774016
329052
558262
869341
678576
340511
6333
661338
619205
249733
950803
580318
563850
61098
218043
76445
651265
315699
129603
267424
333030
103356
309861
41076
465889
229256
934874
29935
846725
667419
804612
216862
218057
343623
554308
80159
765380
838487
470061
906316
719868
862208
574525
572870
164805
48768
377017
354964
733165
286360
499802
844527
142783
752512
190027
744502
573941
983054
297749
519931
577439
884769
886169
965575
718783
778455
432992
76326
230825
90771
584189
387122
992515
817979
223515
74617
12633
137231
939612
300740
332227
156054
191189
410063
701211
206183
256007
325804
123591
942894
491905
232266
913747
462494
561232
331993
305228
698566
878006
929090
410758
705161
10522
955075
123453
534998
478755
848314
141499
499256
831134
342165
980911
623368
189869
404220
780668
930164
443694
742682
893870
477640
767052
530171
842187
168029
953676
91018
186373
514391
647048
11081
535522
333912
829815
599450
292210
198809
194692
569033
582384
967879
96329
501182
195405
913943
491772
973614
774290
106648
791667
32128
183895
222292
430650
113470
96292
207711
157807
12117
499530
682884
781172
796050
15484
57799
236910
466453
280838
474306
664261
606462
544511
223479
875622
601680
920272
886385
117825
300669
851088
697923
811652
432401
539603
659694
408144
996945
146124
488351
901958
443423
111458
859480
462255
461712
993563
686128
474562
451238
114290
743348
835844
800320
821864
233697
446977
595550
824349
853938
198096
263466
692523
159756
39943
647997
592570
187566
237295
547476
523000
879112
219116
275715
955642
55790
593976
156891
161735
751330
136315
228704
568423
320874
366837
629958
421153
29237
605470
615932
389802
687940
991575
132728
670048
834724
481621
302089
731804
83536
591313
537638
918879
336160
769040
535691
60901
398986
470224
287276
432609
614989
629654
680580
814641
625275
82599
335546
942632
537580
990182
850189
6329
260968
184382
253724
759845
797649
236729
881291
917908
662564
688167
565638
708228
543728
69232
517192
39528
933279
533675
368980
686275
190552
478014
158258
221768
835910
476670
20970
940488
744510
257740
397777
723383
3109
836779
657882
434395
486118
804189
378085
789665
936623
872624
682309
564963
385956
787309
603928
849997
221270
705363
314876
867785
916686
227403
707713
357617
220896
668298
488829
804321
461521
60268
207651
366685
653483
640531
771821
453687
571761
794219
864562
765987
866274
456072
167425
368
787323
500953
916026
617983
700547
230234
673854
422070
570366
466362
136748
685158
203216
44390
243030
781598
7208
6505
575219
119495
30542
842841
130550
774821
999810
298842
710987
117001
183155
423763
386119
21766
651521
170027
529482
299596
371724
102367
7557
328354
743068
394040
280734
742952
110984
531457
693985
163969
186633
410613
936538
950640
912483
183741
723980
469686
149811
147466
809689
128785
446852
741045
82109
397042
858864
916802
179749
163987
114832
364417
736719
587211
608288
464799
726657
675395
560590
694789
994215
388847
412717
529155
799362
126139
584307
585056
273220
471485
174200
366837
933167
652708
269492
46793
819828
83548
53984
30426
579364
570671
808621
53094
996533
125122
295598
542263
168313
125623
283836
599640
36364
260194
445852
28725
94756
963409
490836
58429
53927
978268
466152
817346
523018
188812
644911
729387
101452
558397
327074
598827
727261
785888
685532
247825
132552
440006
458137
946343
970172
415253
270777
922996
994428
325412
108956
74929
780408
468758
790479
504484
58381
236980
475911
502929
684957
646640
349783
92604
867569
881735
430391
691712
74602
4622
713680
180100
598349
519712
472296
367106
131272
80431
214244
735989
18116
46818
856138
467723
843938
908454
853258
577119
856707
590158
527782
156302
915052
696938
565200
495123
270031
911740
758172
314196
697318
355466
98137
92814
233096
561352
864859
126260
368392
860950
301375
329379
528957
938594
364182
789947
580139
98564
682133
693483
815247
178348
797224
902376
657671
160657
535920
687926
101188
726223
535907
194574
657579
742608
597686
355198
400288
593079
334897
287376
496603
801271
866356
80552
530325
296614
557177
42926
694527
237853
992649
599171
190718
280202
158611
767256
913464
270244
217288
376291
181575
215348
190762
90688
695200
299567
997994
235211
813700
519931
990301
263973
738533
724010
418770
922596
926698
310449
484202
511732
267871
928408
113912
486939
876751
604855
996390
646872
120461
270584
404929
159881
711022
842495
135971
296179
678915
826742
494997
585590
50652
850995
952570
997182
30599
897379
772832
155041
327135
902598
513816
399466
188829
135135
292767
114751
974105
879775
379869
537764
62914
722283
538952
769430
917396
866781
388127
427179
221500
755552
96350
792193
331985
13240
213205
288374
332704
5330
985909
298340
156806
26648
275726
724436
342999
188597
717035
943322
215698
713277
233455
96567
6195
640324
419593
996973
185170
663081
290409
181678
842721
408837
542631
622255
706479
614989
208784
519640
812473
689285
962463
524346
576438
571231
173324
746187
58147
939467
89038
837918
827812
674104
584747
844946
86318
409286
850672
709235
117495
628107
864940
706665
852312
315046
756236
87155
595682
379934
719137
922998
913163
314244
742154
109660
638435
249411
4089
844323
144072
979947
691793
425747
969730
46021
282719
264547
113644
391571
680867
352745
731355
702821
466161
621123
864613
823570
562426
311583
349718
696849
803847
358667
372599
593330
588585
852024
323226
405794
490340
183973
603894
311061
81173
315651
518142
370667
338892
432279
537586
784166
969237
319769
412023
376147
224533
3139
566309
580463
831664
928408
246305
733018
833746
259247
28737
240178
253644
317917
566652
325751
622417
450456
612084
342032
30426
836296
880449
186105
354493
751110
763045
383645
246089
476358
958305
701582
18349
125063
185310
184882
471921
814910
828035
971926
616224
324949
331262
748258
76675
88724
726917
379156
915098
487289
705201
125271
608045
556045
776840
639264
762718
64665
367133
706984
919290
851161
297713
233306
146058
144353
608661
258982
97911
313704
226932
699585
828539
485394
395066
169255
14679
237178
77607
322178
976872
418621
802308
12948
405305
647919
943591
96543
75049
119178
962801
479759
366719
786038
436923
675752
347110
440372
938542
75415
170582
717693
144625
12309
917996
585770
920039
391571
900218
840051
24724
56737
431571
148493
87936
491752
876956
432240
842483
165935
852440
799280
90773
355489
197333
590697
667318
553905
270895
158787
36229
912078
324175
675138
685236
476395
31637
370614
225681
759922
474255
427305
42254
372773
521901
712328
796291
603814
9117
671777
565821
325900
546935
539719
207573
213689
869427
576029
560370
995990
277394
389241
10314
965521
343609
229653
555455
650862
408702
774368
424141
364999
532621
837584
970012
180688
761062
721090
169066
839925
725243
737071
498845
422028
856957
263757
977017
914293
462402
923334
598764
302831
437686
569302
931997
646207
443784
769438
835656
519910
650451
