562542
159331
940285
747804
966431
268193
556822
565513
550172
44940
383354
68038
520977
200938
150827
124384
362179
83956
148923
849039
259739
881807
193924
918190
447525
909520
726558
909252
498352
931512
992510
356858
40465
497736
70990
88321
981376
622566
955443
297820
975496
846860
27896
647644
810447
209387
404227
618436
734513
276449
554943
580202
145772
855069
44845
917445
239003
587108
430214
496622
360046
782099
939783
100588
462167
651084
437413
676906
77236
632059
235297
579525
752489
780898
703732
609380
339663
825865
808932
718392
530458
73718
297172
39102
337499
159821
739356
42741
272561
451897
9893
857911
284672
238537
872273
214613
325564
390608
520100
694839
788328
578727
384599
699981
589513
381441
890867
908742
345260
762050
35059
776431
336637
239994
739498
773237
575137
20
314373
25243
659751
106192
357896
788585
464166
226022
413271
708426
159491
879571
794106
756993
799453
645637
408239
373987
8449
350117
425085
56265
744094
476589
208363
369711
594031
323024
277361
196399
411581
808875
13278
669804
669019
822173
485154
605622
792273
922478
54380
127288
831893
765030
282872
407784
390491
24731
269374
987664
836993
65893
135690
270941
313006
736114
344922
150019
864337
912525
316320
171044
35634
967161
504228
857141
398086
793967
822314
793610
996458
789858
680686
103979
272963
229775
180962
775482
931927
300153
729668
274989
368816
126844
747748
180869
648141
322826
964133
424355
771914
789600
614293
675080
720703
991
17924
436454
333797
716933
721789
686680
524659
962309
708096
185867
77676
957458
992309
945643
713195
87821
783087
383429
34544
825892
488351
2994
104593
828442
746862
614377
367334
57280
889293
8761
595596
18547
750224
985618
473544
537248
638276
249389
397180
786181
988113
739558
409570
98109
915334
329980
652850
195864
984537
544698
51814
423486
732829
577383
869000
258670
403641
60513
495646
700896
972065
689380
456051
792854
722892
348771
117605
666824
749927
110056
522531
878105
596648
428614
112914
851025
928934
338888
914861
282750
447291
984600
339454
235521
233085
852532
92580
349337
440965
896938
889757
960748
636554
427393
151477
709600
798240
232226
892174
119114
200151
732794
218000
780677
113727
789574
426042
845643
389109
481009
322569
591727
789533
518364
522665
203414
133288
708145
759083
663405
269387
584057
213518
553810
115784
879504
371125
65847
435750
556424
380184
465473
880785
136535
202312
440480
527185
336685
818179
671817
283542
220040
27911
1677
197376
683130
942405
153752
886654
231482
620627
311047
216203
60685
243435
181723
680006
257237
138490
723374
531782
851962
263021
187150
621909
181680
216350
773650
113512
821975
765021
493346
23541
40591
764452
197624
345476
939927
933387
478639
831641
824761
261209
578635
922068
926725
643281
597322
299874
233439
666611
963098
833321
412705
630647
30648
755118
675874
568561
468096
156625
12644
813131
532849
765862
981993
918886
696727
788265
476590
248612
40069
208558
960906
678299
734744
127434
345381
746910
175699
310010
598744
838961
46781
624307
305551
794474
875274
614936
479813
125900
666373
112947
762332
633859
277698
477420
706687
170919
968226
943488
402543
593369
879419
568492
177249
222955
575423
790031
210781
695617
531103
690425
152776
283903
286015
208274
3106
631470
812318
766399
365671
959550
36451
889476
477914
714887
290415
547398
93343
535778
569831
804342
328841
676178
437587
961346
361266
402543
83216
520339
762381
460310
405717
26408
254168
361161
280046
562742
626056
974809
758108
973354
511779
258033
41804
180564
941219
95623
325327
916065
225183
390833
281614
147777
498065
182115
647248
55455
832845
602550
284298
772818
568570
644162
662739
752909
503470
30881
294117
236930
647003
701576
176056
545330
964312
635891
929772
646155
924930
817497
265429
298725
756993
357416
235804
199361
230173
535400
310498
742669
221663
863116
3929
935727
432930
621477
292968
951624
420241
931899
337869
832975
277064
146533
711982
228044
712091
157548
778979
416922
933567
303483
444253
862719
437292
42923
925266
9980
907752
377662
768380
304614
489083
206149
879807
685452
263153
739404
63323
566985
977116
698673
518004
787788
547997
650017
412104
747480
526519
926872
90086
370380
508126
257105
158745
739329
495426
933625
734674
770626
952077
896689
848451
422047
485839
65521
796393
509276
800232
812413
224917
826102
362073
301329
495804
602350
392491
572993
707125
47756
606478
987035
996757
275240
10007
350485
973368
85184
887766
501387
5321
268046
359564
50428
212818
231291
296461
277216
99749
195942
113951
890490
721459
956980
315432
839986
978664
897993
124604
892552
285793
646189
435554
179587
802284
921804
885733
209860
298675
453811
365558
61935
832843
326451
35450
791576
384612
236707
904938
435366
93147
645903
641412
607557
816712
173530
179667
797083
405204
275462
991656
847471
374735
211670
216846
448992
604303
983818
686041
46722
44108
775016
314839
276901
625983
19722
807531
493920
449364
753711
386770
776899
962060
610966
810042
729628
303568
403536
122527
888284
480969
498497
209102
698334
383629
689100
708159
240805
953146
766194
520630
980957
196967
847545
815710
360430
323592
437158
737695
28207
204505
845569
879829
66685
449627
25130
541438
502794
483069
219137
523603
700413
37828
808493
644312
226597
324446
611427
841356
362810
633261
865029
279909
147728
717987
532339
819720
495646
103805
975869
943271
485297
192258
481041
327797
869230
44843
99501
8604
232759
317165
452947
770533
476538
100840
562401
134521
990218
414598
730677
744153
722986
319053
249360
134631
705209
737351
701499
745130
507368
193060
882338
597290
469621
655359
340470
740107
853515
63029
68028
489838
780944
520897
74679
616229
425830
300889
808938
791833
780448
566508
700418
547940
585105
916686
645718
310316
756165
439869
19677
340035
448834
487754
947970
294693
426640
318607
957114
650647
574313
111611
346370
247718
914074
235906
55195
689280
234378
810345
398329
462687
165378
983629
501215
321529
600439
525777
436549
595117
369892
904839
232543
943177
870458
413383
190529
386862
871045
962315
371558
381411
710395
594754
685484
111454
822135
193223
492818
317551
32737
69282
749794
168357
398760
524511
760381
976072
350475
49033
416537
361453
999507
18429
825103
366316
8304
482769
948984
308210
533892
135457
93619
187695
542523
21752
156179
980059
501595
477893
670766
332883
897069
43517
264879
732406
431221
329826
929701
94421
782499
787100
719448
992276
77511
424205
980875
522195
20137
780536
288189
815488
592758
619876
934259
270085
122941
905485
827306
434171
497906
315899
991633
67873
232695
497890
857183
109467
446153
78270
15390
156084
382051
491999
446017
456207
243263
967539
545099
969347
87698
340960
329115
183827
324039
15917
871512
731456
460606
846909
916065
587819
613802
91469
998681
51968
907354
190896
628828
826878
779308
13442
575400
225723
781886
311307
354137
841352
753979
411364
480844
7656
999764
718662
849056
721390
301943
969277
829159
588405
679135
380529
567421
692761
942996
833812
741055
152816
589915
173657
735787
531941
284369
974003
969473
572511
188892
884728
351821
5320
809756
189486
145818
552483
344350
52645
388134
695702
222575
967742
815231
877280
551761
296728
41198
92361
906567
603923
406483
656192
825765
152251
258133
939168
469215
966959
36613
987647
131128
709325
387675
822239
313339
846965
885479
967096
424287
35528
594789
717638
146813
178741
389595
195282
473992
74772
944111
247075
228527
618085
777556
494567
256239
65745
462898
494718
150379
588435
383948
824618
738985
118352
200953
551463
434772
216899
362875
952828
999507
185270
257025
566455
567791
97405
125334
934972
140463
498101
573451
196674
832502
778207
589471
959358
396331
484386
778979
268542
352358
171832
486890
187557
271354
205384
653197
66144
227080
683327
858194
101537
783377
901036
425476
746527
717239
456521
705890
740837
977166
15263
609176
398686
957510
995532
160527
525513
48833
375257
977308
582820
712069
735091
80033
189026
934517
696824
782969
403822
551402
115013
298844
94265
808718
479265
797315
805088
170467
562832
142430
624610
267352
625221
355115
599307
120980
268028
343137
415106
841612
965688
140342
950355
375827
999225
509602
953792
205136
62403
915384
34818
480703
209755
141940
478791
936284
991092
37008
80650
734153
128030
244838
130781
721721
275572
198952
175731
289394
975462
183922
306958
600907
651731
608973
868712
499836
277226
505432
556224
603668
393533
235355
674852
394224
955406
129657
174428
348462
642613
615813
36757
676543
290129
673312
24047
288226
286346
457756
817277
607323
330839
210314
874276
704129
987647
225032
467650
208666
75005
450302
316543
865468
739762
604831
503271
57463
641360
456956
734369
525499
112730
996028
129667
804372
13983
96405
62727
470381
485923
92872
168318
922027
818802
703805
296673
281201
615965
63126
130926
480558
552960
479132
947294
730197
492970
168460
771253
957615
607172
457574
604295
367260
516476
635987
98833
87294
106533
486319
670401
585629
231953
859515
387526
49075
725914
406009
549872
47707
348072
581237
976173
709970
287661
719740
323400
247911
958799
596057
402604
315910
738860
275200
20591
731908
16313
991523
913730
430522
826027
257103
450352
463178
928102
518866
81393
532485
15512
993412
501543
196025
211992
455263
695994
278368
152594
426568
912730
655842
785548
545379
196643
166070
213057
709046
942174
193300
654959
29627
903932
367192
884926
90274
480643
585629
901551
970433
629919
236976
600174
940242
112443
927288
549609
798136
260024
31299
249544
611121
691246
341980
7993
285127
210371
559182
470262
3086
860234
936612
554943
563170
564050
425186
733978
213245
17777
33725
769501
643378
555691
237552
231967
599458
786328
615665
829950
134949
971781
680818
960062
573818
657497
955431
208816
1260
485210
340272
236230
545549
818113
647776
503759
856749
379370
293253
908421
836548
199541
42384
390718
85143
59489
557924
234523
310669
928719
532953
850471
721694
582890
154680
505873
188460
101826
324373
309260
237152
63856
184532
583621
637068
868109
19710
974442
666769
836260
775626
479169
701558
613135
270054
739369
945618
192787
824240
306805
803296
574688
937045
82228
916743
657271
593098
284563
691439
25148
387256
35678
98642
348958
8248
77056
746147
602007
750085
824520
730390
274631
159358
877064
357167
21167
133642
476323
590512
862854
336394
697916
981778
284106
45707
426443
651940
642021
661052
425822
531635
909953
926324
652439
383744
440612
590836
362629
237411
200613
491517
693071
965906
275870
309241
413475
656549
398723
784916
693809
713195
257214
247646
386238
106577
831408
351616
598742
459820
43451
15583
674877
728106
288872
699896
429454
130810
749602
845040
626291
258099
428662
378993
937559
86777
38889
299395
228215
198711
288613
701597
516671
924529
695737
38673
334487
709910
921948
75462
153015
276015
345648
828150
821952
396822
658075
558899
260607
557852
570110
797042
218012
117194
94985
727310
339555
857154
499642
884159
187695
730873
484586
585871
358426
535434
326621
745069
750763
704928
458039
697414
72889
311497
703000
569019
43298
505310
338944
460159
823311
205747
282648
414279
129442
836112
351507
247252
840925
401297
84921
926345
535795
951634
454840
736615
489966
935186
773132
12968
600388
131803
75370
862625
154785
982398
780440
808480
986500
122290
140570
460662
996257
797868
255089
384274
783195
137157
456283
402558
507870
9723
63946
978979
956068
835834
349623
50266
32865
206622
521880
976359
836984
965818
966432
388837
689554
113052
694642
351067
352593
502691
994635
420874
453947
358496
962561
523834
243128
443650
587415
676011
605095
62585
478791
925162
907549
718018
722052
954655
423029
302994
272435
724565
868106
797741
309365
744045
234942
695016
309591
566551
730413
704852
780675
344239
200287
350109
35989
8547
544854
899153
33572
863676
967365
139089
265328
16203
434446
290849
645555
584888
142893
449707
469177
874773
783207
332185
594706
656192
291162
766696
469329
245660
453993
954930
673206
695285
849382
754639
811414
851439
988611
360847
715466
897566
114414
499822
196693
745010
126702
735446
578407
248384
965344
46781
761282
352218
235146
920180
74947
822612
476180
927595
526354
645119
308350
880411
620567
790493
560820
872028
377526
476594
427351
850990
187028
977343
194543
779386
401026
859399
803743
983404
626423
146437
642965
205255
169773
738560
232776
752006
132219
90949
4417
593166
830438
713337
644506
87461
159424
616465
942883
487784
117935
693281
905077
633216
138559
26352
92992
416716
67944
622446
165701
439397
293539
573551
129625
755443
896403
137127
328204
4066
246450
849027
524659
18205
799712
999296
113209
669157
115009
320029
589086
813898
962471
539116
86368
524023
661718
589758
550588
415370
313789
362357
888759
474671
587221
174457
860956
546903
80340
732164
571077
256843
726915
949983
83171
434146
563547
527692
697423
921023
704096
51576
445057
227695
476552
656466
54574
57529
114678
802797
327030
873419
856917
849056
803112
915042
220844
663124
216059
6619
317246
369385
156339
62057
863398
267195
36737
47493
730983
544956
378187
661871
567801
34252
908682
727323
51605
736308
411158
302574
213509
303565
776942
299787
296470
705596
310728
497928
303574
662053
776453
675998
951128
882900
177428
321501
343660
920925
11556
950651
730569
844020
836224
528164
169796
37923
576357
566024
261184
475826
762557
144748
682662
678474
159818
186902
445030
35251
40542
988813
985866
463931
16961
141018
692306
313694
651032
691976
213231
981645
831438
469252
839659
987026
696191
656659
565711
805655
108023
631947
840919
181996
646501
114139
667791
433972
843218
766789
78565
908699
25632
578853
166019
964379
747584
291952
610828
139499
85232
268904
476663
568008
348655
510316
441516
389210
505444
792801
709029
755095
445703
471497
959254
424402
317869
768506
578065
549518
928836
779896
337896
145990
711992
268867
754213
582465
354242
450023
350
902287
480027
325209
480176
771841
409053
166887
307538
389541
454836
91216
951627
378537
365232
850310
50267
239804
630613
527459
874778
62925
802448
967732
944571
566744
69586
1488
489181
825765
731282
627256
268798
264937
570231
402990
684904
96597
845050
617000
271537
438175
125879
802052
679702
27691
285562
54016
76403
187320
265696
768259
711669
384351
368862
434285
422978
902031
161184
577919
260058
139994
274135
151875
631442
836224
291380
244289
561059
977345
23278
993879
307513
329137
991883
132061
650343
201145
224237
817375
421936
470369
360273
30459
995875
932429
152010
38780
533008
874940
654227
823859
885165
361846
733602
758732
829062
715351
468791
704659
482106
619457
147329
836693
122023
161195
711434
439238
400529
199201
166409
30676
224124
687675
784795
251671
437550
611050
857144
306556
475873
941059
211185
685201
469673
722938
515691
697716
144848
209959
503076
181859
935221
217893
270254
305508
301490
30763
238595
479593
470141
204256
213554
141740
856153
81728
44021
994633
983183
490292
935344
217179
806676
821136
192356
655653
320482
338554
351409
777114
947262
973655
279090
891729
869611
840603
995563
466291
361247
198373
534669
211282
297425
232043
421906
57395
21706
423835
833399
93726
996449
712897
394831
411176
119273
230706
476197
650696
831205
589823
42515
600841
665049
4394
181166
296079
831704
706394
229713
119145
475975
686150
621975
216301
590836
620373
723245
666910
909202
440418
618096
99476
317406
937107
344562
304307
890560
291216
687115
907342
279377
496639
356475
234087
336673
633271
415007
632242
778920
200649
714960
559088
466773
487286
947548
240360
431470
574037
23012
201508
60457
93163
692192
437205
646006
49143
765883
973821
540491
890569
589490
800394
843343
951347
680774
534574
724049
248438
60519
462093
161090
628568
659366
601613
514497
565932
766344
825818
219833
901549
146292
120013
833332
954370
293826
538076
843798
664400
67668
872181
597755
66061
122230
935
551834
318850
385467
813206
461713
646802
822985
8321
821224
566985
780744
520946
943244
288614
956064
736173
304056
470247
2448
303605
956172
205165
492733
28978
133276
820551
574597
917419
136723
687322
813778
723410
735497
643826
977120
958258
451678
759267
416004
753461
102800
105918
551403
864659
6423
821822
169960
787579
640706
585452
224712
620817
629967
619323
508818
526616
603065
666939
538146
62988
207377
674987
955141
511710
431661
25872
889188
17048
422973
405526
927665
677990
833852
551264
222366
481189
540550
719476
658259
570725
583906
455095
402674
575645
242141
885294
165003
32906
122125
745801
716156
283264
583158
175075
728681
628710
166783
304614
583425
257947
734903
785776
58113
253584
110956
928460
349279
337264
415593
265835
878021
866175
502306
432567
793734
17149
389710
322115
10863
788998
418435
435489
870215
908746
649151
916605
479219
329137
680796
228868
117796
170334
73778
969385
692117
86634
139936
16236
852773
598866
867393
965666
168011
358760
731289
594208
889937
221838
333796
475259
861531
173967
243624
911064
220522
366062
193924
847221
300722
240217
736011
397490
463725
792114
612969
132860
253846
561407
246513
302042
772349
668049
742358
835349
733873
623522
298683
402883
180596
573282
521127
411665
919840
103004
445141
733833
606235
464647
165774
173871
914828
223083
43963
612506
343296
164193
6385
871310
261483
33272
278763
15155
749788
251094
925453
280766
127870
410187
345737
938992
252310
412265
783078
717795
337292
523284
993772
617567
336805
87682
4603
855625
456970
391561
939353
607460
565
918627
636363
536282
605799
742111
194945
791211
671302
794798
613778
636494
545562
789996
83252
738184
932453
943967
416476
498490
573398
2326
527595
646806
629806
213581
921611
461167
564159
594660
117916
398911
626731
90452
818954
482538
768886
108587
432994
244500
656284
516113
72812
959474
557008
486789
182801
244411
300898
14959
636180
928698
255456
409119
123929
113059
481366
619451
896403
447789
742316
156123
620629
394352
482649
622775
247388
630492
574540
173988
470593
851359
93983
487951
166177
184314
904461
963718
186745
623268
713314
201342
842674
501781
330236
351399
351003
310290
17296
516682
41439
192889
569808
319285
915610
878250
994932
529352
796372
213618
711370
289809
67354
16579
782496
102935
625651
895603
532878
88541
320772
277889
540476
646405
653521
216291
922513
28899
57767
896662
588214
189673
82247
45518
737191
309639
111378
50428
90570
669992
860467
375695
929809
41549
984479
480845
27020
733008
259105
539369
879291
880859
709109
28345
312572
973147
850948
756183
582008
885292
940526
982830
116958
452465
910705
649789
586564
809979
373172
674789
276207
262560
409570
466550
453711
400945
606736
952693
292640
619085
462502
380087
693754
131399
570710
50224
912267
147382
34540
846010
220411
180180
501551
395446
866897
91752
192827
703357
650977
462066
623398
497528
714142
452697
520564
615758
505507
156901
949426
171123
799080
152450
695573
208678
705250
708959
813617
607034
598586
145078
966353
20229
267557
656235
572007
644926
3199
596521
251629
644459
32965
681974
525204
586712
356248
207782
178176
212344
916346
10526
426740
4724
603658
315533
705997
786168
730928
755744
388602
846620
959554
31384
521333
214429
59436
741647
670376
569822
218149
824360
420449
713967
320756
830093
790273
847915
992675
544709
699713
479762
780055
498561
37202
635936
361953
544350
874638
30045
680892
78274
898171
972975
972830
972887
944250
366625
776557
609168
728876
655862
538987
112219
744363
984248
765714
993300
961566
429854
429001
699555
950824
1104
950789
355666
686339
422130
794934
979303
222838
554472
571539
260609
397776
113555
861322
127001
524318
564304
942771
414981
887812
568330
545820
968101
97004
940590
408271
834734
362552
747261
718427
986988
97517
208921
115433
189225
878236
53590
462131
47815
25203
431247
105284
482921
889161
385877
388360
709440
638775
813580
849926
648078
658987
913908
142430
42912
878014
271724
50386
704191
802875
281546
610707
22785
938609
708757
569740
627291
398708
79600
577406
941837
464635
170288
897205
6618
593436
582034
267780
482804
15739
461419
465900
182932
542534
727111
101322
459922
14417
32477
600421
177642
500753
639830
686700
372638
442380
899591
151257
876911
401446
115784
138086
585256
540439
114046
654846
583092
633206
173413
445777
322589
701879
463433
41455
46320
855067
573432
246116
757426
833210
211603
351088
914460
67719
291288
956126
995066
121483
179933
777608
880106
316435
206664
121024
715571
729497
818819
469572
785776
524907
655036
906333
469418
631241
680844
481300
915043
910734
59947
796215
408078
747039
455713
644071
625730
867445
122624
110372
350813
224578
291702
976213
672825
265859
909592
874543
810441
945169
183401
742669
177731
799670
88063
391609
815943
611522
275329
134594
931905
343619
19209
371798
650299
485350
712594
817524
665351
784604
194094
8252
118914
163552
764165
974246
231093
479031
854833
919875
271790
938218
128836
782995
973708
458003
150898
982507
100905
936063
371345
556775
117502
506683
756745
885315
333558
769594
587275
264230
102662
607859
463451
474626
771199
488451
14538
226623
322659
311981
18609
460211
893596
36613
734030
903822
25620
214642
206962
227935
841622
809367
729670
260946
396509
703374
164079
784196
352287
63476
955358
693850
467052
992403
899157
597416
174390
512185
289310
170451
688435
350256
24226
607486
61330
432730
239381
925796
440581
164106
59075
835855
682073
262964
106526
769734
796631
774283
445263
147497
561299
419522
492148
639722
320378
424491
732003
179584
466252
448818
461507
613339
658243
761639
353579
379826
878579
148518
518299
721260
845284
609518
331342
261597
53661
368900
475031
617420
74070
794805
206791
44643
882362
292300
383620
939290
735665
826865
731652
217120
722224
250221
143808
554172
921283
483889
512711
243641
737075
269214
167708
108027
602643
543108
816492
206554
535692
504586
538272
819622
363987
19213
385733
500729
23202
571942
135158
696277
27778
262272
345720
498363
645234
43739
839700
568437
594585
605317
920934
787515
836949
377632
582821
258338
783549
19753
29418
144192
291402
148372
909050
632345
673448
285279
377302
81742
517983
158956
888995
463575
190532
19240
204918
125762
679676
524745
580503
567801
237373
368582
685880
289477
674811
700210
104760
921081
468747
166916
582227
926284
444496
517917
510383
919036
582610
636692
68399
295246
625087
859080
107869
485272
35938
542946
310648
682862
315199
738952
451869
499307
866415
980437
781750
390868
615303
197775
910302
742822
941942
104092
355650
242475
152107
21752
502534
897815
720220
859754
926526
877103
955882
685023
647248
757219
41183
374888
523533
348959
815556
175952
935951
969117
765673
768099
489750
214782
299655
149025
218510
111664
873867
742893
575521
899591
463088
139085
901286
738388
92377
403491
485355
293988
10326
647599
841292
818520
357615
968733
121043
844958
715253
838980
312797
430687
719855
112955
811187
387076
5628
140218
65637
839227
907563
554701
486665
340794
672961
658678
974994
978789
385036
7777
576554
698004
602418
644082
112215
251038
242315
899830
47200
229998
302651
231550
897067
112938
496028
990222
266715
627281
436518
488414
577772
106004
775054
413834
376100
550997
736027
384762
626226
310504
232558
637811
52843
367769
87997
785229
343327
553577
342704
902639
951295
996953
711612
531830
611363
302070
743192
141498
787656
116668
407907
499273
209620
858766
785714
67524
6558
432440
775638
183614
148487
289854
831645
532811
275734
204356
827966
404301
561949
965274
527480
36470
896625
384595
720681
756733
235126
214085
346026
852405
907619
935792
325497
754969
765991
833643
594585
909050
624476
480939
573353
43900
971471
385158
475653
178754
240157
476546
491901
953424
139178
541938
680176
821720
384762
120343
595044
409627
119527
260256
844358
52188
718992
228963
250883
901628
991735
652174
718247
15829
540214
598975
824242
122902
423729
994320
195969
249706
205665
841023
940694
318386
544555
36477
590733
196536
464817
345033
754175
990997
715154
136006
902699
110057
485791
915216
779432
709594
845533
21017
991888
646804
235753
983178
360855
644067
241858
579706
982590
635240
645373
927417
155219
474447
199761
104527
349893
322759
525799
871970
163002
93046
154143
364163
669166
647136
144526
813835
108525
725997
727709
745407
572366
854572
6023
606269
227362
435084
973292
85238
76014
534408
900201
771998
412265
793583
883900
940745
189477
893936
519783
529559
180198
374563
610607
894223
804895
705644
298040
295662
923255
122826
826345
650647
699571
521205
725891
649542
67479
746859
547816
802284
450388
987725
459586
425163
292498
596218
880434
594329
514483
672188
489751
966909
298306
178609
606815
14135
173251
273713
969251
7484
937943
490155
588373
310344
521773
501235
405396
398140
487104
807832
742607
155165
847146
740045
83039
371028
73778
241923
614751
647837
914727
110169
527758
535055
407972
619565
227274
158295
168602
257547
945600
602826
57828
703487
850585
88149
719596
793901
125879
614069
486002
400818
794908
514829
171005
624393
475126
738676
552315
893416
417098
576888
478783
6141
941353
351411
552110
659407
103541
468627
112224
876276
109941
140711
23028
641588
543476
705469
260609
908746
872441
738946
678264
387285
560580
468510
730928
353122
462296
826728
453681
486133
803169
609325
284581
301756
580514
883916
172557
82042
539417
741466
708445
760265
816172
580625
808746
941233
368791
771820
34546
980169
780944
444069
199926
441816
716883
279123
17806
362044
488905
626638
152107
339324
124654
164561
835044
885351
279949
200594
824174
390747
954253
935607
629410
402623
92616
774820
869073
883438
207294
15109
213375
834067
827535
41933
35156
65902
606850
343104
524737
334587
852301
341271
848913
494327
351005
449569
555001
962694
420479
990807
851366
702323
150753
415351
601377
870750
332540
712273
917153
86326
749407
598467
528168
659648
376705
488007
742434
335198
789841
324981
538262
962560
6597
746627
324989
86525
441767
320153
393212
624850
128650
361450
313307
458105
790429
84772
33622
702757
958052
263328
39028
354842
785415
83991
928589
526733
401145
80623
293107
643249
985441
484516
724311
980488
726165
204826
100406
329919
703049
347147
578247
521881
203824
289706
989630
209422
437594
904839
443194
594883
123034
247351
717686
500187
370453
779338
989985
866872
583755
188486
301536
4922
978842
643286
31716
917571
33982
152260
388298
339622
243588
216344
959042
596264
203741
497119
693140
748969
312520
206482
355213
647546
530701
964598
605815
6300
72128
469595
769599
884602
95836
938174
765815
38536
202653
72666
739540
215778
221705
472025
532523
127118
528179
897745
84216
523637
707698
360011
527516
44940
976904
360132
134370
420672
284405
92683
474671
793581
550848
247721
19392
288842
592906
828143
551448
12003
531607
982445
73532
331375
613099
221916
862489
513377
253551
906180
310410
749901
950449
723705
840046
40959
382749
232174
750569
232043
620253
222605
998862
94909
138579
157994
685644
262519
821336
831404
971394
25452
795809
859303
820263
571038
733083
665607
427170
338184
481922
351921
73746
551886
970594
614053
885720
743874
84837
900980
333662
101404
180799
969211
297022
819350
117309
778449
140783
779232
316076
395403
712749
442738
369924
393661
896544
413934
116931
50734
870802
828807
168259
715536
920040
844494
63041
771454
807080
910150
937159
824038
623784
223972
785249
995659
579274
841302
3022
560721
665419
125111
371630
136524
100554
498223
821691
464190
544982
466793
495202
392506
721238
836664
136159
991092
297022
536261
875253
906656
240996
296761
106062
479034
589426
330578
110895
165393
806848
280320
920679
407394
253460
798620
73519
383874
478795
224013
253627
664553
107874
417855
746465
67966
827674
895055
64666
513685
604383
986900
663896
604281
526015
384550
615150
746477
548894
500412
674519
453578
978911
485980
698099
956741
826058
131512
290570
456062
893265
801687
318029
831395
430698
155520
411257
13732
733272
356154
118761
633707
226623
842565
186016
158790
832034
677287
349413
261983
616783
117574
777009
819258
976568
632733
908389
645813
530481
695956
610210
546805
439898
820049
572427
602721
391491
360847
904290
941559
285731
760583
814352
242351
237270
495615
653779
203349
495997
812918
170314
697359
196777
445942
910583
96574
893521
501644
408041
614349
778512
654931
562035
301393
110176
848261
706025
245562
244905
806311
720522
431520
555442
727141
7338
759593
899445
254770
10088
394395
907688
630884
926119
975367
487409
868587
399900
8764
233695
546645
722881
447761
227819
939649
593327
205127
589413
130464
440274
284220
938141
801593
625476
361209
824511
674303
577232
634690
734577
528143
333991
662125
255160
914342
905354
190269
767038
735961
202641
787585
936008
537912
441643
276779
817875
511776
693686
108944
566216
36659
564763
563941
836306
197058
912799
294297
618832
437531
858069
174794
814834
549927
189320
620623
785535
367558
994259
890143
720487
981655
427795
703449
78067
400588
84118
93828
843325
261559
70962
326832
590672
556853
471861
101350
784221
282697
226894
669297
300960
47994
968352
988034
600068
618530
141137
140205
453838
31151
267194
994259
663857
971487
902948
789265
48527
871725
139307
779638
447683
920783
791755
764291
1211
950125
347239
112473
222925
946309
275313
184412
625469
858724
358648
46375
430612
788163
596264
288132
142733
160521
330787
357115
289824
244500
831045
204265
520579
901499
44501
33158
273254
364153
455726
95431
511912
543848
378941
196340
316435
288040
779194
399835
678539
173082
926082
439320
244289
199222
990239
410181
824377
888094
528954
740631
119114
946392
309283
634858
388724
12843
451096
386914
984343
968325
94483
767263
242851
355175
827298
621743
672214
518253
488527
439831
444933
525037
685568
744608
38606
196200
454828
111825
157875
472097
15516
681452
242874
930140
686786
43908
677351
422860
563744
639238
607010
840147
910772
522660
832354
692105
334055
707873
732224
241643
573100
479326
56898
494402
383653
471026
499682
121915
921233
83901
583968
299677
199891
704388
696179
605216
380339
374423
38473
229714
350146
1277
524422
865401
773146
425674
966038
486375
34461
480529
610612
115627
357663
844474
939647
351310
673451
758244
274734
166624
288116
25340
154986
701164
238823
145160
81715
480881
36669
615563
817586
743905
479614
536252
82920
607738
443201
883309
338607
263398
528519
634504
948899
99763
522237
371157
625476
835589
405202
269754
562128
150963
600718
4390
132287
322061
583332
811762
280481
504680
813239
226444
883438
769597
757510
926098
67414
42282
318313
536816
673025
847337
623162
101479
684446
708585
523886
962668
884634
391146
638518
881976
210446
701041
185741
173386
235946
610549
542863
33095
146094
629763
466053
298889
761890
553648
255654
894136
189790
238790
514541
573353
331774
114096
128935
775953
636362
999075
879912
469762
369464
418727
143808
857592
115862
984650
255385
187866
313834
413848
616828
806399
526270
387349
19390
702942
578463
101404
504015
534733
160155
846465
295446
92514
531024
365467
261188
944623
824739
252942
37394
835429
915356
387893
960302
849015
68061
871933
401234
11554
228868
838981
833973
989440
567099
374044
317891
388683
70702
329788
576155
574549
805727
663896
781254
403436
261521
612627
603386
585767
708765
856946
521881
506057
153645
739492
728982
625858
991488
892690
727564
947870
800697
52129
82935
810284
933397
945252
571369
877635
462623
246382
582542
897057
852751
891019
295001
209841
681434
728122
68377
651523
778521
294966
807431
596075
316148
792782
325767
278812
951761
309679
245301
776302
119668
340480
132779
87388
144546
198088
487087
859497
700114
398412
136398
736110
928711
583235
842999
131308
32477
517194
877153
814985
647095
902124
595328
923724
775626
570725
614524
939809
869425
583755
498000
29421
314604
932018
742325
394279
874916
968733
151332
268542
986527
575314
231930
270038
657287
678289
403785
177277
538330
340431
100681
799722
180596
808446
389494
939408
612001
559346
90504
174472
288829
516396
193858
499314
381504
382205
471393
854805
592303
340775
962526
147964
756220
352337
332247
259203
976012
461146
873439
134208
7407
641844
96956
65581
104479
802208
223293
204066
6208
849373
524843
122995
346436
725406
384620
950237
356715
855552
389611
563964
230156
485036
747039
745227
158745
634073
433104
892353
288341
30319
935805
258221
233527
876421
171467
21560
698542
25978
994320
140387
633552
333376
86833
580989
255052
856114
148028
115851
28853
634031
974947
37207
442286
625556
115175
690321
890382
614850
709399
181263
598372
233947
991189
662147
727882
834616
336212
17211
583103
665070
683105
446206
332210
609890
959588
58901
192899
530041
142803
297347
477907
127267
997416
216358
645046
910651
718032
659980
265093
232231
403441
100670
745440
606372
621065
883840
351640
721796
603537
468918
49333
7191
726712
24642
218731
68916
879153
252664
499188
754948
805909
686765
104015
318315
901364
41517
184560
726540
250086
420648
621355
651731
747451
504001
486798
565184
604179
56234
511491
944689
452552
490082
702833
273374
249389
27314
962397
765299
405764
708228
349925
497067
162084
48489
23022
255451
877200
839125
31716
798139
220099
743505
974633
299444
380956
394549
540633
525787
492694
200908
497130
943690
570628
245644
280796
916405
370650
353299
860845
92694
409247
79104
600555
509133
790586
452015
94521
40435
934850
2632
512313
123079
770225
972189
798150
607147
343533
651931
550195
467409
95953
245191
235919
846069
735978
623334
930798
683272
975582
71783
813062
931420
882935
727718
438563
700192
535456
139307
245679
238341
586671
159766
744248
809348
825523
746555
323443
604411
124920
216170
10201
626261
67437
94985
410200
55132
13606
510037
600099
842226
554554
615602
718528
335923
316697
362989
940235
213786
510726
287088
812536
538580
16735
579491
471026
403470
565849
394867
534237
525981
232301
213347
84173
889705
816311
594643
896654
88930
536969
744349
477478
781197
568740
433708
751498
270776
400750
311045
456705
336627
618566
570555
675876
452303
896479
765026
524513
245456
836067
322064
794934
344443
66374
705559
384962
290924
645318
319509
998298
995873
71477
575997
908642
420142
509167
716249
49887
506455
996724
304005
717527
347683
426097
34266
60562
163555
875712
571172
620855
1288
938263
145645
259406
226883
229383
487951
695033
838163
648513
351310
978681
818182
952798
860845
962241
916360
21985
880801
40661
394411
448265
433164
783897
365349
867501
601613
488963
327213
728010
169244
671684
39592
606036
647120
837843
386409
944144
180611
169044
173210
765304
820743
425657
986175
323646
519648
247071
873076
906198
86600
949968
93146
199926
74682
41569
899330
558833
791974
420582
688783
227132
320720
776238
763066
18173
918486
831146
232751
873657
695617
339007
372761
599135
866281
113512
609276
292127
142067
350203
847165
272995
142803
257292
940407
177048
663582
999990
83186
636207
266253
170716
738273
983256
770031
922188
105085
964105
272327
835282
441489
553710
330901
785895
966809
636461
203639
636124
430289
201058
262293
74295
461963
939809
929390
850384
878050
16500
473787
444593
689555
827156
619245
536575
282286
789482
313564
494810
694185
31934
889188
712472
891727
124602
69247
112
130412
903359
181700
822944
14473
496567
705763
945024
955522
737448
764291
951482
673816
453033
980929
521711
260118
845431
169953
836437
686119
841491
110200
568639
427368
148125
936754
72747
72880
254693
45923
413185
399871
180958
981376
829576
25278
837882
132810
810799
230732
511185
500288
449795
128803
98593
523039
597755
320580
719616
739913
615128
892896
382235
433753
498741
664542
843960
8549
184478
884389
81724
576527
9048
15756
716254
535123
109336
660300
375524
847730
554668
92481
466277
69201
795028
484635
908291
354352
785415
484516
463453
86894
120874
683536
373582
324416
319568
765725
487264
254502
801480
904326
467049
228171
203276
273592
529952
43823
404541
916244
801438
515851
331906
134509
669263
614867
480016
715895
760992
825385
714125
972220
705523
440116
427086
178139
520935
608933
234002
426820
472573
625773
184024
325224
679130
464833
664226
426739
598328
983647
165038
920984
530233
672961
793637
147057
869433
480337
635027
597623
748728
839897
403171
139359
943059
878422
638578
13313
636974
42957
322968
834649
284698
173214
300231
248269
586483
556254
617989
34651
378760
724857
650130
478218
76219
562849
923001
554753
912834
922564
777218
725649
530535
326776
240481
363492
844314
686335
425483
747114
478401
812603
46091
268152
779432
633282
830131
489868
698317
17153
796094
912633
881218
66350
670396
268170
862065
568488
558539
242336
698696
25605
475120
931899
7446
822791
421711
216978
758203
601333
793950
923877
545774
531812
465129
987822
958300
715374
503859
202637
117654
712114
725057
794680
999641
717733
950304
210865
225330
926265
950477
728271
266709
484786
299334
909440
794787
921452
496135
150090
366908
759761
986310
178114
35702
169233
24122
201090
607172
656843
524932
369818
176244
525667
171369
177439
665159
817457
85303
25185
427071
514041
829550
16471
626017
416626
125016
795674
640849
123597
662125
22303
276347
120707
842687
53697
713124
371372
779372
530849
274894
468597
366896
467655
99501
149194
837154
966016
443232
897834
879406
649922
107590
250377
554355
827434
384835
22054
800922
576661
902888
503801
456125
114704
878692
371697
257705
16923
662969
434676
606986
32934
693444
596520
818123
150317
997393
332354
27041
954078
820997
134024
424563
151323
129588
393467
551038
800342
653014
92128
960881
119063
763358
383713
933314
889544
432020
516575
776607
419308
660287
79773
363857
503387
426768
273218
969178
123165
880411
345345
211633
262542
169077
364375
410187
781503
572675
833725
676861
85069
13127
526175
343818
625673
60541
532851
776383
509478
675004
600025
470240
723972
686621
366051
17185
284240
937131
526561
248213
680496
14943
820009
179252
578065
685647
868347
406826
593600
91525
790503
465147
295157
714564
97483
46722
448576
661248
15263
963911
742467
719216
825918
744239
97220
66344
242338
583188
884584
441351
766673
221768
265725
361807
415406
262298
533308
749109
671039
996869
139593
642191
254645
330734
6152
574449
386074
186522
932667
383553
307741
554455
242874
685661
273616
853835
9680
769416
10403
893626
733911
844678
579654
245246
913386
971468
883727
872759
782773
830501
23205
912368
767399
470903
612845
492395
867105
146813
737326
158935
82705
561103
521174
409031
325335
178276
987789
437024
638068
784211
187621
104091
60951
938867
535027
702523
373920
75337
743556
620245
23531
137727
311976
897645
463376
726370
727423
406304
899898
942173
136833
21827
756266
637393
705997
413536
656859
440860
16476
47739
576122
592944
803211
781612
812794
339555
23067
44348
289539
319564
835909
82418
996364
454217
584505
409217
522123
812748
753971
168368
618777
820458
319432
262272
784861
643148
432994
607486
413124
510870
816102
642250
853814
326120
715489
349320
801849
648753
190985
772141
85268
165774
470973
49887
250487
834982
972373
165887
816757
980932
216265
670782
625439
561841
41152
354940
950944
206482
315550
740670
149533
120742
864474
427697
459043
247459
283922
220728
126740
514961
569505
671021
526060
932345
538687
23012
703824
884045
330799
850785
188651
862403
179515
156754
996131
498938
927352
347836
538231
638392
342942
676769
760910
962834
772547
95434
75643
15813
685635
101462
966143
365095
87225
542108
956093
198729
330539
749686
468010
253749
773589
123560
409658
960045
824786
897476
255459
35120
877829
144552
152027
544706
309646
632009
7305
894346
399415
243803
977300
697133
419483
848081
322527
172124
35627
37287
480619
168116
921024
207671
678954
278905
285244
19768
638410
298537
596016
300850
482361
157466
939545
751785
676873
92562
967822
515531
912309
138833
37908
459807
320140
873610
275577
589490
218565
881926
896170
935067
132225
88870
468791
475865
291757
515975
432403
502130
520216
285782
110152
511759
971101
873441
958442
626701
317199
749130
879468
895890
616121
809989
745778
920021
860873
126605
413380
161227
923744
489924
42383
21707
883022
244136
927920
386075
357079
201535
368463
915877
55713
866914
281899
9501
319182
518344
76371
967873
918986
805924
698142
363154
242891
519455
332377
450221
114367
673455
986574
117291
212048
293295
805723
82068
661636
656900
666079
135709
951761
567887
11366
817433
714675
690406
962772
986068
322968
563063
830414
855823
285724
890938
726693
393028
174943
981060
242683
346193
196360
938212
687727
518055
731096
430026
702322
967021
901774
776774
234147
185694
681118
903760
395556
100464
756494
557247
778233
810733
892115
786952
240909
452507
283878
761989
69718
699313
907784
594860
470927
241337
668012
117056
660155
11799
271724
127955
821175
243018
648675
688257
248573
322813
914685
354671
157975
203416
497640
580514
512023
8766
360744
869572
420710
576952
882545
979360
347553
508515
872441
650988
85435
307390
990554
15482
992093
796191
693295
811281
513167
337800
754369
885109
655183
761459
899687
625752
688398
209813
927559
510257
740989
94069
31721
195035
658409
344963
511422
784767
724049
565269
872446
145045
657586
145597
406602
198476
490653
979787
425662
800074
822527
188534
692786
616204
612294
95586
772296
474125
854630
401409
122025
873954
702093
125657
496034
333697
105040
690382
90708
154352
766595
389611
640024
366784
801989
323880
29763
636522
114664
132210
644072
831789
738836
948448
746344
785159
330374
448907
874207
922596
825602
662030
600938
590053
365053
299011
504654
715821
646534
131823
138967
949592
381559
366786
328507
763109
30892
534965
518184
666180
635477
231297
645857
447767
886230
840194
207840
294948
2236
156941
326452
327674
565100
615125
931777
344151
971172
85804
13406
749358
643055
650904
242551
353389
787791
955891
649402
769321
297
757930
587331
316019
504254
141778
143832
871081
546170
373228
780496
59526
147740
333254
36633
42741
844207
603695
396172
872127
221301
711439
718261
254299
892107
107092
319649
170580
339237
772469
504895
219320
54867
625093
397741
21065
385838
271410
988427
21108
927616
208430
438527
540371
152450
839829
82327
147388
346886
191619
67871
385035
925468
706839
910690
846909
370446
664693
976004
198225
497294
803241
548857
37730
850948
47555
716710
562242
188892
436427
846965
117733
877899
652845
437714
973596
397649
4989
384230
156313
468500
320600
676187
876864
759396
673229
799444
88007
895281
897593
586960
647092
956328
574681
141218
305183
826103
401817
998053
662384
438533
935743
766005
718714
672138
169122
714870
744186
640289
554780
150367
259739
617189
282782
665600
293357
332249
222917
492386
758180
477581
785819
183136
508048
121210
588919
348018
870860
479027
28116
940597
794235
397920
243610
228513
769216
976565
33846
998132
107416
845772
934018
177127
722168
205136
217154
587121
944091
525957
212343
65436
815418
848541
236438
89485
957318
279294
17822
242903
520806
741141
13606
139956
525809
564796
925024
739028
211599
709473
319064
444568
260570
559084
830385
97452
407957
226857
60422
53750
267558
372693
372315
142748
206318
186824
87375
909185
414981
653740
820033
747607
545497
389124
287348
838102
819718
344658
764443
326231
159086
226691
44636
643066
27281
972503
588262
632037
858205
661761
668870
755793
491639
36198
266621
744036
569905
626525
76648
771184
527029
88520
99116
256042
795281
393848
818561
71760
511769
233773
541172
651772
150940
902165
748710
575725
317763
796184
999845
168539
854524
763919
68707
820745
642511
253145
429950
893743
634562
687558
309052
224061
690498
493604
969521
113863
248819
898087
225510
670010
475002
478108
927756
263038
637797
136671
898974
348422
784019
174199
58712
118455
323954
982870
62050
622511
994719
855838
80198
824883
955109
552200
872002
595029
485080
768001
6652
362752
562236
11966
1683
924733
383772
372037
592833
57308
719274
841038
652493
15373
455928
226920
926006
201472
714865
21752
610482
311200
839364
253180
325148
334959
318558
981357
984714
438486
911701
865590
772872
494453
457626
588817
332512
443667
469188
370268
535455
110249
427879
856688
225651
611717
742724
499455
262313
466997
883794
55133
380083
69767
127393
981745
748037
811416
600798
786859
910315
722000
638255
622299
709040
763851
451904
956594
419449
266736
178918
693804
230641
495484
305915
514102
969277
879504
112554
29569
638054
167212
191694
196799
885311
947291
709970
682054
932057
635538
381290
59164
180111
347912
837278
896654
125879
396239
682936
644341
239670
316697
801075
513207
150769
462762
760740
892481
687556
949442
295730
875344
358917
228963
412147
101557
225963
601582
929368
11831
297294
389310
915960
315318
871430
956542
119184
425737
271076
145425
154958
167505
390595
313903
384404
451916
698447
503169
819405
783634
444138
604646
384296
235166
568229
511094
282622
768893
33148
15985
687473
559937
804200
377403
166819
539369
869520
9380
246450
988889
661267
688263
993596
103838
506167
257790
821352
756039
348592
846267
51975
983461
396161
352144
340561
152011
559026
170058
797711
4937
469572
835781
745150
40100
98418
565259
168259
94261
200649
526571
376511
594260
858117
60450
528436
873787
909846
136099
624923
107665
219383
931283
456151
498921
348366
84028
655183
427193
301561
503705
1118
249485
175765
645764
586312
504333
327429
214404
121045
147249
952701
128858
683630
559097
38694
81096
437503
814828
702300
333082
948792
218370
581071
961363
52829
265631
337869
896299
325547
999389
139187
208285
377615
692281
524691
992528
331864
93605
314846
171722
178762
378005
396092
143199
293933
477593
162122
45209
815430
518363
974376
20266
46565
950940
955296
867734
695729
151330
768598
534610
42245
517337
764116
758303
789062
923030
114487
923309
960521
237300
51387
154401
956150
577376
459865
483445
55623
791006
395439
550506
461670
224270
933043
265970
16513
975492
935189
798887
36755
664439
591705
289069
872153
13943
170637
186361
442078
882475
543504
193060
950645
238014
894736
461300
812382
893056
916448
467366
776457
860600
833991
152636
902888
597142
408276
81102
172895
613825
638897
643637
396031
621091
787517
696128
778138
796393
527310
246711
843253
663844
621246
832757
867518
272330
584192
338962
453605
840315
446922
677005
1104
79714
355816
861315
194082
535456
759267
454749
649469
471777
359603
669297
894646
346926
837666
93828
800510
364572
688554
223412
465749
122290
336945
503105
516712
526354
658151
125589
977389
116475
47460
159930
281759
972626
154331
695221
238770
122528
659977
792644
90999
129736
884231
771627
55227
585670
928367
857091
660379
550680
322429
910005
338519
912135
905921
132323
604518
533008
513010
184767
672053
117019
358982
668261
23462
184608
522192
825749
631452
648675
754607
457947
435782
945049
438841
39308
797212
410045
140669
243337
519287
668394
814411
75010
193818
914685
641137
666734
296079
928277
302397
174199
103037
413143
503341
354570
390578
917910
380863
851833
855490
693814
262201
584765
700588
737537
72499
409334
636494
47145
48959
990126
863273
241944
807514
781617
387098
795847
113128
382235
200539
97567
165734
286780
721679
228248
163776
238105
915245
465593
102279
227665
747747
461741
892086
155942
773262
520419
999059
817926
383495
868682
230714
407673
902251
906951
241515
228342
144360
526337
323147
530481
145739
662749
747789
833784
537468
769365
468330
311443
67929
547814
589241
699918
404051
65629
217120
986468
376627
709623
134003
146834
483207
789993
215206
38330
116758
952110
928483
521697
687170
23101
997373
916736
468195
960266
591363
301190
971763
23596
79139
352485
953210
116047
741295
687238
706437
622481
163837
873922
527872
535265
128128
936802
947300
374442
102481
96305
751153
36314
689011
261461
227606
841580
414042
930454
766120
300094
115842
182561
354874
748178
257435
537514
680539
866039
25225
855698
865836
556378
105889
19029
70563
921783
233902
674942
437417
56980
41588
961658
858187
93381
845063
53648
39278
317020
771184
568595
477579
339624
680029
706993
780423
227003
711485
318078
506876
81802
688291
126908
321529
701817
115341
2469
169840
298060
169627
664694
59112
691802
547457
844954
664174
278008
448101
486617
427185
96342
256225
155182
746854
758432
127118
872192
726371
275780
537243
586523
54411
33566
175808
511012
558153
468727
787780
412836
878152
254303
697437
395754
612167
512084
798523
675624
803009
815246
630718
999786
686507
901040
708706
545099
274465
669294
710427
661184
363131
616109
452966
113430
797298
971673
75381
462818
817146
928229
836877
454064
338766
523220
275734
115397
981765
114683
958136
709325
252425
574690
499099
729996
931777
964585
481802
471714
675694
649097
382460
779143
635898
113074
149836
160505
818190
702554
242411
227834
469418
101778
535107
155463
986094
765858
830103
941030
199876
388683
383303
746862
666902
840907
38974
956034
861909
174139
541085
613657
499708
173387
932369
610085
740544
419020
264544
686329
702030
275612
172255
427695
973750
866550
427227
275492
748661
150317
613574
450229
785823
741097
820206
350813
547627
932758
447140
956121
818464
369964
762433
687322
525953
848971
425355
120980
432520
884945
924622
205968
363154
895208
470115
501229
780669
864959
448813
937134
560473
662293
762467
867619
590183
417944
366797
887989
844027
502214
821140
983857
407921
170727
761207
117771
794908
337343
34896
652200
277723
534902
964248
324786
786591
464988
225428
916953
693675
689884
139080
620961
671263
659665
430522
765304
433601
496451
799276
641705
141631
104071
443988
578853
189974
914976
418535
187505
163451
972887
147366
333656
913378
573880
338086
383797
782929
493159
918465
848415
551605
710420
503169
607884
123589
743716
158920
242252
516287
510697
457182
491922
902507
122281
1093
483316
340230
919926
14402
401154
358374
143535
144446
265105
514803
897140
290457
761024
633223
573570
389104
270266
584079
979361
569895
778386
480329
285071
877944
677005
614395
561106
909071
821478
124724
354064
484585
606165
250550
495689
38033
764837
43974
592379
375517
42905
779702
689313
912161
140607
246521
826087
228461
177517
933072
405122
417215
443196
605363
312652
762676
519685
542775
174035
466023
330521
281580
342366
344239
982151
594057
373201
60185
941601
910772
716993
664669
28345
292342
89854
744479
544382
247068
495277
488227
616231
604839
914703
904579
309936
859333
523192
288839
235077
827206
350128
276969
767231
711156
954415
867075
825848
409989
852734
203775
374970
188432
625546
911409
984698
122220
82753
699341
425986
561889
468566
452514
347086
944698
654701
482366
992724
642331
423699
385136
274785
303565
589271
381365
989549
86483
849072
140508
962893
834858
130468
970280
148742
983569
257480
366881
230016
771953
921488
752394
174547
100685
844162
653365
279500
646625
672918
5081
262764
559570
202009
862462
706201
960475
631100
688836
411880
138260
500388
227316
826346
762176
918094
95597
714215
322397
176635
394029
548294
823736
854236
481482
219397
276890
727300
84403
963362
321655
416601
701119
599256
558910
351211
739267
303445
17675
387084
61058
366069
289312
571719
279599
974108
424408
908986
645731
861952
999357
667150
288607
660715
786850
204011
481980
389009
803327
363713
266008
948147
46722
962269
403536
609310
551287
383062
801595
849003
325224
771451
976042
666550
33393
85275
793565
529667
522607
863432
891631
931799
923656
435095
134169
803640
638852
822713
487112
532879
771330
683431
236668
133869
587669
55448
29763
389742
126921
925378
953575
276971
236428
333984
658631
573600
547346
522476
554794
859442
771355
221058
591297
745867
155142
836095
353
533785
292263
520630
906213
790251
87707
185972
855780
316159
396313
298021
390915
366399
96865
978082
364431
636575
168646
501800
620977
783699
940256
447909
379595
887449
64148
239001
885025
958452
294683
85900
914058
408826
237036
471306
323485
846744
186801
578461
144033
335355
4163
161473
262347
570879
276971
572918
283241
812034
959217
745074
619264
6910
271939
458185
492103
782064
693812
306074
202890
989662
264001
46834
846638
759186
825399
142204
562828
418100
696959
619414
835468
360948
245679
58241
521751
996474
350828
677899
253124
837612
445900
588055
719728
786235
741973
418894
517975
304647
161612
668230
190539
513888
765353
384735
788863
450060
877824
796712
188374
29961
301954
621694
778138
287822
634121
45748
608219
923639
8354
16841
999649
820341
451181
49480
14692
279260
766978
766899
468124
931304
424917
47239
630912
5081
806401
778542
51272
113257
507478
225130
259004
633429
964524
286626
770487
418967
5481
739736
11271
620601
635029
54007
44749
219956
563589
697089
729115
578832
640338
509167
367557
828303
833014
622640
764573
193617
29911
144141
515047
428959
408829
532412
110191
447693
889072
948593
722988
177566
291339
829501
407306
878314
916523
159584
692745
55508
646015
389553
609257
761053
596148
766754
158908
241790
591556
235174
810636
272877
276961
416360
262034
34266
529738
848734
601554
963680
5554
795747
226723
54715
985075
958401
493159
261069
926178
527645
462214
851025
285017
606506
933625
612280
427241
145388
219383
846751
834412
982863
44168
800873
96956
473261
12224
711370
656464
589296
613950
330112
540432
685255
192305
910528
584275
245433
167551
901499
537639
482804
970881
721140
333674
220201
10746
457613
431
621420
962267
342959
232797
445032
353672
152636
648765
81
162753
8698
367655
517363
244580
114907
470020
263489
621901
868981
236352
725247
606934
725351
412529
169334
173225
170819
955812
868566
413527
680239
227088
150834
259948
804018
114646
457018
741379
623345
735720
980318
531526
404179
980020
753488
33975
889186
40425
87190
185741
152910
857610
677693
453689
519642
553823
435857
201655
372136
684614
807404
102402
217714
521587
898552
243408
203276
736982
339297
943592
643637
357279
274044
758927
418810
442448
16735
26742
561192
546598
600400
642592
971407
152916
4584
825100
75945
453742
492457
527052
999845
238552
321501
795531
138379
213339
798386
442991
902546
32027
104092
801021
495838
911067
227552
903945
197107
557054
496108
924690
22593
213053
72629
11273
403261
886045
417277
784811
881701
167043
532000
542316
475889
807715
996765
548747
928487
987656
232794
143308
388203
119220
436984
709094
318072
660498
830688
920620
745280
362236
922460
648532
458237
724884
599644
73779
203350
495084
954288
776956
680510
830264
100163
655175
978786
589563
342871
591131
368344
15643
491146
196150
538095
337953
422594
837574
503904
243435
925554
344632
546849
417910
278637
973012
483327
89758
38236
31396
302737
737214
81828
193500
877456
983516
508017
233577
608175
440337
501433
27980
63326
383773
767291
644926
846676
474803
782896
827959
899016
348341
296174
925497
213006
527502
627468
837552
908495
732900
982017
995991
871666
719703
747306
250840
154987
207350
483137
523083
183922
545531
425737
546337
505714
726334
656157
69551
715119
145337
679280
74947
757159
688653
353641
86706
228412
392402
604527
407101
808687
869001
92309
896977
477207
6030
824370
447443
793382
101711
931159
918883
481842
231737
189122
13976
972557
56004
861403
669237
213134
964058
536329
649922
228645
186834
967390
730151
453578
397573
950645
859334
21990
90506
561878
154494
596490
762496
15241
394298
241270
498045
744672
836170
542813
206645
346436
785702
800904
310661
713690
324683
391490
279469
96241
924743
455944
503801
245779
244464
680360
383784
813418
391261
585004
739563
813308
891359
634548
257799
672152
16513
634858
872135
174752
944108
570362
100488
677662
398760
66
987001
708903
464144
646422
982716
182370
464428
811840
385414
659640
143340
425759
774511
241656
383358
973093
851814
336865
287020
842463
747804
74591
826674
291667
520499
673126
157467
815971
938801
30715
655124
888971
975819
719474
175702
722139
503878
143368
381857
794250
514450
895762
792461
830713
253027
847056
400588
335777
72852
800010
93444
234962
971128
739808
107061
271429
690916
542336
856662
947382
308039
558135
771232
293622
26275
755685
258069
125678
652227
152450
605363
288061
658217
736521
1328
785812
636209
100588
285398
571850
101365
105142
129072
554948
552892
292238
746375
598973
231053
595694
361217
143105
323469
741975
689224
846422
634284
568080
730030
620245
27049
750274
517739
149751
818981
620866
553757
958003
831154
996389
78165
551378
356473
453717
77368
526225
198157
16113
296474
875263
381500
609623
349022
393375
878118
918219
176236
804622
993651
612727
797739
476323
671521
598729
348122
311298
160152
576422
886538
856008
409008
44378
660200
81212
502233
370469
219289
862534
778368
630534
13601
357088
259954
285307
135559
849649
874155
125709
403591
692176
298908
779372
53550
384134
175187
907577
203716
459922
469378
273477
122782
989282
116133
152040
231545
626572
982697
847932
497030
502383
942539
585004
962312
141061
438729
96673
924297
319223
348298
348640
31404
695745
192217
100809
917065
880776
765341
948757
118467
496350
47994
207350
987767
693066
381704
993926
532000
919025
427393
220372
597400
828454
839756
522339
642461
43248
627199
559984
134003
568339
784687
136327
664400
330286
711612
274467
288253
199876
550499
839327
937754
639863
359662
396160
34814
695246
124953
27505
775626
701153
864061
255211
121552
949496
935502
447735
149412
576664
834059
702233
96342
875927
393672
280265
837727
103272
367666
571264
480255
458409
217339
778289
521890
400302
759614
751660
332050
679392
143702
117515
13361
496558
28457
963751
759084
989105
970161
420713
833750
99710
224512
373185
72317
894547
122035
387892
335564
231490
602331
186016
47850
504586
59645
144771
906567
516661
206208
852249
426210
55489
508747
160652
439560
541412
484620
550278
328419
504393
875639
250116
120908
164220
596322
657237
574468
671684
21912
70653
165873
341183
778872
371071
596838
741580
105288
543290
184356
356564
901291
517656
678825
61668
43180
758927
532839
609865
942824
795773
897276
972615
911884
832859
859151
538002
577387
942674
929937
44644
674072
841917
907848
300511
1780
883626
94773
443187
294922
171972
287125
906832
860577
409538
966799
374194
773794
205379
446960
986140
39583
554785
539492
707305
918558
165760
955092
922513
744581
391586
745835
262206
616231
951761
649916
682073
469513
482686
983089
666648
882935
664771
331827
904737
441980
744683
953476
764242
136636
712345
548439
893067
276863
682072
642214
657869
54221
103036
454574
554897
130551
516583
752905
764094
864415
222923
154368
606848
289436
763988
459709
1409
527254
336174
208010
41844
16313
761679
671073
953997
354610
41049
251119
351148
497957
552137
197420
820847
445112
919302
509440
676137
218024
59854
889066
211588
949621
521301
948521
128767
309325
502939
704582
890585
853268
897081
71944
416698
558963
645344
400247
647358
641954
830529
442
386275
692657
616586
877759
177800
804161
949687
665032
808582
939071
806960
728268
570171
863715
324340
784913
309398
616329
491901
646588
735964
465502
707937
828442
124547
507010
795968
704480
703882
125232
284988
282647
430033
225180
181380
389860
922606
894161
14581
282285
171481
733607
372294
380599
908211
989006
199941
789110
837298
688020
990997
982186
576979
591242
560080
610780
271391
531315
778104
135686
917412
643219
356509
537207
282564
322238
51917
984566
374484
163179
980142
624431
128153
490746
964666
40425
651966
308235
735668
768358
260835
258226
816909
988580
787925
825672
897495
174816
142733
761399
284610
639866
355526
901583
345454
341845
603451
180543
834538
577071
753362
493359
754104
902162
997898
563164
424326
681235
235408
360334
685943
334679
449290
176209
474084
517405
507216
869875
396509
207441
17690
199761
504182
554830
879356
964871
44343
681241
440516
189807
793193
445504
445286
989133
478644
538721
658143
927161
574291
651548
533000
908352
841539
188651
179119
571547
352399
288106
841156
340071
530306
503332
618735
67681
62187
362382
35935
236747
170750
762491
640164
823922
965399
477088
249525
626882
98418
563323
39898
186327
231439
857087
921141
405031
907305
722031
508735
4355
868568
135900
148973
23284
406343
258541
129273
738423
702453
851857
823905
580450
121530
321872
121502
680686
989047
549631
669980
136304
490600
368231
746639
79923
988852
156669
301460
357963
31412
825612
126714
227039
418102
852216
695328
340291
381755
972467
814481
64979
115365
78324
810710
838639
455919
235487
303404
943285
325138
275568
856030
748334
698142
839650
267912
956280
978927
258768
264586
541850
51926
504140
34717
227405
152684
487762
249545
688414
474671
628483
453283
601527
331668
574007
826666
832255
837614
352923
257497
883507
680529
944196
865911
836693
397308
766628
357011
185150
133698
639790
488431
487417
831186
599774
892961
822749
88438
204484
244181
750092
926415
349433
573432
75752
296693
627875
806615
83198
216587
805343
131342
44169
441299
724094
896297
858347
405336
442417
928352
697358
254403
407212
413064
658415
449407
429022
894566
509785
93315
910477
396246
109514
810331
914855
920292
516141
545379
414338
884639
237803
852964
426178
635882
953025
20682
79444
497442
652030
535153
891958
558468
467409
300048
18407
86862
557500
144664
138579
34418
969493
956321
675551
49368
811417
190064
951624
260715
557310
697554
419714
233458
869163
896291
309507
620318
159188
450360
200017
86393
802626
17588
139866
261565
424735
93581
266851
920904
204195
306624
446626
304149
655315
362977
792477
434970
