31583
693452
492892
957716
376860
248968
893781
215252
571694
83178
285326
572678
865466
720899
889520
680007
481971
226364
112985
353147
565149
554118
278570
91081
761297
191170
727275
726107
408612
534886
272088
878208
53829
675385
178301
917113
36604
223566
579639
804048
675426
849104
796897
359630
883301
103770
808224
697866
197364
563017
107175
394342
685673
156942
823299
461012
211224
382290
5457
333842
220939
881133
258944
239651
815292
362464
403168
569418
43800
155764
386283
299839
5577
939173
939882
667031
554368
34401
128676
662539
223624
265483
675354
963799
708078
169812
266287
474418
238836
975332
542959
751440
982046
475370
849275
732435
368111
73109
260635
261630
773734
69598
376901
298935
520195
458361
185349
521831
389183
621125
211388
423009
359360
697525
582727
207699
842411
485550
976304
396084
314038
410147
269161
327245
140841
384199
502448
428201
226048
407417
705210
694851
655581
587932
682631
637188
10286
500122
771123
891963
867612
912073
871921
496606
256964
337175
201729
189851
490012
286070
445359
549401
568955
892192
727339
698536
547072
144696
993495
744480
530620
594840
404189
4837
297195
34484
413344
261593
638510
48797
511483
76397
607307
856732
668646
322581
502477
915624
308086
964042
618675
996699
401846
208313
403168
40263
895426
398897
795402
190734
324040
804826
585745
521825
305748
509625
228258
632473
518626
123799
659669
134207
308590
305949
932077
448042
782876
486114
316394
146060
802136
563991
944985
469347
147642
321157
517052
604822
582119
631412
488661
81999
219556
774513
70728
771631
976029
528221
27808
356848
313829
826625
175968
840560
661213
932307
187039
125638
644004
82051
313580
458053
695670
198899
933772
501500
929417
592122
672605
773369
527546
14772
611901
401362
956254
382809
477228
735641
966532
324093
309387
972238
831976
813109
573166
623099
551320
366930
975429
935929
637743
248359
464132
64539
795404
656799
218427
914006
226544
98384
347357
73199
514737
751608
665301
640176
940762
892816
695786
710607
287544
468985
276736
708857
635556
361907
552259
505731
250704
749041
406486
597562
840174
398538
342796
978154
292652
484837
67551
938496
139994
216250
31429
944344
877293
871081
718648
880927
469781
540848
40160
119652
361960
16953
953412
169198
563017
427095
507377
122735
819383
541197
708300
377226
867978
873998
162921
148975
418868
443202
767133
507880
254269
226811
899369
836156
481234
27312
165633
261937
116545
825409
5347
429120
179634
810886
562410
928003
627296
598522
27575
727900
687333
158227
354417
529081
911879
700442
106571
356125
421414
501170
880460
172975
107262
456456
69183
409645
818322
140198
185811
232914
350235
586910
126134
764777
481681
311064
405616
761444
991612
69601
636542
363698
513616
966176
696635
659093
145028
277726
887486
777637
84867
549570
346672
903188
222561
790751
340248
948487
359596
460823
149453
989046
252980
398999
48184
274214
211182
330563
940988
773839
86449
257724
113288
718325
739514
127392
819821
787716
693702
895554
501895
280055
281546
949777
713785
400952
532276
742316
947258
893485
347103
597298
250133
904559
617158
97075
413139
745012
33061
209002
485309
871892
383236
450036
279833
573581
13524
904928
888118
28915
971268
423009
420503
199796
269035
183392
464610
937058
852378
654781
838646
893579
67013
786338
663780
648487
682129
707494
456159
755907
535041
832610
691804
285751
290474
176531
909064
224854
775994
779494
140936
720699
335840
79644
467064
797951
980187
361999
601468
267805
568237
546665
14850
251526
690089
169226
654725
570352
495420
700079
19852
974332
654640
989028
506000
148892
658202
411467
852926
577975
519050
335895
649495
406401
115887
502633
455701
553409
505130
912271
316900
522934
981992
345520
148406
698131
172145
258135
63013
144143
207411
992114
677758
456345
208769
466965
352519
557788
541493
465244
182499
173881
286033
197389
575057
193174
241216
833591
487602
381577
35513
320687
962275
6075
384868
79712
288567
898504
778984
626311
675875
426967
417227
177714
86848
758484
718755
387799
649284
342023
446376
356151
613200
89580
529276
984786
405723
98587
242052
539801
324241
486129
570996
872542
967347
127626
992705
980832
882786
340400
890090
965811
720899
123480
12484
429800
450828
772551
997023
254768
289446
780550
719476
649455
276851
271314
332571
274715
908092
405350
680613
293327
597480
662127
156905
115344
915858
469894
681535
359520
6119
508703
617817
906889
562831
725961
988936
549854
80242
13111
14230
741273
993385
528752
195487
652441
641244
127088
572390
443578
527263
652523
56723
912892
894892
224805
678916
635418
34666
184203
769709
588937
575354
462568
602482
938413
710714
886654
489895
924298
390747
965378
137005
614000
574888
638113
873162
60242
903408
652320
785885
528859
663220
810347
4768
567440
425564
363753
982788
524096
938581
575605
774782
532258
747597
863281
849088
435237
747989
120769
506787
305984
805741
433385
849901
878097
302591
444510
650571
961304
32823
256197
853282
238485
701465
103160
345250
130893
351561
544797
992389
169099
554809
928641
399742
869644
220392
649275
322442
133090
430621
10286
348135
38677
421877
358529
479971
265827
240667
895399
665898
181416
1564
597074
88562
369116
791379
49368
231032
275517
995939
998461
499842
70249
968819
553742
975859
796530
246558
55388
956033
324692
992415
354156
185030
415076
299835
741668
46004
278828
199611
943525
171921
282012
192403
121068
997933
958953
157652
560282
395992
222812
376012
356708
459531
468526
447331
360056
518884
382272
991236
837247
484546
525951
991803
35762
56473
679977
359077
559864
791529
878488
974070
621249
256312
250696
778660
220657
64627
723026
91822
493157
121916
490032
900452
480222
910860
936029
676697
252424
150076
811730
73712
85642
291030
207868
53225
586048
681957
509194
927796
417935
466757
526498
840659
3322
296167
727030
198128
552165
178873
303157
995691
677709
577260
559165
389519
593470
268787
227039
164050
111605
185589
483412
247215
478366
898189
684303
188294
605453
464487
901927
256862
846106
697002
452169
358876
865661
653805
903301
540266
51580
232261
172423
313036
695645
993181
990779
75114
846873
390287
417411
301614
932726
410876
573604
624136
932249
617004
658133
210129
94054
378052
803377
236019
498534
541090
80510
353152
783450
435240
58517
601949
402033
938670
23214
509171
978740
811344
476815
428155
999024
192333
856989
119962
507045
658215
82533
286162
850289
10681
967681
197245
390289
445935
176626
544288
196461
150727
951249
672952
347366
348479
191001
494433
863165
657502
380538
419814
106510
348925
105726
576371
21747
253198
919031
981032
204535
724332
58316
833017
741266
669457
498571
836011
883459
298965
378538
220386
661183
553604
633092
532548
360414
631984
12711
365978
505580
293282
484341
507704
792823
961494
936585
753221
782626
566967
888991
826074
716829
661867
280995
502430
547839
691550
687347
545671
60429
897356
861626
375631
543374
852652
372026
461012
515229
747528
149855
826997
904811
288881
965950
954930
106635
914428
617377
115187
449411
459655
174712
169226
942798
621935
567352
309560
401828
135410
861670
819585
136403
197678
930310
488044
848428
53829
378744
774894
875933
85767
403288
704038
307833
19969
720059
29799
952647
930851
467111
975778
386003
171389
151197
105658
685121
531055
111445
972355
404754
166782
324571
129861
193508
520979
93291
222888
611658
182695
97938
771243
388123
682623
715925
563079
715970
589837
4324
595952
929426
710458
874062
540355
6541
368811
830127
868164
970445
929662
956879
1325
841166
35945
508428
205786
699144
406844
760628
178001
175943
770811
775498
164549
465239
687405
795992
246073
933872
501093
334958
172550
383877
819018
924059
784860
653685
847562
267190
352431
168517
852420
554544
450159
781912
804477
643232
245490
251947
357992
217339
684184
240531
252982
174082
832400
674446
441961
50518
475178
771360
232736
987507
534685
322104
266967
311648
129025
313811
956950
505271
204692
596457
480740
156781
687709
556696
616324
142736
81229
305514
846569
377892
76104
861835
409015
814120
859092
188867
8964
613472
658485
422216
979160
541709
332559
606725
987805
319000
696176
656081
7652
879003
314805
810100
135943
634799
841445
654588
865897
573006
260798
628440
722433
371664
869348
685239
642461
294667
937049
210795
914116
233971
9767
425867
803894
286530
676058
457067
82875
218811
900283
981412
813599
263317
359998
21026
426148
226969
933032
837860
734777
212080
665377
786958
326045
250655
213912
509104
630133
238459
328681
977607
924186
195816
555167
443217
410156
688188
819605
284205
284868
321639
83062
772422
481629
73428
526597
660668
216520
190678
975037
802630
420289
407169
619275
823360
298232
749351
754749
567137
20978
928236
278346
968655
721423
409265
618290
904315
955949
378855
215741
121352
68753
335992
564172
83292
921457
576884
737504
833444
141412
716346
354478
566402
310938
95002
772236
62011
778588
104687
554441
512244
649559
723787
479202
817966
861423
472835
264006
166965
244139
856698
446904
945748
304418
546282
983848
764394
157694
614407
80728
981439
53198
385983
423187
978285
558774
305697
906491
775465
137135
807922
357964
486971
38920
427927
445825
874380
272674
871280
611842
393564
729138
852464
153031
590638
39444
982254
259160
387637
16661
112294
501523
851546
916139
856864
78752
889368
595753
745482
864465
634426
365431
839030
38957
709367
696411
921200
837702
991558
211282
378996
847709
952778
995429
44449
732390
992003
850043
198701
130264
926251
193436
947525
80586
891991
794228
268958
746235
214887
482136
240992
160645
85161
364677
692107
278682
762690
951704
195709
678394
17496
330865
166731
315264
102747
565469
961153
106745
16336
413568
610431
590246
366792
224196
974507
943340
362409
830568
568697
306488
444595
970867
110245
213448
878542
882783
721537
163397
645983
926173
815305
780136
241786
117903
314699
183795
474677
851842
910709
554545
560901
349910
653487
66738
544280
320318
631263
629590
242869
924920
5288
697956
513608
57739
136257
373736
978132
156153
310725
753981
906391
392866
777765
29292
406418
551387
502737
460332
74847
893614
937290
668370
901933
310463
654319
351498
498352
567271
253964
413128
652621
265555
198609
694082
774023
987444
502347
194539
146190
575294
254613
836189
764007
62144
609673
801013
969671
48968
952413
891292
204440
255486
252802
241018
424201
358256
259769
694440
781726
57160
205817
501474
377660
292893
421278
277402
679057
294741
279215
666788
679513
263770
674836
151077
503276
644130
858764
288380
533862
788311
562991
158845
795568
739609
280248
894395
792905
888469
723176
217052
508194
384547
431401
603483
266060
772212
502720
717579
726325
490032
147446
272389
154771
315052
834622
211967
436528
195500
730128
488471
235946
850422
443274
616059
777583
24706
370424
374633
745102
824388
477813
791966
942005
175423
550277
130112
114257
910711
564626
559802
897209
314035
885413
345072
483097
752399
794870
443808
816838
169703
440744
881152
882812
206150
79451
70723
926443
391362
128667
642615
413192
727846
199701
631960
486266
37075
939816
539185
115827
243414
174913
332892
990434
576693
288522
2037
460058
77404
178524
653911
861877
335203
457398
44916
441448
769515
845413
963577
911390
816646
75539
195979
408417
455415
172455
25368
478821
520160
848161
703907
225016
989707
776457
243219
516364
199827
614252
652268
427734
118255
812134
492607
724240
612540
654088
793731
191959
159980
11654
825270
388606
566429
849350
813417
567467
887795
218967
43743
132479
167475
411334
181838
86091
153079
178171
502946
675875
378447
503140
306206
808728
595137
251613
367935
997663
876649
920780
52326
279923
696858
897866
597987
718305
177115
121053
51588
519457
998752
582351
159661
877194
972523
686925
381484
653666
36176
582561
943220
969300
928258
593395
937852
658459
493894
241824
49496
291754
531186
488208
809384
937472
830247
125043
559016
533473
731366
601228
233429
317605
720301
804313
346430
242483
910353
407126
33713
943582
859752
299322
641050
995234
954264
227089
591116
54332
680008
988088
236759
797500
445330
378238
288702
105560
224095
60993
458091
137635
340417
956561
570405
835149
448815
253502
983483
593220
983685
779303
593876
747060
693385
479806
54494
202496
893571
588490
317538
675314
528359
308125
670281
629214
905990
903118
642685
149464
250002
145406
855134
791106
482429
100941
940482
694347
645997
477814
89237
846163
8791
537401
516892
748686
318702
67680
663960
985837
368887
127620
831802
633215
205649
753341
161092
706082
859385
278511
754197
650332
813850
142521
81190
833875
23153
950035
787778
441992
259945
779861
8012
570360
851076
436438
187927
938813
830343
839442
534445
125851
853839
375151
553522
435816
884867
704612
965056
933305
518694
749891
358557
15342
312348
365028
16220
747328
438381
801174
663401
761543
602624
429741
76099
51362
811641
394439
664615
597410
7367
740160
539740
62810
643959
693717
413772
430734
505379
432005
839102
624780
183677
486740
48634
953522
456400
74509
708078
732883
699807
272736
690467
980389
716446
268527
715546
247893
835993
554389
849088
801650
494963
569719
802865
500957
632114
295433
144279
458836
13983
158524
155575
160309
654173
625059
552937
737396
834195
174981
368811
831452
681194
928480
40482
135612
982962
175034
969963
126977
15543
15064
676146
866312
647126
665899
752115
290948
973116
456593
922887
454412
225409
880756
101070
230001
28912
45484
86949
765751
599760
947466
237711
165858
154974
33418
963989
490075
53083
407219
990342
579663
512485
606298
822233
556429
6830
501356
642864
25268
378272
809167
990394
852005
964872
839625
318326
436225
438239
726124
322705
739372
229700
474771
611041
662478
483625
547834
469849
742033
575281
732972
275661
841433
222175
129688
273963
142722
368378
488390
784763
511340
244194
111279
222891
815330
707083
901637
436529
86667
885393
118067
48063
849576
824195
538384
299665
84135
317161
714868
794470
64396
67724
153716
53924
133902
22575
293595
927167
702213
575294
878668
2591
729366
516965
217256
433607
873613
989841
287318
765877
942763
904369
790553
837266
508029
979619
544900
387962
178909
489058
780033
675722
110175
587749
701674
592346
53969
926995
261609
554803
52846
393871
996820
716080
197844
635346
10585
754866
396257
669828
270993
146872
280605
721540
648164
221779
718528
981882
363511
762757
989688
498944
614497
709439
891544
381996
844262
562084
949775
607802
103176
195818
780986
327455
948186
887751
32557
537935
69073
241853
953498
611842
660033
291206
792336
87060
470628
318000
341466
65983
37905
570363
338117
82955
299493
431055
102667
437031
491930
796690
254832
569497
672833
434586
769703
878824
516623
306395
513777
113588
132017
901559
333145
591781
886667
366037
760059
930018
41407
561038
880694
970506
879465
97367
464132
148404
600701
816831
143325
57359
99738
186985
169514
361102
274288
441763
960116
187804
724500
539215
539586
263908
131222
876432
738225
965351
536211
749486
717544
313326
37267
719699
626520
603553
214503
105560
13791
407530
668595
184807
211086
665395
40883
699558
979108
732458
873263
688776
169717
405759
9113
11935
493636
816567
681743
999195
653128
171156
736484
623940
852275
969394
437208
675956
305013
194710
791056
813599
260500
533072
605350
188818
656011
837798
118142
994925
395259
784672
256723
777474
462790
152721
679810
270236
985523
752153
146915
313390
649451
18755
168449
380599
604199
785503
581146
567204
623464
116156
630850
456779
653350
345962
279901
957071
316780
104619
354689
248438
722970
67102
457293
209118
471811
806989
104277
836609
613084
608283
134746
824682
129314
245333
289208
791331
276276
132492
940037
279988
850282
218245
654472
493774
730720
917332
902355
388974
159388
658720
998752
751170
223272
262284
843124
105687
939334
10845
562581
761864
734789
341833
465569
395554
155249
620508
289994
799901
609796
719535
381929
653016
550841
314036
910381
998014
298021
509408
674933
274264
9433
623984
835058
666930
3433
794469
710473
843405
397837
114502
344379
773015
534919
260949
810799
462083
430733
175738
326961
481981
30989
543484
190027
995315
703037
355892
828122
913300
30982
425010
858345
109744
100875
122926
365935
488376
574711
386545
663509
891791
823822
632897
708917
418461
546832
125550
216014
495777
579663
4509
130864
557751
888167
859868
138987
100991
590767
168991
334987
751262
460375
455818
296883
616440
688255
177040
223546
380714
952562
933590
596089
261687
838674
350033
32891
291371
10740
270822
88004
979828
819368
591890
721950
183076
62922
996965
343638
735471
134134
817089
935586
202679
209624
742623
626459
627788
949729
191844
765696
569949
203113
987493
165926
93539
283839
25494
870675
275345
160411
5642
130331
57900
271336
68573
577324
458863
216698
320546
304128
640316
16061
829705
451710
614307
782512
91533
784326
162900
631402
427815
544520
407539
486418
74001
727161
332031
980048
874721
364482
622508
409466
964726
246260
553101
663453
416251
418775
856500
613926
902224
360749
20616
351107
938122
76252
35629
316610
520701
915277
834923
502023
348053
178230
232690
918076
41393
392925
421681
588757
628657
469774
633724
486432
649575
388435
966628
878129
640248
488341
741610
498064
173385
330366
425378
192613
720259
264824
2661
823172
729874
14781
829618
987873
274470
704147
181979
553555
313389
161586
630383
111147
512672
63359
509432
984490
981181
774398
101350
419200
596634
25942
28527
891660
340067
879666
4158
886807
395725
483032
774677
295053
753110
945018
350997
984511
59550
161802
590478
248259
372701
976029
17798
936444
806269
579188
691074
203113
297172
985055
51857
355343
479822
469804
971235
832265
380209
61219
613488
99882
562097
285590
155374
214935
326007
536955
524073
236421
418376
951126
662178
562144
746890
671373
64725
514249
581004
427718
252234
524307
877001
177018
430371
789438
282926
239236
707823
611412
565291
613696
7813
872646
679633
324905
991508
747033
211051
605007
904922
893945
55263
642047
826473
180683
70291
283158
604423
338188
145818
289575
165702
184353
636956
46263
328278
278720
286481
907171
835926
291628
359328
776116
358716
91453
296748
344194
629081
975889
608838
172319
818435
177842
916877
207725
489450
632769
955464
520742
943224
727118
771849
505690
761671
466217
16487
725895
812490
100231
502695
623297
639888
538482
189211
86067
498015
602603
634802
646751
907805
297093
3849
605008
889461
782477
497193
188062
713683
631764
6367
896480
652887
383859
403695
166002
132007
431233
368700
181489
428299
565001
289981
371149
503068
216873
388722
473010
877773
53707
643763
460206
381822
274634
731518
653800
584407
332135
740285
52739
878247
725130
866822
888924
656462
538446
157753
269022
516059
494963
218665
145261
883157
230615
713360
726517
646523
499736
741083
406281
761244
144542
959276
349729
57196
82498
63881
376187
723852
748995
502409
412469
720849
604242
90638
325088
553534
705034
483412
381813
850471
351017
8880
668251
832326
912696
140981
326941
105297
298447
166489
705421
682838
489373
57979
956838
74738
458780
672181
555946
985042
110837
672176
780493
73109
914753
754378
232496
497903
627372
902704
757581
784448
757758
547096
452070
540484
180378
819487
949898
903573
209316
269218
923283
382009
522909
270235
501741
404089
223043
702969
878593
201369
709807
58797
248014
821861
555092
825525
290386
185115
777162
933530
53721
941180
913659
704909
596084
455243
848660
972142
701546
580419
885374
876639
585563
71262
471920
336198
193582
227999
806943
600596
207725
398181
749427
830967
925395
544831
445500
9911
948737
169317
509436
115216
999732
638972
333586
667273
330865
639614
985484
25114
569389
29923
822109
568771
411850
525038
390640
289911
254654
677506
22080
181722
685713
211941
169762
260646
349135
485253
804466
748372
832133
464575
52808
868744
651665
688968
493176
374505
33308
930216
560349
988461
955070
160636
225717
843656
540346
980828
369593
920778
789196
314227
345649
41415
648046
42755
633460
944553
909592
678616
116579
469721
621238
279923
436538
777614
495416
897748
503023
705907
831084
80868
287913
678524
486450
570697
638205
466530
106297
888320
146472
763452
840102
365214
293184
279874
660338
134949
613338
900939
473006
710304
349494
711247
979077
725371
259442
495621
922956
539914
503133
53007
709343
319059
547072
523051
437883
273768
328941
518103
481305
332535
495630
570725
454631
347718
767446
638189
471639
593799
165902
123252
88960
606138
9660
231664
907359
710197
529778
218930
981560
601683
114646
645056
218930
907047
551913
851596
396583
535107
551789
405076
142912
938644
722574
755095
977092
947249
100739
874771
101449
612813
27084
724136
92822
71336
515277
358426
647572
497801
956704
6040
854877
579171
823234
139782
142543
755818
507415
402354
168164
529140
895303
138441
175568
829811
172043
611904
979562
484549
921548
392142
494775
744882
671373
428093
679307
298977
975688
101156
83022
14814
726828
634061
735089
809735
299171
428027
725145
146772
62096
659430
602386
258082
250028
734538
241363
80226
842116
235367
382799
51980
103458
269022
120599
186939
639277
431670
508920
907797
15854
290053
846305
438045
893765
224145
58070
4891
960724
207223
868126
425612
597414
826965
941916
828026
715660
833573
363021
815894
756032
469624
482892
135785
228929
965178
78853
520915
923402
396084
669658
711882
380735
393326
141035
894622
357789
6015
96270
64388
179864
803251
129315
427039
882279
421543
991699
615238
772494
651568
503121
889324
753001
637106
66316
271685
686245
735216
153814
837373
667165
153321
395548
536070
843930
148854
387972
786072
823002
812575
47138
424979
911641
502203
171141
516112
520885
601078
277773
969556
93765
526479
985283
593740
569503
27525
818338
354926
606774
639824
476333
41409
46387
927217
234138
854877
934476
619881
275860
928117
371425
92208
482497
278533
801095
545882
870405
416045
516672
287206
156413
543838
39639
243753
806330
474440
441492
207210
465027
206822
981709
547731
970921
572921
436314
210053
26873
817067
948241
518626
708067
191562
14351
38651
268041
585485
690891
894857
13084
936127
431487
77348
314229
633240
313036
848143
745780
846496
937023
242356
954869
444118
455619
704066
257650
562604
141301
105110
405896
585408
201958
763011
579073
316022
356260
260673
793690
796822
709854
228485
327324
430205
163821
976671
732493
450343
258825
772170
700996
951894
103683
202328
271815
112117
926195
737080
231834
612772
347647
837398
10135
257621
803949
837906
948530
410866
167466
487987
608587
414836
849350
115169
991409
260073
536486
968457
180904
842854
127306
420379
566934
427048
565567
10685
637966
880911
536558
380762
366873
999303
448165
891457
702932
213982
803948
666635
203737
644904
56753
16641
834212
310573
885693
348925
276427
754508
898589
646780
172248
267729
676162
628921
243676
79487
740236
484425
720539
181316
779779
397126
378332
339492
247902
195530
749303
105002
763826
577127
851866
963092
956394
481981
649658
730154
416311
436431
349865
366865
166819
229617
708741
181544
869725
848014
962763
378085
184551
562862
644968
205231
789178
614123
618665
972164
134638
167155
746015
260309
94443
563398
742025
471524
558987
454412
3058
625816
770459
181741
33001
433
63619
216062
872668
92670
94998
827028
116889
271701
559045
246437
326202
961107
144796
268565
395562
445780
566255
967595
790400
777329
840514
268053
205002
540676
445633
868179
769454
180846
535761
647524
957019
856153
46988
932887
435494
443578
108184
977606
55378
502853
436994
219346
626192
485026
950295
388923
281115
814532
670199
569772
902169
62056
41196
310519
593031
534071
337995
871050
321365
251999
793375
800226
869122
970989
392452
518961
257047
144024
121605
914791
998010
715461
417980
949341
884280
283469
208907
747020
999969
286151
634503
921810
576642
610312
576673
780800
973844
546234
466639
191024
634333
340387
944710
616647
792531
447675
732120
373582
573735
989076
210655
369456
343120
215403
933761
479616
739719
723611
362289
806423
728860
176517
89189
471706
33652
727990
744004
634787
735569
990857
600701
572520
968020
537775
880387
929576
922772
223201
35223
897075
793443
682717
135280
230273
935073
193894
68239
493105
775748
33417
643125
888356
4548
547664
178693
617354
564994
832408
588161
405235
856491
658253
53352
982788
277029
16253
350180
111513
936730
177887
957356
491005
669231
203538
637569
58889
130891
272063
754351
639299
854314
401776
242495
122473
507321
644167
444036
50232
348514
495916
38297
137910
959821
691375
4169
459146
451327
441590
498353
144697
855695
264387
153323
238680
68278
948488
469122
536990
893635
457234
325544
37110
545844
450744
734183
13699
429792
108437
19651
5075
46318
688844
593468
496413
78297
717680
597207
883100
336480
365978
395315
973261
66295
871746
386364
296416
816642
144014
526116
164721
567459
999088
527996
693805
563167
883291
585697
358267
76490
654871
477276
164814
4369
189778
924138
899325
825471
46778
712466
380223
382859
602919
178476
257202
666148
289866
756844
621621
108384
194431
882615
505103
468176
28553
631745
129887
489353
268867
408240
60433
957039
285538
376939
557864
828233
564200
589310
95939
906908
614427
393220
75463
748692
572964
655828
731634
762821
789464
311837
505895
16446
746285
21612
529443
103975
507377
813901
940735
502827
428777
609986
926168
424570
882600
356342
820365
304400
20601
401289
837137
773978
281434
506953
964025
252898
129028
824448
89963
964659
71688
599616
917332
108594
48963
346143
351561
338808
725667
372546
415476
214833
729824
235644
273187
252041
359641
102277
142448
430701
477872
462476
131435
677636
612230
123245
830740
723079
582131
419378
566794
827674
769075
905939
79211
269926
874283
582599
490976
337949
247959
109558
658182
978347
245408
827674
318491
764006
529017
661913
753710
95907
621844
240409
878478
780229
105387
431774
413482
765016
93042
363456
110220
665922
307311
652115
216917
911450
566737
508919
365880
179129
136493
670082
970388
815754
277716
872312
470511
492528
189254
48398
525210
255757
714800
835207
408937
847418
870675
489297
363798
694680
787440
687895
292404
743609
933481
343497
487232
675573
606976
968299
423703
248240
625869
251592
980452
115674
490935
641851
785453
516623
838025
438546
734930
385773
555817
635418
600342
261555
172514
295723
29666
516894
196873
186923
110624
368555
956564
385959
513767
816017
420862
253180
444838
364998
911149
377894
318854
172662
261060
365468
532683
87725
822703
364699
688390
742319
925984
948679
725891
400057
321347
417845
296944
756165
750910
905270
520058
659567
798375
871617
492185
620656
97517
750491
722268
97639
491721
445808
168184
210278
756857
780205
511812
926879
113885
499507
842116
775604
827416
967421
976097
321320
185902
680392
48518
500410
515229
892
365304
737196
619127
347125
521070
733714
112342
181986
58262
807585
305432
751847
916759
49057
763736
59975
781694
653283
149024
989323
935584
28675
697707
131877
367188
936408
630408
310216
523867
446904
345181
585745
460034
749999
350820
139762
294772
928776
298487
742678
693460
169113
623932
957633
145752
308533
537094
419488
633155
193984
333132
89348
583830
472479
415771
549464
275860
253415
285088
805152
828564
872495
207248
808651
291540
751575
401728
906144
590742
46116
24704
10331
207112
69614
221916
69300
883316
921837
726248
37749
92309
737856
267725
371195
691051
31268
953294
243001
946794
449888
364366
661404
138755
168991
539749
749971
271100
485041
687953
106137
498335
212442
875654
270700
793881
429041
248352
711998
753237
212832
831547
605528
493463
216254
144108
230778
324802
997296
936852
464652
171812
165126
656648
794012
728035
244151
280130
959008
470454
257187
557128
352754
363255
599738
542069
835587
591955
236858
865164
400583
293513
607351
742752
720400
81491
131169
976434
6435
111239
434013
405291
304794
600392
381234
821406
359831
956610
910519
632114
293774
226182
826961
97842
322860
940454
92221
54469
836869
770757
639112
380308
626361
888457
270735
218841
468558
653016
348575
116599
553247
782795
738362
947776
972695
686847
471259
968025
515799
589983
844974
851210
430853
820103
940533
811220
407804
254966
117847
838052
479375
318401
954256
917416
472057
519408
661303
41327
355010
979750
818034
411699
597797
582688
171103
732885
447564
437176
877856
781963
670188
162950
181047
259718
82254
196532
434244
246673
951080
724994
699324
348245
630312
65258
163973
133760
448992
766238
324144
954982
876549
145096
926641
837838
575294
720545
565641
283729
814369
600349
624769
23763
269347
748154
997292
846686
710537
215121
62789
860756
633196
712502
540607
527011
919225
122947
551806
347751
182939
171558
329829
960539
927181
908710
489504
324259
588406
60630
798013
878182
409874
611939
112371
20012
587565
305083
183879
38079
694989
497177
595373
362703
5320
536955
855672
664314
368422
749702
535875
321304
519819
909161
584635
179179
43708
98891
995651
36070
110733
36104
911651
579188
91690
622125
932029
566543
225482
196443
735503
753310
643254
752180
745708
563994
159454
384752
712127
763901
34952
927600
680114
345478
579
645038
153165
105213
834624
735408
398748
770027
813502
539414
635758
148892
419691
662689
226261
641759
111011
731672
668930
16459
551255
710252
472916
791806
141652
495373
797591
991568
402359
365877
967886
746312
480974
134516
56197
219010
823078
447365
240001
126467
642390
452087
220828
195740
752606
502902
186878
656357
211602
827199
30579
605004
99029
488941
998888
218643
344173
932133
267190
329896
860183
826961
161288
448746
613253
849085
246331
290116
293830
641951
801387
781828
229735
115933
206925
707949
142522
561613
159322
349525
137228
770764
117466
911684
159156
793715
760740
249692
340193
13579
770621
341417
88525
816228
914950
573072
336509
181835
544093
921117
136169
366954
424727
809396
636376
549962
671427
753425
737258
187420
522734
912572
271459
379100
54687
233714
919232
312407
98246
902499
3938
211504
992956
751522
800815
889923
245687
780550
91398
763850
285629
768169
777543
730200
803811
377491
313860
767301
405012
383355
125389
517454
488925
231886
84425
543467
447805
753922
827379
433255
328734
106292
681984
745763
243804
771555
228728
108974
822286
634460
180781
43366
700618
251342
907601
47120
418290
997855
699027
161646
935452
410430
357776
967765
73621
434244
318977
780876
463823
136770
163964
999024
803377
303200
234204
996826
174978
812715
667351
414252
704678
443977
719612
948454
796948
299632
917365
38366
692918
282635
219331
207624
635947
926473
159698
213207
278125
774885
342755
811344
729441
806234
757403
458359
436448
96962
830724
628731
645912
795458
856668
708906
136053
329935
659427
714126
655486
502210
388466
368819
618218
305755
660390
506677
658566
807566
361499
139238
701036
666111
134838
828349
695156
251953
742515
527317
403788
676191
615583
631300
536721
127458
795782
338763
354868
36604
320472
25433
944902
944142
507120
275626
22627
191955
56507
223711
33001
246420
306619
849900
562061
845588
884966
119793
306352
476832
287405
353247
898078
208401
187464
753995
184086
168313
571243
839420
162344
119612
255502
191706
608903
170517
398334
167343
662806
29476
760418
262182
318433
661679
34529
931565
450392
96480
233666
403839
259255
487655
832927
455733
554484
768875
806050
13894
361935
797085
696431
870876
851449
32458
460110
253514
773969
994502
591385
671038
275245
820409
954436
628147
944703
396300
146232
495748
542395
556131
371980
882619
752489
271995
178163
290354
536219
849788
183242
735728
595142
832050
349034
751575
703078
301635
795928
576693
870147
557095
700582
396045
902620
150244
10909
623822
912670
33697
797327
88470
287870
418550
137003
678231
801601
318892
402875
985308
656075
733131
454412
15488
100763
820194
480702
840744
556904
304494
475212
322655
621550
825241
608038
518739
234495
40397
885115
213956
580996
250018
929932
960838
637097
321266
834610
888784
999918
702699
82825
93037
245490
919846
405332
762402
160531
980333
114253
445849
599652
495530
498788
34768
113288
598151
619341
494651
845456
275381
317235
413346
584329
183642
192753
508236
266511
894009
547709
512244
930821
863603
874102
381275
106214
451120
3078
450449
337365
238711
377837
600864
427048
121892
462259
578519
335690
497366
397412
808698
850568
989574
109380
325179
864501
440364
214116
469036
653942
192176
423625
840254
756961
353898
121436
428967
401965
477422
330058
32493
451246
606663
69631
287861
596667
582761
908002
422458
735393
929157
968193
136099
299822
36567
2185
647257
36218
847514
749189
95115
60423
733160
897462
864041
375160
443025
477666
300284
114447
525907
373847
157262
29140
340013
566983
458932
393772
759628
158174
720821
928803
332193
942534
381255
239543
603756
87906
820421
888973
665899
362972
886807
41414
262549
578572
149631
191222
698670
539185
581948
126988
598725
833116
156153
641676
23896
281407
604998
739177
649455
725604
286835
226665
740773
515486
18762
373990
559591
714191
753030
504234
507965
64338
529504
636424
951523
379948
417427
189079
764282
451057
761135
778630
160914
796651
103502
742998
248217
603424
835329
876461
312871
541174
252463
683280
918174
609958
905630
373905
702390
436994
32020
742551
533981
4178
805240
299212
849895
579262
762595
289417
184422
136981
687862
530297
222235
523433
624547
481205
548583
440423
589241
664498
84124
687994
284580
901896
109029
816451
540746
660053
836899
988625
513309
716495
655260
576660
951561
841122
486660
474474
230680
682309
842438
669633
468205
509542
437956
651581
139847
681178
439307
417699
94805
830713
124716
698053
208248
102000
790071
578834
521683
67013
376638
185811
555737
723598
175711
511060
898533
514730
28249
212847
463832
865211
477164
21948
27082
520236
566886
47347
107214
892
289782
944409
695377
845848
874271
208435
845316
326782
816646
175494
963898
245641
506277
266020
496278
190867
746875
353081
386627
379469
87690
347546
488376
946427
159139
743016
84327
221988
521041
694396
588947
760059
591963
282885
70116
892020
283091
42491
182982
346449
975670
630462
87192
160936
453483
985816
292064
620941
913105
685659
999305
427712
963984
886396
263162
952544
313152
271515
853968
908453
405735
941549
626887
547454
946436
699730
517285
891780
894043
106107
863581
766705
628416
464450
183759
61502
224096
120925
912529
334279
201947
77637
86618
865448
481612
172662
827358
433688
44260
869292
906540
98085
578934
636602
815209
627467
76622
422125
45618
818177
505761
138785
322493
132464
346270
187486
201872
378713
11190
794739
118255
153321
103779
851765
56728
690107
204974
345181
781290
523541
687494
358830
562067
199
36679
654556
36034
352850
635359
957020
500073
582345
484303
912720
301157
923247
124147
476571
857604
293441
232355
634499
203329
605656
331722
183390
56482
350255
198015
185249
585355
701340
885708
745010
420601
528082
721790
651022
109052
617503
375985
666862
633783
879587
293276
16710
845341
799375
458359
490459
678381
691361
456073
200961
470205
574384
886287
900786
858996
462310
187125
225241
468141
694320
116667
484831
225834
99466
568149
719463
62093
707463
838103
194233
394947
823758
770476
117872
558229
467973
506297
184315
878824
892792
296399
42798
393389
411062
383682
900938
75661
120204
780009
191529
589267
318171
520885
849815
299346
461655
714910
240697
87624
554201
473766
90256
679341
968819
425689
962519
128538
561349
641423
854955
540065
294455
862563
362488
279562
862335
829478
983545
752813
465821
970832
72412
119141
875168
844282
141185
171228
721285
705937
814390
448306
678953
772707
572833
210211
799340
965719
40504
902107
729672
239932
287647
381689
477293
552699
240751
282669
454034
390107
783531
621484
391284
951106
295310
707906
356204
720580
557340
635593
552386
870236
741296
961620
555031
924442
476622
524200
20762
302407
959627
14872
51562
672501
609370
302548
313068
915919
354320
580699
105138
736887
897477
52900
558887
607668
164064
636070
619423
424699
472063
961501
670306
395795
15875
4774
167284
144033
338723
657966
161858
691498
13301
801350
400645
551344
600305
114266
720098
82753
330064
688384
405844
563119
394988
15681
324606
75610
185501
843134
259930
795146
571520
129797
514865
186037
809303
717570
779652
683275
58102
7319
736947
893301
20765
802905
511295
596475
572706
772292
201842
414111
296107
97517
332406
918449
808614
547841
920575
994064
431383
624452
542397
583477
674778
379918
695036
449136
271232
742431
945982
641691
293296
444357
808334
438013
981675
500860
661214
870841
489346
242661
212743
993361
727520
840144
623412
681206
698310
983688
521939
84256
606505
647828
693103
827128
3095
346000
612195
804635
742623
894367
156800
530297
166197
459282
806797
955784
674554
943688
887929
462478
901086
89405
975751
873794
489016
8913
513345
731971
970496
71563
29018
380210
812532
227097
659427
698581
469033
360818
637940
774496
118067
50349
783567
801224
904381
556326
33259
779468
808816
52900
393042
423474
801650
365401
879331
705059
162846
566593
636687
405653
32488
293049
742202
432127
631119
800779
185590
540047
179140
359002
579778
622461
187734
105147
57979
157099
708602
882738
9582
992315
298884
32518
322798
535399
748248
907774
294382
694306
456262
586580
575633
546925
481531
992761
852539
860622
917825
868263
899681
652197
788224
761864
804213
995708
490277
842598
469438
669532
87659
637581
158772
612868
79189
404100
552071
840186
947101
579809
766609
718169
73913
916340
839913
892892
181616
741071
929953
324061
840707
501157
955265
451022
145313
143553
217888
215267
911633
114144
912364
993333
634005
923756
652789
490587
441371
644773
881895
680282
625574
179466
921410
759897
145021
395589
969546
622826
612522
695658
47397
527259
463008
111429
68094
84295
676235
773430
465244
951788
233021
296167
346960
946948
425723
679331
565834
913
269455
318803
723930
286002
914216
48645
493750
811917
289803
24522
115567
89838
309837
753463
977875
767055
663095
546598
977757
205237
192740
363263
284446
462944
318597
308752
964891
855246
513220
546234
403811
144583
313748
987167
446217
801896
606232
214814
730877
79168
766522
578314
862168
979280
527141
914905
586121
285305
507837
346490
443815
285189
550707
220934
566967
1626
930268
960430
527245
847111
234481
685936
217247
694275
647828
625755
633343
294359
761672
579649
755532
583802
399395
816685
496636
901020
967500
503605
836350
582579
407634
351774
769721
452087
857405
313933
726275
935337
696680
296578
974249
117644
509360
54257
407653
103738
303592
490480
914283
508906
579262
487760
909057
694533
888175
786913
718112
339690
111095
313014
847488
886002
108594
431496
477410
968658
264268
278180
455814
18253
957831
40974
556644
137363
117953
623613
584635
225226
296490
973116
73097
834995
826124
424989
662889
99362
169352
96757
943683
82648
136651
521769
37877
999110
58688
848602
974894
378671
636295
796134
842897
689718
818342
937023
207078
867811
400611
529616
658832
244273
375510
315573
302097
628987
60221
849305
683790
702093
172843
695219
340472
566987
901528
299208
629808
562320
41883
903847
132479
150308
379215
943351
852394
231716
957239
729824
310763
606287
601054
92822
984247
840531
651512
692290
385884
245875
779851
596862
76356
411930
478633
760369
753615
205582
767301
486090
304499
465308
961999
560398
292801
919817
549057
131737
295337
537512
365189
595001
668646
415233
227360
422114
445292
493450
991459
262030
452566
102376
457968
351829
405844
803951
96471
482046
764262
217712
318803
753403
171384
82313
274236
370878
327691
353619
109448
846132
837284
655630
693737
195979
127539
778689
398297
191797
985947
751871
227496
663587
229393
469177
171318
211504
431160
912657
266152
765534
761312
486119
20537
714455
46620
352185
341092
253893
588915
12064
900799
297654
412123
256001
842367
570843
856956
233976
927556
241572
851993
912453
144596
379157
460176
825839
481323
857868
718090
201426
640316
939425
69658
210435
455683
928639
540446
63114
819043
451935
646566
484217
874905
896926
727116
779935
742827
79821
787202
501351
46592
155905
187590
801592
34232
947556
42945
132120
13065
477317
467530
304981
955371
833089
74682
529032
725145
90243
797789
158890
759236
580663
524734
997865
353892
756113
666390
174508
313439
201085
843621
941749
548606
517153
435711
424727
800622
929706
880895
103597
606128
48518
255953
860062
139602
140899
374526
11136
974396
778016
717893
58254
578725
609618
882142
404593
960880
340261
590344
210330
578626
431881
787426
283911
612802
865760
764071
852539
491607
326683
576371
316909
934239
79057
304647
580063
409898
702804
288418
680353
97920
605430
438507
21138
471261
527223
122973
349247
11966
280297
199343
821152
305322
391696
30160
587749
499506
618418
715360
671847
976827
773764
510341
92490
979921
65868
581753
618020
987575
184513
392925
447597
256618
702010
842091
881788
790654
662403
782876
662330
710163
843350
919232
77713
438134
274982
279515
474909
147034
82372
124143
238258
17087
984804
621030
124853
992025
740548
957543
380988
912394
581012
535399
686397
518176
820826
944203
69415
800239
639883
798548
328651
35212
248536
999278
310745
964146
945948
68173
254181
332581
331287
412450
908967
692040
703988
216474
472064
550322
485002
427417
974814
617764
490301
324370
666465
454787
675465
611904
560823
206150
506970
262549
756291
247708
6715
472649
846314
882837
879503
776658
315080
846328
217888
43969
960094
727066
593469
625501
927748
570437
435357
27308
803513
145091
54425
736773
142801
74180
893227
478059
185902
402346
545224
364872
456817
530516
878125
909731
688843
326732
846769
876321
329141
975044
872915
207498
580296
99785
326505
499224
173415
961239
759435
44720
982285
664333
834731
524352
641889
959554
129630
657190
195291
57008
797205
536817
943738
25476
814855
666853
672746
842877
70805
888304
457527
936002
929336
511536
775989
364347
481165
938286
708042
743974
196408
869874
226869
948196
710533
883417
818217
771052
776067
405961
96846
461375
861454
773837
921805
747504
213519
235891
625219
498077
93826
599097
217555
891054
315422
578145
430837
236323
103358
895925
308762
479168
85025
229822
800118
944334
45440
910669
795947
579516
968056
289784
504120
291685
272830
131594
732574
780136
623659
724932
284927
871168
846440
897488
604643
377778
367895
761830
455482
623821
846295
604204
684607
31343
418028
170624
103736
398297
984458
362152
638867
414153
167893
509625
381029
639175
113346
918076
168313
409783
79551
471405
170827
297362
605651
867157
794501
708317
134792
751204
952054
502523
879788
826738
712678
751571
29778
538343
546753
70528
336368
482961
449232
108411
754035
717174
279929
96223
931751
775761
869146
440692
431123
498313
222275
367124
444798
4465
371700
498175
634360
890508
809668
100600
449072
522653
115071
781669
585538
112439
268272
497059
772355
590075
422441
789803
531177
974201
209718
833709
682438
994128
562988
785515
126932
891618
136149
573216
964107
17074
189884
15491
859243
66237
509973
403327
680684
570132
471945
389324
660154
364181
711970
711216
48725
760249
552163
146415
489570
778906
84044
93957
574783
998211
212170
346404
726432
48612
77174
699357
278151
229222
940172
570363
397994
828099
853465
238257
989807
153707
191187
262323
624733
954459
68964
285367
737981
262550
370974
101693
351848
690586
408789
319019
88549
13025
209845
866734
457340
243926
9211
90702
522408
550784
998000
185192
823595
413264
952325
829179
218228
741587
443867
91486
295541
349378
597743
862556
275623
266241
82450
319925
852859
185831
696620
633460
884996
799258
618437
164133
381764
406885
216879
666427
210065
270147
970895
404866
788242
904831
44007
473800
790751
5228
421315
800701
808057
74715
405465
983895
148751
757646
934886
752538
606298
204912
31858
41639
124367
155966
413503
14841
400812
796054
226099
689883
392878
394560
182159
25172
121033
384379
563064
512654
845089
983241
915526
634095
664042
476658
779196
615859
208278
559284
968104
583566
410890
292913
394085
609962
486321
562519
235552
463569
776988
553478
216771
60077
568448
625308
128755
711168
898938
574199
292408
841627
809158
638073
886298
207925
443851
67884
15301
124858
92117
202420
999984
612294
690510
69480
219546
69750
577572
626480
120027
295970
280460
861388
347413
140965
889424
61938
984260
837709
613251
784513
726288
294727
989476
634838
602408
560421
657305
769710
471814
957747
259519
969999
717388
750205
152098
899728
216470
121787
917356
696992
406218
718648
568671
267983
313843
756345
867995
483235
704012
705646
3670
386652
536041
930216
358181
981799
25494
706397
959845
861773
203660
854272
420846
123780
212587
644773
817067
20651
580969
386876
683741
332559
333049
751505
709353
916200
59273
714012
576198
590489
681181
197272
644401
552214
941493
888822
95960
917144
544300
253136
695990
352289
317565
348448
915901
634287
682725
291540
874922
152373
434887
566255
707036
626954
412250
738871
601158
1336
672899
427680
947991
53954
421703
990405
546083
336509
525980
800230
748728
800110
921528
401548
159296
388372
900576
307412
949770
683289
593848
288574
69598
310245
995009
888833
700858
497099
386307
312330
157031
46116
546113
125900
79057
533683
48963
245647
946258
356645
194966
916342
546339
251757
883955
322969
253908
207472
581180
369849
979224
214951
813415
64902
727431
918986
639175
503011
524118
444992
142938
904465
876403
184334
676597
309567
759190
463669
759057
17074
180
411
759516
216570
773818
785831
884484
923780
235317
367970
6530
950440
903394
327797
572750
632510
157021
191326
63597
169462
852381
352769
606374
862798
706807
359152
576584
385025
813798
995250
698670
271938
902592
590440
701312
610848
559032
374893
962476
459232
999105
127674
926645
767397
651269
304613
225060
608211
580782
959612
187072
407653
281790
154974
760459
988517
44182
613543
921753
864869
195806
575256
904524
977070
990401
954959
587956
168935
962744
335869
547262
183698
254717
306075
503692
857352
179924
944417
680453
835958
718714
205786
115384
797130
468924
452285
524373
852816
310725
909749
948073
795881
525246
667150
33345
472198
565504
442843
31392
314642
519213
279151
886320
626298
406782
221539
346401
541430
367543
42723
788679
402558
93212
666010
670929
407504
525177
530080
184029
798222
4570
54493
834680
962672
406308
575180
629265
404642
257634
185548
587802
935323
328517
899803
912398
1400
321740
992705
67875
38098
730992
417331
957945
727795
131064
534000
656778
146940
691397
247429
994200
588868
269838
147006
225088
574569
602691
667038
200244
579171
905125
2503
538667
615451
94311
174022
169282
402472
706755
751907
683590
536505
602565
815989
98815
101274
464266
699833
482456
869842
37369
501356
156825
4681
608198
80566
821875
812447
131164
211887
697091
395275
730887
53093
996879
467044
888115
808336
322040
686243
284842
266967
946350
628271
853540
164299
834558
336798
881247
692604
235333
744472
189125
794626
366946
822654
827978
779439
487012
365167
732690
186188
369426
644508
634785
89775
67386
684827
967744
289879
338188
42444
308902
246481
669253
182121
37952
586022
271149
575760
100636
862027
227239
23900
517496
158528
302824
487605
753873
879621
780554
923528
808622
6261
449595
909771
439128
288567
500253
73899
473711
514318
665702
718709
402735
159955
741804
520701
913306
653563
214039
792818
579361
322745
486790
764691
753896
356901
494701
406016
624784
220476
142367
576873
130421
251785
399982
616879
614714
153789
194065
974036
827870
168864
841825
158599
957852
945422
255239
678019
227132
374506
13791
406424
575789
381637
383172
162470
164911
507542
878882
146915
351916
582511
519110
577812
868917
720475
254093
878824
122490
713349
172596
302931
170383
421729
331234
417113
358419
47423
89934
768155
135604
549816
158815
824390
581802
135160
772451
806314
643688
521132
134746
435993
478766
608553
727185
612320
475839
679623
248259
341309
609370
505728
580297
930014
57802
915165
188344
894386
137003
546161
98122
17084
862859
500438
379020
910609
252356
914310
40143
31974
815573
488911
380050
786095
223646
835928
544557
866035
695211
809864
209280
854451
511705
280144
800110
351046
629847
165952
920384
701453
816020
570354
842486
694755
281422
146355
94112
506482
538033
200987
516917
679490
436967
207594
314835
157617
278453
934250
453228
249720
390509
380462
463602
444006
557477
502744
396087
359779
315832
917640
398936
25620
291579
900617
330593
905068
400702
593811
317355
352318
574563
132001
437618
883596
537535
787229
620110
167342
585439
430417
166298
946309
733793
58032
318381
414805
948097
768231
824868
208251
482166
456660
886686
148963
119873
939141
96751
347154
778839
663803
113871
957034
158938
156225
418654
49588
999526
281759
387742
94672
868928
430938
371646
687383
503839
79403
746586
911156
479431
512080
552945
675551
731030
670437
476144
261208
466775
249240
672746
804521
846402
873496
840765
836952
612743
636956
994863
105242
379888
86488
621310
511261
108008
33236
784402
312494
589205
707030
32643
301416
982021
989919
290808
850367
313995
327215
263605
671284
874130
357179
972504
701608
372227
158031
788321
835204
838253
648416
349462
364780
647492
759115
562421
582410
25268
898661
437436
662924
934867
874399
390161
641090
873797
181235
421058
720330
19174
620164
213956
665777
860787
928210
330371
219211
672405
667492
269784
409918
117409
800788
412342
524469
873700
237385
997551
16741
863868
486142
904779
303945
313580
218452
366262
981486
13089
908552
728683
82010
676343
307527
258125
565593
888228
841660
379999
880159
415879
732532
159545
200906
521405
266971
311380
787726
580063
858830
436198
136842
344162
934232
293975
683460
976096
308519
222544
858092
542646
33001
552579
729509
79302
184413
196711
759226
585986
46102
251633
959321
992610
454857
502733
428332
425086
462340
698617
324179
887169
241018
514502
270351
671452
687005
826605
460547
505245
878436
554279
955352
224312
641250
303664
273622
991619
174515
486125
778320
733612
127684
172346
169443
312148
100768
465905
248293
159367
100551
91683
62237
869872
223734
300535
456421
537455
686513
349902
664205
642493
968987
315882
748740
47274
770079
430868
970041
850749
503277
834881
645821
574283
978530
539818
641512
56085
663160
596731
914207
911840
235153
41213
820719
188551
926734
39693
567344
12086
52530
778809
428106
102246
237025
720235
634215
895925
458760
9582
36218
938638
273171
316827
549125
36237
642819
474427
50063
706221
29205
252337
522998
121892
686795
930453
35887
230264
278125
541039
334995
712906
441285
349584
863596
892904
405196
410218
9211
482267
78563
413132
576315
411494
203547
651860
784280
66023
860810
704233
862417
734707
820657
633621
854955
26881
555410
964268
495222
346636
903224
410357
811131
669911
581012
346933
484071
102200
49831
666910
21291
709941
830374
475780
86826
624401
690399
407276
330921
599186
563780
806402
801650
531430
201965
822604
737264
512654
439921
458587
997453
57294
285066
481039
51077
176511
919314
115845
646896
586147
492864
725597
931773
741548
867905
220279
761444
502062
182428
945214
154762
305115
66093
502113
855010
611326
804673
721530
486075
658691
702311
809051
877767
522460
822288
720319
219008
372188
340767
352808
84425
325842
869584
565441
531704
638990
467060
449472
986746
326102
298555
157610
812291
362851
788380
139856
705580
938686
531842
199587
142223
140794
488283
943386
306774
42219
52137
692264
529235
258921
781988
809
674297
386582
541462
609963
755125
446581
670808
418568
33881
345250
225830
878593
640794
46871
939173
451118
194450
176531
863934
962096
219784
699504
417237
569244
327406
693039
155549
673050
711206
595454
80586
365466
961680
764847
954997
86454
701091
364835
456262
382299
150998
838473
93419
625151
295296
847111
175146
318381
228065
483446
477098
356940
590400
745605
461938
466610
299357
537346
555215
974700
324488
366682
331378
58645
592079
935285
643711
199611
573277
118570
898016
852143
497072
740845
186127
620907
774575
611515
568353
663521
391308
409874
587073
253323
160856
762352
131210
214783
103783
124879
414111
998492
631483
233940
741334
604998
786440
739534
966682
838460
775665
937978
336843
867969
870742
233429
449061
567173
814494
399442
216234
456354
307602
320864
588524
339538
43118
370219
379202
390904
131665
272504
766195
207638
19881
384217
51629
996161
919614
97920
573188
557128
792765
170465
38226
624027
653260
255644
624843
32145
459212
909150
431873
37402
777357
812839
905523
605430
534291
568517
910326
900600
359676
351499
766091
616324
831548
862798
616395
836142
579313
906550
385526
583358
820198
233272
468841
200906
403408
39126
795327
612545
798999
946155
638177
633536
442059
234920
626983
14135
414270
63970
527508
866622
890812
142218
148449
615701
651172
663587
785453
139612
719571
570253
507726
796596
775364
776279
39107
391194
368765
381843
766937
62681
527171
598265
515870
607034
632484
477463
906645
450287
581412
335161
384009
327677
588439
480980
476487
468278
383754
367622
921300
751580
496093
552438
213616
666838
989685
450265
308844
291767
408032
934174
801766
699665
187924
693616
183869
167353
237260
686422
40547
568142
860381
746129
262515
599834
447318
764262
34420
814795
693552
561163
992703
31310
605637
747878
827643
488226
130898
648164
274717
74166
755793
549265
787216
416753
176669
258995
739269
964539
302178
991246
435407
124721
341025
733374
25005
365124
878272
364066
17946
579801
856715
108184
497739
630784
89346
563671
599343
22774
744851
498193
635988
828989
935485
505732
246512
878611
684641
761722
358971
190772
70781
729634
840163
754415
490265
120840
359002
387425
228627
990219
407926
175754
64610
941021
563730
619220
462760
296944
844029
910817
719058
463537
93814
84400
800211
756508
274406
240108
824932
81069
763654
648014
364998
654578
934920
468567
964302
743323
98313
580993
356515
899920
155802
4118
427231
174140
603432
922279
668980
738214
554462
845761
588376
280033
336083
68140
492333
748510
855380
671822
185828
497541
852525
410627
887870
196330
487337
55130
651556
224653
213418
614418
812005
187850
732112
837856
852959
364405
958728
53201
60830
525962
353096
701149
748857
803046
654921
612813
301
304942
127977
838007
332325
786095
248613
566520
83871
600822
359193
211276
324668
832073
752947
621668
43810
843854
285378
742392
68027
626793
781639
516890
259160
882976
593526
667251
1683
349248
126476
105315
515890
446342
937683
894738
776258
472307
629261
272202
786547
177615
280036
668278
830919
157861
159010
227590
48612
268644
60102
73599
491489
626356
512375
994695
693183
981112
511170
202035
385668
879432
476495
201158
739609
305998
115439
322864
914608
583489
53666
518814
504553
919649
456571
959124
764443
295850
337856
693473
301202
954169
366171
728271
42487
710133
449039
695319
738171
546132
761519
836038
921586
434328
321155
497015
91676
789702
246506
717507
691456
207925
647952
317245
916339
447358
909121
642819
472641
822881
692989
897537
533728
273016
666712
725130
452263
964290
42043
302229
130628
406477
408573
990628
768593
402703
601089
304762
251580
409682
57056
591163
916241
570639
586598
273659
69541
576702
456809
407706
225934
334434
213932
530728
202276
515890
358170
823090
784463
922878
748883
366261
715039
295321
421156
50824
650147
396106
36417
701900
800444
118680
744061
686314
662474
443358
122656
255059
785283
291639
52593
13266
860606
663160
733352
123723
163459
285344
74770
483887
854668
619939
816851
609365
320930
946282
129829
717955
622581
214587
828254
699771
717586
949944
416772
449061
989927
66966
816546
428786
290386
285238
151045
20338
341025
968597
911000
4513
963582
762212
588955
792620
258843
102419
197072
960405
407493
727018
625175
360694
98374
376059
570179
982399
130396
741599
665021
907006
271700
38306
663819
582069
359585
300284
119153
115551
669734
834262
961027
918035
133981
876833
760335
479512
435261
805973
703924
908476
657729
708545
700853
377944
852027
797144
874093
470857
246044
301700
898572
888167
378015
815882
225338
91346
680483
64774
214584
359600
700646
995083
318596
573690
435598
433646
945058
99100
914197
488070
767133
252839
982479
965768
268180
748860
370906
808036
592024
778824
729021
263665
603937
233697
5359
469211
278125
677656
973102
238944
69931
928319
868600
211018
20122
38098
562441
8442
612526
219646
220895
253063
52591
934855
510211
663509
962925
122033
30009
309349
127568
666459
818053
932982
533901
420305
934761
55606
340647
588580
189838
206870
557265
35106
175568
458167
452998
657183
792171
897322
96014
318580
595729
302874
839583
515971
495281
755643
167336
814562
279816
250280
957204
987587
797896
458504
989191
166331
789534
916080
955762
429110
457110
562362
295189
597954
976724
945061
137522
485067
596485
378481
217860
48462
210290
646211
484405
451896
835767
869996
595651
608094
515811
15471
703738
615076
550884
567301
778331
878082
832627
299090
184757
542300
712339
385884
938505
120015
962704
99974
767085
212902
160147
611636
887624
865372
791405
665177
724264
578111
183518
503108
338716
549230
972423
111798
872006
590628
840690
109390
977285
328990
246277
586974
903342
209194
348748
548679
622262
936833
982201
389071
561764
882805
911210
553277
191750
16955
531914
392344
736842
186581
302836
497574
387307
943666
828730
473248
334072
664322
151411
215144
457304
61219
445330
601286
455977
75330
18681
718169
528588
951631
886681
379756
672988
421931
562714
688319
219023
810000
104157
887430
113123
492004
214267
553689
794046
512519
887255
713723
333378
501166
971948
298104
593418
579060
473128
948951
884217
690360
605290
914098
163691
89113
269171
206627
123252
282492
310838
101350
374709
963693
108344
660573
509181
490484
299761
2940
69415
16753
948105
859090
818648
897063
728717
432791
687083
85384
271507
344836
417327
348909
949703
767552
658578
179224
643888
161390
206197
950903
310384
316983
922416
430837
996419
237540
991390
599609
432293
283655
771385
561719
337381
208566
889690
251532
785496
876209
495996
507469
154401
913556
47225
528194
15367
673019
888991
20419
511386
634545
72336
471613
844686
115929
576310
852144
914628
525964
794717
469450
577909
313373
193632
139286
410642
139541
829434
358623
832897
403940
443593
511484
346161
418707
7398
934614
918471
361191
186745
889228
585352
803416
113960
284808
898065
213173
767124
655667
409329
876841
933528
689298
194761
94818
420693
763117
591920
918230
321483
184203
616198
189517
539637
760497
860946
842182
2956
451997
368628
964539
491878
249972
475602
851322
317813
123483
272843
135498
486361
236136
221210
163338
720098
153528
761144
90396
102357
488797
868356
400294
172160
701361
109072
287524
573106
922980
890479
756363
935245
547095
114262
992074
981757
1177
178353
268708
857290
916744
803853
854375
764351
44058
896891
242472
211540
672893
407762
380865
638423
837637
902173
314424
865897
365292
661029
184491
321750
472835
666283
562174
411925
764320
321266
682623
453776
303365
5243
380844
361137
854474
165790
448519
513320
541283
40657
805017
145229
412549
924659
891212
666728
50602
45314
926014
481324
400134
976576
166819
393715
359850
334889
934253
707308
64791
226917
10422
830650
604062
52434
748928
942099
122641
459233
439629
397724
372246
179249
960248
222844
468367
372608
683650
391972
284378
411944
995891
916833
270791
383776
179268
572707
652561
705248
646424
2712
983642
300367
505336
964812
675835
195274
417698
854242
892666
112668
499749
140016
502818
67514
50610
50384
687027
870675
774468
649983
312574
787310
779743
623085
655027
476636
431181
951899
146624
702305
789553
648912
152311
117801
991221
140045
562554
476483
549710
984422
913091
53697
438037
289582
686609
830624
760504
732261
702765
520724
793849
246063
14347
759418
794582
407471
862048
425407
987289
313409
18691
360272
818689
564973
142026
889452
796750
880606
856895
27365
771830
910796
171318
299632
440605
36417
177552
487061
440996
605558
678215
621041
445068
218953
237146
883558
180435
369591
13969
106293
513899
114328
866624
855698
321189
151906
301412
176203
632531
367220
780031
962078
485338
336566
163426
799634
761722
67827
291545
238581
895469
852712
707478
47259
741324
155094
664157
531801
949936
30593
341936
754866
870359
874271
328183
521841
755613
100546
370187
39033
131092
623927
184365
944793
665333
500344
748052
994284
368706
391671
510279
164389
978971
457093
511842
482839
691224
864697
864298
35036
995953
748475
649526
237786
717858
968261
602655
497662
712505
175624
866941
173762
260947
85856
524664
421706
42449
703942
651754
73858
826033
49658
255941
204085
247749
940583
429239
203214
734133
553409
449276
962704
832082
859706
426001
783758
129424
353053
467512
890171
462123
666259
386020
16533
553742
330794
247356
171481
96918
961173
234129
938412
787115
252239
63104
780876
50378
657888
878049
737229
418463
169611
609269
800578
484496
317267
545796
136518
618871
896323
653113
671190
591645
287317
973760
584409
590564
432941
388129
984558
222364
202567
6367
808036
444981
696265
858869
387618
292162
500982
363032
562080
956019
119595
147500
724044
971774
351932
755137
31383
857401
960118
400368
805577
161824
746335
124015
246671
291990
51681
179614
904979
348304
472028
556614
791324
179716
740347
349981
942247
717372
453419
728296
926349
815913
876649
183187
149760
206630
774866
962521
519939
547427
926463
510676
374155
885650
186559
15047
478574
109096
190615
175930
284726
448930
175104
614692
95303
343371
137028
258113
214986
472411
172998
510962
525869
924590
748206
57475
727505
897958
530816
526277
910817
719877
787425
581266
925201
876695
840717
122032
169518
680881
893485
564839
340901
558441
908085
46724
131550
407740
717150
521051
141682
960014
477071
849733
182251
333568
635771
253715
718669
698877
11958
19930
952932
42977
493324
984668
949940
166824
52090
667038
697768
446373
242673
94311
158193
241609
466591
780512
356413
243546
659981
732925
122501
399672
773318
933206
740248
311758
306151
243409
292799
222561
511511
102531
690423
472057
130886
279348
147443
381471
518710
781834
338154
19681
560264
872119
999521
935699
721936
806921
397998
952371
216717
284198
176387
369288
634969
909658
53384
298031
624385
578426
612846
738647
400702
84242
151584
125550
674505
804445
41542
595995
306195
234443
121584
732025
714986
398696
573117
349199
8538
56084
332990
352157
418024
573659
981726
824419
126148
895570
780560
707217
676344
327590
115022
502438
959848
102285
412575
851302
75093
379502
784648
458836
909204
389474
137568
659118
153868
605008
333702
276469
128149
700694
970898
294964
210037
609124
923158
942534
382299
413503
51927
339486
601783
914086
700202
846314
261981
155555
593144
58314
305682
852896
727030
425655
32409
74905
430550
428856
108663
621368
424614
109560
397724
355182
994390
581594
562862
852896
63634
88075
927017
574144
41748
940079
690423
212537
414000
12138
385275
962465
375793
53601
363654
786769
852243
999836
38366
331084
501170
865534
388120
682150
336047
149605
592794
804123
426132
835264
91017
23959
263817
799375
324493
597249
521989
682035
223734
612868
559112
224454
100875
754300
793731
799784
215694
692083
632045
807314
274643
769674
396686
90106
597762
486651
408519
671350
842175
666644
94963
520593
438156
692325
432391
263195
788718
219799
311862
30784
693287
524256
978109
164909
234786
340324
439241
744977
581495
921488
893999
338357
101354
52822
404725
626837
529778
409955
448496
855829
518443
749853
623071
733349
867562
885198
714556
11942
968597
165567
757325
234008
944161
407116
166817
724953
723488
407333
895410
474517
406302
152965
955671
391037
479041
23
528474
550295
444715
981308
394675
892099
947989
391028
715209
929871
678351
308792
907078
993682
781956
714604
580251
40793
206392
730717
23686
218506
562661
306031
750332
20057
72412
80463
273803
923573
512329
534349
755497
146557
439331
16470
878623
736230
204779
126334
479262
777891
379756
861636
729363
504644
916839
509617
574151
492000
8051
777653
430437
718009
739203
710849
638662
635210
51307
903066
892892
474645
645383
892229
710994
640242
141987
373175
954870
230415
988672
237311
176203
700268
350984
975577
788717
489344
819204
518739
600822
100923
128797
602864
679881
708857
807709
529635
136623
489332
791005
645367
880606
766108
738299
170827
169661
80486
501888
212320
590849
283052
300385
182452
884522
523249
41057
166217
719429
542859
657376
674346
733349
935593
368329
461803
403850
432115
127126
758615
937157
809854
588570
511289
473148
721402
151008
532891
881817
537088
605374
864208
679584
4210
143216
239106
659731
694186
162169
620305
868616
776213
611535
830337
119491
235166
447408
47641
311064
695042
497378
898569
435392
413565
386411
98248
424653
943165
30960
27820
779554
824675
52064
838455
831541
979626
208524
844546
463013
966288
18296
704261
208889
636192
239294
189718
169795
877108
588462
187222
764430
283515
134851
54687
620436
778213
264779
272023
555408
134804
271325
432971
150298
44932
800526
498381
635539
430400
493769
306352
119468
169803
339418
80642
781511
674050
780600
283829
501633
431179
51232
493163
795228
660197
122159
827977
936509
204371
498420
222839
113737
749704
519519
36954
511344
499842
878146
594618
975551
327020
156922
405174
253098
411187
731516
935207
876825
267147
663729
466043
201715
953013
187393
192748
542314
936456
186061
247196
111985
725384
549419
655377
402713
124853
274338
313914
819391
697811
673412
706669
258437
339641
710948
773350
104359
481787
483282
799644
982618
1284
41073
918296
794220
489283
297040
579047
870442
702913
294354
713032
810587
500131
413568
187824
353504
749407
770566
990690
311424
550119
77675
634835
392404
908984
276116
158098
165290
97195
619890
706793
445280
386033
51907
538339
405066
473621
403177
489120
754081
919846
262327
433515
420441
923545
872434
254621
384868
920601
430417
105231
142543
95628
984439
893928
384120
559881
910643
967479
522051
904545
515601
923163
703478
321740
949635
744306
512647
732197
364576
361214
357911
37187
396385
375076
454021
172346
861282
390904
332536
659006
568125
931424
460518
258921
171052
93242
566533
481445
157250
19835
576937
449950
996946
637263
88429
564473
647172
546003
681567
695349
112305
952679
54147
312866
269587
307606
632483
69441
544611
159360
587006
528869
999013
5985
57025
495069
819246
21263
443014
390498
130734
353836
400777
496986
106794
473752
456981
864692
950004
373053
180730
57856
803906
720011
545267
773359
263836
225044
721822
971774
657397
320472
84780
417617
577299
29011
318114
962291
665856
804222
969836
576890
684826
618882
47560
903676
101496
39700
285742
998052
858846
388135
51362
209116
166331
699528
437632
454030
438470
738401
207768
326098
14752
90526
556363
959576
647344
14897
313345
1284
913556
664627
901892
704733
519961
788828
208162
840025
351191
151054
23093
393491
365977
793830
772170
893062
298511
680686
619966
50068
211340
853853
915451
284931
374542
887164
543477
512640
425353
332854
358677
424817
239354
274873
47006
561881
348925
29497
175907
574783
999521
65244
24397
261285
266285
350431
113314
129970
584689
456057
494595
444291
876853
255817
835800
278561
400212
330159
426249
917416
851728
607351
8493
858996
278804
122820
214362
608809
436548
4164
71489
627146
972053
191713
908814
278037
521762
919713
859300
852289
907352
44244
460451
160724
958894
258135
149976
857205
136994
261375
990923
190397
758171
751372
850228
813702
650711
951366
637613
990037
534224
958016
388970
888106
552956
940138
618908
169853
211388
947214
918959
741800
29366
555362
60819
800950
570269
851041
576481
332208
752457
125173
545493
354552
189339
69618
779568
876380
433120
90523
319570
152682
424658
193701
687746
954520
408783
913365
619299
238164
378128
951875
113397
439733
213201
54705
831287
621525
243139
490682
870947
615071
521170
282801
854817
782811
859135
233128
468915
931380
350351
696514
608433
546148
186595
714018
431677
6318
371696
677321
46988
677558
865823
172010
24166
654292
622569
492360
276139
25777
846651
160636
810859
334678
663182
123828
27979
38785
481161
189573
854604
45618
855562
157433
222870
41861
520786
708238
840284
436421
193568
667910
638656
213803
802959
4944
338554
544199
392732
326325
263966
819751
169666
266390
817741
71023
940172
53955
629418
469307
742583
421337
373990
997375
590866
907901
2271
733076
228754
140074
260696
304616
883579
860669
248014
523976
379742
781943
9767
768426
701506
571755
182831
459595
897958
179025
793402
457066
537094
20298
568904
992337
956671
621821
254340
840257
999299
614309
17220
656429
228117
494727
52202
197514
134746
863026
443948
424777
457862
605075
295950
558520
41774
622717
851454
134981
403008
345425
476903
668265
363547
315203
307783
880911
730939
49749
980063
60390
969831
204407
223558
796400
793090
723082
719646
261185
943537
136805
21599
621346
527749
134824
508344
414221
319431
419387
475105
404166
360487
451744
343340
478104
328374
742820
609939
844762
402217
667348
233713
350604
768961
960633
956838
284671
337937
641477
786939
578595
690034
673634
687056
12115
942965
95421
623554
80025
573375
444808
128278
216999
326659
857162
100665
292220
722251
925244
946755
209592
206006
912611
638780
833145
876577
9320
374744
50088
741495
420367
137690
952590
723513
156245
948100
710076
944821
345989
23447
857817
757426
699857
492142
224043
422677
959127
949391
435073
428917
400784
531486
548843
330975
69944
41161
777631
893387
852250
742431
107006
750252
734538
529330
131317
498857
928688
956947
74305
644619
92597
534784
723107
815703
476166
361750
410266
159833
524716
679226
725012
535802
705303
920561
725831
404415
424631
574384
395542
975879
353504
264904
938380
2780
386048
282819
117048
225380
255942
503580
474678
693616
554682
187464
516773
313612
938811
430867
513283
99878
521039
341880
667789
149896
261397
710372
952032
435726
475591
716230
69863
81960
171887
253180
809374
270351
876461
107206
539479
259748
440066
932341
420160
112533
563558
440006
743623
356308
100665
925058
699582
985373
801381
545318
651568
696808
525036
596571
335531
918582
686977
739681
139127
515142
225200
904114
911906
208498
331202
281413
507504
440061
177411
504163
988618
854819
797732
903279
434626
718838
903414
182110
303394
538035
587217
229272
621476
934667
250601
93291
509414
219100
82539
870662
23247
185497
35870
55074
181953
523161
281712
425069
729715
672374
170977
719429
124686
12262
694275
906830
239236
985716
583403
207867
283486
193114
539400
897737
955185
638341
577084
27428
428616
409783
187046
794447
635802
178122
56929
244710
586882
970796
564027
439773
830287
152548
259975
131968
290722
316585
177214
178060
90334
59955
548587
373145
234933
387183
559565
709180
686967
231132
280112
286223
173138
420560
452971
716715
94870
986253
825502
403882
846309
119673
162036
481540
607831
973716
256183
114867
829524
244077
618572
648768
802877
176181
150874
829990
504413
903413
859379
487760
286138
80842
449586
333907
153079
773710
559974
440710
169748
328473
570961
67677
654322
687588
368727
540848
270976
412571
262085
747453
557269
132909
602320
24110
579256
407909
257759
134035
998994
48438
901082
514122
305709
822607
716388
978460
838379
907668
258571
258999
976539
32807
929033
356660
29966
126178
369124
590832
576369
854860
783765
939452
847315
971699
456769
456272
789031
456593
655891
992280
873358
597583
33975
281922
894940
160079
700083
493068
262190
110056
88849
424721
518443
569026
887166
22901
774710
879666
802528
28426
711659
966152
50499
239136
460710
49558
138835
199560
979268
669607
356302
880014
769502
644786
353809
901733
487012
397013
958424
608094
509827
995278
788037
788971
843217
778002
167276
123235
101120
833324
481698
203970
575086
178362
305658
682198
827037
841588
309531
338771
522025
299416
811589
817481
143542
844482
573499
781912
336
618812
947817
743645
690511
782025
458375
940589
119931
33191
669183
164141
891896
59518
309765
969287
54475
204181
314291
218228
976238
793942
836100
519746
479219
413563
990787
286527
468057
554188
958764
234839
369386
906144
798404
332036
938198
798083
933075
508932
256614
571406
600168
181672
224011
838242
998304
275156
402375
54551
945783
524378
737699
826704
505796
245124
876316
268086
401593
494203
634802
463596
724537
16024
57467
224020
719585
421006
168245
931425
893464
397996
899449
67266
209280
186338
460394
513216
138932
715338
507376
903633
278720
142598
246254
725617
510617
322059
885560
92320
346875
961819
780495
152792
220276
707982
975868
549410
419260
373991
586994
748168
968566
420081
533032
782477
711842
140398
339246
940782
108659
681206
607264
865001
403241
497611
181034
843264
546266
765552
610081
92401
775087
629534
573650
294097
778016
110624
255786
481522
598333
45600
76150
170279
220589
476815
651477
545678
56038
129165
451333
610810
146288
428045
767232
698194
736760
828607
973631
63580
882460
706256
579928
893929
442626
417458
323430
588161
166749
352020
747077
440605
399305
610736
150191
777543
337303
559628
599674
838936
308587
441463
999287
618033
974965
690326
65983
758612
122285
309800
400754
489031
473739
526447
40499
165589
745002
993899
845588
599376
129861
259748
788888
591475
985810
803578
182066
759788
989827
398341
600287
951079
490265
122954
531719
618521
749451
401623
664480
854649
892920
195589
167694
168275
790394
702640
100750
376195
911368
737258
811363
633333
417641
521656
657015
839056
268980
975889
107546
895183
354572
704714
387044
79564
693680
299548
171031
643377
724028
731423
470684
17858
489459
449964
525962
59275
51642
634043
324336
522548
458864
735335
373814
456511
921709
863596
969300
893781
540554
584286
516035
699455
465121
353437
573357
663146
394675
647518
895554
418481
37807
72429
733128
474419
52692
999728
446088
546234
726598
136691
732442
473042
257359
299044
973482
976834
953419
97260
282549
122366
647141
546775
475496
783683
100725
316186
300879
26076
247946
704261
30425
846556
641
96166
815746
922701
656851
64793
198161
514815
121178
87858
609519
203980
761303
826418
367101
257954
131323
209382
394028
520160
618242
472280
837607
919399
933872
507519
952114
687795
960887
620942
605526
691446
308589
832051
559868
960584
100655
757876
790168
570168
200347
184499
848701
270703
825231
518453
813171
219938
893581
640899
584098
153727
873763
218914
471373
573223
724183
624037
257647
335554
318961
172125
627924
457117
475097
623314
770776
802935
626685
962241
452928
303222
763626
87165
726494
9876
495889
556103
227933
735376
186099
769620
790544
94814
339595
266162
64829
271459
762269
641802
482402
972689
625241
440375
209311
754851
193061
556727
563032
410612
905272
469781
982436
89545
208330
558121
263894
467732
338704
813895
318698
163495
957992
789763
104199
388633
611353
800834
876881
608612
737212
248464
386539
131014
641340
261553
533862
157909
900677
593758
811215
378805
402075
347527
793947
300332
807659
412522
718033
398572
607056
183878
166813
374499
88524
668465
884872
773295
248333
150710
256583
366407
912895
885317
98057
904477
688549
966768
705788
583494
507539
978759
497883
866942
506782
234730
297486
901194
429818
589725
67462
869772
372227
2299
62234
96353
574585
135268
701666
465997
86744
763960
993854
574783
535761
110414
853909
898962
788144
693533
513190
856293
574116
337856
67617
111563
495499
20125
863379
114282
841156
484213
769772
858783
476302
615876
5830
157568
956512
97081
338543
687383
485399
918081
764437
421007
869756
182749
47757
910657
165773
995855
926113
570253
672982
965035
525320
633595
779861
912696
655522
481145
760904
38808
432301
68617
242630
470629
534886
803991
322061
198382
147572
74306
859566
936962
247210
886462
607243
231476
589685
368225
173537
579157
371048
407229
901438
517085
991686
471092
565078
886991
155039
146197
786688
811289
89298
490254
550004
538063
201717
132557
903276
328935
925473
294944
63986
638477
147712
477659
483581
287152
837738
833832
289091
652448
547022
263570
346089
435362
476320
411028
686435
910355
796598
895986
157091
129844
573227
997770
645272
83254
565444
936475
282098
15406
302821
579754
262436
700863
119582
674575
757823
747696
673822
348135
289763
383876
250983
518155
998092
187486
573068
871849
694157
840257
631219
214000
9204
355924
883649
203646
795307
298666
713076
742683
849843
978115
809158
878999
575191
953573
572101
286294
678948
373875
590707
670833
637510
269815
915683
62000
464650
972497
874718
362152
871398
970551
783489
106145
712805
319693
878901
272049
218731
681017
788318
47402
51722
760998
750190
819806
196280
771557
364985
548647
639194
47643
420862
82853
55960
759898
345478
142944
397904
992003
920103
755329
146693
549602
264582
573820
810142
526833
417839
308055
8374
532717
994531
214494
735369
92558
585371
437451
814309
833300
400821
263086
743135
154271
288983
735058
355168
256451
953776
69011
165263
824112
184580
929128
796266
153723
264490
788055
975407
412903
134271
501798
435356
982626
854743
304494
300370
410156
861744
610098
996083
55862
705101
378459
202129
923616
822076
740225
792960
169082
383396
636070
100967
883255
422303
401571
59646
479986
25416
188820
833575
933859
890960
408061
632510
673836
388348
511602
247988
95434
312943
100034
198146
790528
529642
537257
97447
243376
247960
920325
233971
491041
43951
666831
644371
259416
983512
623435
383011
626745
354156
218670
774699
598777
459985
995414
889526
952900
583802
102285
690074
469980
73428
32700
812024
781413
803205
370475
614307
122473
80799
448719
491198
306037
493256
127394
977504
41073
788004
71414
177248
99545
579021
911878
714163
198408
118246
889474
745655
37216
958014
513414
327016
656526
813377
521827
379086
491350
547805
625673
233494
209412
894963
633727
820281
196842
465312
42109
675710
42582
287000
955861
834060
116384
614426
46845
58733
129774
978954
638561
16264
948552
461040
137435
200119
649074
973937
837738
697052
871302
56139
368730
575760
593704
175527
557014
903247
768476
361552
565439
68982
599097
804403
614206
260310
321515
660456
14287
584163
989973
934876
592549
513050
178668
864393
218506
527155
557675
382859
948843
339898
884373
418518
436234
426023
729720
323417
392019
553928
161653
281866
689662
792847
762895
472028
788218
206856
573429
90702
281026
588028
987719
465617
33080
571338
549419
23757
200188
125523
743359
777022
548650
862165
348957
287791
191450
754748
286304
86664
946794
826020
20057
507934
934063
399399
498375
609721
360319
571169
431113
667346
569262
1342
963414
166077
133682
219520
392135
649629
454369
602714
624140
643466
626040
508339
689105
669312
723066
474719
359154
241393
708762
143867
634398
557566
733365
147046
486345
821439
570855
753392
354926
77974
527809
683345
206148
517520
882188
303633
585503
88117
724719
69750
263372
151852
128226
907567
408951
872008
773706
878962
414992
222622
215433
680470
468559
377285
292427
811080
177903
28977
851718
831452
95174
998023
657910
368788
800166
961016
608438
540978
785217
522085
841697
18292
838063
406427
147851
483173
590867
787716
890160
101367
722969
166108
878012
963611
312185
141065
928601
62853
247573
468031
339919
55596
286997
149026
638264
822157
14739
366717
442119
609020
226591
699928
549302
323185
472280
777173
164313
715907
99257
461464
732558
916423
709728
518601
264699
840696
56378
488486
760390
448767
775362
257038
752748
560892
471200
487987
481096
577814
378544
470131
419707
79443
628154
27660
74682
94780
362913
623822
283623
332834
496878
945773
666956
413522
75612
329448
18582
903800
539993
928533
853413
434738
93233
637146
697577
434381
84779
189086
224085
439128
822093
360864
949855
766120
730775
557193
974529
272343
904080
162737
388633
206834
93034
12076
128425
664912
661693
367743
227565
922148
63134
634247
620319
590258
358707
187041
723761
386476
644307
13602
936428
632070
811560
888885
801577
927491
152037
972281
960592
898249
779715
688596
512637
711730
831551
609157
581313
154834
830200
12217
521639
134872
400275
631519
536482
244014
218389
455093
108662
917626
641477
726457
726090
896211
448309
361525
916067
816305
261677
526905
256113
879450
989820
755428
718363
996318
486321
937231
974608
982878
984533
209663
190636
857910
214235
198527
272041
360783
52264
73236
352887
727911
569743
216520
334762
283896
650862
389586
291087
532536
583231
387725
602906
392837
257638
634922
23981
974953
967883
577946
222729
904872
381094
636173
191170
773209
228186
835738
296770
55245
984148
866454
832300
476715
367726
622913
564202
386813
282704
524070
794159
15719
601967
923402
314806
133009
885490
151704
208584
32145
508906
477788
891212
390904
229525
35725
835159
106142
483032
973794
48797
458249
663706
821511
939757
647825
480959
687001
446847
139210
644174
269699
740905
206308
353980
404992
750418
495406
632756
156766
888115
455699
778588
120528
456355
359236
510872
766260
416286
73868
440228
249481
245115
606504
362485
178006
562999
125227
716072
483115
563961
203645
565319
437522
185472
915445
373559
238335
684097
123243
220278
995382
196925
250562
595705
394268
541791
775099
952032
341643
249006
562032
69291
483229
968403
177974
607490
721423
640396
390777
877056
831450
575388
368175
858925
764025
2591
632589
998478
800321
887565
693812
503894
928918
45915
753592
15064
298031
652086
548975
643349
737444
729542
508109
704138
603846
235367
51318
335725
41115
714826
85051
708880
945051
494800
316558
562767
799113
484550
713934
783705
997175
2294
590721
420146
849355
952826
901082
989540
648001
345446
210211
340862
488336
400902
975762
14892
124002
736544
521892
807561
629323
720379
760733
874769
253730
584248
354745
891041
802138
456602
851865
8770
944746
174978
522059
56580
196477
260065
377117
246623
818919
955120
732742
745780
444437
82313
245906
749209
954972
736032
283839
840744
604242
523541
542397
113288
39561
552093
41948
759622
945793
431745
700103
281524
801663
654818
836305
650182
471166
728362
390919
822198
345242
67941
880335
500315
363474
301219
528281
107991
983316
424764
378082
803734
585642
751130
341666
110438
329356
793615
45418
29583
292666
179129
321587
439743
974206
488390
4394
244279
989628
629094
771907
482315
781726
418231
766762
187172
570342
287013
398058
742633
870306
607733
730121
915644
738467
782400
98219
973221
911641
534150
173094
859893
117237
769016
791056
353363
910865
471351
989204
217727
351661
806097
91454
899612
48281
557332
270674
826461
750400
583285
771297
406427
100098
216209
660238
521621
31911
389614
510384
586786
1499
144076
410707
699678
61078
412432
531984
975923
508339
138874
111014
957356
47481
398398
382290
144116
729134
383225
769779
67924
940051
656537
971763
678711
157153
247775
634378
392850
294964
463420
961064
822934
431145
712042
293912
288021
662278
875168
596263
108344
46587
941549
597995
65078
336153
81455
989893
964522
571874
217643
470820
914548
521804
739494
313389
737945
569611
537356
683960
208425
838492
571243
288413
625504
935486
906191
549320
93718
690715
823668
636783
770759
259864
236136
513220
428469
873272
796489
110182
963844
401887
70110
783388
899256
287217
323339
446513
761763
50564
393479
305802
612451
549410
955070
893115
229027
19563
980358
275757
505268
505699
422441
192400
552230
388842
517452
98177
182701
271422
822635
329106
663055
151790
675498
436959
179796
349002
115733
241732
319914
456994
861744
429307
245385
792678
437832
848596
350677
304671
297561
955047
787120
872372
88960
847471
849510
293929
269352
202163
931906
161653
118444
402597
821872
551666
956335
315899
171650
887383
905131
274559
415512
316751
638624
327814
670404
611197
104458
244478
592914
220692
415013
112954
569620
898405
281046
482488
386622
325339
41914
302032
291509
945026
943067
626351
792240
826354
702076
585269
763800
364494
399730
398916
35915
587910
193323
186548
47923
785885
621980
893388
845521
646298
651815
458353
134446
427188
700810
106465
936687
977075
11538
210502
228625
593400
663095
638510
895199
193853
824003
619837
401205
533072
486278
976727
286901
629031
89124
363032
94764
549631
638941
604974
867305
282839
381274
497798
206742
151812
277284
619420
80235
976990
794626
602386
397527
853968
344456
712994
688310
31947
128437
603259
170586
462677
222096
792533
679139
793881
52137
855975
791388
944353
257434
68411
743071
408618
309460
700209
998004
767807
332233
957347
370689
48784
758125
985523
289632
270452
779096
722086
986247
745089
471401
844714
662504
60532
409051
832534
224044
771818
26571
478085
859446
899549
67974
71553
545244
439601
11219
572071
623386
358980
384089
647764
246339
278195
546368
317386
690353
151054
728340
995243
521200
59957
656851
169473
858273
233582
57117
884369
547558
880927
672223
621527
896382
718784
471563
261453
877035
971072
160786
278840
683914
687147
575124
172730
772130
300393
244820
225622
346166
166958
10552
328521
673676
395147
669572
710304
357088
166254
994784
72307
807794
375503
537357
315839
274566
95914
323724
217927
672275
578409
662247
113968
417991
2621
947942
555726
952005
469804
153740
537150
23811
644120
563335
933340
858186
512519
446513
188399
650681
808590
308430
159981
110148
439882
725780
514219
328973
593909
972478
647275
183566
915312
376328
173837
561480
480819
775842
147690
13007
97649
685571
23091
251233
289348
494806
351921
451097
354684
982941
789734
551521
425938
385656
124966
109052
350092
461108
477932
50292
710546
807978
962072
174361
139620
120866
531785
775628
854959
921406
160369
58621
359059
678016
798462
234933
423761
644192
502583
508492
77620
48924
128189
916088
65273
32394
857695
367041
911430
888105
903675
115451
851858
596008
522221
527893
342947
69700
873475
290265
696229
726387
637940
383048
858139
41863
333909
740340
204034
750804
342857
874267
754001
809991
967223
913099
129323
909359
235470
927660
420836
454618
173212
68664
991295
878146
73128
869734
684727
434852
731857
516066
18844
470979
655790
599282
804048
624781
281636
355549
605877
36769
612052
603030
710288
366613
971888
208330
136390
178916
396067
66966
213465
236940
272544
400211
325994
661298
828295
92496
562720
457203
970388
579580
306331
119873
938274
542677
458850
842067
327554
941227
800936
878222
852553
100930
921765
175771
139521
597995
594307
562661
23977
577032
195518
978266
128533
379552
391964
767910
29560
106528
16520
784314
320959
456560
461647
93816
112878
176037
246627
294765
737857
943807
126932
934077
340245
968868
515622
53161
307439
878060
838960
307401
519050
541900
720672
400056
493162
412046
621944
777739
490668
476270
734348
55445
173986
252215
729501
564053
759655
576150
743824
35977
976620
585396
182476
11430
5919
202438
702282
526473
328912
829706
196495
133969
532556
531837
844482
873548
639758
739939
290813
928319
935163
560723
597209
379167
120414
77242
143216
109227
814337
385747
876340
699290
375444
721142
82688
464758
996757
875921
606287
553342
688000
986977
245583
569990
949983
761125
977517
616495
948406
995814
142451
674575
178524
328089
953329
446302
556763
155170
498074
178871
322839
975480
142031
322323
816476
635639
422114
545717
105346
174986
726915
550864
379454
453538
856925
101346
172160
13824
737667
121444
567892
130781
859240
480086
997249
743953
725028
938775
231340
733747
533925
997731
141039
587113
766577
741369
486967
612574
538504
652016
657599
606231
21870
808747
762185
232392
264214
677275
907939
97278
148130
570208
529759
368824
838460
580038
322070
23554
531491
316555
662010
77180
636025
573292
896926
707235
948064
544758
219577
322526
746546
80275
52583
700694
832915
553101
572373
306749
528832
414643
531059
780499
555947
833575
664677
199563
597627
951306
622804
213586
49493
995009
122079
603748
671334
189817
322756
160309
372787
269706
795780
925594
385082
548159
945553
191576
559674
320739
290904
968071
439128
390021
411778
414409
317318
861537
976096
246763
329829
592017
349707
545674
783469
171171
229667
944111
59124
75019
916654
416387
158504
587981
581685
374770
908371
733292
470636
409834
218092
102826
268207
365124
499438
279130
240031
670366
73010
766633
314720
585371
784739
232613
754172
181681
8493
967770
905594
764713
159296
695193
205563
975315
613178
130046
874295
703030
805753
335371
177486
83553
182424
378358
216574
697911
276308
290134
941952
260500
252267
166677
493851
982204
6261
533211
724848
430018
606800
10316
811664
955530
418839
135457
377677
752759
665956
289049
14765
1770
315044
298104
436615
579375
777688
443124
353354
241447
252424
824244
109072
87110
828489
129218
216995
738007
957928
669568
33455
308799
597848
406916
641550
51520
934861
835958
416379
217846
197252
889955
65692
9532
934465
238970
424942
348842
101156
269690
270097
426019
576367
907029
540544
423066
501741
248319
449787
380608
956915
130420
601897
76661
741955
249308
106827
628657
81951
492528
500422
2419
170445
591453
905280
187266
789166
770546
772236
421404
70397
849891
23246
320725
648149
422305
594271
795351
196668
730593
260469
972385
823595
292979
740479
900652
547209
64882
28420
861476
724355
726357
930214
645623
997156
952998
177684
383511
500387
968095
323287
856949
327510
510985
999088
303771
518184
857429
180004
469576
126203
629300
153750
594361
923474
345635
149588
639600
967642
403093
656510
733462
413522
652953
214821
78878
108875
841166
156314
396141
591015
163935
867006
875508
730011
874680
858097
390498
470018
243635
301731
471945
430990
750593
39130
12860
45330
304400
932982
744882
713850
809511
754587
252463
660744
885998
110960
101415
438827
244862
705937
99763
312294
587436
827061
477711
435131
740361
631109
452263
34224
4040
653236
469873
650558
577773
27209
83646
879934
929782
607645
260935
462416
341507
197533
150201
559812
692531
983041
971502
121702
268495
576000
106552
940253
269965
351470
826228
865916
910983
246496
656645
750866
125195
345376
387277
873419
383165
525826
207723
831270
863887
106931
812654
18412
40963
102665
146273
391911
352749
767576
389702
519783
349568
435522
771193
252898
173563
745051
399735
798893
54139
193281
312836
517133
887730
666734
103608
283984
730526
785987
630086
449217
295490
456312
977144
101010
196964
181400
563720
348512
144192
203442
914895
512472
845164
966085
562440
727192
733540
365167
767756
780655
43020
705411
350526
718225
682154
494851
555631
764479
125346
859420
629561
119719
111957
412651
54885
697738
704553
456191
932889
326722
980892
811469
851685
112439
533260
982101
395808
309330
97661
89617
87666
646430
823036
685534
773738
464870
86470
39597
460555
913578
165969
725125
586009
419600
600589
836794
671533
718132
413685
33016
555757
649329
562894
4619
53697
908984
634398
205489
87263
700084
79157
436538
64729
26330
78878
738942
957852
818165
219999
285972
457156
10295
554161
434563
716443
49677
808860
866122
8151
649257
882738
337463
689757
248742
406833
435548
864134
457235
157778
805236
34841
5338
260747
673561
929013
68204
689866
408610
783354
139055
771184
105552
917766
689331
883924
472835
391927
93989
215808
814532
813017
831089
980536
805853
955451
842435
226027
161630
256618
659105
534229
321367
654781
904021
213741
434483
193964
7295
714930
973173
898845
593216
924376
68836
320988
125163
821066
284971
553038
309854
135575
882665
417064
114238
616395
758076
910975
441569
966233
175648
239699
544559
590076
934229
644904
294541
39252
988598
34441
729633
873543
621539
143850
195925
109648
251468
860946
314976
850714
241612
110693
394614
933465
921178
996739
393597
123229
396419
497624
963898
256430
606926
871364
903761
582563
933500
886991
808683
750450
409195
117600
974585
352126
130616
187334
305202
552590
135971
571230
476615
224940
121580
216548
874226
648598
38694
173873
161625
459464
439398
89379
602482
121444
609027
627865
814824
852268
178004
567258
137342
562922
867572
121055
718079
315287
804189
504268
629755
155786
271910
25001
818377
960913
159571
449728
116256
640966
412522
295569
587308
979655
761845
572930
802753
802682
795197
116260
871522
561269
142090
620027
887166
100447
791637
133376
685694
610188
646475
447772
750059
830031
584181
707772
78503
778757
207214
266502
52745
708344
616414
631764
150725
122030
895070
77734
288702
583905
953287
614019
194827
670190
907827
84151
331833
581406
506787
941344
644713
304156
981518
323541
738467
337310
157694
757220
386241
246682
620941
672196
43708
752948
51639
288859
260308
822327
622744
888741
263783
587503
298665
57110
47540
172358
146915
535121
793138
199523
385540
118595
750
909146
400463
570444
67025
933105
847000
808215
890551
930624
658695
483679
384721
229442
443407
868609
985147
881948
696938
36276
406991
318261
965616
664760
878330
951060
398315
258154
322389
233807
627296
57942
469624
878885
506581
947599
23898
81581
959736
934077
109444
431383
129131
271325
87288
592049
311703
168767
885812
810924
985754
203465
565205
76683
249098
35725
653703
761106
705335
882196
885779
86020
728898
934587
236611
728996
837692
669993
653335
151224
56854
724410
219426
595153
455510
54507
479690
760425
133797
387754
758639
688680
874205
511698
281730
176544
777446
198434
443851
209452
538213
155107
592499
35982
912692
30419
352554
71872
286535
786473
975116
716747
578025
788957
251701
45323
42219
523928
685571
475292
947282
56559
100396
61278
318848
453298
900495
380102
564482
522216
929647
332290
883838
842589
187839
140506
281661
569085
929805
245809
303961
964891
573881
801791
139183
254379
960732
246520
200644
968706
976516
461886
600198
325850
667031
478994
685330
622864
486416
27308
710333
837078
961691
727711
627467
386482
740205
518746
776306
213915
249741
25003
52348
950772
824195
823818
460127
608569
574184
220258
336413
720155
202278
236705
763028
69807
331039
737020
555735
712378
487823
339359
210744
504986
379311
400269
152031
789905
819801
82797
29730
589747
977681
58309
812081
365424
787418
153325
549401
328734
319176
418483
453298
642615
860016
429446
586048
392420
470098
469147
400579
242696
406184
96857
92964
525695
439949
384098
772741
327057
281668
244139
597829
69114
978070
561308
451440
633888
235178
864783
801017
484548
503668
973165
571813
48021
338453
992978
166746
552333
454503
152098
818684
653753
476571
225476
65078
846817
931626
389345
182789
171878
836145
69897
303791
540000
878542
408846
491427
982207
8854
390456
114896
769015
572517
899004
451676
271379
472545
216896
358475
51562
753110
619312
914318
125279
21433
349538
541709
551029
325960
874769
709034
363766
64557
395085
20208
265640
807524
674578
856356
398836
464232
542458
419584
514930
211482
595682
272437
416269
388754
245365
614668
370850
137798
233601
76626
235977
100571
312771
104675
731161
724910
818781
618112
214930
883102
734571
992894
309821
974070
24120
475406
786339
369434
704479
319882
618920
30391
579423
111956
990506
668708
529148
525586
221668
777631
653466
967559
809125
815253
873839
998589
776137
26881
37258
868951
120531
207923
269042
266486
982091
795245
992438
493682
809407
525746
186655
440388
160975
293037
30768
941733
61317
282200
971333
332921
406425
903533
218388
645728
831401
487264
705303
604537
581065
867253
517454
535482
134411
836995
778629
258876
391552
346304
654809
997485
686860
8304
844726
291781
19692
528751
904577
86821
555845
751171
210335
718538
297949
835524
531843
623623
400766
537094
218043
457106
934311
407508
98362
412229
90705
604062
985338
250601
106454
426599
512590
25632
374366
603343
471281
874894
494143
325573
48241
936307
725480
754752
541195
734046
812751
627497
278214
955300
998392
853293
106789
176280
140937
772519
903810
906862
195778
830954
4812
226474
306953
648404
643318
632711
708624
62912
859209
608386
870603
698504
776834
902951
220259
974979
659773
77333
573271
609566
379433
263584
901460
72412
989438
660423
102583
672899
242392
388349
932063
385675
859890
369593
280995
463636
548715
846029
850192
962216
265446
517592
415743
547521
566208
849418
880344
487961
187097
840295
739155
153805
327814
453363
251929
103459
616236
138857
923590
893215
885773
871101
254794
420457
151020
552971
339883
654218
794662
612313
270001
973016
645272
995453
463233
703595
708320
150938
63012
559543
565018
973682
432848
55606
924200
139181
738960
185989
9020
998634
65979
445910
300943
997671
823668
164931
95037
448484
808301
696171
407333
35296
380696
488401
571864
877428
477313
421022
399931
292312
592363
346884
619528
936098
999203
78148
517163
939594
948620
492864
236995
468065
118948
965671
564258
55633
231964
964107
686138
467668
693772
401592
217455
458141
753559
593246
799588
836419
182789
196547
165806
262691
851546
592579
316130
155850
381305
664112
479071
863100
746989
625816
570670
600557
377827
298466
280065
579881
572742
431654
972016
143337
690996
270892
318312
629025
77713
380361
461261
673033
149858
975999
206603
959073
723549
485322
877886
970646
869361
694261
865453
637969
356548
889110
93047
668234
522807
214598
665749
948683
218899
499571
802026
800286
413925
283942
73087
99231
659075
683441
112746
692918
893551
792717
139798
110401
754988
418310
741854
159104
216608
862089
914158
796215
604073
801027
215686
840428
284728
160743
820617
573023
723357
31862
785867
176066
238384
216929
500983
54885
606728
502825
856500
653339
686579
384294
606971
680197
816037
556123
972695
897592
915119
861328
277713
989249
224020
292779
392151
921232
939266
744904
992433
623967
39162
472582
428272
750096
736182
961428
621638
45600
216172
800122
561321
421459
178913
352019
306607
998923
696122
238724
126054
55937
418412
46950
224854
745731
899771
889952
390542
126148
507081
495296
988555
109971
647079
686498
602148
182193
76721
288930
58665
226723
216308
493373
712460
495860
63012
35725
81029
752029
28984
968090
467486
849130
209983
183891
383824
413503
583802
53192
279926
489589
541333
940753
54134
188466
582545
284927
248541
810587
726822
243658
240664
369642
113281
25368
427459
98982
279922
960342
999517
184524
18863
637097
608690
334389
757348
728250
568963
356612
749202
258693
804557
535136
9733
239351
913180
852965
105195
282819
185824
298961
253917
316736
248317
806624
564933
999063
855456
500623
968387
63934
573310
193109
673019
918557
835993
769727
140295
912398
273186
902621
32329
93751
824256
632279
20532
735237
409217
137836
399163
507802
846141
278223
273785
556337
550100
663006
657394
123956
192865
972057
600248
460933
904414
735757
656102
374987
201635
349112
798768
325472
452517
536093
540814
565697
927214
19590
460654
457252
288424
373065
473406
118204
461502
455233
742518
975859
827296
641411
901999
185696
141452
793884
221008
14704
943498
248352
98266
115845
910258
22316
794107
865747
240236
456487
512452
978445
37637
691793
156593
420678
203660
46263
789438
621125
144851
756808
545367
622819
831499
277213
293522
739059
108217
510946
169943
720522
579533
45217
765197
535764
924917
217558
145472
97139
459953
308772
445836
473041
519943
731087
631002
77041
656312
4880
541895
547487
877006
130097
686034
206987
508704
111563
481613
252900
503888
248146
272313
379022
419631
309067
27411
53115
624323
490884
626705
763182
806423
432391
314372
898518
939145
290808
964349
286222
118985
844581
835743
190004
101744
508406
725999
335103
896055
667644
831647
743125
151455
899068
221173
177423
881458
302664
705085
122023
901148
924160
22444
873326
334976
636380
508261
472549
904303
97343
303110
776395
960744
356982
454965
665483
344486
149157
610504
725295
632737
509718
326836
879763
830200
183158
684934
40889
838605
183604
937161
326505
633866
681757
455733
359505
701088
868572
63848
292721
702282
169051
687923
541012
268041
386357
23914
693032
107331
220476
750462
861328
460716
157707
265923
187097
395059
991489
967324
443406
271881
202313
896502
285211
936806
833510
369472
808687
825737
938668
660052
397496
283816
950576
333296
259684
249920
192112
904338
390514
18681
894926
606248
723776
817737
229133
651635
579339
923089
211402
975923
277750
738568
964079
182874
43957
369904
701055
989541
61676
595814
960157
950875
873325
901003
680481
798732
996285
139210
931380
91739
889110
679566
202610
830416
38822
80717
796106
9660
624435
783352
129853
692692
415426
537683
464051
578405
71465
381496
856934
996795
365018
541732
478737
988761
116830
18234
933970
891500
732471
338844
202602
8493
551060
89937
383052
81029
