732706
546687
349136
229527
439759
566343
440814
541689
226290
107685
505240
173979
452159
63460
512613
188452
663867
393887
26967
85827
924747
908942
701880
880214
853167
299134
885371
805871
414702
327716
440759
665117
261359
721068
363058
842872
392930
648220
164802
86090
909254
187500
174889
299603
393947
197614
401743
266071
273018
251540
759602
723031
914480
968657
883785
807699
228345
639624
391949
480489
280188
391480
804084
380468
786656
666824
528186
220715
265367
951100
28552
126098
122304
801808
782307
59709
839641
497385
325018
958482
504641
150117
119572
767202
98273
333577
784893
458545
47114
545164
849746
28719
120329
644106
947346
911183
390650
84833
877109
925116
981017
409152
358922
641646
709758
648308
477856
829891
415139
912348
498163
708180
529606
361502
736125
484849
968600
377465
905871
544911
460903
786103
927098
546029
656648
192557
327567
883734
117289
982066
47610
384813
481243
663260
499174
578152
492269
915294
910225
730784
998219
554060
989420
555232
238592
59808
746373
289233
394188
6038
659828
641056
94328
969812
20118
739160
901717
668758
625962
217394
877394
971251
912898
617967
843328
175706
711936
298002
597894
898208
988011
56290
442622
828645
155890
690245
308645
447288
876028
383365
239372
940062
339592
704845
44088
60006
845616
604758
72851
817901
938771
298203
309594
885779
170737
862404
515809
572704
110670
359854
746044
484423
110581
238997
668878
853028
910104
415573
743933
138316
685278
301520
70322
583840
659960
912607
535060
951396
621890
615522
20195
97243
800877
935809
687311
947647
363616
305621
999670
53977
884622
62592
668395
695460
881336
18705
969864
318556
765458
608997
572793
635468
443922
329369
684054
560136
538641
656199
157492
53360
805155
152746
24634
699479
418069
886428
638278
125156
596526
590894
114878
763875
606578
553486
976745
334273
532521
817521
538390
905820
935886
31155
447713
39379
787596
320957
165045
607407
230653
534482
942377
808897
779298
326525
590380
849961
921625
15521
401490
131099
425005
209871
610443
478308
443979
245782
76527
831889
694549
968792
21668
630970
876047
918178
670060
210287
476979
438468
465123
993186
620048
914859
388587
873052
240629
840583
608384
999692
157601
217359
463211
173331
751915
71416
444690
577243
628836
965555
720292
391782
161308
42404
106010
797536
254123
43238
229903
230006
456435
744771
607887
156089
275441
275319
452548
524095
450485
395934
751319
265659
148345
927475
808503
664300
932920
236216
547001
929281
61494
441058
937631
46230
97679
179518
734690
109325
64295
415932
738419
318606
993769
272165
249438
238562
82568
754015
141851
187500
961736
558869
651818
130164
587586
754004
139711
350217
853197
565156
525338
413456
640201
761663
12446
272993
220607
382492
645276
579005
628905
272357
64184
818643
948714
380309
837201
433512
238130
653339
766201
796658
351102
383536
197320
786518
7989
690400
380536
325239
445361
148065
376726
555520
711786
105659
568665
365639
103448
968821
566557
769766
46706
375662
261946
522296
776148
52259
515658
988353
547099
907760
262036
978120
119771
417482
751630
741518
290474
619812
271355
792392
84695
325761
572445
368267
827370
688602
788850
521049
67840
700157
378798
938461
496672
695099
338009
594027
55284
487014
96593
724527
768826
807999
889838
593519
810652
7848
472347
386408
312078
597798
125459
821623
624073
253608
822436
151750
350662
943174
545000
62130
674650
826481
648543
734984
706636
113819
966149
471774
397379
785618
695480
977539
836181
388119
899306
861631
905980
50943
758064
738909
410366
423410
468419
166765
585599
975389
502635
217435
528157
836059
421574
240712
753846
582586
92730
408280
942564
693440
314452
351101
564763
61868
965134
92813
194707
677763
901069
765529
817141
872782
295719
439304
221752
234928
382521
819268
815070
166001
161117
841734
919848
495891
895949
396943
575641
591903
855032
951726
575799
296175
512670
836059
166423
482756
607440
92038
271600
892434
58175
750391
742903
967329
783698
353286
645888
395166
171980
932506
312655
528253
170343
70656
722973
895337
300881
10032
716304
674696
105604
304274
739272
444506
285730
500773
535472
104354
941183
139786
951462
74089
438366
779056
802946
674851
771343
390639
659739
430023
83327
807896
436210
393171
876940
984202
236399
384861
705426
820420
294229
433955
637620
894238
89217
764768
575383
654086
914355
194083
37553
526667
713301
990024
986486
567984
839842
811682
39780
222987
485696
293282
532383
239411
722090
689208
763150
957260
578594
771237
270989
697941
704559
266929
219763
968413
60006
247251
194420
899190
396212
300737
696800
411230
354665
89467
194628
987332
535492
474462
153329
372391
814824
452955
340174
709599
928044
653722
575710
876452
553857
836060
481800
642973
456181
351326
200420
992231
407240
399291
214693
440687
569653
180685
349702
686351
383939
506032
219280
962762
689610
679406
250173
671692
791111
520397
206434
990182
93916
760236
848618
565016
504208
137683
834702
54552
872915
511012
601244
329098
812340
681973
693635
385252
288970
164046
525339
203971
84602
284795
769086
387678
28503
436930
308739
883496
949087
155307
914824
731672
648220
751039
909054
107459
950827
308054
437949
833033
47714
885612
837844
971842
620536
409713
507776
643118
719456
916293
346316
51523
774353
19361
58967
983404
416937
919277
863968
334328
311650
477185
509050
970808
253884
502138
174283
562756
28857
540856
692471
112378
619092
106261
319385
906749
751384
671036
91113
49162
126331
406159
384664
103031
804975
521100
904279
949089
979032
264059
227485
799587
6632
253513
464290
697248
427959
790529
452232
867120
840904
96476
930449
373878
804372
312049
726792
835773
852954
72598
401664
444246
510015
981221
409082
425723
487564
913822
643554
385977
73678
32127
867347
473650
614388
416923
598236
366339
564462
660006
921050
138798
400965
559310
767999
354662
871198
403925
853207
880167
524405
443844
367428
807579
530392
253004
289227
4553
328495
779755
194208
179631
496973
808236
208684
367634
884236
890834
851826
352329
379826
657
407090
547770
62640
549692
689931
545212
438408
918924
344297
808255
603449
454057
738686
676775
138642
608031
714640
864004
539470
987179
812672
579716
988109
929743
244338
20118
2316
257986
670080
654407
387305
943945
787658
153212
146090
825457
887505
94784
282112
241629
38245
181359
63460
939799
152673
787111
969698
154263
231732
815070
351578
495413
346517
651140
188783
596454
356089
205332
74593
914325
791679
711786
234328
522430
72312
624958
1280
617081
64877
915687
911580
57519
891767
564083
866558
667572
249570
136415
255207
524467
523499
987661
90313
535472
789996
962734
238349
735887
344821
862496
269084
331470
850747
182729
174453
742161
101384
741288
178438
899948
825060
717874
739397
163020
782745
78422
922791
769877
497484
251981
606663
780328
70774
18315
921722
76886
936483
7097
425594
298569
735314
283654
318148
862361
703860
544696
320151
198105
140596
492360
353035
738442
19132
86908
85108
544319
533760
424622
287529
464611
713939
565355
50618
97694
966626
581787
74019
900996
131023
301400
935353
305404
332680
727387
241904
686474
946192
402255
802734
885427
661896
36277
50926
555608
18155
519621
448297
385712
97094
915738
938824
837923
694705
334770
221667
957573
67461
62524
262833
424624
258815
109601
441796
268909
291050
415680
808633
591855
72972
753935
878018
755559
138792
939745
146064
536904
783151
641020
984381
754884
482547
395882
689346
376758
503877
921741
461060
189831
441764
14855
715446
804960
615908
195895
862177
450823
765141
502006
794214
847672
947117
68346
707136
72561
89712
303822
290493
444839
917606
705650
436084
480784
178991
456889
35532
938415
726140
668582
209707
236072
552734
675440
430656
869109
707239
580516
335562
713616
717858
920617
266071
488954
86524
22402
81142
970098
726755
483595
667616
658024
656590
90696
481712
977127
55783
865849
941644
733853
144583
575708
997989
70572
294173
892008
968
646534
943533
61089
876108
33100
546
720977
703539
716176
458942
114649
566339
25192
222429
353984
373861
870110
536115
743473
762634
166445
862784
758588
431208
989969
203216
231457
783477
665130
969864
62893
723028
223694
656197
291467
334206
382964
258100
809922
855684
28954
411139
112733
516113
332107
181412
605312
239554
614361
238490
120947
217523
227777
576987
737125
311310
515863
890008
757382
629544
352299
810280
381148
838957
824777
360192
541310
959892
505176
293260
600706
701245
743452
780929
733768
789991
834340
940362
238271
78697
176193
299484
75861
867289
28689
840569
795498
601138
716142
628479
27364
125193
981366
74106
173643
173076
327578
568070
832096
343254
31359
407096
290617
186667
374727
156191
465744
807111
541648
735562
740414
507894
726169
521116
117939
594707
709485
208029
219398
991899
519316
641460
862444
447646
610632
367061
292321
767296
625749
50598
697214
146551
154751
448940
304083
732637
101507
591220
997682
142949
436475
68766
125136
946731
872393
627892
325819
698868
553926
759629
23569
178253
699785
911932
418947
231723
675258
928665
164987
152317
442001
881483
352451
471588
360018
484011
923580
858309
306152
579568
653923
536457
58508
662077
235523
58430
605953
363216
371302
665084
678074
938783
497686
914351
788490
266742
988229
34510
837984
252967
95705
719583
348124
94312
709377
287637
237125
720097
908383
382195
904804
117900
731169
590185
624860
797126
738635
240888
682257
429940
618883
269764
40984
893887
539518
117847
985092
793724
747657
566085
940330
600198
747572
393207
740825
974405
998337
748085
811284
338446
790146
68211
851993
573812
988
558074
548668
98456
59135
298965
593799
625161
457530
825944
691825
488198
43651
874982
773189
668268
207402
187275
669176
146438
197010
484504
499092
18464
419670
834395
973882
514042
975361
480415
878841
939905
28845
449281
911848
968132
95854
246651
879144
481502
805000
293538
876813
250173
215429
206066
22775
562441
895422
625762
716145
281964
328555
943813
15246
805850
488713
973882
560188
550188
674218
37137
938841
1190
334930
821136
354665
580824
29661
908494
822074
634964
344088
422194
862976
261915
872708
221577
507179
984348
414228
490632
495994
982390
115776
13494
290358
703961
243395
288885
644822
791357
86850
712303
524366
675161
531303
398892
570261
808731
695264
601528
598402
67544
277918
754463
589781
739391
898178
708506
59639
709791
465453
448799
861448
553565
220813
684217
603152
815483
637345
837752
342234
812538
633812
815970
228875
297135
822459
343881
691267
957953
193243
644992
490717
913109
423110
948966
874785
880766
297215
317489
929909
98576
238793
5304
938257
116005
279137
656829
326361
74925
340733
675894
895634
828959
510045
817197
175887
184912
993236
362499
549062
532111
666625
983723
875276
707095
638422
527229
946484
31921
63610
76516
244742
744712
205540
57026
541380
807824
929874
303
778298
292922
804886
892585
261381
99310
638459
874584
925347
717451
339594
5530
200508
530243
297941
309310
157413
709609
133399
237972
189440
831023
722552
783587
703136
197282
494791
10322
788412
194077
309762
704350
602916
388208
836509
114754
960421
373867
145673
576157
49875
160448
289834
459940
533043
814049
758979
582085
941406
179853
544102
86389
404396
76096
973707
506902
800754
309372
405413
533039
320058
873543
446067
478737
956460
988624
132428
738993
880380
849200
327989
384492
546098
275936
15465
599080
14600
255550
311030
669320
205412
388201
291060
135497
138859
961224
202986
160228
485983
645148
630950
939955
629750
917178
463703
325185
192661
772522
74520
200318
151475
481450
629521
713367
3899
478503
162021
635957
113701
472746
588342
163510
861206
638527
927406
629024
705678
93983
975440
628812
570125
153507
930443
656901
977487
347282
184538
407745
77954
224427
161443
521038
285280
811717
215018
504776
524031
476336
199750
506115
307636
401729
964221
876096
484912
431251
421873
379819
773320
825711
309625
780303
117404
471169
160525
645677
702175
235226
890036
224691
793825
639614
869403
878733
943095
913061
479747
383799
65062
491639
85408
421886
605965
352470
134056
125359
353937
404909
342859
507666
782890
850940
750985
724142
813679
997810
880942
501769
126926
583317
410956
319372
741066
621498
264481
540259
882077
514449
301736
623305
485644
431717
800323
440662
781448
367438
284334
395619
176244
398828
759206
334060
558106
492391
863807
138250
75525
784946
673404
876335
454861
530274
320301
508556
571646
56768
281748
636819
804516
86961
282615
722995
557724
855457
566131
867172
490159
15353
772030
342480
226756
191230
122757
647313
14755
516182
996647
104204
698396
604596
927696
318330
430280
314505
819802
647560
951960
418601
762730
883346
201486
428453
99152
760156
966463
2561
166168
539981
746807
28954
585864
272606
939650
799049
982304
111299
815686
284493
134056
422936
763051
480028
95151
630129
356588
830824
901551
967916
866267
469276
994106
850507
387755
860390
499668
950663
930196
217517
412811
904289
416185
118817
389183
53470
692861
321030
941015
274226
321518
237693
247717
401242
200949
407018
728356
365241
289328
484527
70573
991608
302087
534275
483052
169937
858336
724280
127262
131210
588893
392333
865804
26323
590453
43269
458872
284683
1973
21510
369129
925432
388604
491213
40924
331072
318858
262939
156697
874296
239130
540419
109329
784210
392083
540443
724943
713221
105342
839789
879565
633873
581575
597493
932925
139343
9444
32460
151680
392045
253890
102008
815949
223738
438054
274271
150411
132428
851191
645829
261737
947528
687072
504794
701088
669525
720755
704940
206085
783579
822306
285632
448908
849409
232728
721214
748416
770740
163296
908176
114051
649036
455879
611114
423380
50290
496127
718096
261973
54798
248236
558185
524068
81748
624711
651569
539199
298750
720142
417499
814169
364
797068
155889
74340
338164
643327
229361
907056
412625
136853
49090
269674
784268
939648
882061
425005
966231
21632
919450
169955
493710
209658
432570
561237
314452
899306
325964
186085
269511
558631
50732
345121
121933
911015
786068
788431
458510
161481
408237
694850
171269
670455
482549
841488
947036
563721
700735
700580
797769
305688
832454
732218
605166
104957
101092
27663
200148
761984
723815
867173
101496
751011
241019
457657
66848
435177
161443
362994
159818
895195
898415
630615
233353
267293
872773
609505
839
532944
163724
774526
432295
775081
516835
