917204
77378
975572
792595
96176
495855
929441
501525
582831
448344
984655
898564
555328
658384
874812
468827
549824
565178
474402
996369
841838
137935
269823
459844
506756
916872
45473
361914
79051
498687
941366
680151
787619
600552
67695
358553
859775
251423
155748
936069
20246
402547
659277
370122
937072
768023
483534
182446
700287
478540
40390
127795
729225
202025
343658
881707
971148
524415
9088
317668
724350
324736
261421
841149
290582
444316
241477
286159
86762
275875
47391
84766
396722
509096
455902
494370
400152
284337
128526
612063
118571
476725
473280
960682
821123
727340
389047
204629
760731
139071
282906
917915
909575
196632
737204
752855
545176
648046
657224
907342
316016
424437
650379
772114
212048
940468
546503
421170
585929
945022
739321
284254
617132
825594
759543
231783
172203
250746
19974
294680
516328
313681
502144
918303
493780
222789
630378
288611
832879
381886
32771
337307
778022
116288
685223
951266
531217
360458
613978
238042
529836
553541
790316
524279
615895
223301
197132
623063
356949
777913
669435
660262
820172
830451
712691
830636
143192
894460
511527
300497
695392
874082
858355
56151
345059
101056
895001
532964
23756
934009
41699
363627
199666
670227
798348
141041
254401
881261
990964
342384
182304
760891
585070
985270
962289
153359
908410
419449
339456
846791
319587
222395
975634
61873
521576
801531
357931
433089
355906
175820
845354
389750
541965
650809
596415
85993
823125
640427
969423
569039
323740
970252
250538
320271
952670
630734
720677
768087
983459
788722
966118
350919
597404
758296
982851
678908
993102
243581
994141
863123
820931
485816
323036
650519
78258
162380
242240
780082
664682
388156
205376
191063
211536
267775
312881
475867
619347
550629
943163
412725
64918
569999
170180
726026
270882
500906
530574
202586
395486
475072
560881
166414
941953
454101
602940
217727
161588
70144
601223
22412
483820
79725
36849
365138
488177
221948
554717
307180
607507
632198
625994
396631
560861
464575
408058
2078
588668
104986
599118
732069
558618
747984
683150
375357
933117
907615
886028
627160
820935
638221
638933
326655
334802
945631
680075
474006
654837
890492
15815
687354
776905
451065
215575
946953
55862
151022
792637
484209
131095
528757
586361
218960
118562
726334
639080
131979
903721
526475
968769
842828
749894
249514
463317
97790
640288
390492
22065
194359
280463
109022
685835
251659
65326
669177
266234
48924
626188
941175
428071
805168
555766
909583
923005
481719
868239
764447
355195
33976
455301
852991
502125
868380
947593
42861
989369
607238
805378
142710
279176
438276
84688
652454
714605
139068
29242
907186
954104
534282
411624
882186
830343
46440
882173
19789
715418
348158
204186
44311
585540
222018
529233
127389
939814
312252
311515
76980
974539
514312
691988
692122
153115
815650
480179
958611
929018
972137
55379
851585
251711
272835
553958
440863
79222
403174
227195
348623
698026
345521
218715
148217
870287
940561
889152
762319
950386
624815
905579
475444
388044
855959
579546
534214
359276
689952
147920
383994
409490
833319
981843
370764
979580
716087
904069
532658
78017
540127
283147
841905
285672
681637
377204
435553
838336
462676
259383
769414
896509
942350
582545
60918
648326
920012
90437
827320
639724
388553
300641
148947
734606
378547
732814
691682
144402
688510
879796
838015
152667
133868
263498
173294
405044
610825
744105
416294
551664
463111
713492
640842
821138
583764
953540
837373
655140
831199
457029
820400
459959
995665
764365
806180
491012
28535
730336
616095
216998
731645
729644
982964
752497
295234
536805
401982
688260
270782
34948
755687
255542
570511
649728
760115
398343
629839
807968
348494
695767
26709
912520
49049
796155
11106
371138
613586
956305
6164
227603
661746
631100
949877
288999
316569
34093
396601
512275
4125
43839
850738
384698
448345
19809
85082
697254
264690
715606
364653
928038
553221
83468
250427
477534
499116
33399
36755
32328
169211
884535
409689
227629
442450
937333
867902
73063
68658
583736
971260
201796
128235
566630
356323
586982
638879
340208
669009
790120
451537
526927
234787
713969
304743
994314
49134
759632
928201
304733
556124
234647
55470
581002
9568
302868
409089
15815
860005
416943
269338
275579
151544
915719
719731
132902
699240
209028
466131
656491
757552
936172
830192
440663
627063
694095
15838
990206
176884
372374
284450
105849
972501
477525
442212
300434
76323
458636
864898
153694
594485
306259
894930
310176
862712
326298
709736
302111
320959
453714
946286
682987
723429
756109
549483
566728
723719
58553
56725
420035
717594
229989
354415
808745
674911
597683
55044
790157
338853
916602
669340
727008
355713
151725
297377
473589
83114
896990
824762
528215
14215
602720
293376
496736
676726
102181
354446
115346
857644
968383
511354
297633
696082
447922
318837
7064
264306
209288
869559
255825
292789
210288
524479
686771
299726
379584
969468
807963
705740
905329
690134
339736
894978
527781
117525
640090
173659
391922
294169
359414
901081
219167
230337
457274
178186
948140
755829
595877
453974
692530
282310
697953
557426
872879
226493
425994
171048
858466
338028
900920
193760
330883
459386
735947
937468
223627
965523
86061
828719
340475
765868
806996
994596
507248
430625
230147
635255
708023
702093
983862
213681
766822
469871
370424
560957
624091
449920
309513
57671
544752
450803
764194
60740
845413
922545
115552
347784
880424
162860
862857
549165
484404
194238
890060
155199
8704
842060
434070
787364
45184
525952
515491
139756
619935
100673
91823
71884
797949
404282
21341
660741
270352
598596
600162
205664
38157
117176
546076
293990
59979
68482
663773
709783
385668
34222
886722
931564
548853
918355
247661
238169
333267
276047
912787
427938
803242
935356
188658
249689
131665
402658
58473
393359
456938
248330
106854
601635
505350
428273
167272
27708
81344
738374
507735
429991
536656
260211
809612
550623
554294
250629
660993
775027
813222
449326
60204
514089
303417
181019
991470
868528
591208
878279
219000
749626
951411
983584
524907
67866
649029
426996
831311
813468
345171
97083
734488
266676
619757
924899
799762
800838
95733
530402
213851
273714
512822
199623
728704
966382
436828
302111
643247
691072
328119
199416
685570
638593
779921
853418
54615
700365
782298
457745
344088
875613
58036
838017
890346
529676
924205
857704
811706
798348
544494
202339
220660
264941
43343
107571
927963
554402
463889
646133
698314
898527
364273
480938
558096
376417
139284
259924
319791
528249
24402
333942
712670
97659
445019
210104
704854
969022
890712
237941
952109
500831
297895
994889
736864
869384
389104
316106
613835
362485
80236
188334
505426
958131
118460
609596
455509
603567
16965
636749
276878
939091
807635
146420
294139
3177
510555
513428
180907
774097
16638
133694
942222
745863
688876
640476
131049
29869
741122
420108
15832
484997
214502
336203
176509
56839
801652
134777
290158
702893
348560
924259
370666
984410
45617
274363
657326
1491
244395
864021
31482
144657
955421
370473
486855
461279
604143
892171
213309
544578
11859
39217
125452
64526
255581
865064
609629
675375
416936
786847
536389
821890
827841
849278
492002
379781
592531
277047
523223
276017
703574
63343
832340
680966
471920
949955
186737
508811
8829
475168
549610
308140
176638
2429
527333
150545
661138
606325
832782
260823
532194
558240
652877
545178
722331
149064
42831
589286
806991
256005
458351
960646
485078
269768
315502
720800
91980
947450
773132
914564
641577
920575
933868
691983
794871
499350
668163
330207
916522
678627
481489
707263
366193
629631
62094
807792
185448
272212
727397
655471
205570
567205
455778
911724
686051
438159
611671
579260
377117
932745
15872
234647
754100
980512
206485
865456
145019
770977
815266
929767
909558
560442
146435
95580
838575
641430
643519
638848
821808
877556
526207
770505
267499
472479
234480
895504
280306
411498
531910
589147
25297
329248
802423
385444
325415
502174
947670
421086
273879
365081
302111
541994
962309
482569
821422
608396
106966
698965
882321
419239
834545
480248
101921
743930
72526
314876
807073
555168
498283
541862
29417
501192
799602
61556
832848
676156
853100
426698
941699
386442
160634
446487
490572
914233
737549
608364
399434
68645
937347
97644
989709
10399
157571
579724
189729
293483
215175
321431
747885
467694
815380
819823
880658
830607
346793
737497
808028
146239
161907
30103
976447
946862
127129
660547
530121
444870
432887
491586
358715
110594
800081
27354
923660
269354
374937
47294
838915
318396
149201
820537
902990
684780
100837
867121
489285
396504
434542
226543
449230
147846
966765
932674
249209
698337
173399
249793
374036
509896
194514
224135
707017
73594
61860
597502
345209
497361
405728
171048
621344
75806
986443
611459
939907
594254
774627
724252
685999
344908
722550
821765
62793
359923
243573
352876
35652
257294
272416
629260
484446
844429
952204
583782
741488
193734
402040
698592
264379
66762
474295
183710
756901
441475
588683
710001
318570
727605
165305
264790
584724
40014
607529
76391
74964
702926
504772
472975
760060
702926
843415
790795
674354
870443
196066
337625
369195
695225
878497
443766
95402
676815
239348
230924
253205
8019
478617
223105
60877
567256
10240
156498
747221
258312
910273
29621
122270
572757
834644
677524
387507
825248
834721
177584
528175
978998
523065
217088
877857
344563
152680
840716
663661
818984
187509
909272
485949
739266
403236
568248
314453
311094
705026
68840
758006
118043
49873
185462
433298
156495
546944
103903
558663
108188
634324
45588
781694
554720
182930
787881
705163
300641
630863
569039
120494
257396
581609
3937
391898
11489
824628
539722
955230
378598
594457
919463
611937
178346
213288
462256
994045
242126
8284
757726
376329
947886
590133
814934
181320
734056
637395
585715
206893
79178
393638
17816
631733
374706
304040
943647
820172
777067
30670
612695
184174
216733
83493
103518
131049
507647
344232
930573
356947
461069
957656
380290
21184
318114
509853
798276
559317
990655
182134
174315
17963
386849
787134
804077
647653
542634
559731
135000
862714
483874
417401
93935
528897
224606
242039
626938
762712
483885
449586
484395
819792
889870
758468
265948
78364
901981
66525
998769
558124
249785
113813
135569
173729
38621
167381
20386
314997
25659
637298
574369
19884
828665
241659
927929
214226
71622
678627
860508
965633
537796
262608
212262
216119
317084
724535
606609
780364
780149
942103
143357
745716
567348
948738
363193
413721
883854
841957
914469
974978
998630
7090
972723
402178
344092
990136
456607
21403
168292
108943
988372
119930
476563
388635
17249
440367
508845
613189
405171
704041
380827
243023
686952
210909
734116
776026
330926
899541
332534
647027
632480
765225
126821
732089
786450
849811
407332
172697
806663
471707
823166
271068
6305
477269
665366
35810
78541
941366
30039
948871
685845
795049
143315
213880
622215
900640
946745
965693
538792
300904
494687
107082
755693
766767
989900
244233
712527
604903
931434
517478
968406
812850
225821
162229
876956
835869
94138
937309
43007
599086
701071
732329
639536
131206
632118
725099
269474
278700
956303
507328
943707
179270
66643
397358
584482
673268
315836
877627
281170
451987
398944
840835
835274
354017
538115
484006
164875
691793
168639
975797
331354
734001
71792
636543
741127
106792
783337
976457
370057
9145
441891
111276
381464
816417
390717
8757
556742
852254
593953
625178
966613
685392
397801
300127
213145
970324
42611
706969
43108
460958
554528
954933
348789
503937
770607
253817
507700
949877
746436
9277
110405
885180
482774
806025
522645
711903
183395
231406
319630
260881
705098
675587
618772
379669
232733
98636
113671
58974
112425
627976
320469
238963
783179
274257
810888
504782
226284
970706
659523
326264
676604
923712
760088
935436
327607
583365
993306
512580
631615
394236
515848
474194
90113
328249
187330
56989
141191
621976
588789
783582
245096
763241
595255
283249
30862
889871
566983
363199
386069
378411
67153
275517
465134
698801
845441
70258
73469
834503
363820
460239
899968
923746
476709
492563
169259
711190
960816
336969
428738
465592
776912
418969
742725
831714
864246
861170
807331
350043
168377
958152
989880
767486
254703
21222
312479
920684
627054
9058
17511
492359
964187
880659
677809
336472
386678
655988
190871
152403
749191
397270
807347
803633
862314
710212
185623
18936
776695
211178
371976
501327
498561
453811
795942
417178
102915
321920
854301
508197
936803
27418
787269
298841
920296
876884
539321
18658
888147
495495
505275
498673
992459
422773
290264
365121
592977
838740
994939
332501
567414
97879
657644
595354
679603
328289
953039
886655
226258
575730
424324
654292
25002
398718
206508
343882
970587
553905
117949
842358
92012
505049
326753
503086
508247
85978
618754
813022
846907
713005
440957
540725
441819
11368
668946
904416
529361
94970
763697
849649
476101
387278
542287
815668
678862
786858
809057
37696
716126
566197
25921
8987
414616
404113
385864
100441
306731
659026
180703
957687
623755
386906
637846
569386
325570
800392
670540
621152
923107
995660
529721
512746
949911
123026
256910
672870
39420
49518
654244
79329
170167
551451
695924
950445
924332
538691
192873
872643
534413
496823
192492
936558
775896
818840
583805
263277
153991
215192
882226
529630
948536
802091
321252
789350
835903
105259
417097
697078
62817
716984
816461
427513
348744
379034
727703
191483
629602
466800
680656
83041
224954
934002
947738
383100
576545
996858
773863
174526
969644
774501
928681
243389
35071
926176
408058
93429
853850
198112
179239
441256
201951
944156
149487
259407
986172
463855
978812
159562
326832
357660
553895
409973
854966
903822
808523
584615
181784
524484
121279
683030
723674
444036
317142
599273
608841
788541
694175
928627
991538
862369
738331
359262
870731
902989
256143
964034
232565
390018
40132
540297
569849
891484
813014
904299
509820
187426
66308
134365
338672
11309
549443
256308
680697
688478
47769
143498
619050
901376
427938
18858
221997
434052
906174
437021
947485
640468
527931
871630
998190
235575
950257
29402
173659
172278
568813
944455
558615
528744
956283
648954
245023
833528
778250
9066
510173
644286
296543
490332
117380
571445
668186
190309
889052
257743
608423
418238
158961
41186
465505
566536
689179
199625
815636
723468
657414
148047
591666
326197
241322
295941
683605
444443
827278
368433
141443
806527
340344
299342
390974
152131
556999
358723
743699
654796
624393
171966
583225
144030
453324
540172
375250
585626
681790
206942
869612
520956
991614
139506
315016
663802
427829
150340
221586
4285
255407
864281
332962
102890
403102
442296
453207
958096
654424
450930
150575
876751
917441
629473
511621
98926
204561
668445
356025
153853
680163
537851
691682
152057
883520
759930
313849
298702
541351
823493
618324
236830
257189
111270
118219
673007
616862
10463
110775
561356
483675
54419
756237
111225
962713
857538
464265
576548
66174
129912
1838
120271
360965
847863
568248
728603
854157
118733
186633
60313
575151
739694
931661
168657
746123
615119
663927
69392
659252
431219
207034
233360
717709
654001
552217
458812
913016
658842
808072
359761
527366
906452
746106
950219
620354
267193
765698
283356
12562
294505
546478
577196
868148
311070
323191
653933
734096
384183
287590
814361
445549
229823
100133
164352
508932
206644
171436
667872
655538
532684
478927
836855
200744
265648
516693
550013
397202
173455
988692
111453
462301
850906
372421
41578
888799
538509
110398
779454
20291
7014
527373
568614
868817
673999
211603
773597
436596
806723
933964
596136
638891
272807
293678
331902
658238
263798
653800
983224
542693
17522
549844
564949
706
716454
468094
510537
824654
579541
353211
143787
312060
618227
444094
245382
37942
197043
563282
988469
706083
39278
256691
955419
173824
875210
424946
17758
528854
494257
341543
580740
553639
203341
230131
893887
518220
295379
637650
610245
904115
141693
889313
548050
363829
179910
211536
945641
486294
180401
23135
978139
49461
990618
906497
247002
968444
420192
114620
655522
33091
750458
622295
944746
525082
480051
854634
378885
183538
279777
237437
219762
678368
591414
513678
362848
70101
37408
971563
521612
663519
429045
77756
689001
518048
644733
907649
991741
976048
571227
507021
220290
129307
700214
817931
537023
730811
861944
233181
599208
957893
864942
726307
843059
704635
318851
721772
441647
127100
685389
220706
537548
650387
793370
1014
904999
314897
525720
376449
204450
778321
578808
845771
485340
509516
568086
275937
781134
751045
545471
468925
140923
143808
462600
716869
825342
8207
39012
209322
29325
279051
566755
630417
132374
480971
16990
773457
422343
119623
214450
817342
400019
970745
389328
768195
119874
137072
838927
223517
131696
392189
358219
574449
600626
689333
751046
560703
782908
963491
410957
737451
998357
462729
66490
970170
781965
889528
69285
931783
616478
778403
950975
321669
95324
772341
203997
144800
783979
312642
609206
754964
92066
786992
805168
185612
522596
341371
15505
520428
612994
816257
819808
712068
479150
889306
250956
84346
312261
55306
830933
626923
396303
380312
548666
893190
647940
305001
584919
192016
607333
44695
795312
612323
970392
420571
236537
823607
408994
189821
920646
139273
463788
296581
115331
570030
87842
366474
653366
132575
246043
294091
979774
172152
263774
669807
926224
249128
434755
248084
773012
293544
747155
37560
35909
496220
620025
528744
866825
604006
671436
536114
831856
642644
172733
789246
847264
784080
445252
676690
691681
850057
464
272704
414880
720418
832782
427794
717412
727542
162947
293760
499073
186981
747886
21146
96068
333704
215210
65211
753891
421488
741245
607238
995180
731654
460778
346851
214837
935578
958825
794772
646707
859646
633387
869039
402359
529538
374740
357364
636377
34222
628040
978907
31643
943318
178171
376130
121079
323909
354741
714727
184322
978936
789092
106891
880859
243947
450230
642562
850487
41873
790101
378829
225193
371449
946735
630519
802105
643104
87502
170052
191481
378236
501612
281262
318457
983827
282444
804094
130444
659722
426961
123864
530918
655895
443024
540583
320562
724257
571829
195825
413009
452593
155949
671643
942804
599902
957377
290289
149665
643027
568283
915865
443053
644032
542486
849359
682570
744678
212222
800537
594271
567193
598582
525224
156944
846550
586049
368718
482534
52529
976343
583111
554668
999103
685913
684750
156925
696836
66465
340475
977677
721916
599628
669687
271403
940157
73248
392548
9106
658993
67303
901244
232976
484573
15589
750758
781594
78665
20495
77771
421170
893847
665366
599777
573108
469920
574181
581613
733730
722563
456279
77126
263798
79219
91751
90472
949649
849020
766556
983333
232311
43941
617132
54803
454959
737966
838085
858334
32472
537795
733976
804975
599755
304050
917858
355095
581994
284371
47719
26402
526244
157127
604886
891365
367404
872928
962891
912081
230029
540754
676468
954927
877089
495213
78204
235008
146699
630898
543631
533115
533354
590590
445929
27407
741692
941182
829310
277466
735706
366061
180272
997200
171851
174017
20
119840
103971
969603
43446
862499
328992
908593
870594
648363
689286
179954
140905
557720
599666
158835
732025
98626
815490
148515
184886
458857
362516
984928
963432
577582
886120
798637
710230
606035
653354
608813
683514
168887
790793
863345
245486
677275
36998
200642
510436
377148
327718
688223
570538
59048
679447
868516
970778
981959
563065
63550
710433
642242
596907
619202
17522
331492
196837
504852
122589
987737
384358
177066
519555
652705
212932
204556
693643
882996
49648
644174
702965
413374
334006
415032
48182
741181
395750
603652
149049
22615
128055
361165
674202
502596
19545
881808
258917
223284
924322
641659
665111
567638
279599
169318
848371
36365
915728
487570
395274
707301
923466
436535
86732
694349
715506
614559
677474
685453
178104
998956
319104
927813
30965
652622
427641
343333
276187
701420
264026
267597
661916
818172
570936
594858
577295
443027
98414
933053
702967
529678
896491
417841
310705
360548
33863
347079
436233
38030
64048
646308
867988
156696
420149
545873
196815
168548
918160
784099
654045
484969
227852
458036
281468
291496
291032
433024
484873
80624
166250
728354
713234
24570
795213
255962
769886
116088
851309
496494
216186
66510
406962
982697
762712
915985
153264
325418
594901
828740
227515
423032
232934
706522
115399
913888
205392
716085
703564
588021
838354
824506
866601
528657
542634
405278
911586
519131
659181
557590
656078
697815
615425
516888
520788
31943
6308
450727
124345
537362
981642
540813
854369
434364
579877
777609
141299
885910
856056
944016
965979
338022
974032
922507
883321
167267
17986
572286
122045
780326
697449
977193
87365
201150
66660
225061
439930
168548
999034
232243
906164
148126
500358
629473
11277
876213
414757
406124
524953
568015
892017
482883
282570
913811
480090
929621
702575
281247
321996
501449
77015
900239
684997
155751
102909
50007
501898
75676
681773
557617
407594
223843
176624
555596
698119
889630
585348
490720
105983
366097
422490
535641
392964
727247
719685
265724
117897
43111
709427
540184
820206
729000
502815
180381
886244
905753
729000
935668
485672
477436
889617
34697
195170
867345
907868
159042
722232
115791
140601
176588
199049
2761
946215
568643
148457
845156
957290
366396
801563
74244
962978
647380
630550
900849
894614
3037
748405
356029
828400
19849
235475
747643
335421
67553
647124
882075
545044
208373
274285
839535
537409
534664
898085
453016
881797
458269
421492
997913
838302
775191
85473
943483
488116
585264
284888
966214
822433
538423
145455
372721
288214
613732
830348
602069
807862
879796
528134
883230
990416
721603
31516
707065
283065
882972
475686
347614
461709
716078
670227
96313
243579
7944
556847
449608
596577
406757
546220
570003
535274
332861
33208
911817
538423
652330
270700
420558
82078
406933
320271
771188
338451
817504
105098
233791
411351
585324
55976
129109
165543
431675
553084
75167
400330
122031
162450
714528
143130
993828
65572
167273
411475
768676
19446
262245
83255
968201
54546
251885
932489
328633
597751
670170
368214
513304
384322
615979
50772
580394
646290
63215
341688
98215
986036
431675
817089
114419
803778
164722
354288
145078
265666
39069
944215
710015
716982
360190
180512
181320
222431
443484
578900
168050
334264
641961
98008
607017
816878
838975
104751
983743
861459
694458
936183
74491
666929
586365
983863
702778
212241
420053
61659
832989
961893
271686
658660
914976
482970
830359
429659
105768
959481
551338
601041
598330
50456
586824
67866
165369
553521
127552
30441
460566
629450
665118
858759
238293
402480
303686
433569
643643
143511
630463
704512
721984
944667
323354
483950
296713
582942
310912
766639
346542
102722
174213
441397
521496
962581
668254
183199
133711
373967
986552
509617
818066
830348
233334
446762
650930
683047
935532
610664
473536
311614
107578
133232
137445
318273
149156
60168
784661
131222
845351
349821
283019
939605
851880
596228
792858
826343
560189
805303
492389
683359
971448
640719
677616
390654
241180
335909
952800
710752
121149
858833
870630
457442
590795
486565
484137
457273
999402
982407
790408
205877
788816
865964
83384
161391
814303
73905
44819
16101
277707
14591
608331
669073
586593
720880
814086
615647
361074
151751
585113
385443
470184
213309
960037
977091
261256
801006
397077
168573
917548
194238
971332
943163
751497
810269
345609
19099
352282
724095
282359
694400
63490
691235
325384
527516
581736
882413
532398
84698
704469
376243
175440
892676
274285
897143
103052
495673
357170
354003
917861
176460
432351
622474
590590
574729
884141
551264
930925
375842
25368
498344
398050
24946
66762
237544
785564
769796
954974
609138
869631
498443
421813
570338
457864
128568
512217
481662
924595
944469
370541
922554
861430
744203
429621
667727
682116
966458
914438
155831
464349
7359
498636
840899
654257
418105
618117
756090
404485
381361
964401
218431
675525
349544
544578
734664
545409
424943
448893
923107
354994
151088
728692
768587
36755
191182
9218
443793
766549
521172
577123
812079
421563
837533
133602
575485
85226
193884
792768
816652
57458
139581
628667
164618
454069
683357
447032
639718
516339
541986
621540
907220
246556
656080
805316
364273
934700
773978
20762
795477
200624
753401
921971
838175
20121
256776
481757
727204
609204
938059
862441
541725
25988
664920
229373
589769
337866
737497
323962
767336
295765
400010
343159
934039
431333
870812
252434
579136
943300
993414
975154
403959
73552
548586
722039
83893
74642
591885
693185
505620
745336
848892
