207130
535025
176608
201645
339673
396329
340645
713195
309306
373185
615080
836902
127575
650507
920008
636748
43109
262620
949079
249321
200932
567249
696129
134084
503588
689831
822441
323813
245122
197347
346857
874907
971366
71087
62849
337659
222168
793130
127313
152224
133817
676316
816930
879892
751528
426532
983941
631895
713381
270339
511158
738675
252179
157499
648525
107848
628940
583218
714599
124514
932618
20928
148262
583645
419561
168449
362389
844306
56712
480011
48560
236266
567089
112635
510126
508483
637423
181514
427400
562354
245912
858480
327702
461978
878436
494292
664855
961704
79591
392638
499125
485072
962211
338181
932425
816958
432195
591608
949763
963941
860382
297534
479259
562067
380114
237201
391660
942879
854267
935882
974216
972185
417920
757536
157061
433170
470908
712092
388409
837043
837558
894979
237443
575364
432352
819893
688283
22883
544034
102931
186543
1142
775469
99783
841975
739171
303725
844463
437087
97108
381287
729516
787992
921268
97984
324799
877691
537023
51987
209030
748285
254655
545451
227286
375440
914510
494983
857457
238306
785154
450079
933518
679749
570366
264606
860639
255283
458145
114013
140184
376383
118864
907689
627490
754084
88241
113035
868398
227874
935521
780597
476582
697965
64910
92873
663685
432281
53767
455185
709870
455705
707232
446070
139306
322990
736968
40843
942984
750629
610647
530167
984334
727759
479716
823272
558722
889864
184703
184295
464671
388799
397531
54877
887591
633749
385210
44092
331321
393624
422397
168894
830076
958454
96954
661548
892084
342121
977837
17868
568099
213016
16270
491335
915661
579485
286530
629742
49850
430029
778178
236678
277302
168433
862501
496922
286827
345905
214706
509383
46917
71087
688114
560424
146646
120100
248741
851295
173701
432032
913196
289956
512956
33970
114971
704543
8057
812752
793569
632592
448053
434595
392400
107729
545581
12821
362051
269498
244773
69921
686731
671623
37474
37747
772808
392762
802014
562596
946137
471756
38074
896027
996043
324914
251973
166742
885990
854759
374917
303378
228447
284068
304575
381880
95755
643049
830335
994093
737715
454807
772130
30257
107599
242181
492284
326209
504256
125722
734308
575761
956847
995709
487702
206241
904886
625129
433332
804079
958340
696183
314298
735915
26762
470121
368720
377624
256668
490583
635900
372854
889906
681189
506587
51635
784763
567659
916536
357420
135050
953076
88538
839873
480910
312303
45368
921839
114067
934234
131411
435691
948102
718079
408564
153106
823002
597096
155339
554325
651334
243745
998179
932399
119001
428005
404233
66160
532788
957413
218447
446695
406944
901273
657718
921242
409674
678753
733020
138389
343138
174564
311196
107241
222411
42107
993364
647857
581033
979939
416454
223763
574463
610154
158260
464674
984598
400577
661906
851618
776992
4048
920061
193595
796118
985480
111811
606755
24579
470342
335739
97477
475295
172998
437176
934449
40255
170209
913348
839628
425153
37299
118042
65867
179625
156449
514936
784471
878135
783001
475144
585401
759117
900778
820658
67081
496827
903031
6263
828469
662908
113759
248190
585782
344700
551359
607709
367706
904401
362179
361904
113096
62530
157228
908837
974345
982891
70345
13326
220239
470199
878074
934876
364266
195276
503739
359278
949363
714883
918203
125407
583866
315498
123135
806628
159082
574277
532500
534306
162032
830630
388641
785
264280
916943
743725
474578
306890
563240
573815
102085
779915
166454
568385
497963
566712
483417
147259
381119
317504
897667
38013
448232
702491
512875
201710
706679
192558
753367
475916
733124
882567
905265
44492
915480
367863
892770
110609
29853
327845
933833
316560
471027
427596
71933
707183
784479
434202
166481
97954
799300
915595
589937
658065
667260
161024
874225
501449
298772
234548
913348
749552
720551
931776
277672
794600
40873
278903
403745
531717
449524
65117
450708
829037
724010
576150
377092
760698
661041
60464
621536
46275
947035
553225
931461
339803
70074
629832
557830
227019
477476
426180
160536
947317
993341
287873
935426
256500
908278
765571
745528
82932
184283
962038
273159
501751
769180
917960
132460
717115
428962
342788
821630
691685
130612
838678
793732
992973
44351
569708
803743
929735
627284
549531
418956
550583
516347
202160
402067
272892
610539
201798
329605
859564
221765
153874
907996
990734
68673
382336
217671
394758
94543
297714
654931
562193
504701
625892
84604
653307
528171
926881
780634
155552
34573
884715
527786
500243
86165
249325
148399
579291
925836
864141
923040
890691
405632
736809
457522
374970
712076
352945
138460
909075
276987
848012
9582
615431
995274
625089
879442
170074
138758
909893
388323
354550
899825
529688
94951
491744
905404
153674
208765
610077
346073
491455
4508
72736
756863
360203
783204
32342
802202
429994
456999
529249
889263
319645
479646
444777
408506
640045
757530
835425
35395
845858
304315
827087
988080
30989
448136
597119
547100
708417
450707
296317
281257
448775
415291
208765
328489
34048
460399
116428
525813
450775
241503
330975
898487
714103
242126
788299
127745
919079
990729
480386
608963
476307
399013
419492
878805
877376
652180
549247
212562
884238
681192
833305
807200
492176
819202
546468
334844
444909
706492
7381
883326
542426
267309
469861
966764
229782
104207
807649
910510
196580
326810
678455
994808
538020
376893
417201
870127
635762
743790
678520
898815
435893
295899
880877
157966
966321
116694
365885
628440
258473
914400
216352
810588
504096
849875
568087
695209
186232
471338
485224
627982
700086
561077
935582
782109
709976
503287
738065
921488
636236
633304
723257
628150
258486
397538
27215
476632
769024
8306
574184
613937
180984
811792
962011
83037
348609
699123
576066
822162
741532
907573
182815
370338
975638
456100
23297
849664
573702
694273
527916
831321
570396
454186
129020
199400
287964
425115
189234
876434
520128
601905
339289
859038
347978
208205
419510
478675
887254
402742
766988
423399
711926
925182
355720
764661
193100
203016
975730
472015
405515
137754
106676
853009
637781
557875
165060
345202
793568
200337
30002
395512
117568
448335
624388
73037
897880
333392
435718
778245
253391
590601
297934
265526
719254
662966
417026
59373
181946
265361
435522
511898
800198
696362
794115
216303
470730
369373
346237
430502
646667
462432
80508
305207
234155
735225
605658
828836
558298
919016
127147
642460
617181
793934
899127
20790
746360
312443
917571
939494
606555
499287
782759
663823
929996
970066
938737
885598
4153
978402
516814
628572
283063
589330
118825
539192
834385
492417
791860
694028
273629
844605
222415
292205
801743
753461
174332
435006
820975
649263
311370
434509
169373
530351
80057
892656
262161
831607
42101
225020
975830
492891
139600
877179
351044
694999
627329
533540
356446
219747
13918
515623
955423
666376
776228
919595
253049
566136
656710
144680
87083
390351
539672
967729
4654
107093
677338
492356
68514
815930
374712
789300
407829
173442
107984
188584
918372
888465
880180
51058
952470
940525
365076
794538
278634
237591
203082
545582
532254
247661
587698
552036
796719
255028
932446
934768
799406
12275
119298
173655
117639
926255
397687
413702
605284
827882
808265
727513
97575
414218
753568
624208
56941
194532
857178
971787
124875
841094
125025
290567
202203
504056
86175
983247
985799
370192
939498
627114
244362
432032
985470
895340
417673
757780
913663
568996
546726
706013
474047
103878
951522
801965
164924
451742
80206
744300
37474
286630
837075
33739
366394
224854
468215
461062
257558
842167
275958
891852
782639
598126
327265
470121
998590
713178
596086
293493
717825
930339
712046
946111
377702
200814
464896
454243
751628
790460
295351
106722
537838
985858
872758
360640
135720
848780
131029
961060
314590
255303
266936
811196
575915
567525
284674
511446
372886
416284
701908
391172
795571
32262
23791
289409
376649
512849
922658
966193
278731
32831
341626
628307
174422
404422
495191
187059
696135
692989
752877
654391
304707
409679
316079
746240
440775
784803
528149
341991
47544
731400
188415
450889
408736
470644
41942
783259
74427
175102
559839
976848
459781
945397
231623
427794
729315
882471
426273
763856
844702
216826
773823
109129
27268
374158
271157
748464
669294
356923
602787
235813
825032
750457
983407
197278
512318
711708
946887
39744
800980
458705
104160
816324
499005
642832
434908
463560
486750
401755
408547
312333
813954
498541
595610
121673
664087
405979
718281
322414
47471
707606
9749
503410
306336
205063
634868
224834
969829
33450
712124
545186
591150
873876
284290
953577
626588
610290
564387
846697
553571
983384
440940
571500
779449
503670
841235
945717
529643
752042
831262
554482
353296
243564
904906
238893
345943
642872
332201
982030
391984
419798
266626
763467
143587
237161
364669
430720
858389
127952
539191
618750
406729
873908
381893
667204
606299
8242
863519
814875
835015
894507
475289
861641
694028
662493
987458
70199
424286
405501
222782
590176
927194
41010
594681
234282
389575
156760
657846
676359
550369
648641
496064
945637
284136
258898
918924
156760
723288
19836
564381
472166
782617
76365
988113
176266
215100
368911
564922
783828
303790
120915
816299
192785
220757
188843
687577
520431
718683
157797
660175
278652
436388
269618
419583
405528
789904
713532
182549
391922
741838
564104
743873
295144
228624
802690
237880
148190
261860
150274
408167
901868
538927
792489
829774
313553
459635
90262
768034
555538
247737
653218
500160
653384
891727
997657
386889
689370
535207
797189
119728
625071
951661
163404
25521
498901
668147
597374
346280
363106
550159
539783
803146
15758
747385
520186
770367
161773
617673
745444
668056
760734
351602
718840
253400
590581
258266
219558
559018
400996
306241
425176
593698
427596
434272
602804
437108
146090
440459
968445
90522
857527
583585
211379
180996
705406
443865
659754
219778
372210
992124
374241
729371
953720
974543
710824
471883
295608
847215
882471
966454
1543
206263
168355
161976
855584
910565
405224
433240
599412
710496
203101
676742
629063
120453
440133
331136
673450
1745
476020
792401
768662
138991
574376
979109
510706
704609
250714
322648
79706
643944
580301
907105
103818
380519
293684
498029
826168
833398
314792
779509
826321
587352
582898
123288
342689
327618
645260
211211
721258
23584
301441
684270
211408
298705
433450
155077
745792
363752
395284
410896
662959
880300
563459
436602
153136
711334
24859
237242
38284
717306
582578
612969
423834
339414
114204
946868
684200
484003
334265
734717
899126
206749
15203
772998
687735
165993
568970
292073
914620
632412
673330
950178
385961
133211
400924
174684
75828
412530
228407
195006
527014
796582
675214
393232
554458
885135
233186
76252
289648
389915
885742
514667
486303
413337
608129
200858
385236
183493
78879
241629
60598
731148
722881
571066
845963
27269
677972
972152
386467
37213
232622
139666
421138
887224
925182
790936
110167
414873
333832
353628
464476
303112
489530
35039
997549
848476
310893
9327
580548
161994
508648
912440
136860
482047
605572
66842
736949
124789
895592
767960
956812
912824
647173
381392
839082
395300
856151
691000
92707
892350
71933
865591
919012
941974
865933
903138
579119
312467
224184
869859
871687
473249
16417
162200
498931
722001
685503
391455
999258
483032
997065
68422
399384
952713
650307
738558
629213
436738
644543
59132
75975
29864
465349
748247
400020
15193
234601
169373
400415
777915
200542
298172
894323
253026
513835
917841
481738
924034
265333
867750
839987
950154
38994
625010
232073
778122
153088
979697
349739
970376
163723
56204
526893
408573
466727
592927
828133
532094
397761
149215
812928
789462
843466
983291
680720
632528
363819
495175
303931
620268
105682
495410
590709
797927
576195
867049
702208
978402
552324
817096
952881
940224
81798
142539
566879
200619
844643
344180
414977
928244
699901
154924
351400
302896
127445
882068
211765
948921
789444
908916
866003
21657
742617
703078
521314
183185
486778
192447
991937
619998
99846
920784
363520
28942
23391
612576
308370
713530
413660
368901
539627
590170
535517
214852
305832
407155
151677
178103
571625
60214
742439
544994
25672
879225
101206
18974
341425
944798
691943
348108
520747
861743
870642
304740
367809
446345
203730
910999
45876
283815
81939
380651
546439
320657
784243
648627
948654
8321
877291
751807
907180
198146
902249
938659
593756
816309
604050
872531
939730
94287
622461
476154
345949
277707
18186
598773
547852
508972
77118
448532
75813
143163
283350
73957
541949
177406
680342
561949
181566
147615
663839
670691
829591
873059
282961
605139
155170
443894
388450
727825
524592
768624
953361
812050
341665
313225
280331
34846
830243
374323
40053
66160
372468
917617
886427
483590
42135
556370
512615
307632
775404
756030
208691
829750
180696
487488
210896
634156
885403
911056
530128
836864
856108
453052
442392
489174
275006
602335
656219
433280
564185
178015
266278
495161
927509
242237
190480
299586
433916
554428
142898
655783
21060
367949
820370
683195
475838
282573
595616
931721
212929
487003
317472
767116
301741
44557
775910
459431
182045
629894
427086
422649
994744
787108
312772
57742
926636
979083
845632
129591
513211
620893
957788
68760
69138
465905
683862
547495
640956
851712
362943
580754
158769
977154
390049
864542
456034
716598
760868
128682
890137
482855
244719
344134
453224
437702
461958
242685
325692
245932
857217
118513
667287
677053
238254
816680
486114
396762
967749
247283
819841
412106
92494
516950
796076
22172
502902
24329
243953
405979
428556
685142
303790
932396
504545
556309
555626
788232
975215
464776
746698
477108
24174
103336
189446
74320
361655
102970
253426
830634
454723
910296
317225
76199
575091
889801
280868
575598
687637
832131
961228
868736
994878
400351
831665
509502
590106
149604
162381
39313
922560
362456
148826
176811
614998
271871
916943
300589
176310
407253
441565
659985
569858
757182
54371
419881
665420
854709
613400
347404
493057
429785
540945
174283
518955
571082
426694
486750
810071
187553
477612
300356
584379
369009
905600
361961
133496
626856
729772
604926
64799
237732
856741
723119
881865
731294
75961
408957
371088
830774
201482
55092
846598
220531
806706
234434
825836
169156
218570
738381
539153
974826
442300
432032
499745
367589
204285
666105
641434
37373
222415
328786
109367
657413
989603
40709
519899
290874
511236
958862
775554
678738
92707
957426
447877
297936
453883
760677
377883
474894
896338
380917
694797
802470
33744
768288
921260
713202
803752
69674
41541
244806
478987
686331
693076
113846
957225
650843
862125
583845
933458
319057
87531
829229
514710
167815
699363
603205
91235
166692
933027
837967
544707
849562
338971
686068
483419
359470
386482
340261
592122
700996
582106
181228
164641
429255
251181
545682
782408
457541
363676
959051
829345
389921
4151
633266
53804
771134
990704
28568
461960
11403
365555
780945
624136
222633
236891
528988
814426
265563
548596
649121
355888
216048
529530
258759
419612
866438
900078
462759
641157
685933
188949
360903
117563
840443
938266
696284
881865
316694
711875
176097
89194
673659
47965
853899
615835
721173
55076
740351
455487
672626
691596
904087
635600
454986
416418
603918
791699
902357
720000
130141
21523
494569
928951
440796
909149
15712
920647
687402
525003
245305
631834
800317
56787
712382
349739
300967
296518
890552
498505
539202
653945
811941
835581
833298
742687
69717
29436
591645
729996
423620
419281
409711
178248
728624
71134
1612
116126
352201
272673
93124
367176
369835
769351
85863
158600
802369
632910
314478
184035
313849
805755
440853
348897
836327
791584
121280
155233
259624
771978
55720
381453
457260
907963
141231
203911
896742
237213
703698
283173
651762
11477
86710
254149
151057
822851
430997
103987
150608
385696
304593
105501
268397
581052
364908
147432
139009
461431
230061
543275
846982
126537
144659
912630
910093
537477
943204
648219
717269
80213
125687
717724
857479
745558
346898
450701
30635
366376
848818
350031
534771
189472
565695
501574
259813
544056
19698
116466
151195
846361
75275
650220
659447
267225
287407
109580
71517
788689
600866
510336
967522
670129
933426
875656
892094
701754
857464
600066
646930
963387
452832
313889
757230
257244
62811
885233
990554
799133
987566
689136
352178
20861
162907
514732
971149
965087
859804
84912
788719
384695
449435
225491
75923
611322
600253
15030
634831
522752
72284
562626
888983
351397
328115
490062
489859
631872
786408
712270
893358
224495
965785
615702
278813
206380
516836
500370
799684
29243
157086
217172
971420
515217
965773
862499
432886
6697
216393
764735
362680
368237
543788
143716
485287
134695
904403
594500
536909
967756
707594
567386
390766
363591
441716
31574
807822
51343
529544
566833
237969
146120
399058
509119
828640
179174
51624
417962
436347
854488
13211
175169
47856
85527
720155
175971
696374
902113
637366
979176
636964
582298
496928
310846
607997
760942
903046
667204
229931
21985
563951
461958
725309
550921
453685
690018
136543
203463
6988
975234
504318
51635
601286
460002
384562
624772
405166
307152
278550
797104
260361
618235
378598
53745
657709
934792
456690
290340
828435
108259
118096
978797
656734
875800
126049
184560
775223
411606
702099
643137
543679
810658
723373
756466
245218
811112
569267
538541
796448
407002
409720
488335
735781
892780
295999
391577
801275
618251
187296
940344
840443
513864
584677
125800
511987
197378
992553
621773
769852
64119
903529
278390
668468
288201
698923
835185
144853
493626
144857
958110
546143
652613
588941
598423
540256
424406
605195
66733
131411
333720
375184
635348
344493
34527
828828
947591
641011
908877
576752
538425
955196
169086
870994
6324
509446
951314
503765
520707
557759
268209
459321
784413
620578
670599
337471
286806
414723
547187
467225
939258
817885
910045
552613
634112
379368
399381
919469
600387
11403
747208
546270
290286
957435
491898
86139
762997
748989
315981
228505
904088
306186
328225
126300
245395
470921
179174
435708
572351
61851
31168
263814
116439
171640
131213
24842
346540
680104
753638
277409
358298
755927
33708
962702
417007
50974
327460
850994
40986
262649
698385
639626
76807
911829
425370
443760
703807
129377
264677
921678
316513
612474
590944
502518
960305
931281
887092
605555
547837
623726
615151
348287
604364
570823
538217
764954
766227
252814
893563
915753
349197
585879
265113
36588
411155
872209
940113
198991
917866
185895
56501
864164
761471
705680
117323
845142
824084
352443
611235
598769
370808
911514
672160
114988
487271
756179
330806
470549
583853
966467
590823
532152
80189
165072
67368
93991
5418
383135
60825
307960
880998
907428
125156
363073
158398
624517
767320
736009
31934
518661
875572
157873
344038
431001
885835
239798
730376
459983
81243
877454
596659
51812
815751
29676
376160
547447
617975
642090
761012
539665
543734
782323
607268
372213
733549
754188
515287
76697
365688
486198
253574
797469
252770
478545
315781
549896
337685
209381
646696
844278
310547
123114
337148
706245
155469
204111
802302
555649
729565
94873
618258
744360
267565
422708
580342
87619
315947
650865
277147
328734
513460
990725
327960
627824
34228
152882
595648
852817
961060
211620
484240
32155
201101
757242
215235
73728
11606
614570
493356
858194
856214
240148
546671
805021
760999
94483
866941
898964
593251
745177
834046
662527
745043
327361
400432
510173
741770
785584
361220
821546
822805
827068
867367
47899
553439
995012
956927
226172
823562
112079
83671
490036
407644
758510
409008
811278
393459
13609
173272
856231
610213
12390
323768
21060
761421
445678
534132
152469
852188
214856
975266
860186
358053
403397
44367
363356
213390
282768
843469
977325
877512
826102
170246
417959
500938
365994
34401
793240
405965
208671
733507
535949
160052
560373
609348
271014
620080
335178
326379
495737
729731
799274
206469
533626
112280
61051
758930
780955
379039
925336
557222
610550
236246
676484
163736
953381
875042
298256
740512
379618
349452
245756
473240
366455
566039
191544
485224
763412
601578
249234
870990
312584
410714
676499
920678
306235
166661
516645
257264
974848
210668
988127
681499
942410
824308
551023
617271
483742
835370
729473
467956
686950
80871
638852
557999
638709
668552
953987
674577
448519
126527
796461
75082
306642
612401
559753
97729
17400
40198
764173
427794
476600
324375
896914
308146
928722
267309
266358
25897
653996
240110
438243
120134
669256
126612
707310
837036
747166
284536
575815
501349
469743
242757
930331
742981
910793
33656
848856
129461
546350
993816
841817
586854
924988
604733
158162
951755
148012
708480
655338
335303
817521
165176
495530
829423
42179
139584
535117
458433
736197
843555
909538
682308
724145
795577
80449
151719
909751
619186
538795
911861
231991
78408
89003
459215
576232
334065
30002
752597
254615
647823
15711
284723
993108
569029
855963
610363
30661
518661
763731
620592
424575
168490
202787
655286
188484
28874
745520
861080
148077
570401
956618
190223
552664
339245
990547
45814
186953
983761
106851
218825
511700
172096
825320
326875
500882
416586
727182
469443
792285
931468
175678
956303
450913
387298
532483
272112
670406
291511
78805
444422
275249
997152
370905
905859
908506
355795
142466
844218
144127
779061
170339
257155
981082
565110
735257
168009
105217
846690
143088
716193
359373
626214
426862
208870
43342
519270
489513
43991
812607
489622
593363
153888
982875
347895
990638
531924
853899
219975
438242
389700
636158
15196
569944
182432
777453
622831
713288
245080
582106
495180
155580
619301
830514
511286
591312
403356
905203
525355
168894
507172
2673
184944
157740
673617
41893
309034
152729
219725
24648
368840
152754
598724
158384
371669
191282
415788
975677
311370
137828
463617
212349
310735
261855
969859
549632
114898
468729
215420
432166
421904
66421
725471
616806
651166
776424
47391
355994
418070
437072
356606
510396
601265
352130
327698
173010
545581
469362
559836
375802
728778
691712
712246
34701
663678
36251
320591
292497
819218
401457
436602
106057
186411
138758
274368
19076
538117
875663
664734
866997
903550
906821
556870
216256
399285
422378
868765
997243
808979
344470
706057
106413
683732
349420
354145
237607
306331
928218
417182
739276
532238
866749
806767
346910
187362
390854
198339
150517
186674
427014
904806
130261
336994
19457
8159
910430
645667
844943
608230
34987
350805
468991
515385
641439
524061
123258
144756
384152
68956
438922
293898
100294
955324
671176
558786
185124
618669
743820
535429
337712
917897
401655
422075
117018
860572
469716
133431
233769
446568
156698
243081
867783
672326
476331
48149
636351
748074
639821
117242
388382
992040
951566
926200
677419
757701
809938
352115
399654
650715
190815
577431
818241
151234
845480
332194
159373
607711
389647
781240
888457
643448
570499
959636
946645
397020
578576
780397
443754
359170
809411
132782
253400
964306
818784
345406
688591
19815
54342
36547
933115
868555
241503
334929
265040
568074
473898
221926
212646
817686
977814
937170
571805
375608
72316
735436
206646
66471
576450
22470
66585
732907
499168
132022
384541
572004
316857
693017
145146
487055
67792
331350
839561
244179
283273
864089
122350
568768
928208
550234
616629
376433
854723
16512
118825
909926
308493
375500
146267
792774
932597
469107
549300
497177
263655
460282
108147
254003
457871
202377
459716
312467
954539
58578
388983
832233
48879
9582
718599
783408
557772
993663
525065
698709
156125
15638
475979
408041
163012
473197
99339
119304
232545
675334
84104
233364
365032
999119
901587
767668
104530
49975
939036
923751
389447
37304
525629
53132
215838
303667
756905
431207
365688
309511
233887
864455
650298
513265
499244
938767
961060
719112
360341
163491
989882
901105
846799
146447
809495
992932
95534
267283
972889
54282
666030
457276
286000
238306
872277
802709
676064
321775
627347
770819
163767
60644
199731
259804
742838
242086
710442
584362
470111
939375
639773
416492
338587
431469
294235
909629
510125
47106
20061
345345
880801
828464
150338
895187
602121
502176
664642
820982
761498
591797
61527
862622
572566
528133
606750
976890
205096
8161
510727
738734
228407
994302
166558
874395
823624
713585
431207
834933
627156
426228
15326
781199
784558
630932
90917
787302
884854
305834
628807
878002
452724
799523
284789
86903
939002
810298
45655
770528
338431
49503
814129
249087
96024
355380
428227
165884
744375
603952
37766
230847
222768
395034
128130
649852
677969
961596
860175
584119
616421
326092
768867
780889
301908
58877
528886
837463
76503
19815
31134
206834
747675
795089
235429
483947
873677
338164
878033
698601
58674
700042
21051
150181
296291
969504
619126
105714
647792
140346
796266
278193
214235
184185
150901
527924
94953
178428
185004
208147
343991
331339
749687
946932
618713
508991
367551
484176
528885
129161
389447
78867
373193
292893
295153
228533
422019
786295
602364
854327
595584
16253
372670
707992
694727
117956
398171
27349
362236
847643
130909
817473
924198
628693
430005
588548
688851
541227
666118
200980
837125
348003
298728
297477
183588
725415
31050
107297
119059
643234
254882
448526
102767
851331
161556
128819
87514
273908
427850
472387
540102
871541
853264
738822
295677
593782
982798
462792
482285
444360
621922
17259
833906
747979
445173
492971
792036
157502
863837
131982
590879
220994
432302
358597
437691
499244
804438
132042
898445
590264
414192
33197
465304
25279
655999
323595
837805
399137
761687
577337
228644
460475
760175
879359
554002
868980
719208
557033
960369
223858
880969
620944
336617
696750
904201
409732
37637
350948
270626
827323
138389
889178
220149
487237
419487
151997
506577
618922
798070
688851
764624
73482
795028
855227
225302
932066
931629
167122
352903
696184
766084
934841
674054
401030
562194
725875
635143
70346
380433
884190
186395
369319
285933
46124
933604
697482
876497
403092
188545
221567
333193
999760
715341
487148
773785
285733
742407
86053
821989
529478
704818
755936
402684
193149
592516
991047
949147
596397
870399
211946
853277
393599
33970
154311
335561
562334
967636
833995
425551
141328
913487
649876
473956
654874
145245
949696
223195
567856
457139
659309
515193
330310
800697
626335
559512
355957
180591
994143
98530
18072
634239
523163
968190
562964
974655
314477
239182
959218
171613
850512
843501
164543
73927
523265
477317
147527
266925
644676
494750
980521
398861
854787
932822
587285
786135
14908
916632
410195
365501
540005
59570
4951
902970
791187
709948
185219
727367
141661
272632
923188
225322
548788
246342
41230
158324
661988
56412
215989
932084
468197
362578
478793
247195
411489
202242
188813
494569
376512
971480
496777
986611
820337
468246
183238
408053
874766
266028
31156
307825
58428
214004
660680
895673
110875
798841
124441
898982
151452
67310
357832
192316
952462
428649
755439
233440
122085
846113
427859
696666
58493
306232
131314
704905
771577
387690
936378
63320
491148
256030
970062
883532
259093
425476
931626
716764
658486
768903
389944
377664
986107
683213
889199
684736
327471
91042
203841
624939
187170
357532
649874
744473
929503
636872
503309
271353
952991
426853
351219
78241
964452
446362
145064
519630
677736
41911
530669
296592
284492
711270
149219
797209
866212
337622
433880
97487
316051
829554
45417
122926
736009
929786
243043
377081
283679
266381
188466
874092
231444
237795
792036
964520
41516
980841
909310
109662
680666
878405
607533
488259
164973
453824
896520
640290
266590
974853
657702
948790
477247
639075
960394
284215
201207
235054
787451
15561
19226
233664
803217
319893
622871
854487
111285
364367
457409
408992
624665
699407
35395
137896
954940
394075
139574
377883
233622
359500
87157
210031
804685
591951
643186
331838
311974
495232
202412
820450
458909
270653
434830
399719
491745
106695
871855
422378
333573
946868
418474
375911
524550
378608
118042
961618
103455
392845
211108
70302
697052
31646
687241
987367
865200
830642
854029
88449
319204
311599
14310
572865
586061
152469
980958
990068
315057
164568
714783
665407
477073
43921
625029
963507
19975
99886
464167
723505
498162
197547
346995
17102
157051
822519
348795
384152
421746
189337
782109
715953
548332
480189
652521
35563
290641
138061
290678
763889
638689
866491
112661
429076
664137
471855
241214
375225
196574
647857
645446
241877
937299
523492
951504
703168
573981
727285
937267
986512
550374
852149
571095
291698
159836
488435
35025
222872
653307
622529
870399
893716
299933
422127
726130
441378
306427
529505
715492
416162
768165
238459
842255
894507
765686
329848
383032
972235
621246
170064
409147
701812
168354
823120
65086
151721
182222
459613
152393
367916
29121
887225
697355
114136
340001
580112
563587
789968
290934
142271
517505
85133
191460
429439
779610
151703
478832
298896
642316
950239
762056
24609
717307
948696
581958
949685
764506
119014
814754
192147
477147
901342
609150
384733
191863
889904
372920
359879
883164
283816
539153
379071
595673
375935
832196
518502
304200
940846
840745
524625
774121
622609
675686
645772
21462
19024
654112
59630
278787
422187
694312
215878
343472
480386
741113
508127
449533
707402
355130
514740
73579
11053
789185
445513
1841
370439
648370
507205
934792
517542
899870
926723
157903
811636
9701
659413
330521
722452
152616
531407
601570
67934
344235
2996
567353
934693
816509
346176
152963
178397
315868
618883
663634
258987
305797
533285
575646
104658
285231
11948
153554
641583
215079
910707
781421
94627
935801
834580
857176
922824
870866
236405
173683
500811
625855
276486
463303
441502
393421
212599
763195
740175
839874
123498
760113
328110
48099
704101
528389
494865
798974
986081
806419
640221
780457
446357
937903
453728
689408
894262
403769
828412
6792
770035
250438
724947
95485
982888
241633
300186
560283
104272
468545
215433
536728
51214
636826
158934
799078
175431
597175
247366
919288
45071
297194
558172
224156
135582
442489
450527
802687
957661
420805
545073
275756
162556
162164
816806
694029
710075
459549
808001
82782
839564
162081
115271
255352
206179
262815
622127
667452
107281
574529
749241
833337
42487
834444
303095
568869
998250
216324
925097
375827
652466
617519
454652
158046
662879
871462
871433
908694
766216
517894
983918
232360
727871
785867
24245
547111
807494
859844
631654
604183
381466
633256
202169
782082
433180
194153
473010
573527
100158
204313
382291
652279
245590
388354
491107
761157
9626
115
327347
800623
975532
412785
476313
42680
546124
384272
579682
784713
401743
376200
646107
623422
914971
375290
573696
807240
389944
401626
26017
665175
726019
638603
938753
87305
825750
572368
259923
804141
786464
67364
558025
636730
72182
939568
514167
649360
566453
247410
7131
230328
331245
944322
99897
420966
518419
463033
521211
356484
543028
609062
274499
501011
925781
144917
399244
142065
83781
573359
829291
916032
58847
631863
540165
562309
564890
865948
578070
388659
591076
563521
489491
624913
789087
385439
581834
341690
41397
202200
48393
389647
340742
218987
907882
281923
486114
762882
430756
676082
114039
289261
929621
12275
839063
144014
126908
828977
537497
637122
729384
477456
539938
944623
271649
857850
632624
77196
320838
736466
667814
778861
121316
264210
696763
37670
106267
823800
342258
262209
751698
516839
325643
668023
745944
269700
770215
95108
657841
315155
515362
448186
125316
665210
319027
319017
197590
300946
833190
314379
720959
804411
815536
176811
881297
518082
231774
750610
157866
651361
757694
666608
69268
45694
880262
76925
621169
790248
654899
313108
763088
897526
596522
629994
103492
570620
375631
215469
646331
880114
743573
670061
318827
687998
686723
41800
349815
178690
694579
610478
814647
954141
392919
613088
54857
898061
611724
676971
864327
810896
923448
939427
117280
62060
475701
13573
887987
645768
398226
820832
395151
974642
899379
404028
318153
596962
165987
376457
170176
466608
962702
302773
753339
724378
914034
952147
843400
913073
233383
495530
755602
779471
561316
320493
230340
191451
813343
710651
815096
216485
878390
874676
855248
789522
388643
624585
528752
891515
322616
719942
53834
621038
818369
980088
34262
531880
391065
581760
914513
719410
279854
435696
769183
500607
546998
127090
79363
290516
745471
248025
936974
591306
45888
153452
939002
242674
608230
115583
103270
29377
463339
916838
485838
214776
895898
957872
855890
154433
828093
602182
216883
374879
159100
145465
945240
690552
161545
262287
562407
346472
120505
245288
476737
928218
33216
347116
475289
255605
232389
757948
332507
779471
515975
389203
577376
726762
231752
961609
763875
560303
383296
138834
826063
922150
951959
823048
927770
443641
22416
298308
248153
968734
98845
890564
403091
87216
625237
391730
614559
745417
12821
299726
719630
12766
824287
913872
941292
717386
570620
812874
214004
286021
644686
437120
119148
615298
348344
779551
948654
460860
89663
9701
612222
807887
738711
274618
205054
477573
962573
429367
114971
897522
333438
569769
489556
136976
327309
130169
299938
146947
107237
112188
186908
371649
246310
814200
693968
882091
466311
251761
191650
790269
200516
192233
236380
961982
622060
53618
260222
705434
156827
173031
347463
61718
393260
969838
714683
74174
84502
674371
161307
170688
168865
300217
693138
763092
349506
121261
974048
951748
788097
36737
639998
471242
339669
329767
917316
574376
112139
23359
646620
856821
399242
856335
15698
532846
748767
845717
948032
399896
372080
808622
452334
84336
99988
910887
708657
321403
813456
406342
918775
62526
320058
911112
580595
65276
956248
261196
294198
173952
505752
568313
573408
908657
656219
967791
112172
439271
124253
993744
34360
700377
201354
283704
727912
432590
373984
761383
183997
145617
741799
208087
857791
653761
454000
127445
228908
395854
493574
470613
808367
278442
327410
508852
127038
661525
578609
240699
628245
338033
470148
52929
408677
691086
579015
82385
248178
807000
232626
161263
961700
696886
378930
288511
448879
786561
337935
126109
826054
407238
252557
637650
35853
924458
414566
634762
506796
407979
890713
86961
947040
608974
297655
981770
557504
669732
685184
314305
697534
236378
20882
772462
238314
622060
756509
340239
485612
97144
763107
615815
816024
655568
415113
815667
394338
990212
94140
44445
640018
832343
774673
255078
954967
239504
61527
644234
392363
413675
252347
535107
795202
25669
582731
533203
45480
656243
899689
40759
390426
589734
200661
259203
607664
135839
53618
223034
685120
81673
890996
732411
851571
431548
202735
59310
598741
629745
279947
743879
768560
258943
868887
72061
911048
30865
935712
892458
88593
618906
790854
205160
65289
330204
411875
492971
474853
64247
756113
489244
778543
288939
961837
904978
492291
17885
442939
70249
309897
134055
702522
268415
332155
369878
560596
876876
146845
322957
930048
228340
955298
244613
575035
499090
816083
696786
634248
839082
847316
464425
999217
732352
971482
625358
98970
227913
810952
451534
701415
321374
176316
214163
33458
771977
927512
61139
742156
472757
214969
92544
667260
156546
186082
914293
380125
830264
509908
257315
58045
235835
709778
148778
547048
326924
408692
562155
765903
639741
282814
78193
332687
5204
68422
651417
668824
428457
833233
860296
627907
757864
753612
765919
167764
116651
952541
575203
418906
424497
479747
367684
887494
1174
456362
691086
830361
899948
336370
799207
343586
103940
332031
450432
8456
152411
512298
433835
838380
464827
739041
548972
765214
937317
313581
308463
600460
653677
303353
633836
956618
839744
492860
600008
623733
212525
614005
298683
328478
862375
611657
643323
744786
415292
483844
581762
214382
130929
450386
794487
629063
788155
236086
267968
424923
127732
219038
885663
998174
343878
149698
530544
214186
609796
951957
593256
307656
40166
235586
114687
396279
537287
599476
273089
554231
390350
665643
178215
190144
83065
970903
963669
754214
424632
966202
476202
110919
811988
816195
93602
623557
661342
512246
580595
524805
680817
594681
44060
295677
244947
584763
499586
302065
682249
444211
77506
155495
843960
499925
622870
840601
164500
692806
885777
307461
560122
979000
291102
711584
189337
774149
4155
902673
243177
919064
284711
51200
387398
28738
968095
137909
805793
551309
476332
417797
389130
478760
844482
254087
462188
851482
413
809446
661310
616057
199760
677454
291119
344102
479213
168894
820477
479040
852453
382814
496386
303556
367583
428457
150680
620986
62278
924722
705515
327256
519641
943051
912775
538543
993644
835759
736969
84242
585917
540868
310735
896215
696536
177536
711114
389944
811833
609160
313718
696201
706800
19333
379842
632507
130374
252448
730048
202448
257718
85916
286289
555514
894311
777268
413675
812596
467329
287832
396279
4677
829385
610647
783002
868980
881867
792116
867346
160849
774840
391796
887100
758765
671720
614305
297655
317828
101650
859099
729544
632822
995494
175969
1887
364203
746950
954887
662864
773357
578009
692280
956150
474494
16063
602399
30993
499283
706644
233183
448574
819679
939625
682738
842077
687948
28883
54649
200289
2611
730513
443519
150481
227958
387398
19278
340806
749423
194958
606555
320596
138921
260340
199671
628045
810351
683441
196053
494643
189978
360166
702876
136826
746171
637628
836961
416777
685402
838711
24198
142145
942457
946424
361289
700723
28730
33708
809075
319306
772874
674604
306450
293742
251653
126342
584763
123668
440196
821481
160515
331926
103323
754191
551558
939855
531871
772015
618710
726572
738801
937105
483966
153171
199921
986460
453990
515453
807319
796689
62702
91590
122645
801721
686200
407352
723679
783650
74942
200255
219472
29264
550825
47752
474113
272692
661164
635232
999296
814809
445951
54992
40985
7681
722997
521538
694410
713530
790367
721516
931292
122092
912630
807683
19875
751418
480142
839850
40285
905205
972860
107093
757913
387044
138069
700171
75172
964309
848494
91661
449706
296501
893546
264106
895763
788691
397673
132053
966303
275380
410991
261154
286735
191520
370336
62060
210272
142511
91218
888653
554425
783660
321077
285493
81068
235109
979301
947853
100499
38576
35939
531340
908205
810679
286464
951931
943839
641696
406204
452947
931776
283904
793914
442064
349640
464821
805904
751284
120472
73548
383124
696986
999505
661629
143191
608456
888790
780090
707237
30019
975221
116847
923233
451635
733866
37698
210087
328779
569378
83227
101264
177707
779009
558941
180994
250012
821552
470214
389582
511587
36319
719676
45263
58847
71450
599840
911017
372751
337043
319468
385050
288743
797565
924106
943712
597395
470902
326198
350112
933616
731967
10174
77046
400426
958191
829848
468792
361000
685454
238180
735149
381060
780546
46043
837363
166590
111586
515398
683449
237742
121663
394810
34436
58018
877899
419166
792086
562148
316291
735903
459321
580754
498357
258022
747385
687775
750629
388595
877469
904722
731721
107555
307198
374559
774038
648459
381450
706013
615861
601636
980927
678480
563319
377764
200996
677051
779906
252441
137168
29543
422148
563452
206996
48741
752299
882373
741123
393732
296100
140155
635224
69603
186606
888459
238879
108519
511704
846641
441530
846644
644499
882711
397486
42728
599608
400839
308958
682542
740234
240491
482627
777437
234221
590560
499954
178497
153684
878756
256689
177713
631662
4863
531399
800058
367097
737668
635607
414180
483860
461037
555133
998455
240294
448696
863773
451240
532631
524301
535029
100950
132489
469738
183926
17158
339179
616285
828356
213368
255376
465833
31934
80655
388900
721422
34359
410195
833964
249836
50882
472387
990889
587979
21066
633854
549245
537103
453031
918728
872059
794525
804595
24211
559197
60322
358882
112716
392034
717905
599364
821550
153779
968663
295199
951370
258826
277053
625181
82410
392795
413054
689409
537647
204990
739055
839780
963729
124076
616643
210780
520472
875396
549003
756808
679388
898766
34919
579238
336491
208748
453024
76513
794117
763737
127108
3511
376215
25701
887492
178834
829196
378129
574427
96708
820628
866006
171760
831890
525605
155171
226809
475729
192554
393459
78904
365775
392701
220526
286569
624095
101313
43739
505800
502639
614027
916338
242069
422941
98710
370093
617172
994931
987884
846593
180847
373772
862520
744544
284924
454654
155137
787946
312737
808134
415332
127883
236756
52489
698697
654087
550724
472683
247858
90355
686483
574235
260625
182826
874538
922065
711584
386418
835156
721006
187568
811159
68341
200980
376095
689247
135103
21261
498023
194933
56920
104565
479684
376844
36625
221251
130894
340806
776273
153398
581414
333563
20101
553425
726078
639833
877565
492863
604360
853308
997828
826520
462713
228089
229548
468534
197355
181218
764802
633136
390956
545593
610363
415055
361301
950393
571649
180289
76338
968023
800251
631573
99328
838907
409661
588568
900427
361026
99101
447220
363545
326086
252763
858300
154033
555589
532870
318946
768856
205067
687370
43656
524074
246564
414754
708370
87249
283992
161506
618922
147416
791228
774428
55608
454467
495198
170824
639744
511505
62729
978790
314213
133318
960398
368799
783439
799948
773845
35193
642686
119177
682710
45402
255257
818901
643184
352969
970399
223613
278939
638876
930524
597399
634483
326277
448871
674217
612735
694210
24455
68940
401454
8928
959481
478839
244684
783425
450353
602647
545125
835129
478675
218245
307461
741777
936298
117176
459251
596487
618257
242602
214393
781744
702556
206777
213101
93618
597217
537497
474450
980392
270861
314390
868652
637681
86903
999871
305684
475073
893220
619500
309213
139986
678461
484177
178405
535737
997642
724208
384178
17748
233075
657696
158347
738213
156445
713898
612773
95285
711123
455408
261714
567305
500627
312317
458818
823653
39930
653113
818635
363694
646144
466027
90319
296460
382835
787875
696238
158965
307468
789096
567393
234633
10590
829964
680092
519686
507652
419052
426372
163297
384797
398560
238975
927718
659231
92517
922924
737501
290834
329274
492464
657281
419982
784056
377330
957400
206864
377389
559925
307656
722304
310647
194109
438363
511763
442849
15407
516324
519313
329413
314728
718712
118131
580301
963989
709870
122139
41623
485313
556029
924500
447921
945229
60037
851937
131160
770961
642363
282415
335714
448232
486542
748836
427340
98845
392184
608806
426837
580354
565534
337584
317642
52063
476821
270920
448106
223673
615467
568976
469889
352846
679610
502902
708418
955693
939994
614842
329521
293705
637175
683660
452027
761578
767798
231751
928254
769623
541201
741610
572764
13126
899222
243653
780546
410397
565784
437627
670933
379668
686675
112716
675679
582074
515060
80203
458425
769854
342763
617773
725595
412318
903680
226017
879537
98955
688005
789092
992203
56276
114390
516814
301433
6697
378084
384652
897595
850988
968101
295415
817864
407718
199648
678184
232935
112027
695007
959059
920956
891661
428770
294412
718926
141709
528817
672904
516192
91520
487320
969467
938122
695900
533814
853080
550362
316260
421019
406162
755248
714739
645439
692850
367222
838366
637884
34293
405043
26408
111092
439668
826777
335346
907163
529209
111982
807152
165329
354312
926782
798124
446475
579299
708117
699445
918304
226315
847817
770478
102672
550986
789631
258734
309042
210
679141
745910
105728
712674
830023
161377
668167
803690
213666
624596
732535
374920
265264
16817
274079
542136
64858
249371
667486
956617
496550
327876
391831
904223
533250
927277
994495
728373
251836
234066
360512
60432
535425
410422
323246
890691
811061
639741
653151
244993
659109
930521
334669
573943
659259
227519
539012
390636
773669
558206
520995
165166
619955
838130
372886
731704
512495
40893
905316
91936
366177
876491
338877
651874
619571
736367
317348
66080
373764
700604
303060
648237
438088
288390
776713
34492
591922
734731
171479
686823
640753
765313
625605
253714
608118
720624
199164
751157
699535
254300
278563
343931
926067
21216
955769
574483
442697
59127
713874
986277
301199
28415
953871
110063
929835
536708
696371
222727
850221
464416
187401
878135
787325
469729
890392
521788
858208
332687
122229
321273
66811
967350
249450
738416
243278
480793
193354
727593
266120
509061
219480
205944
742202
130648
570944
209476
146150
94772
392443
611292
558426
889243
243705
579236
216474
663802
624096
883500
523014
452550
282037
851319
383032
269382
883330
25749
148669
160551
370734
720187
76024
271026
92113
109580
453096
896088
138740
295614
633356
940057
834062
730278
629790
155100
582110
398285
679160
948826
59463
607713
811592
270440
410961
757533
841323
167367
83643
932964
941985
219318
997906
721598
936668
819918
608348
856892
718964
242088
142722
720955
952161
894000
640846
70132
369547
348833
930420
513249
296457
778421
424701
473216
283084
278513
884966
215860
993277
652298
93356
503498
938850
475885
691837
408342
345113
657245
54140
514846
489825
547974
117903
287208
798258
817397
833295
271274
392715
443248
27050
910464
138398
638236
847099
778219
265218
220337
857803
35777
40782
712297
125532
157372
618239
672517
527408
967360
427040
901957
214393
286776
101111
509250
931607
80936
957269
991542
499053
898348
310611
648952
927197
978678
538913
495
322106
605632
314993
873599
916251
320952
522444
61440
878379
18167
452676
700483
967145
727912
432899
236928
617027
572623
449126
619606
291703
625644
476497
106555
901193
662978
57092
586579
258647
963825
678597
686159
62454
135341
458564
410519
497312
20556
956769
734276
976019
152917
245169
722766
310052
266203
350660
159889
876564
159733
223539
392509
865921
980088
482043
783023
217178
848438
145755
510718
955351
617049
337915
271093
224618
395257
105519
698088
326780
811342
864553
640343
534690
643301
863614
985749
670815
428536
23250
664312
445073
117570
965303
850484
8385
728223
69783
370047
596348
106861
842203
95340
264642
537069
876962
495
801218
1236
229178
846058
996062
638857
20351
669806
998163
406378
932978
382948
850221
814195
137920
143636
543909
409617
756744
394047
939332
718741
202843
527772
905629
453203
317629
961704
849064
925072
203718
571248
446413
819389
226446
359055
739171
411591
591758
619042
486655
283078
760330
556210
645024
619054
795219
948597
685634
477387
549271
570132
125849
410961
356633
530524
625648
692468
980791
368895
598732
35626
938090
100894
414980
99919
765381
429567
967984
319757
227432
308195
460773
568085
193404
56730
930910
275181
661580
598332
350651
840833
128269
565841
250277
596916
489671
111243
341621
552426
284290
447567
159210
51835
64469
385059
340766
927662
150399
812167
718868
879176
282153
381196
705078
931514
730013
506063
625204
724542
406659
644307
535551
508065
375505
910616
172138
892286
208747
61682
794421
463141
280724
476762
341302
975939
859828
951733
386925
871591
825355
539114
579087
243771
845576
795586
357510
39603
221270
780704
970159
39875
938257
934384
186477
170894
41325
457680
525679
465988
528000
253096
592501
653859
53316
356942
756397
655273
97647
631503
345345
110144
233697
185845
66722
7957
920466
415709
957995
49407
744360
709164
68670
496005
783793
526295
504971
336164
620884
927064
236668
156353
573255
416293
70330
429570
338770
411510
971536
434234
709481
330870
569220
594528
407472
724003
430282
581917
4022
534224
264624
229723
688406
759960
507455
627586
436602
54282
502660
150181
598355
657837
95534
174565
271954
714677
940542
284950
858075
938703
218632
760570
63791
547354
487288
277175
474162
786363
940409
130798
474201
70684
379736
711472
559032
187668
850746
4003
600083
173571
905144
496856
227853
520829
706393
599353
780482
659346
100292
312324
618126
324688
733458
176136
10855
246599
833356
620452
283790
257622
877729
40632
725578
942207
630062
895240
414109
874550
419008
175451
648396
536465
649570
824302
326196
723705
923100
165141
615857
771472
924384
183519
690197
306449
839874
288390
376795
310321
493792
6563
664280
526498
174306
681640
850780
136543
914488
175872
267687
759778
835593
328432
840593
766626
244303
567327
210030
691055
289957
346073
892724
747266
608831
796042
349792
424077
770075
304237
415214
585267
669390
315680
196463
920652
108346
56011
843650
55006
44048
730988
712089
800596
692190
980709
727827
771258
981251
233485
717578
290893
133185
523572
449272
719650
16016
514762
16292
882471
796939
899399
718118
84900
362645
930165
568808
863049
241624
432594
996096
463006
477260
476424
768297
497963
225898
992093
875
783051
746166
320861
829964
253198
546915
237487
324220
100993
33659
750543
158170
365196
454976
229122
141857
282625
678671
304606
701888
202815
420606
362005
952191
119278
187247
598013
148377
511070
883998
56329
216602
17520
299535
609174
576214
831958
917599
521261
430823
990474
28568
431449
190157
703934
545194
133245
48393
798082
741711
385060
269010
986507
988968
936926
901524
250536
685044
766083
431687
328822
711942
922758
655061
545301
592846
845625
118916
917105
959942
912610
565167
191342
686626
876684
495929
663377
210896
989050
183536
119590
635047
153162
953692
199059
564446
690582
925479
256935
115198
340937
495549
309375
819586
849099
731288
681534
616952
856168
650112
87535
326941
296373
733973
162116
668343
831693
178781
414302
701444
861758
622243
156156
857307
314294
432619
803208
203638
727679
575609
482837
76597
158802
476446
431863
581566
679431
633886
980167
959262
649907
108323
716355
435836
602804
588365
372525
438421
493564
984677
647181
165119
814178
928057
646325
120566
428457
36885
941883
605525
907720
236707
162734
693825
589872
608611
408987
825128
344525
803013
298693
170483
977307
460557
450708
600316
382976
700042
235109
528687
41317
720192
687821
500561
118644
34326
64723
673884
733521
698766
39989
716713
700861
716312
469496
719215
589268
552259
51192
970831
850117
65464
250338
802285
254146
606113
996284
627999
879623
565958
622753
66769
285335
998513
954060
479886
32828
740709
803974
277719
725960
364539
126769
278512
815417
338786
408740
537765
677435
647377
832496
86578
17527
434495
487139
333758
497539
76365
296582
838874
298470
957547
360070
463415
720640
304387
341816
862072
35974
584568
789185
158871
363523
525360
496666
278809
781633
594450
402427
59434
494765
574727
712527
45480
548055
370819
269418
816450
201644
482267
410979
199010
655013
973140
492597
341931
459431
177811
660998
475563
944559
383816
323953
285240
845207
295682
930132
805963
464745
782083
988017
698227
529961
809030
919844
628752
873940
23368
593756
437108
810706
95042
186820
963163
246696
656627
91863
679430
721081
302415
602465
282652
657601
997408
746606
400623
588429
682289
132705
355272
720741
227522
416616
544348
354982
880805
451717
250492
56417
384980
724232
448128
711624
63545
771349
970650
747886
132410
235254
201354
164137
106908
309048
343448
182175
916354
504328
166703
270896
118134
350018
685503
855210
452415
539577
784469
79873
255464
565887
684414
176694
743879
303550
884025
385486
326086
909497
314
191326
787251
667082
620046
608558
485425
229257
909538
936883
701031
366588
139247
467922
582934
718195
952211
288939
968823
493895
242696
234282
194430
824556
19277
201372
545718
423644
627153
680666
822856
15891
56390
131252
684329
455142
57742
748479
407324
289879
403634
475073
198720
610928
158852
973178
872
852801
885695
14439
307413
214369
961700
250620
201118
522003
856631
590974
684535
369469
499659
150107
547919
633812
559488
918871
973877
954388
550810
616173
392893
613469
175140
922860
421649
152183
580362
624677
827378
932206
969917
873249
225094
614441
583554
517736
433886
904287
13015
201759
765903
249926
877172
36169
543044
345287
539495
673347
754048
383928
34491
488685
68139
796456
577431
526990
38837
858263
67577
285095
560327
402628
628264
825792
327309
102900
265960
286315
69376
450353
818951
125025
414098
753318
599469
683346
792413
630093
162012
633912
688456
190725
479103
46488
771536
707672
134059
448526
359392
375334
27
281443
185282
980826
500697
984112
574264
82842
521734
106175
757794
805023
45417
838999
354623
171570
385387
514007
789898
284795
914895
82565
22334
420370
880052
728473
569704
454752
396491
275508
3332
183449
683885
5629
293779
849790
675101
817637
844890
495230
448442
93425
315628
360341
566670
471721
656126
93011
37132
525634
436200
928160
219733
757701
803749
875623
594834
114450
565
682920
568013
62506
963002
732313
645484
328782
947242
818241
802613
593054
462256
626346
479147
655456
509673
308827
717703
863760
923801
708370
68435
611001
42279
666566
521443
20016
493226
877297
413261
950090
521239
582081
44508
62257
136422
832361
681452
520642
770868
501550
669049
898647
620887
599751
925879
842272
775810
12430
635633
360772
46375
378609
99346
384588
949432
435084
4338
612756
665688
327531
207034
898813
670840
852922
681792
617768
606838
120465
869607
43667
707785
434117
203296
358032
716376
506366
961982
446572
705188
413872
18172
437267
3847
150622
708944
623584
207337
621613
169951
360144
41189
765812
650612
389914
607401
968294
400823
561640
519130
879239
939589
947709
115753
569680
216404
732932
525004
738439
442613
860986
305394
582925
805851
677391
776746
73828
286245
182163
812198
439689
169721
722861
431643
154914
533667
160111
430620
335561
847419
5358
49923
166799
189274
586823
216957
340701
965761
261698
243432
855957
787858
103005
234017
538411
289904
920030
558749
933077
994087
842391
966352
882197
467705
758284
143264
789300
823444
280115
895044
462707
486690
784479
821657
813784
69809
295123
792051
906629
147154
241207
555228
90062
999093
606347
538801
107994
637610
507212
323700
96430
117417
336135
992419
894080
61069
74192
192147
445647
783515
451788
825789
29551
149587
101319
283344
319590
686100
141887
132503
90563
887674
14309
234759
377194
77782
435236
770035
431043
488783
184890
696201
746841
616668
710657
25772
986877
848424
672042
791234
193732
276131
589935
221944
102981
512022
954042
634217
204753
234618
493381
525407
783500
49437
639706
993188
267362
339509
259997
364839
24576
505700
988496
469724
867600
449289
581233
908517
13270
568350
923181
936222
775233
13609
615132
641620
446798
746549
754094
540251
132361
789652
883730
138922
279138
31481
909531
197612
469465
879581
830130
991989
148611
46642
637410
84879
823562
667757
661387
381467
741203
337098
136437
308730
81195
432831
773313
676233
617836
225204
147822
395627
485230
662635
668868
999740
27362
520925
853269
978648
493893
709056
95012
748879
565579
555117
490126
156698
824331
291047
793362
760323
116408
594408
511971
405806
322411
631991
657655
267111
845390
835087
533585
668610
500129
291424
929636
841732
468754
183940
50986
37577
769030
666303
355967
685608
505271
339566
77508
723597
305704
886460
336612
3376
44085
974856
74017
767409
780234
243906
943987
78419
536427
422534
204313
279821
15267
707867
948147
75760
98261
956855
725796
827140
950174
263047
294195
841515
726666
421372
823176
849939
876380
46944
663600
65698
82810
544777
598174
735920
802291
450993
714112
209637
636903
600387
183619
230322
803614
465722
995497
881752
715922
498781
411858
150642
481346
469041
903750
481380
25010
121968
659847
973781
979681
640359
694943
403223
417005
161732
616738
55524
830125
713463
517220
787753
396569
533233
380087
228867
366103
385207
813126
476832
553174
100584
394349
147918
335362
164125
563068
382579
849953
501354
846647
171645
444166
472702
587428
478793
677585
270602
637795
678089
819722
950097
560339
375864
472710
56905
914922
858629
896914
239540
812202
148496
688693
880300
359287
960083
260588
298028
383579
103378
674183
397035
359240
870866
476456
793618
70523
982924
908051
20859
320430
939498
280090
976263
648905
276983
208259
612876
514141
640593
960708
186543
899835
111320
911468
550591
999746
389006
603422
361557
702736
80657
96024
703766
841649
451551
648121
299049
519150
884888
821118
541812
581196
72411
211271
742100
956814
328269
238545
681602
179727
578929
58675
528170
365525
252932
342674
282037
447897
682567
916324
783439
359276
986358
924316
472325
841731
677801
33093
170390
733411
271506
767798
46084
755583
744859
999038
559276
199655
653362
834107
53387
451511
61304
239386
323940
244291
342159
20192
950171
622258
20201
909797
614777
774332
799152
999143
193552
632248
664922
676593
641544
194910
68966
595977
455706
91287
490224
128389
866772
897174
35923
813650
513852
744041
575526
884715
432568
416224
792900
42158
87157
774546
770303
974174
387280
23164
256343
726389
672614
828180
935530
779295
134244
629446
997841
203702
577863
795717
692240
593570
748178
586339
436451
647507
849937
143264
62315
449150
75275
464532
804623
533421
958611
291294
606908
713050
320372
417934
307736
916632
944798
763152
243186
451442
892210
17810
951183
783966
251214
962760
653195
668124
568956
850484
690353
750075
114817
694597
384587
691273
203731
925054
454680
641455
462022
418098
894990
980378
512623
653445
361113
142328
71652
161526
471492
101410
241722
405463
230346
65829
253889
374712
941601
29331
769523
909036
970227
9916
916932
823040
472541
755072
258648
173446
531072
675730
776663
114476
430533
355365
29864
671032
463135
157948
895585
970402
72814
569890
731475
363426
407432
440992
313102
273908
67884
284572
141297
695533
123293
358837
685394
299646
159145
278761
77455
285922
798869
243520
127985
754741
331459
175196
798294
977127
550261
223695
75477
705821
379534
824895
317196
434282
69309
607637
910338
144575
432836
838678
534667
640406
222314
608119
635848
92017
583542
292991
526346
509117
425944
232713
35619
119102
877641
479955
832348
549816
930452
981876
588681
397007
791861
235767
619439
316829
721087
777363
458003
949642
896371
98762
131605
514890
250346
649413
553696
112151
736687
106367
21587
674082
960512
908397
908384
594807
995594
237969
646240
736531
254837
519796
138973
689216
786397
358430
486253
318692
786434
199565
450
108010
399555
288261
122346
697648
640611
524539
529054
464264
844913
108841
433852
393624
414594
35127
8665
89289
803565
754923
59690
101097
343289
453663
175727
423523
893244
201992
206170
333719
851619
871826
552174
701812
203066
542593
797682
351272
41590
854475
730177
60205
829618
445253
857242
427964
518419
802871
116843
72127
815751
888650
865609
308247
186727
979303
978778
777713
153306
213266
761967
785724
348819
683178
340837
390980
379465
135582
339808
771268
869760
607373
814888
855088
323981
185388
723759
419307
786975
761747
327457
367288
668361
583906
706627
679530
629155
952131
216797
776667
15636
694599
755345
675627
590657
317257
488718
419474
181566
809801
396541
330935
683083
982137
662070
573359
152269
254652
31356
844013
793271
416775
248025
222259
549430
123325
553315
934699
536488
336822
661880
748518
503376
504493
422565
744622
185120
77479
767604
191282
64889
514494
379705
119300
225592
582018
169576
592927
61988
252711
87269
658309
321988
348320
588611
547252
438812
52363
694273
271602
792977
63885
679904
997828
151234
532152
913356
810696
375388
56894
206648
636763
684726
409818
518380
288148
424219
667269
105803
354501
189524
535558
690810
726205
584975
430727
3252
976157
275369
600803
959763
801446
57420
862167
595744
556064
5164
618766
904146
52705
917931
872987
759457
532766
258900
141672
188414
242221
329967
548711
347527
841034
343579
684330
703163
568118
707523
39722
230694
121134
899751
985162
491335
554813
92680
213747
364316
353467
502476
339646
956646
233208
86694
373154
72061
291385
463717
758433
651339
171271
684318
966554
946348
348771
678821
531839
742439
382976
591287
735622
337622
235603
671152
421257
752280
378394
875572
527567
865931
608558
84001
833041
355570
510638
581377
707368
525705
961290
413999
601041
275595
838185
792276
694252
378085
709558
332157
467107
338620
547911
416248
644184
210087
54972
516208
390174
505331
982373
628307
588627
91017
438721
238875
785517
31214
997575
749212
428942
143558
330816
308872
400522
223405
899900
54251
953213
50410
1289
980191
908372
386935
917682
764181
129081
188444
809217
716598
128708
25648
368668
29864
635428
384905
242925
410295
409251
680523
585458
595186
614572
979756
743909
780397
958631
943578
12716
864224
999146
731031
225865
383384
545239
977524
389819
159900
679635
94079
480406
945846
602723
213324
794794
668468
912838
516110
237075
814731
74279
40752
320975
720357
930149
403926
431521
665403
472621
568941
97363
872237
875924
823527
692668
615869
891671
185446
794938
461597
85780
111811
987515
524035
15370
437821
358733
46711
794993
322188
95012
560210
686295
872404
464957
816416
232498
63938
548201
769608
549323
272202
247110
997557
553253
103509
641528
495213
730788
346777
30019
636516
340185
920254
582134
827311
613441
335663
182879
841824
136169
766704
955540
231403
479289
731629
235370
570806
788647
972460
383102
596426
261926
555075
327105
214957
696364
451654
1950
138095
71129
313189
134622
498002
948937
814121
367630
98295
531773
827433
940617
831501
970776
930339
312493
35204
365990
823490
458273
511596
442576
957647
399058
705032
233305
442220
871498
292606
573740
844710
703666
496772
728475
86589
98123
213650
498926
988474
906649
222570
125800
201268
953635
665335
794681
940412
886311
938051
405018
880320
97893
82830
869686
928583
75680
715432
475636
557145
857590
747894
48324
484607
451990
77301
68377
24470
824608
57972
683675
174176
439724
879712
715725
118219
682889
292944
673950
604211
230436
853329
476674
744146
551667
825698
869305
343442
450024
871199
61576
420668
239661
456288
540499
916628
258356
699693
920971
942984
388983
886979
293035
80800
878058
849399
570499
257486
130039
927477
750784
683467
396524
72411
682131
138050
87793
962944
238602
194059
878472
572483
703230
472318
292747
218965
407949
494322
294599
442502
11127
747940
738637
454036
990490
564639
780036
761642
340997
39794
78874
43191
687327
739087
475610
657409
328562
754706
340185
455360
881126
177713
1755
769192
597033
134462
757892
849071
78798
704431
192180
41741
777327
947042
103940
176486
948072
88309
99785
415343
943759
495883
80355
136420
280468
219660
546081
874904
190089
322600
632361
569972
911313
616496
483746
668585
499807
393267
283436
826151
772507
846258
829757
729126
139003
28690
205503
725226
895441
66280
112520
452607
221120
456547
967770
831911
534581
580754
384810
562540
609130
292868
658937
467911
930375
565341
845532
184244
504364
958620
547579
247600
519199
257110
630976
39610
585248
679889
272579
467124
714157
53365
680419
628564
995256
628046
651757
801649
76277
641
106222
94184
109643
373940
674779
916841
452707
266594
460319
200238
725893
472481
707949
17753
885905
27576
243818
816890
772129
607401
103673
317942
474202
755707
334797
316546
643783
722573
420589
915875
416264
658644
795535
794169
861058
780643
512603
997075
364568
142359
397328
416156
682195
941785
345814
357349
889633
39994
934045
391973
509227
557335
730939
475561
915354
344097
369173
398538
886891
358156
473223
584995
507225
233654
357792
220314
995201
970424
957703
463627
716350
369568
730624
341302
753461
530033
148160
382462
439768
846795
720784
361905
475482
967724
961097
141023
544168
689944
233880
572128
639793
243620
802515
280427
747017
911482
344675
166647
863026
526218
124672
434444
563020
704286
496856
103298
873484
13327
60302
664542
24844
497867
713158
65801
601903
606282
888793
506641
574642
216423
97733
219378
484937
814073
767798
370660
380125
616285
398667
18804
994950
605525
589491
972185
125642
889867
546303
394325
482167
153051
828435
104581
55265
789806
912529
988665
877644
105
807016
512952
750530
514099
549089
470742
492771
825758
375194
236783
472493
570950
550717
277381
2188
745276
580188
987829
64387
448745
702570
870010
116538
983918
715494
992922
220567
247560
869489
201108
880052
697931
603407
931586
843237
423868
830535
691532
928369
150154
135038
738682
388149
205443
479611
372588
717135
782632
137327
15207
265045
822529
681042
611138
590187
149857
947001
296602
103217
653980
799500
439407
564344
313657
74307
502496
29937
642241
18664
641832
640976
705781
503492
469264
961430
495810
403922
462486
850757
899406
248207
777093
361230
48671
326110
874391
345279
440231
252071
682203
468622
145666
919224
677736
512779
550032
808852
695181
468890
988080
951221
513665
274521
613748
352298
576396
887859
850418
528710
516734
525575
517194
554717
353224
662064
33268
140246
457342
72470
439155
7376
248190
600183
362308
987997
461850
561517
927656
155072
570887
527028
660981
353279
836144
816584
462801
542071
166559
863881
385494
83470
474564
665382
416270
951885
417956
199061
88131
641250
670398
491792
135050
264534
692595
709856
101305
569378
447790
410944
417411
759149
498274
286245
90815
328840
469228
190096
468176
241928
519610
27307
56131
126791
369009
171258
891729
591400
502128
687709
809371
675350
846204
361936
330960
854151
70193
116922
986238
309630
149553
380327
882169
984186
447918
385568
91966
725491
663497
68781
515110
738474
584935
251034
125631
768738
201644
636331
897502
73870
432167
917374
87956
474180
117345
567263
294946
668104
534024
727620
492406
363179
471756
409844
597074
769080
551868
324999
832800
811842
550850
885911
620151
560918
60464
70312
693188
900251
509558
985361
179444
292699
636757
212569
732858
200980
318848
302154
356769
503548
664416
83706
277605
181016
374712
749682
332515
722364
230322
596397
679764
296291
440992
767570
356269
861824
317871
531762
844390
647854
964388
895340
988639
647371
762795
792034
64266
506393
781633
565686
633610
543734
106508
172998
234856
708271
847964
34064
985068
521168
751863
665988
704849
337053
442864
901692
384698
508077
84344
965290
14701
917374
38013
190771
883998
657049
787864
520966
347776
404626
685634
759835
373821
51171
990853
133067
573655
214940
43739
345305
373717
191412
332886
884985
966303
401337
618510
221697
582411
223405
150491
199923
488279
578224
561317
696295
625559
148290
336654
411961
33135
63438
828203
824324
848569
126083
425487
171258
210916
728751
130232
16669
9182
488054
530350
56519
112958
776405
33136
674665
611711
235054
34100
12279
711468
808034
370345
595921
351721
673471
871699
424337
546874
876210
255111
957116
632092
955877
370369
440221
374974
73274
326083
162688
877906
428705
585899
179914
975346
62404
767829
856980
600729
802133
477073
217489
953503
17413
370150
713252
33320
637984
82267
646734
600688
291063
433388
294320
262914
565307
51214
315488
17547
65750
872631
887736
34649
791178
747917
996214
40538
117959
161652
863881
49147
276389
84982
802681
909755
203513
45365
914953
351394
212428
833964
872075
945112
386207
597881
624660
824052
119102
623839
792969
916982
598543
623046
454711
170368
24844
714140
893629
544067
34020
689325
551156
732741
802277
380554
394405
787108
481375
672930
805768
809843
166414
82618
934929
52700
533011
253489
27030
899584
923406
739694
859285
761061
109782
769268
718495
186674
348938
365928
976602
174495
742522
607285
472298
643993
927886
245715
789061
460052
966085
68040
174325
570434
117787
564443
519369
499864
240327
309916
996100
427779
538666
762923
851011
148384
240488
995789
699214
151867
663183
801889
150883
947976
702902
516155
277147
32557
117360
818969
638828
570669
774826
913201
701372
38717
945215
601204
148441
628264
906100
461841
230436
166558
134084
548831
299645
436632
24436
883021
681932
709168
481038
224054
979628
591417
217689
509611
497535
205396
193321
605403
375264
794613
737461
879682
287194
176506
293028
587746
48917
808726
773345
838194
655868
427440
162183
786345
40633
460425
932273
230042
860524
84026
656797
446350
399868
579590
572999
424113
262253
402831
410926
969912
566853
173958
470915
200255
436490
396689
60002
273842
481798
4387
309886
347036
155133
22375
962296
470001
450580
354501
275181
607285
10316
522859
877933
966800
27649
317236
904114
31652
567589
793184
201547
951717
410194
562503
833472
498933
317075
97076
122448
272848
936298
503419
821177
462256
995875
715652
127822
445160
116159
581903
38996
185635
81121
68637
3226
205629
344185
541010
870352
548124
525888
711446
199573
392266
713337
371662
561903
798895
719100
927271
142285
740326
56605
400899
829226
410979
531884
214706
40843
458971
5883
232091
224639
766369
512130
162354
642876
608456
743626
815945
400933
478376
925836
696154
304992
198485
550918
166859
336540
444462
969165
586087
990822
868736
516872
100903
818809
432219
172589
610592
8070
861840
97444
917557
58297
604436
511322
224432
650631
452231
291733
348310
706123
71713
2224
570944
180487
539295
58982
491300
180740
416605
715258
736248
287991
837337
516470
266128
206112
153306
891852
42654
983844
359943
64768
716731
698323
590617
273058
582200
246520
398653
945505
634191
459763
469407
742406
852862
436258
137499
658152
93048
757976
52460
236065
346857
384331
62249
880877
401605
116922
50053
747772
957840
605653
819671
231471
946269
527655
367870
514029
246901
199133
893216
24590
895181
364568
780686
711959
554965
241996
502519
67386
849131
676279
867467
292374
986331
54585
430284
778441
14705
42306
565461
835980
339638
368501
913274
452
305903
843956
412170
421342
591196
963632
969654
657296
856509
297669
981484
248452
270115
46095
571364
451195
709885
515165
973106
659989
783446
168310
525682
510452
556653
898964
702326
323372
948790
77606
465812
809891
81997
882071
458803
478904
468513
394951
179442
393274
37586
484626
718397
51266
634153
665947
897675
453838
944769
845602
162706
538510
823719
589208
568560
196812
341217
706937
258736
538311
451223
906571
589964
526820
345053
968729
668254
217383
346764
535457
226169
839221
14491
9784
616183
710250
293160
739486
66875
621038
364479
654254
821900
467651
346540
910059
892271
15054
226048
233934
294060
887515
734156
190824
739130
446984
789994
1670
932867
986729
662369
879499
429076
159234
858661
646399
141455
900519
519509
104953
59630
681792
184323
751417
106343
300664
876738
378319
507587
590590
984244
217067
585417
655402
331003
143980
372521
922693
830146
433187
377615
102647
486815
560046
123583
346090
423628
489850
152238
526417
145783
99201
551978
275435
489855
948417
413525
644242
975273
492966
778749
889618
617842
200106
239913
694417
642642
215714
377107
450431
884225
403843
255030
528083
773639
425552
438868
933320
913102
321536
40565
88146
744839
481827
128495
984193
97777
940948
814298
400757
810570
912328
902836
918008
980596
208998
233348
245615
582377
18061
272639
270267
821989
709559
300417
389307
702041
978385
664674
70676
599709
688980
467562
857728
39352
838295
416107
680978
897136
618550
524981
947531
579406
691974
636673
77006
736585
165811
371334
445073
485100
306148
234939
533942
139346
910885
103435
971416
844605
845664
509322
727148
401231
748173
996822
865854
49036
918203
126764
700480
227227
434595
397460
809091
741130
784065
158142
444751
481501
736869
127992
189879
250373
331153
266026
186268
780850
703645
310549
47897
392742
630789
822012
120020
494047
166830
41046
305317
235371
420692
349528
271954
278161
287090
559812
128523
116639
869084
851768
100871
480043
356095
288276
449993
202980
747555
738780
324302
996558
728556
436381
473776
262385
8671
826635
960410
208841
234392
436108
947971
523993
104090
350817
279664
500139
402090
555431
756003
836603
438564
772462
123926
682073
720640
66460
408755
169559
460628
652908
869113
939278
964114
889819
933434
287258
723416
453067
902455
121078
304099
328522
173645
33895
883306
825787
520122
119517
625235
525175
32150
870894
536013
679953
794646
152902
684987
193847
264190
501732
262319
652682
690134
475106
749552
717608
