280253
124762
376791
399712
94856
533184
985930
27651
622337
15136
892001
620504
868665
625667
479483
827945
934358
954309
386498
414171
975250
268038
830534
399098
574783
580696
683916
102285
842595
416835
234512
818999
484319
654599
826500
623807
299415
986346
166336
755298
504852
945308
520912
333327
239596
331202
937990
799055
891296
221518
983405
289273
207898
49069
594768
743987
906557
89121
260780
195126
12113
686658
328297
817497
115590
359386
45030
244130
113732
605205
450934
677370
162398
601505
63225
824752
706510
31853
709484
575398
652280
474283
452613
215161
952218
604068
67090
959311
434184
647082
153692
456549
132296
530520
385513
420493
851221
406798
535817
222815
674067
465835
721557
396714
604506
250092
904208
675230
791632
926308
261842
350266
252168
199313
319469
697708
292750
750555
525004
804808
142241
707077
606139
564588
46944
104243
62858
246297
475173
474234
889380
335733
653836
904116
222444
698951
367704
955586
563872
156693
115703
789433
284690
753591
528984
318527
516474
70281
82876
117028
63915
183490
379750
460226
599348
703517
834765
532919
922244
652415
356587
897843
707097
464474
758219
528920
808731
268865
18895
56252
577599
706009
538458
586709
338016
270666
455531
359134
900951
690668
705929
380264
35765
593296
196441
482843
224690
265029
909226
125555
957688
447843
501941
870399
448592
601795
472504
519576
544893
357085
500459
226946
622894
638421
80002
242523
796322
529282
59385
555483
765917
795514
245098
180945
989217
194405
594076
544715
692708
257326
443692
938951
218993
263103
784428
993359
651120
82704
414376
88601
213487
971714
683409
540455
562360
119872
724246
414219
243947
146701
915878
338533
65797
149663
673841
900862
314827
310789
133025
807634
621524
416572
186915
784075
438132
392139
901680
768536
927352
644504
289109
710464
524143
594704
35333
255493
29077
815183
281362
86387
856622
395830
281778
117868
504686
80796
934853
806516
856008
804734
848298
625445
541039
856059
309202
128684
652089
703262
425475
932388
720214
927277
852772
965961
664164
867929
803566
230848
193920
858776
181456
940857
200224
939548
986904
699464
911351
625411
274422
594076
335460
6362
124447
988988
806556
192065
256797
669560
621790
647450
543005
92737
904945
893734
61988
130335
95510
298313
253273
965815
912966
664228
738821
318632
809838
487513
109870
847541
22349
483227
896299
983381
670639
589351
481446
243291
496486
910910
453132
398097
474443
856207
754188
26413
604289
680708
52895
563876
526232
726529
336226
358819
628326
206377
254474
802391
459044
726739
64527
863082
930804
689754
422842
228463
985123
68334
851448
86557
716553
654571
384418
102207
56436
516599
622990
128620
51185
553290
279990
433571
11967
327531
646630
343927
824086
732129
31730
547988
953642
750269
86963
503481
435087
118431
920324
568589
35337
689859
818986
156472
133804
282073
828081
862390
954612
440887
79601
792256
420335
658390
823114
422736
934294
447501
775251
287797
826146
775908
849162
169945
753492
501453
15948
668619
92554
89800
820974
966605
914280
260132
369240
106008
551443
792133
768660
323268
593591
156682
808814
217382
267329
6423
102090
576360
396232
588559
163739
713455
677293
373678
820404
711894
907190
247087
90045
64279
914236
395489
449594
107973
27892
548486
147551
517022
209679
703931
521338
9073
667916
347920
986581
827874
626808
907448
121520
846999
29122
35826
658477
70459
246708
522804
879924
934853
288703
381309
800514
497551
870713
368049
166007
24513
215196
414168
293680
518121
603779
62197
805100
241282
21588
864437
147634
95347
823022
848213
905113
475548
230399
947906
712150
79681
41552
682149
897809
95633
315154
481068
958041
674068
394597
552382
581599
436683
113064
763455
424782
200911
692418
793472
373277
247139
362900
896512
823513
704712
216860
388337
834293
106124
969744
693656
503254
100476
38964
436115
153366
366214
327022
188975
611712
239983
165796
61879
907647
504540
29481
647100
363107
869023
756605
954919
766129
993645
448796
628275
674501
46960
786539
67734
70525
762511
54367
729356
698116
890644
251229
685238
843356
926764
467577
41175
71289
274555
455934
526960
911574
262575
159401
709446
95647
160463
840792
200641
884529
618038
11514
161644
104457
485639
491673
879659
582697
821711
846019
917411
259647
403799
234571
533994
492713
25583
489815
147053
984369
78703
598012
965859
626173
779278
480211
879512
407355
557470
220198
167025
314335
809810
209195
525492
608519
465864
12500
781658
637100
985701
232736
36817
496371
983043
93209
743635
794482
935319
469599
152621
766222
718323
411574
552995
383168
203387
900305
458145
955898
674653
299908
691477
690680
308950
244411
170443
932647
719805
87710
107898
956464
556618
588820
358575
293449
506078
410081
725272
101047
136594
513410
164230
783450
150718
693357
441128
489982
350296
223709
861533
632649
215396
314994
536048
975930
237948
783096
463711
160489
209147
138634
620211
627719
6329
82695
876217
679279
479507
344096
817188
748343
546586
259399
507455
151627
329890
660238
669212
629607
333784
588866
666697
988566
554421
845439
616784
606943
898389
774134
992911
226225
753192
275600
738612
945765
604902
19614
349355
268648
682853
795206
270598
697754
602831
424505
875519
517836
85048
810335
77247
486118
712328
861534
437582
51356
18919
938938
962116
203241
411752
671123
101872
555001
226920
424617
822103
151233
490715
424553
824742
761949
709986
744430
409419
773765
154887
994780
692890
752426
62985
460521
416711
937289
378267
193838
901378
52407
391966
931518
868352
649197
86682
175538
148236
761385
29870
701525
862477
553365
673791
982674
305161
223364
650594
960820
720313
567378
678364
444034
443198
407855
461067
633028
584461
217713
802550
733929
590952
76010
886989
108683
847611
281327
841862
401022
873999
859640
758873
574839
683914
839240
44024
118498
855189
791341
702346
460040
326788
410457
406295
358819
395091
450639
491256
780594
148578
943468
34801
607565
175819
418096
345617
289055
857106
579377
951292
743585
706318
859819
222465
769740
516038
24637
820426
443002
355477
630600
580943
773193
923694
211463
626638
915119
496961
492626
635180
972082
634226
209626
438558
203337
892363
98165
273051
391408
323919
886330
258177
287796
932431
978908
439388
107740
322270
753314
738460
301297
814857
721457
22476
98726
433987
665359
86111
950068
89094
395933
66100
696253
810723
739086
122248
675992
757092
428908
48955
77671
380108
752156
184253
365285
504436
55579
286515
889420
708607
729331
559669
762008
444620
791209
122844
253054
366126
600787
598539
114475
527482
277546
885739
228436
98170
688054
991850
489807
168696
821093
99001
355722
318279
339654
765700
437582
760391
346514
644371
164363
877894
476866
194801
930703
630392
406318
335477
5209
307071
797840
58338
163223
382533
855261
12775
459871
976161
356235
688193
572217
549515
51744
176428
745728
655355
728684
434824
700184
870792
131681
728612
183653
884778
834941
347960
468757
565109
706139
883362
473776
760432
780133
349300
812589
303888
737521
325205
207712
982463
467653
799777
399175
86961
369411
668687
600813
814908
737994
829880
605388
869277
758308
435052
178425
83784
331048
278932
868192
691575
260561
558408
764290
266213
665623
424433
864852
926031
466691
204661
241485
760136
563788
112482
810981
616406
209669
902904
700736
427098
208940
814342
499365
69995
457396
569634
229609
570071
61437
920789
673009
155528
974440
177626
563474
865526
986582
656887
935462
613279
910582
932327
388469
888069
709446
584280
798901
919207
931644
782224
176344
437755
432676
544119
121450
405941
486532
763258
917610
984825
78134
304925
325871
897017
398629
11643
435752
34059
962143
248462
213834
532474
859903
691015
991114
425668
895228
378657
223683
327431
372250
410617
533643
281632
10621
711253
818007
590543
879963
356132
831326
632369
269766
883115
445695
905800
636626
853742
892955
920042
402847
749098
597994
287370
449727
243516
717706
106745
875030
710018
634091
915878
710282
574475
127514
336728
558707
997081
193211
723912
285256
263470
66833
789988
969570
308680
788548
920393
111269
650012
266152
533676
284531
353480
943588
553529
116943
488501
276802
753105
545458
741787
804473
262575
868362
689233
450679
572384
467058
444189
98165
217525
986601
331129
65040
986749
986839
903678
389333
886367
896103
155371
186273
608073
977863
595847
60960
902432
362745
371350
845042
508477
917402
304086
454570
904208
245133
828061
113393
457687
925306
98232
935835
67409
250451
524078
913659
523024
879409
595447
379385
905314
588513
176290
711296
52895
837607
308419
957041
803750
848036
699216
948062
877211
85624
480873
25623
742297
687259
37925
522017
882210
827653
215743
76566
232233
880233
534279
130840
622802
778002
671358
123522
117282
604482
25031
950608
379962
74807
744152
943920
822930
265456
721511
217933
40417
820093
245746
534454
774521
109216
30626
664402
106615
73220
257071
314353
52192
43522
758755
595305
993340
170448
317652
214165
36423
950679
414979
93528
97663
789631
457679
147578
15225
646156
785140
199339
891589
302022
788990
941736
805205
600196
744096
61607
894182
945715
767317
563929
248445
791961
219850
780500
183543
541073
531463
127358
588323
779873
214625
176037
385286
888189
844191
907531
635560
650282
545084
658185
687807
62343
98057
509661
559251
42442
975186
171574
143081
702647
56068
3189
94737
225167
896802
533702
492569
107008
757843
492178
632869
202551
371480
955476
366552
771891
403655
189673
149644
553418
763777
178542
78891
720786
593522
903265
850586
506056
720121
896795
135585
595095
309755
3927
682209
159785
830010
714749
309923
660744
753439
366803
215305
523633
521980
519550
648998
549802
822771
403840
884718
685860
889781
48268
99320
842715
425700
625598
271897
346694
68100
53782
467603
264094
801034
714599
696557
712650
290169
408418
194247
283350
137320
689009
441839
848565
6277
442999
872571
322484
548286
699748
557341
902256
566652
898840
406466
543964
689102
752579
878222
358103
909808
909038
477393
936131
664753
615078
331440
587628
34539
183900
220023
133404
936317
536034
9539
894436
667415
436308
308490
958706
490430
915585
882439
588290
536801
267384
155150
362861
738747
680104
980704
348049
531231
725912
864594
678438
888738
492694
833030
522555
194155
375217
641901
785328
73218
624439
612154
94860
1643
250617
197472
931942
854600
77646
32684
30978
903641
496817
634080
747474
851721
911530
202246
576884
601531
295845
299352
986921
126271
963839
250232
231553
311433
36749
667183
939544
404693
423224
942225
313294
711144
814020
946343
344507
12846
285182
399624
785140
929717
271515
724591
238852
598622
381404
230807
192558
958892
356348
904192
468424
67513
86191
234650
460518
298341
414721
660995
877420
807042
565014
748606
501953
45668
23740
57781
726353
615013
852896
912559
20598
528335
314818
597762
179413
934596
227552
63405
144709
515479
579668
834723
499495
667774
435752
159069
712324
222135
218755
237537
873186
64679
837883
574798
512594
448199
162040
173101
375288
256698
235028
453991
257355
809541
445739
719135
23626
381244
807602
653257
351575
960211
266607
22046
185620
233204
922295
843531
814124
519342
787294
981206
800564
568429
332513
590090
175253
75191
959979
402783
171628
958327
525079
354353
509602
877614
197004
207557
894833
218859
366160
15289
302093
731165
413535
140115
299774
204021
516041
805848
177201
199143
832974
119466
47639
834042
659573
613526
89965
396124
758415
171691
955470
583567
514402
384297
844738
916049
36423
409920
994357
13656
53291
895851
296530
802546
95507
974810
257488
415198
867021
157129
397163
131834
969585
473521
502823
77184
298804
392497
348908
839687
365072
748665
42824
41660
236133
559362
529738
650375
134754
964192
8402
991098
798479
234512
340120
910829
838461
685955
699137
820967
449268
983289
650051
904281
166643
559126
318129
770867
707253
100098
204532
681902
732001
858482
378495
931166
653906
452760
68208
537645
467653
278076
479322
340438
896482
366948
102138
469858
649197
923782
825081
616666
337990
939412
55047
824835
358663
495881
67920
966543
756775
603210
778468
685049
475816
595722
563681
250046
56452
462112
690974
40362
711639
820266
774292
986390
242088
114062
323626
654473
897794
649843
894411
455934
842204
265081
376229
774675
60182
338117
65978
445487
939658
755898
765774
526914
166775
114444
254313
302961
285620
473556
615257
209143
863772
126299
682314
147878
436015
588620
352218
577278
318521
348433
585310
325781
377633
59385
822198
752578
892121
238850
689278
346199
770457
36635
990
552783
626699
866238
413406
996992
513873
497999
576785
491863
946738
462011
698814
81016
473804
667392
119872
664361
598201
632909
949785
715586
117298
97845
299662
788463
997348
25214
584547
346658
133668
916723
979975
395385
184437
387345
419466
959602
263259
943638
853894
837284
988968
391742
965660
292872
500524
835057
491194
282906
213481
56709
797518
487692
697321
440626
667210
189783
632085
551832
624439
853304
171836
576899
514393
123649
339882
358103
157301
295461
399321
370776
326409
718150
489233
641364
23653
171044
351796
216431
532992
871981
309549
95192
971910
238835
581913
452317
603998
699300
613917
593723
475330
858141
466758
207034
651776
766935
410853
245587
62798
740741
485032
340105
888552
797531
488604
36873
560939
355862
752109
766895
40236
48575
337313
770583
389542
535139
210180
280884
654382
20641
752822
313293
770192
467198
442443
117769
66215
2348
7799
938716
643415
751500
669935
591847
950898
305161
520015
119745
60957
368286
561866
451533
53772
752908
221672
573112
749642
578377
490319
7609
663727
933573
824022
336464
306294
998048
505524
688148
17441
865526
730206
137851
214349
596501
799978
688858
292074
105600
222969
418802
10730
646991
499272
621340
407432
559251
992113
338966
334483
867018
925419
694304
452658
670671
948076
7852
160087
688567
789914
237052
192125
60629
823731
67039
113268
229359
256407
665560
157146
969484
720942
789327
141400
468371
494783
750460
14243
977186
73297
383614
991429
71874
470776
527367
964065
664607
293460
829802
192198
724458
978821
540597
945721
831055
867555
965508
480352
693564
50513
302795
332393
173844
720433
782125
199878
100103
603746
10300
889025
6686
711683
216084
126821
521579
276829
262963
174024
777338
826511
838160
851300
50547
649830
179499
987331
352087
423387
763074
589745
924523
328095
426889
286915
831779
18464
427659
199035
773383
144842
592083
798628
829707
383238
543164
787779
67924
976852
176944
649843
732080
903283
165612
417696
327922
52035
703599
76981
246186
407111
344857
146982
309787
995871
962491
385702
839845
326054
808454
818493
997954
581953
425914
99533
696086
404823
687243
444773
764909
771557
452100
52898
588596
223973
524139
397130
427764
958832
676638
286196
563264
308018
620872
830125
178934
111269
397473
362280
50370
256174
720313
475833
156589
588245
883452
910033
641890
15525
600076
47861
526084
235295
628832
371613
248349
944094
190499
574550
46185
402336
26892
826552
622930
95151
840718
102823
898262
304452
254662
542270
957072
506990
111622
586921
437820
788525
343417
191278
173681
326432
601513
269758
165671
742217
593507
108297
728377
47801
736636
424251
735475
46658
229646
762977
478654
837797
708699
892262
837481
618555
92357
168732
120406
902927
162335
267459
148910
309577
257513
529070
549857
573516
539112
377739
279990
778552
165963
661847
785119
759834
206278
790187
377569
681133
167369
985302
425676
153358
103219
450522
641872
42892
964188
426077
446094
926167
766930
828066
317396
723544
241550
200509
605205
110302
620869
712319
90606
644878
484273
255480
170128
844251
3470
87449
316663
204240
759054
762043
391504
112362
237040
131391
408984
880493
258275
383050
375787
620493
764026
492713
699545
122293
696260
112650
787999
884677
801960
869290
716981
425225
570498
867294
265081
37496
14030
169168
874519
552334
463094
336101
535619
835680
772779
864967
762429
128251
921170
3915
346540
983951
383777
354741
610230
971085
619577
213877
791339
18250
544176
182126
436366
341911
945718
244012
42800
179841
941244
588518
841450
227586
136430
410283
721652
941281
443040
731960
436048
657209
362712
199706
384128
862691
611873
995567
702525
841657
405675
457434
281818
451988
532211
155533
320436
439043
519755
270590
754360
842960
809488
465029
691428
34183
206562
396124
234043
918037
933839
882562
113590
509394
825695
592773
729544
743289
725666
676393
251260
149867
249252
52096
374454
307601
709593
286534
956835
650561
976487
587028
478214
81407
860335
117785
921894
734025
819029
512805
380086
252361
868924
192640
97482
697563
787967
481848
98136
481406
278570
466300
685277
469791
997187
174824
928881
592424
119103
68193
852398
674431
551330
864430
178938
203411
220397
83312
822830
471266
387392
401621
479236
709602
430143
691114
565218
41963
315232
621872
835886
688005
127868
570215
914215
224335
161344
491339
659402
416601
413948
448001
857151
796583
287357
681018
909
8752
742297
189064
887596
361615
894112
235432
142967
594364
903912
133305
105229
589131
21348
49255
446281
207053
431301
802223
489774
239548
872853
739747
379892
845452
596033
957298
545751
224850
975360
341592
302932
730210
580084
97448
32829
71433
200990
194344
960392
119330
200328
892515
39378
947833
840521
276244
137599
331806
280324
278973
281349
160513
796577
258878
61324
147018
752867
395364
284568
285411
315051
850288
261268
93705
627420
140619
169401
551626
480775
186407
750644
300130
171397
248731
772891
29044
543760
619876
159464
913659
232238
268041
350232
329047
790708
141159
50281
880599
927851
603760
625450
479746
817513
766463
191093
661643
2416
172055
674921
137369
915191
85036
638667
895325
984118
542687
866977
481382
744161
754373
493948
120643
603017
370208
800743
72961
898508
199689
647588
660938
247309
440866
391188
507940
123181
485149
565067
415292
623832
64515
764683
718334
156372
84000
474620
882365
309294
714431
95021
478726
744476
270910
507117
605835
539317
169163
634603
780788
364939
987307
217481
652541
505930
6602
966861
967777
92477
189673
636263
50884
873233
89880
209195
624139
633442
71381
575434
671084
499298
737282
691210
684649
931653
668225
107347
119171
932747
335983
899161
82094
699094
304055
414391
630758
676606
391737
402780
717651
806659
181186
762380
470069
658519
924609
216943
39115
279086
361420
545730
906281
231238
441417
618247
374960
674777
458682
474166
820844
562727
916361
938886
336881
827761
522690
12981
162291
804464
920593
590378
690183
148934
653318
328980
814817
6873
647639
348967
633138
995491
87044
567443
495665
765805
931351
455954
11803
776840
746434
703675
780430
792859
595546
262995
37526
158089
202098
128326
940733
944953
753439
110155
516351
446412
270544
31538
270377
789653
7675
656416
198800
495228
888189
227105
917657
512869
516982
525135
281108
216568
62008
856207
581353
152565
186413
902745
305966
707081
747831
792085
840958
508773
557999
345969
276412
68660
751466
905431
831752
279132
464417
38367
43892
997200
150896
445694
767847
812627
806889
829041
381255
254043
336669
710799
465185
565817
318416
875036
449128
365346
699590
161819
92496
969414
951128
154706
647120
503481
635652
182638
562277
279953
495143
470088
217949
292758
534699
413954
246463
448492
596462
205474
585586
296958
882569
568429
318282
311422
222557
772299
707390
987852
559618
382959
464794
808281
71731
349150
716864
15009
234037
583567
180057
412160
486307
767030
362757
6640
893491
480136
552173
31117
352165
307885
289886
895034
178266
534692
436140
315500
539493
268877
456519
416769
14404
45093
727082
984966
700757
717109
430074
761496
435424
679938
813920
621369
527335
762931
259911
390633
354265
774140
701281
666799
850611
328037
739015
798183
182651
40704
251194
189351
44449
718042
443689
61236
232006
523212
917459
149742
896795
464518
185552
119558
932035
882388
47111
615165
655027
822627
867613
249512
973949
969194
203681
762834
324935
438284
376852
413766
923515
876851
942151
100127
818704
122155
983392
946278
488339
454210
508077
547561
895953
290446
942154
285182
775284
487034
894154
13053
267335
204724
695335
460592
383433
824742
704469
608430
410766
849180
307885
170755
654089
555550
902390
93973
363432
416341
640213
704613
977554
424866
472880
942707
111499
790576
28082
915211
344819
928907
38029
851616
601770
427858
742300
84056
480510
307232
913474
739119
425242
169395
154521
515297
759283
280146
627814
439043
662669
207895
438409
91416
651492
418877
299296
813612
194334
914958
397318
174627
436347
763476
437942
686548
30437
423203
140643
278066
793781
735820
838063
430770
997181
352117
92079
970523
55429
568152
571505
954889
828236
245785
42548
509804
968610
777512
23206
320753
185560
345617
51869
437655
553499
189546
414571
839935
541037
458415
284182
636854
290697
404604
833126
198242
99485
758755
581121
238247
195623
168163
551832
899774
712210
779543
947083
693416
54600
693218
778258
23160
222998
638235
424124
324099
490800
69653
457388
614925
901748
776282
33967
129338
731192
233666
138184
967187
130527
300899
986582
477910
294034
358184
998573
937855
31539
967013
682701
508134
747208
11315
974208
869220
771580
446669
247777
597872
926692
581406
824993
782239
508559
866758
627604
297048
107441
78266
530377
219952
790187
217474
449351
114271
993365
791653
632795
111211
882528
980479
603648
868363
254336
104243
741118
947238
150702
783385
809739
620001
668144
994103
254909
901748
380581
806110
719310
317953
174569
513637
396082
632734
188454
588107
165099
37736
510315
183171
385008
621785
690984
7830
724397
712772
30437
496188
273216
27550
456731
89170
286520
824491
764266
358495
757426
950548
43330
427722
937921
822982
112301
885262
119031
214360
38050
150601
667513
902259
816205
206350
225
189808
70969
463050
920894
568976
508330
35830
600703
298879
511962
46197
11449
81397
292684
429860
518580
254056
405580
709183
917314
188629
50571
124885
819017
701808
773343
539180
227911
18591
737238
598014
489535
442323
231418
235715
417301
713775
732403
305546
478272
883448
401411
344527
686612
914867
203039
248578
60037
179899
620056
287557
117002
321378
301513
608378
851686
635982
935332
697060
124810
816541
778539
724936
582020
82718
688357
93412
189728
241010
34924
42806
660951
381751
833273
716833
259396
523744
949231
795383
489037
571743
972962
609636
668377
14545
835641
280029
865901
15397
442105
913038
411360
917442
864439
493716
769149
898416
582161
752473
206909
376636
800135
916310
355116
721428
396334
176726
609816
637008
8836
684107
501085
330332
976592
88443
511406
804271
105600
318854
972012
147810
94328
788160
280192
586709
443439
933234
373373
80771
937447
607569
572129
51286
470710
158347
428049
344175
665715
988382
804702
40426
957845
765440
112800
209497
532037
245213
680719
246515
711594
299064
645158
475785
290637
114070
47199
126183
989279
963990
612784
158820
387174
361011
667095
82900
352006
930364
529635
125727
909322
596392
348049
199697
215932
53273
739244
126872
995997
754911
239574
410362
668674
893538
477145
649174
939963
987264
298344
416475
497544
739710
273078
384794
606843
410944
326658
602023
150193
161908
54367
954224
79884
243893
528528
752408
81717
242743
820820
981867
896777
940202
758252
709099
156156
953355
265641
351890
436134
340218
110784
18527
856847
280146
713901
885263
853049
222491
630087
550957
607737
954297
857031
709011
376102
318745
401241
50118
224485
714557
34365
705331
667328
266756
701533
576756
578608
296259
277220
568033
926192
624800
152252
974376
311768
212188
667502
153989
875379
785591
170491
538377
230423
905609
851343
355652
201834
265506
13517
734275
649741
611914
917170
614523
786246
591877
921634
383016
500362
908568
636081
816888
590704
664429
726144
278901
282656
562510
24177
158270
183900
224796
55899
448648
495600
641341
990381
667822
574049
878824
866211
87717
94706
909390
28610
905969
316604
824835
334109
873892
720964
75785
676864
871843
490187
918372
742807
164490
829395
651290
13709
839986
861440
831384
992870
647998
976966
895675
592844
703125
744106
318279
406066
65976
153363
130665
388155
510798
715537
48090
381003
207511
94111
706774
207388
432477
844489
114541
798714
1597
73132
721579
923552
41960
121153
121666
241303
251576
243372
551249
417299
830047
770983
193072
365285
538928
295247
745810
626344
903949
742397
832783
935544
537846
576546
800405
966250
230727
185865
336241
229001
421178
396653
999166
443287
695275
987066
486629
447707
869228
679232
893576
715077
272925
585690
810339
835033
291547
686666
402809
201703
932293
584523
774600
553235
311716
290664
488080
267972
697665
269231
867554
100312
923426
192282
930452
94085
310033
114140
491069
588961
646972
48387
399858
869970
568124
57336
503491
185500
130772
768259
942021
638988
816153
563478
716233
16313
684216
568933
545931
441807
790746
259826
395349
377174
980416
663435
23879
807493
837175
372560
50404
190175
898100
342636
4618
526618
362712
502670
5006
240129
513411
187836
40705
211569
241420
564125
578542
910049
684489
288569
937459
485149
16998
384885
7898
799795
782306
350557
974418
973760
529988
862719
892193
91276
509950
119252
913695
707329
337834
831433
590755
968724
859883
351348
370363
182382
451483
962486
716297
53122
645824
768699
182228
572007
349468
367485
840939
117154
51317
6678
198446
55282
374665
632209
495004
611785
138711
664270
283429
45101
637008
369842
806661
599267
261224
278685
449892
740192
911007
48391
471088
81048
445151
117837
374109
329495
281144
248226
462474
411568
436378
798223
598267
335654
844686
222727
936873
183124
399616
397960
783619
221021
38452
82619
25726
826209
937669
555887
965697
666920
962618
364082
289156
885436
998086
355643
158204
400652
829670
253153
230094
810059
277862
994501
700382
67062
767550
203546
443484
910064
140806
321758
601515
27411
509032
973184
911086
900950
324297
69002
89843
322216
923701
334003
433838
581931
843408
856836
127265
40612
308919
197941
303182
764581
142244
475728
112437
138298
903986
395933
710891
73293
257714
702471
501687
983842
559088
826650
212040
908849
848386
742306
444214
450799
769939
18060
982965
88264
477336
579412
823422
599378
989749
296032
942582
869101
911369
900891
465064
979249
796768
195966
276533
394298
222627
830334
544931
724109
386410
540606
831409
14921
387565
914937
110403
418680
848745
354810
862805
677195
928486
621067
748966
866281
735190
316000
967662
350971
93023
309267
88855
792191
686341
199882
963530
249675
408756
641036
605883
679274
890008
383552
745008
541313
964158
52870
712385
967491
834358
467186
743173
722812
736171
422606
264044
992134
372043
380145
342738
841588
387910
608403
115100
422322
677050
1845
608075
719020
468163
983450
109131
833112
504877
65136
545681
48652
545458
109040
275934
698793
547662
313197
708997
917564
467952
63007
901565
972890
319266
636041
500581
965243
850734
980194
343438
986870
178788
158874
722246
535110
133877
325918
359251
193359
906288
953343
622435
671015
322998
349139
411437
187595
988820
446430
473090
938590
379369
249639
641905
562060
646540
361309
413136
215349
825911
708049
776485
405187
444124
756544
659613
884314
357419
826040
306293
499528
79466
700887
392598
440074
302158
984979
614481
76109
420394
818150
394820
640177
222794
897283
482086
588993
521632
485543
483485
540484
843849
21441
75559
445210
302364
912923
651870
956664
835654
337249
795852
419417
811158
296471
118164
996044
151594
233952
877739
673849
527253
930967
331430
52998
966478
176346
379060
979700
45828
879538
718315
238776
131893
728759
367384
157350
815787
777809
624237
948530
730983
652864
771297
360467
191264
439904
70226
400424
294942
409031
252892
623842
764249
654089
571188
787927
997442
810857
152316
420629
960352
418018
274794
148965
551921
149583
854722
788362
701525
160328
257445
173349
318209
511895
713022
525008
574760
402538
143887
397282
391193
691661
14231
489149
476722
712045
71051
785936
587851
496008
914243
581785
166236
740890
197537
28010
186021
333655
856872
59086
809092
5174
618174
736116
11613
640539
304055
974682
900239
664145
910079
529013
490735
435763
750019
355644
672123
536922
413270
630931
531167
212647
153770
61925
452007
799041
400893
572868
226693
171040
409351
317180
578018
210837
331680
661653
349799
76695
918692
278254
651816
118987
718323
864390
787450
516382
978343
3248
236348
408637
742371
678337
583250
120410
92934
112030
252457
505036
373290
392530
608924
852976
174555
263359
650060
935901
893058
747200
826023
421
715449
157200
495488
350692
669243
422193
279052
331848
420061
578608
251091
566856
144242
207789
342615
696781
633691
562692
405826
547980
354631
163252
419078
591072
674642
378316
509581
432763
217165
467384
198319
975361
926114
778100
4778
546247
473402
680778
173797
805037
871893
57497
741947
358800
962975
350389
374396
442097
101197
340545
438762
115983
240418
592533
199930
370586
92508
922376
392799
966553
751024
453079
509776
154641
359299
855843
706449
369052
61740
21958
234312
60168
568833
973959
822568
182916
876150
568369
156292
149250
46064
471753
310046
313070
305746
610200
499615
198968
132500
191019
412493
744126
816331
925170
374235
33285
236206
631554
675865
373637
288053
251077
163821
714224
304483
983883
492936
482207
912445
490439
812589
592249
408555
916695
236572
728047
50321
359363
927434
450958
435455
195963
830460
617916
304373
809086
341633
88854
510718
351530
619154
747954
39281
117857
255846
381770
877247
948569
529056
922469
450272
881065
245659
362087
8990
973126
862222
344664
938353
642121
54775
833151
830904
356843
231910
541581
29521
797445
881339
136175
52041
607721
11682
644074
10865
268274
236206
48015
830372
894704
343389
54480
215029
620124
402901
508907
168964
823544
207578
869345
637454
832262
427852
835929
256673
650105
978423
276407
354237
269862
134822
313267
326079
664500
212635
29542
853381
797053
479296
299106
529874
817274
941266
460144
949923
140595
669334
202110
301853
411581
548656
181559
101152
155410
713447
779609
748084
668637
723024
341439
313790
324832
810231
253398
152017
867009
380705
600553
478321
604909
896870
444513
797500
866222
360521
388321
210001
93172
88744
5651
158156
472712
170612
13460
864992
490732
554743
399377
371064
233882
302660
20406
490532
103278
914276
294951
46008
29690
171951
421308
343177
456369
91797
129895
299127
547898
904281
796148
320602
807490
496141
60467
575806
421968
664942
281915
815951
870387
217301
396644
845428
191000
319406
297172
114260
150390
44548
531989
19277
418067
983667
463535
851861
702618
175221
838109
927628
472275
622415
71920
75648
599034
557605
139716
364524
576223
747186
96202
150078
257497
26544
880423
322303
153363
191403
819628
958362
134679
712446
736805
294154
229214
960211
492744
928558
715497
25034
620056
89072
992621
909655
628139
981281
490435
862957
937649
331921
968810
446641
442081
658992
279608
161316
214312
531349
683815
456731
88115
699590
685117
114271
110156
190033
81090
685351
498526
537125
370539
656560
291063
621220
601808
603272
357832
722429
725529
119504
636213
907966
555887
397844
91874
409928
713628
110552
696200
123183
188759
125386
6093
700503
547990
906343
733222
983493
546940
605155
543061
186887
705657
785041
781641
381858
611613
561736
297707
152061
672026
312873
169801
907744
397262
336428
288970
421968
292106
31226
520490
963824
322642
444513
652114
514019
951282
583555
702580
888858
745522
579761
614042
502866
621243
807717
907665
484607
435674
430142
682343
933104
21279
657987
972114
911485
430426
821918
493793
831698
701700
701676
413632
466653
691275
506972
142577
572793
585043
670637
964306
36693
277236
161207
499493
50849
251441
772767
130290
280264
990403
113611
249463
99812
482190
927047
119631
967700
377633
825315
329150
252638
17771
875831
979901
342950
929448
108992
415541
132965
167871
47229
448012
483810
379846
353820
440908
116248
698239
38881
208010
561492
584253
886912
448633
237957
171767
907756
608452
10987
27582
769271
302000
495257
593505
222125
482376
464139
539338
283159
511437
119484
186379
740144
27411
931726
408723
769100
160513
998887
648589
961111
651404
692124
319002
368396
439370
45321
638897
487923
819999
191796
160920
681012
768085
468034
613465
544198
531880
253117
673249
576025
554421
555151
553341
516115
418921
543760
972061
401102
975240
935122
849225
567974
260151
110010
228035
990372
324995
299367
269392
561751
818939
652702
8051
148361
322820
877358
695823
926383
438191
381513
848635
839693
73463
446303
396420
198791
465064
866747
220668
534455
194170
676006
98280
555706
196616
472155
192282
555260
585086
935931
110651
349150
105229
733887
255917
111752
472365
192635
228935
370938
103115
69605
124749
742541
963763
752633
483848
350251
140672
49133
756022
401388
700407
419080
889462
911531
945844
790346
212285
641282
913015
293170
352652
144388
118919
762614
674191
839169
370507
322161
665455
28722
154322
201503
581809
76930
753914
67167
108609
427462
523248
256551
441923
469753
635942
822569
583340
468542
293885
417971
788432
849052
773876
365424
722451
220594
890392
989483
915201
304484
137095
572497
436316
603648
465996
494528
267300
917787
528234
504778
151193
230530
954687
995343
254600
682009
991738
385785
621340
890855
236776
389951
935944
350158
191292
252304
591210
844820
654579
243715
214014
365965
998222
891251
665991
79168
969027
790999
782216
771430
896490
733203
675398
110672
211738
238685
306333
140485
774477
695369
384963
900109
952854
744272
223919
689663
16757
103029
688945
919329
137114
731097
839417
458445
696197
721733
90717
686163
340496
204983
366564
812715
854752
208260
751185
205584
533304
92517
620857
572094
810710
998081
401499
849495
383716
144592
248985
202194
812524
585719
281772
740640
27179
913556
513761
136779
661436
911249
56943
121160
217132
27958
952799
327068
127111
777959
488417
245268
634638
909464
361731
714481
23921
187074
885207
442426
816888
297745
762019
234872
50339
29005
76496
310912
290666
611162
436801
817658
803868
472916
385728
498211
837221
737668
370569
882626
415657
297286
654432
974576
508166
211817
721733
884198
205333
596369
150473
979143
216549
170193
593349
181667
766288
81359
983936
498691
934049
809800
137403
78745
456601
852583
722635
62945
176660
17894
194146
922399
429501
102674
698844
475899
879832
687366
131154
304060
613465
930267
755738
282510
834715
647471
47129
343981
984826
474841
21667
657258
363151
94776
322253
941394
298684
310642
684649
458958
757286
32749
204156
552216
933699
471704
421558
564229
919103
560253
448891
985725
559560
819965
128870
777878
417853
256445
484214
33233
427858
82692
314699
498080
202406
424245
372261
462613
661231
704436
50008
207949
43228
443613
819963
722314
784980
61904
881653
119235
353114
391742
643447
777885
843959
668379
237836
260659
590244
513577
933704
545303
459857
791784
388729
300199
473170
151289
130552
315612
435849
529057
93175
851403
891714
934147
31255
959733
159999
630016
535241
793151
999471
792997
238946
583122
297896
361941
510457
470790
939040
101553
734268
849695
721151
852252
725183
992597
648133
278843
2808
667292
803203
892563
629849
722527
707618
490570
207933
917404
455069
192545
735301
957185
429090
942486
488207
68242
225828
45069
669051
415060
504388
777027
698517
284602
536020
173133
847459
239650
994849
276582
898944
427342
848952
973421
105545
618607
125372
193325
477975
880032
403801
368286
194441
118225
182409
863199
63891
577578
218843
231606
850841
309595
3225
296440
898851
884715
813718
796137
870781
994590
606764
339962
215048
859819
85593
753433
311771
923910
78232
490114
871968
810718
148505
118431
944179
306261
516313
902757
750815
677861
736156
617707
836961
948163
219938
118109
940631
11763
681893
337723
438572
374195
542974
385335
558879
82591
610310
457221
246609
453614
942053
731670
447631
330807
866225
578468
933831
158207
461611
909110
860383
565869
138885
995086
861615
734988
449470
512858
144256
15886
454496
401758
22769
376861
702686
480380
652415
879190
85432
826822
628492
214254
612917
594313
444733
498990
747042
697737
271210
779687
90954
54978
289382
669719
240297
980983
163866
961213
825266
66391
156131
295521
449270
984556
95507
584848
776761
757166
477393
304752
24071
425281
310964
683914
162276
752985
554522
337718
868354
93055
861815
36238
535533
62698
290662
473735
531397
126006
87363
75501
287610
983078
502198
339645
688805
279449
79741
146368
575964
129205
658228
221060
269755
803865
926522
280095
574663
698357
971476
317209
148614
904119
503344
804067
53711
900029
711036
748476
315857
706610
906353
624205
713794
678337
827973
863250
378015
267728
674897
340063
868805
491204
755940
903504
368064
614018
469829
304446
83780
108452
174555
783387
445799
385276
188160
725261
382806
212888
926167
223578
845752
846750
502153
879802
524989
582183
651159
213996
152730
669238
27291
462974
249741
998824
466374
917375
638877
588883
214007
482960
445383
13081
965339
247092
322830
830775
133383
261739
93122
933426
446577
532915
462903
722352
507845
439859
664429
644930
695274
765545
690622
875466
271616
592718
672926
402145
848430
81148
617901
982670
327412
87362
760591
755980
284966
294628
782214
40582
969914
103343
260122
318602
215769
862890
224476
262840
816651
638694
923580
906081
766576
115278
120453
324192
546960
508488
211386
953013
911913
483689
268274
566237
817729
347574
347405
139441
116026
746504
412365
473862
813192
761586
40497
431936
803778
954434
782880
110672
659093
148488
721988
240733
469790
171740
245877
830955
272229
246448
58790
928539
643978
468159
402942
410757
919711
605640
952028
629373
18525
99533
708179
584728
425055
38694
790708
687650
286174
892764
480670
138095
760891
446591
299662
592535
47745
141541
746923
992478
553729
254869
284711
220230
945006
754824
534615
345644
953956
500884
976215
380467
218668
634328
201972
559853
35039
479448
19887
190993
208416
232483
370170
642935
638862
707348
195363
496143
9503
831092
185399
15158
996484
766173
312829
549790
335409
585781
154246
610654
853503
66215
572907
42418
127039
623340
260605
456526
986606
98548
727360
696529
297989
406737
825677
329793
848639
259399
519178
372499
165689
646630
420772
727636
473069
531543
882626
290012
429910
564859
300788
723812
833930
511332
795309
551180
288053
336091
550380
328479
923317
750249
335288
515148
181018
313930
961867
258868
42751
919243
903911
647044
406307
101363
436888
747047
651191
100525
481835
236316
877536
899113
952904
868924
98815
819198
852238
326843
158874
182697
929517
555067
36392
658476
171804
644893
321107
341334
457190
155357
791907
220155
480372
562032
441125
35229
218477
724250
909507
832072
10562
766282
631595
169908
553857
848653
302255
107952
755738
581507
686046
367204
433802
949755
141566
803900
464353
998620
43718
825884
696959
220818
716443
293445
281913
451374
231828
439079
470615
214918
768341
300497
801077
473843
984604
76903
980303
865349
323958
810907
902982
61607
269692
170662
750754
467275
961023
840575
970918
976319
450701
735395
626462
421873
57737
686220
780010
86622
144263
775372
716255
66170
926466
665224
578069
304729
9620
628211
500783
822690
92560
500083
747324
513435
127573
176905
138669
904354
877995
549426
731874
791065
988315
440409
626192
311360
286410
417680
150375
38247
226504
3212
895194
785542
332867
792085
986722
674021
835757
821546
822312
489957
636795
956140
669850
475851
524727
317863
163160
203433
598819
500157
76935
207179
557951
696123
666572
366248
889150
223435
800739
769937
289382
199291
202203
413968
111193
611984
148143
629895
449842
369810
262211
190812
21707
438699
977186
848139
197456
830245
319481
313639
469815
151303
50975
901477
687491
713515
325306
211796
783784
129452
363487
414792
797965
544414
541879
731553
111267
263617
370563
745311
49231
909532
358819
58933
362671
997087
391708
975805
50392
798920
313585
882626
118189
852883
299106
161395
266273
533671
959190
358164
292702
797062
510468
929003
488347
58242
995853
842053
634381
899209
836788
752987
432320
823432
588329
650834
332509
842432
168670
548235
30612
759828
920886
720027
226589
314537
506851
406189
988051
343192
1962
378068
608554
110191
447122
323465
830762
82687
37513
13640
605900
261191
171553
685114
818592
225331
765107
439793
343373
332408
453191
509218
610508
632087
743809
391500
212656
445582
277425
676039
686130
394932
511569
77845
403097
319243
733231
823473
235325
364166
135395
547187
297402
748952
110672
425498
238970
796353
847159
850826
389500
929497
53720
568460
211212
760317
779438
699112
90382
581408
766206
272097
105468
298437
777165
125518
883320
49981
511335
566374
221125
937895
206539
465983
40847
144242
501721
134387
269753
493408
473291
734982
628564
398223
733385
770845
150969
999347
913637
687576
677366
558006
55070
417892
218598
515306
713086
439626
970980
708612
305349
35148
349002
19239
394871
337249
58583
501161
277940
335057
838734
41613
606923
330034
234728
144551
800786
24582
53098
897019
337724
770480
314610
289604
987304
641050
826600
747621
339621
709611
979135
746455
219004
794212
754764
307085
820734
289376
458020
239921
527348
741981
881179
580928
268357
203819
591915
856118
813632
314491
291020
665342
771662
711427
339151
628184
527716
118743
651595
321154
403955
647341
833648
883077
774922
56418
611342
834293
672621
968697
154323
24955
358152
166103
583678
208838
137248
679248
252590
844870
124894
5896
870527
586819
883768
730452
585220
473138
744252
623644
746114
930719
632730
707187
9656
693263
329016
755555
933438
914050
796767
597242
337518
699166
491356
401206
723073
986907
978168
493538
109261
250996
828676
831479
352667
304430
590613
506503
244105
928951
698587
497411
350459
309730
459242
253892
111457
890861
257135
277940
6368
377244
99533
237638
841606
245339
293617
882787
851073
500429
616523
333650
71614
972890
11896
471065
540717
637740
669719
556045
791107
486310
741096
66724
882635
93928
519148
531222
743192
806892
475327
924153
405819
772838
32106
876235
50726
573149
344136
408743
148318
685428
987467
700887
369925
968268
420579
779916
975290
245464
578496
430045
30936
386894
555013
535160
33226
502439
419003
538938
727881
207032
996865
728978
295093
376999
705782
504145
347584
591790
139686
531202
645710
896470
103389
944992
425764
252753
164287
526821
632803
377748
917807
79397
408586
45974
184066
155365
808995
698670
929315
972332
707630
374828
860513
817539
439814
850625
678438
363010
410348
109671
53273
41444
865825
659392
131034
704809
4613
482340
576224
559272
696781
184244
235411
949279
289906
633371
491965
184822
408769
629287
119376
692306
240708
999825
971265
796104
944300
737416
296619
810005
891824
549542
723916
282139
860437
729753
31467
616666
371815
285409
720994
73501
454835
346423
84594
11916
483439
43087
771364
797604
200221
718266
149478
52135
739537
18490
711074
35254
516186
406307
301813
923775
409846
715516
747145
522613
94366
750483
765966
348471
458511
530440
188804
241522
882718
258940
516561
438104
699091
845285
51253
793863
209219
260646
349786
111622
25504
113751
