757354
902928
624213
646240
721889
819510
782391
480159
965327
935428
457283
101546
297329
607279
892190
464342
958739
934584
591631
272681
670049
344075
47402
273049
304638
837472
135652
170162
731006
81703
42667
486626
12495
139522
791612
771236
805780
685033
834444
770642
272966
503144
750886
380989
521322
882847
644339
821371
421681
995376
307870
172299
184918
575449
509189
126064
252606
302394
523011
365878
415158
475542
982314
590499
453853
329274
44071
360263
563494
822048
110403
766993
603297
383019
746822
966463
776534
819458
294670
835848
949523
950799
582570
825469
356274
738339
373867
166272
841101
428560
967702
259810
540465
245739
66706
275032
725004
856126
224725
702589
813025
98673
664760
470061
228871
891975
29972
528583
353688
87425
554684
215928
96540
292489
168374
487046
100246
285318
202222
982121
615161
167400
697489
202510
12696
742150
810517
181042
810783
960913
973693
548269
74595
714600
441002
240942
204900
90419
350729
857113
409269
560235
465628
860614
465315
216612
73838
425625
684212
781379
379157
955301
8978
751739
436223
668157
810677
338154
81392
835963
855377
460418
689405
67404
669283
89054
948091
42952
167432
581716
858094
4943
932179
311402
295295
844805
118201
266831
122830
898778
791146
36319
10491
260590
271004
707074
958525
199011
867135
215590
894365
886932
992547
975521
745660
797422
734010
147205
359895
461533
283326
857043
114467
84984
218980
260444
118863
410318
565403
838851
900368
649462
259974
662850
766121
782497
637017
568406
66909
977085
909545
453145
793998
767628
899766
325983
221585
473382
958834
658688
708084
566675
684008
827603
529804
647656
558318
568569
5043
95943
509521
346626
498311
844170
856164
45246
936327
500232
372894
723507
410103
977983
668363
554981
448306
662819
986070
65115
977859
527158
107327
296653
949803
395957
600056
807060
916941
219851
776381
781766
89634
955588
944168
431147
457237
141648
676244
628950
945608
296784
182576
537363
911125
318554
349839
627348
751108
67006
730543
164403
327114
397687
193211
121920
371653
462153
119555
805528
843323
952216
134827
108565
6853
384688
758742
362424
691254
72354
479541
745885
432499
323942
321898
42915
525100
135466
189361
635979
485379
471837
809995
22580
545808
581962
779587
925015
274073
859145
229757
386267
324365
568027
189155
484289
335221
527830
415060
52695
491555
188935
982159
407410
503589
505949
82016
236810
523537
795235
328378
143029
242141
730894
59636
435439
146771
463499
344228
287153
598385
393800
591969
278182
744444
162203
184399
409767
712084
296417
5955
765800
941335
176308
527917
604895
160960
628368
432217
976993
422701
195375
232035
439342
312502
99555
492719
284406
109593
32278
216270
1986
796128
152262
672609
787064
974532
800371
731489
836209
616559
786823
295111
285035
177427
367562
718843
493508
789392
785125
835136
633661
28701
622168
928510
776499
62543
62974
905404
268833
160579
6881
754623
757000
827004
271936
516633
721559
284751
694083
868138
979756
310326
173717
243331
959998
635579
207524
38688
646411
646668
427325
596781
469879
414691
672222
369473
411413
254443
104812
453827
572334
901280
438349
713292
565501
223259
826263
301494
633809
804485
389101
996800
444446
877396
178850
359483
629594
68318
846516
367438
872623
511521
771650
490626
166166
931640
988713
563839
589654
157147
152997
980229
316719
280306
590317
561131
592473
772250
305713
377618
534725
742628
571801
31409
995379
2527
319374
910131
359167
168178
368735
829658
637193
812673
721056
114610
821471
16271
69337
856467
870082
975829
564001
618987
281498
832641
138949
858792
643839
254727
808400
60654
241823
89229
413771
701585
388597
304247
768987
683681
302139
42550
246177
322758
24103
412186
6665
179343
893144
630218
792127
368636
861113
697034
749475
135685
221679
521488
521881
526110
449696
500652
972230
626307
593881
554750
400967
469963
428658
728755
195129
876969
929802
58729
283324
562180
667474
172047
107033
628717
333759
620337
499669
286902
772155
254950
86525
485829
158340
62218
861542
731501
558762
993441
685989
691383
484132
490257
252292
450704
760058
725684
721223
328226
338844
122841
418264
646670
375397
443866
135582
177175
989225
459000
361682
686862
36901
303114
933873
577250
994148
554453
190600
144018
576317
313644
507719
859186
103939
680773
354501
443449
958746
532411
114140
387910
368757
112863
329068
273098
251678
17742
708194
851180
439987
150871
38712
373247
233906
18471
248667
455911
37326
514663
768981
561521
930650
180553
449176
464100
906270
743872
831381
400291
951064
742756
605665
118320
550042
892314
166908
789682
236157
171720
710566
755217
282250
934513
837215
52840
636098
192735
22911
868146
814452
120360
616239
799914
368030
581262
559501
20306
571387
458349
3104
498297
583088
975773
296051
473944
764346
523306
606042
860795
166578
871221
125263
492719
251428
872510
44824
572940
267208
89213
561042
590238
267369
155879
686861
276262
844228
854435
551271
150498
705501
525160
697263
936228
119385
759010
444974
957403
501478
280988
179735
633808
686974
156034
980955
621842
585406
581153
871096
346407
4746
382703
10736
153584
322899
325121
68199
146210
226934
686871
302085
772120
73850
82580
214229
147964
395412
529587
959672
564423
397803
242304
479514
499262
989657
736674
109526
769949
708340
678695
258325
255130
299120
497934
857890
332684
869989
777498
212773
887986
258950
436786
977376
233769
469078
717541
487843
110910
981438
32447
113825
254865
24629
400103
385406
415234
751494
596442
174623
883741
970762
376677
963373
28226
503203
582210
693354
63829
678030
654493
371161
946127
314690
693760
850896
880430
102078
844485
464563
610578
870846
436971
861645
279021
708148
427182
260001
31747
148894
300834
128270
434342
627399
857914
910690
185134
630286
554484
527041
766196
893210
1200
139472
617039
407232
625371
358879
479459
269092
432760
808645
151342
190589
443473
358922
631999
887415
170305
369418
64466
915251
896988
137064
66067
693392
599903
9635
361529
459475
548981
124573
237181
850110
415784
120657
995433
570862
238997
15176
307896
354007
814979
44224
368461
333568
407995
489100
164131
316867
32728
223842
30770
176615
727234
71413
422517
721820
87451
547819
706570
852225
19402
301812
280310
847314
367873
221189
661940
457978
412324
798463
900854
303538
645153
534650
43256
486026
320804
887327
516832
353271
997678
807055
666965
372028
987131
749346
41414
741593
739010
945348
446900
299693
584844
826396
494009
761011
294954
684228
543660
593573
247989
773164
431637
452177
392219
126046
858958
21324
456592
140135
663401
862171
497745
920197
543438
938913
707765
428995
293501
707346
3456
658291
584284
446126
417222
508046
377765
244912
438148
60094
425266
70853
60056
753102
552118
749567
942697
539940
907938
804702
254464
548314
804185
868981
581003
122544
893854
593949
697580
469273
112679
113131
118295
100057
304938
720313
195760
868380
413159
358039
807974
721901
317366
627104
555412
569391
488962
605744
699525
573969
585649
384101
83246
525013
30499
785529
604364
493357
984163
205345
551915
214959
656860
567154
373048
447134
886387
478650
615937
102096
137259
995564
730617
804510
775287
291196
157176
763053
817247
127195
140279
103198
14019
136156
658883
733475
670018
64293
328857
942261
544726
468952
249646
925695
459558
620222
402394
233657
904796
423385
867866
755871
551746
139570
300699
495319
816161
203674
963197
91243
163213
27138
107201
170832
571093
538880
60144
402838
879988
777024
466151
523115
874708
577944
18016
224168
935174
783090
664599
916607
766348
495851
511360
738025
199893
31784
214594
65957
657113
599933
52297
435633
433253
236643
847950
323136
276036
466154
177278
127478
275726
854253
44744
577087
301361
695504
557228
993124
289556
867362
42929
259434
297873
472643
967675
567279
222656
48769
86679
667190
945045
16421
246736
397855
284377
190666
621116
212655
269438
340902
151324
869079
972524
201897
309870
521842
660300
101937
723551
413949
937649
648920
453382
875732
686246
902140
253010
880593
854958
511117
408821
306543
135830
601929
984875
864295
689760
384358
896439
633304
677693
624381
221030
617936
394098
953556
849372
988512
358167
646812
498017
828636
563362
892669
295486
8914
569150
710243
69519
299324
739615
850806
637451
367124
835924
759474
720519
976031
123323
947374
421990
169213
31320
701202
130839
410577
137819
178679
776350
213228
633273
820220
960152
188995
991719
934574
262310
540600
224328
465012
764077
590272
859575
927061
61689
664433
917535
737478
416777
455896
645680
808804
706057
976419
184025
712137
473545
699276
61963
427502
228757
599338
490383
489635
818700
835691
452103
559385
616842
198202
461665
355342
313824
298688
35217
812641
663404
492539
597398
171796
3177
916364
844407
17611
242406
923328
381164
396519
959464
254532
650016
983039
36314
689977
913526
874737
141804
69552
296236
546142
118781
541238
367012
211758
519127
254444
542878
718847
598652
711940
986821
856430
381578
721820
962124
117239
816403
742639
231908
847935
815853
855675
288873
549951
400016
878691
533152
703040
933365
761259
154523
731188
454412
420531
786730
866376
377837
767936
396613
92517
507878
233258
842002
598172
794098
335177
906488
110345
576820
201803
925302
240455
615303
491020
822952
688343
118072
201599
991814
346870
393985
788515
400016
54630
422120
701064
549838
692207
92282
821862
466780
627762
409931
328319
204907
202396
412180
446169
469029
175078
25529
14877
189258
972351
592429
546068
81763
485537
190775
438719
937748
68670
39833
658764
955162
775410
979000
132605
378055
144605
578124
266764
566018
393922
846236
695508
687465
934694
594732
72397
804653
267837
254246
885974
136741
357600
998658
947055
743359
199404
913956
991271
481642
55546
957065
33658
351513
512309
810677
933613
746951
677357
753735
932585
992670
979378
82388
834663
724966
174298
9842
221790
96375
735180
715254
764418
330831
6443
758038
664062
872190
36049
81909
878039
769799
29551
346042
540905
753948
148719
863417
44359
523072
902488
497344
384645
163866
302228
199186
699572
160837
217682
449111
552763
14776
331815
275367
331863
654763
770153
620877
597711
987720
803906
388700
908903
789706
122222
409712
98933
631578
744802
761464
422025
341667
348675
536837
521741
445900
443228
150121
448892
753974
514861
970513
822885
663838
794968
405241
691813
517117
832964
90622
467231
632307
724971
184788
852741
636280
728636
337833
483995
376977
576610
345617
778303
614761
283330
145837
703941
825370
182303
926966
222390
222052
479244
465276
244128
165326
183397
259850
889459
856666
486805
860798
700325
146986
397278
847306
161217
826609
209838
720418
627786
771344
777984
329795
55076
579286
751813
378210
970196
878154
892619
834943
132313
705752
143273
972726
234309
2733
185566
891621
331028
909066
763120
403536
249388
167550
54574
206221
277335
814925
917992
458976
927840
292631
256436
427385
31865
305209
468009
129758
491389
499908
354199
95744
768156
56368
308932
373592
55644
954751
735176
528688
290831
421990
270523
593840
980596
554288
827246
278496
446526
267647
580369
716204
416881
376608
239433
11183
499799
64204
214947
575421
702280
42648
749491
185129
675762
636082
592208
251590
518267
756008
470039
895116
570141
420287
922182
174684
434392
548750
442978
778274
711088
516239
261747
834087
802313
781972
935005
626567
682244
462767
481542
973791
350569
156209
710101
157719
435319
363067
957838
788315
61004
946149
41642
588170
466242
773386
135069
53468
432778
547138
72684
5732
430989
89008
586710
568262
655278
918840
325594
734610
992915
671953
462337
789430
309745
929007
17055
260179
185680
308033
471948
48740
85918
208927
261008
488064
603115
13822
131122
703314
370471
446079
336390
664062
964215
709082
710767
398967
370224
130517
210925
272776
776327
539376
986192
414855
320224
996059
256192
221784
786864
149796
872615
948390
102610
432055
438058
918753
141246
47331
644980
940645
713977
655477
854166
226785
600412
886411
556034
328932
774402
313564
823417
285851
895863
693077
997858
230159
766477
404683
34195
84607
687016
644327
393641
505113
797304
308988
971624
212079
36775
118796
263251
932739
705911
7722
88623
24019
566396
980455
589896
784973
581165
126922
460540
69997
398376
252900
502009
383972
855172
663477
885716
106086
132323
98277
855929
188636
345247
527398
798204
765841
338123
965831
686022
685446
982383
358646
118613
8819
514970
568072
724377
320363
346529
345241
651063
220372
543672
312221
54169
98985
919531
784086
686059
497055
218944
712038
721649
174513
589432
583126
352678
283197
425942
88553
564515
116319
865972
951630
222171
142683
631109
743850
430942
273881
348845
584208
605970
490626
63812
260696
694272
213997
157379
306768
587768
204907
143106
294980
377121
2463
893970
215175
737564
75443
260933
887214
172918
118176
257841
424960
680335
621213
585628
612533
430747
940464
795001
892288
134789
749206
106020
28055
847717
268164
778782
271165
711940
310950
214624
954674
771255
491853
56326
851960
89761
552246
49468
748120
296999
823484
915862
996079
530912
981878
281449
464798
548151
632459
320669
545777
466154
376020
898921
591579
963558
588735
64652
616255
455779
437600
970720
783105
15569
221532
25359
334465
257618
755321
913223
275749
923600
441482
501711
188973
289526
743307
974543
325195
946448
922866
164451
744320
480329
455276
860754
636152
654742
100765
602394
135276
143575
921858
280060
272078
903611
982393
812753
531636
494331
996237
417178
446551
604389
15828
608889
949166
481911
687142
149890
761193
629458
911256
996676
583534
902485
198270
120276
211364
415916
528733
170324
715947
738178
43358
323953
446986
480717
744430
670758
747394
67751
425480
172568
683635
441944
771302
991939
870085
516260
950378
381802
323239
84703
586242
502622
729470
498237
492077
83415
782266
169857
252064
84241
833443
767471
213105
336969
902877
613329
846256
824018
547049
669828
639380
609203
886538
917327
564101
565622
649540
455735
890369
31504
978294
1598
231179
544297
834304
871409
351638
517733
597695
604192
34044
537336
872235
899873
137722
146399
159289
347953
692196
791259
534099
828517
759261
147089
280536
34791
397905
704293
161649
937613
31009
466223
129214
903739
348282
136608
52671
717873
585220
116789
680211
83758
102405
463092
687289
349093
559118
96592
954108
630842
71437
788419
294872
238624
541248
936307
428345
301608
902349
640112
328254
974460
456252
358493
943984
397024
611784
919254
818586
551261
982385
377519
324901
322185
825574
349090
948390
519154
912569
861895
295961
690329
914476
674548
312674
282236
670969
373002
102087
246588
902180
327366
591519
278711
831258
399521
860973
52463
260625
980644
758422
10991
606854
795402
675661
776873
914765
246004
862554
748004
934189
401292
976229
628171
753704
665906
847270
359431
124223
924311
894425
329284
452734
618960
846641
615879
439371
104030
403703
867370
596632
702265
909801
624208
286518
345740
482649
200610
626058
3798
951135
846666
928022
603867
130189
398786
107632
45746
67785
293192
876553
318946
288595
725534
109584
664893
256575
595943
230559
170649
773323
283598
68811
86646
913716
227923
82946
423689
516157
763785
557282
421719
958999
769951
948990
106576
608431
392065
621527
721102
669832
728097
565342
410472
484093
513469
399331
382596
968260
504082
855279
668513
966555
175157
179283
761293
297131
137023
666721
838768
38942
753203
198836
783952
23350
922829
200767
219472
407992
91402
417870
378488
346703
38598
499799
121088
339679
106673
758607
592325
113097
789203
483717
981793
175682
134490
254687
527299
226900
218078
547378
349157
116940
79383
525737
334041
169690
295569
739342
917719
902504
441283
509595
653740
440121
854641
699889
865003
50568
846828
401372
964347
201995
692573
49495
422568
348762
47860
811712
410103
54037
25786
313651
63665
849427
724745
910212
687994
849322
888610
685085
876041
656636
455603
23137
213706
607863
10960
992746
335903
392141
51426
251048
597280
78898
671600
14741
248118
739242
969834
159683
404968
658522
84242
622024
915467
655242
268314
95018
916286
610160
778023
895353
3179
81096
920000
167422
696783
316847
454480
586358
108320
300981
725378
283089
672578
872470
807469
158123
632672
842959
936281
365612
361935
551380
757639
479894
636390
535090
586812
364653
238852
818028
134579
932412
461374
702590
526713
699843
5649
65845
749034
511003
237671
131200
74934
663178
727393
377974
913125
683946
409361
260426
904262
397481
176607
319375
102954
57069
758094
710756
507739
437702
137784
225750
664575
577670
654133
941311
302497
634751
707738
229455
882125
925499
319716
23451
149490
118323
629530
709280
16620
251195
222797
525916
662678
130606
800153
762315
609600
779809
258855
881397
729713
816537
460064
864235
346179
164526
483195
679896
102862
876677
558674
290249
121433
280154
409750
752763
128630
785347
540166
223655
462976
659614
724896
226643
546394
636946
699519
882387
704167
182246
142933
879697
985542
41999
431747
190273
18704
689774
516545
521775
820244
909752
23546
121376
410761
835188
592294
211850
133681
953045
810508
773278
409508
879658
326497
426375
755372
634732
8886
976156
957497
836380
804981
704257
639854
782871
96792
571033
921139
730789
691700
636594
100992
257011
419422
454677
729936
256593
310734
129154
79458
86041
25603
694575
73913
762945
169996
884233
169848
110940
903194
236612
731230
811993
183099
30640
329441
150594
795555
560586
227879
189672
652243
617584
248351
918180
223684
679378
949887
601229
20778
672692
405393
553867
878947
793304
420489
469316
817910
647820
745798
727970
138040
610810
980953
535325
366904
335546
51032
201347
760337
444021
480570
711474
608564
561688
354209
334291
319853
874323
662222
523372
825370
445995
960625
711974
161064
872156
270872
976090
879909
600049
967601
912541
408935
241580
216988
78084
754871
31748
241835
612714
111502
295182
702188
173602
951604
146062
264374
722172
946605
539333
737022
23575
977682
29621
254240
302526
447306
91796
993674
900996
974867
38118
802521
243828
966058
41415
991422
619798
889922
820021
943637
219389
471837
726371
699762
261254
342911
247952
247771
792154
372691
113758
701003
691277
457435
40487
33481
273962
966824
577140
96464
36943
417838
879804
131871
860694
302027
593052
31250
681434
265668
801384
371322
458740
260141
305469
26395
376748
904015
460794
738109
556030
947099
260534
575328
448278
658924
276138
537882
485675
665763
916282
496037
254857
551498
646050
83550
276726
598563
265877
200403
453890
379338
999487
590806
379061
565841
570146
867831
73099
299492
677357
478212
545300
955947
215930
107022
635209
914747
752870
698589
34833
84606
941803
47134
954785
956063
775964
128732
378805
499678
268041
228176
439492
297253
655309
683006
793487
37673
837298
945795
991856
964551
103507
932052
803601
51074
227092
935383
736648
235317
135875
655563
698943
413026
62319
805995
734191
924001
474128
827259
81125
981966
373466
884541
206806
830224
210809
921154
940069
699768
772305
557156
155529
427058
325183
607161
797433
218114
890675
393593
998378
606528
263404
333248
303432
438237
103591
661298
771029
301718
132920
382995
424485
160674
145375
908489
8237
772899
280465
727970
585039
581882
665024
548368
199947
106010
964215
572061
980621
674673
502183
954240
348049
149129
999487
752894
431344
995708
582083
801121
703454
509466
202226
100872
220400
412952
811281
125973
174030
430437
984713
415762
424840
315886
929654
288557
722187
78264
585276
591216
57212
911197
470356
19793
834656
168122
100757
657000
626895
681792
48850
688559
838220
354946
375772
648310
716350
224573
352910
667425
305103
559501
586632
727460
956289
215378
840057
833427
204907
736589
549984
234216
669072
392836
880253
946023
174763
288186
425403
798605
582967
175682
204114
249452
983830
228688
486699
221283
783105
477886
111578
260244
47954
931151
238742
29694
54880
132621
233275
877994
401080
117951
602388
723914
708562
507174
221359
577746
130832
621238
946955
947214
292731
591112
273504
760099
998541
457534
886922
523411
866811
828251
705153
213469
486599
683529
480796
816960
482179
239304
563033
151851
653502
543899
240391
802651
435784
841549
150457
763199
299607
753781
870959
11292
907867
185661
357621
12385
769340
214441
149408
497256
554296
463222
696397
816026
2644
600607
729105
419976
343720
91832
818421
5703
16252
696314
471661
818518
710395
943932
508828
729232
6590
88650
795420
198208
595878
340729
356992
975429
733073
337407
516171
971613
80800
898231
213343
317996
42937
213175
170879
761285
543111
454098
646574
430465
571908
493543
994329
855681
871815
978005
871147
438085
971884
665712
697989
935830
178993
965195
371619
717241
608934
854211
71586
826680
843971
399151
814360
966361
212865
976270
977416
922046
40049
752194
566224
54908
266335
219038
775475
186784
166704
406209
860205
284997
457091
404196
678646
205855
318573
863008
883364
169748
568423
793733
894136
512646
246077
187350
773301
240469
980635
637839
443910
837985
987316
825576
342751
445293
753717
725203
811093
135964
404800
988176
557786
584828
901372
636657
408516
91324
454714
952398
396613
956093
9399
369062
635601
695172
947331
184139
143324
86199
619539
24397
653264
59567
758949
116320
786891
38122
136886
503787
818247
17588
464261
527543
259803
196488
159388
910479
685628
894058
786618
134195
714690
858496
657354
420880
607759
14311
374657
101352
947100
20441
477177
657157
793332
51999
971733
835326
34524
427710
41356
766907
941456
757656
240023
584922
322760
156973
28123
886026
788771
301453
124434
172303
105936
376426
704574
828251
396203
476088
816823
983210
79832
620295
850675
982254
841649
627162
359582
53818
813754
37587
219727
40432
952635
141597
712744
669382
371474
564423
633821
816130
534519
766643
791110
726130
931769
73199
31059
25273
145649
198004
621653
634775
594134
532194
760972
815609
186784
385808
626238
51856
383433
888547
124285
413771
212773
513810
654471
410334
846365
355485
46726
707657
357863
508921
612735
68683
542617
686847
634815
942834
543718
518868
277154
191034
229119
596797
578740
547138
664064
751307
115599
478175
317941
156040
976428
20588
132758
181691
432294
573696
72371
201115
249782
799068
927049
570532
893772
794234
184470
987645
240344
334220
454987
268940
26116
324937
551834
824577
969476
519953
651273
865451
322909
374087
657467
889811
385175
446139
734461
7428
319544
204162
441611
525360
523396
742839
546614
849375
494003
924984
554314
935756
87560
235759
96774
319371
772611
173514
24931
158962
173429
297542
69204
685817
801812
810838
804274
235833
332752
641797
133488
393978
93251
215692
814971
35162
257444
697019
377038
851261
414794
83186
131533
151528
295994
459754
91021
926378
827780
225729
302134
88675
152693
133264
605401
598281
909711
700341
25242
24658
562831
48205
857104
691679
751082
747306
428234
718852
450453
523799
674734
807542
858222
577469
331686
435652
699903
63401
57383
593188
370643
632345
473191
112863
885053
998691
121189
398556
159604
859742
97113
568719
886118
286883
376375
855215
380734
300339
553939
331410
249907
788355
585406
296860
235090
787563
549085
957700
646606
967333
715970
108039
367322
585418
949480
953061
110723
736819
589204
230982
925476
27179
382646
666608
270577
81963
361837
651061
944012
244256
984352
658623
453570
741389
826408
358062
312975
145770
900458
603006
455797
901867
461224
578644
786287
362727
61347
994207
607398
953710
927647
628827
644965
39386
643515
391358
525564
289709
638367
868564
29670
411912
926938
301617
685048
471399
83638
151574
908336
426344
654329
399638
596919
727507
341665
513138
767936
620647
382361
326148
75152
359602
753735
855384
33871
573105
242231
710324
320528
20512
614625
333120
144386
434048
853216
278531
154958
351635
575496
750876
117696
701590
342650
976262
855786
958194
896970
862738
976334
363243
533496
448447
930967
973765
887450
742702
763478
931291
531966
587043
322272
798769
270446
32410
280
790151
625030
784791
834049
3018
538798
513571
297559
520874
543464
501576
584142
380331
895911
168866
72346
139570
288558
883701
109727
331921
360036
303423
311462
81324
556984
680682
147711
447766
86328
744236
624320
91796
999656
310207
710643
513163
445562
104197
246498
763556
644568
477049
521805
425933
79069
459085
350449
477806
753186
861416
252409
513992
854112
11638
529657
444932
307180
58419
251970
700558
259054
746567
480639
506350
150381
708963
989649
401442
956387
103644
372984
38298
792359
15690
931280
266684
250835
591466
144054
735859
269780
802330
513476
362928
247331
528115
586415
688283
247756
584478
511778
578549
504311
173179
518818
318848
737065
882013
28240
957050
223075
542507
275089
91762
652863
502474
224211
330413
211016
893366
158213
348959
75143
720149
563863
989070
276796
145191
853314
86947
532239
5142
564573
398985
446472
449405
134129
893132
251844
854089
284109
629484
201831
326078
875937
340424
878039
204391
754365
579091
887434
812661
700874
380213
923899
52344
386328
338038
237418
672846
481990
345162
793622
142948
578080
765478
203584
303190
606743
463717
969187
93824
110256
124021
906826
925553
504191
985743
62709
730559
687314
996010
172657
443752
367749
856567
769466
255998
257110
242758
147586
439858
296252
608091
978506
872972
734290
986062
512100
234120
576204
660578
820089
680314
882515
52793
134733
778274
36670
903935
842626
887324
26791
611303
780807
186845
159202
563196
601726
93947
960605
974425
213044
5730
369930
123077
646109
650068
796391
810084
189263
264240
208817
103235
324584
733714
93942
2054
983944
63343
360739
839490
878653
934845
302833
169503
496890
49815
869583
503934
716919
374494
187054
353519
989220
713407
374008
270274
275655
502427
495648
889459
233636
91340
516805
612603
651065
995491
820478
819874
890706
202730
492322
853208
640293
900143
210601
998225
78694
251324
683574
202383
650257
435799
465944
986625
408755
46493
343196
855909
56351
305049
448660
792597
267925
610967
131373
236869
690923
673649
626953
44902
773888
677834
196555
811660
193838
456920
669965
442209
669434
642453
946098
414559
380558
905289
252067
207820
501238
1488
733271
945203
831021
300570
870868
751500
316503
512263
202414
927016
992714
822549
313940
577353
383872
532185
349633
817498
827165
509395
162746
67618
497389
961320
970288
47786
508679
863401
963351
984501
287153
86821
790136
191507
422501
487059
988216
81064
461251
298275
852814
650759
271790
50292
678212
870173
309973
507788
570006
325203
399555
238196
573290
722270
771964
322524
11914
889207
200092
648653
863221
476276
842122
199889
449620
519103
343856
47248
123922
554139
723117
653953
841123
919372
411682
430577
557786
79728
856434
735734
161869
92045
42576
996256
536235
950039
218183
195325
138553
202485
139265
290628
120927
1753
424769
122470
904649
134110
488040
995286
853889
505133
356897
774103
585418
377618
331766
934513
990132
910657
571120
894273
998091
896455
147996
575049
859698
779566
486271
897383
541079
215175
235476
989231
266147
348826
573255
293386
764203
289582
150357
356712
328269
634262
714428
177128
503748
871696
398360
417683
558427
474618
431667
270958
135159
116640
894876
414853
911645
156627
843247
329401
281506
197293
245852
114913
469271
569600
604757
154538
813190
698142
91837
243782
136687
542654
106680
464685
424362
208360
36930
312516
450317
181782
821991
379689
152796
979148
340576
879089
777554
18916
993878
672521
274455
708772
811787
491951
965053
620322
73446
805553
858725
327846
267661
238368
801787
99100
424613
179143
950038
988607
72727
794446
137387
377262
607975
236967
825940
276576
778825
8237
306322
949853
484618
952525
233817
280931
412254
308667
340642
539971
986698
555658
555855
986078
723050
676127
808398
358792
360141
977039
740822
899721
663864
490455
380758
507281
21480
70562
67573
323893
222861
546641
406556
417594
152271
887672
446349
312081
53564
334521
852728
483336
567320
711790
639208
758360
365240
91617
72144
40207
840057
370866
578876
45911
31855
920640
785405
597250
183962
374609
472704
522971
233576
713083
624038
712613
8411
24244
419387
922950
520126
992101
578855
296749
568544
842921
974969
82456
498423
908141
637760
699792
947756
67074
20269
647182
36700
865951
450544
538983
667220
115512
968978
54839
166534
125854
387604
350957
67322
858002
218545
489518
776175
657313
448814
829366
749980
481587
967880
755615
661722
332334
914588
809682
58023
158203
213661
306587
712399
974457
941603
95424
316306
459561
132513
340636
370354
736681
975869
10991
124459
942527
599950
85054
928474
321310
225060
570048
114537
397951
728340
287408
814979
219070
661363
180006
460131
936729
449297
645577
496431
909927
916392
70655
220159
496672
78552
344109
921277
228785
500329
188891
745263
343389
533480
688486
492279
70817
19836
547659
432121
508913
934130
182830
589303
179951
847535
825621
88675
681389
434730
812091
337764
35204
388924
215984
343549
551625
494427
30583
9760
78455
219999
878131
276221
63318
653392
534180
67472
58291
821105
341930
704850
389891
520421
836596
205668
253385
395770
34749
882712
306578
864873
197479
43377
2384
831842
221533
574517
558857
794546
447251
699519
913204
108307
612494
890870
260696
449524
638601
780436
52695
685517
163502
423918
451796
745686
68541
170150
703683
919413
356418
995721
810652
229557
510879
301552
612416
664615
188464
796482
211801
628273
74567
457981
70345
792409
29569
685620
922046
800701
825756
861848
303423
670059
246173
847327
175346
551112
255199
225141
851742
967257
648672
64377
233338
290453
307558
440855
648350
349190
46594
986785
385732
724044
627179
640069
161457
383366
341483
20702
712122
928727
28600
658314
277867
590483
483500
125349
320442
749961
241044
759990
386115
746782
721144
593603
859780
19187
518558
225538
737747
167461
685883
805058
387662
379592
922950
147109
860488
63094
539078
627644
250051
23612
283141
56324
928325
377911
652466
994822
996256
63303
818750
115814
372837
704463
8487
508089
474093
859007
618439
133159
691369
900540
254088
586273
579172
592327
739678
163520
692706
928171
58751
433383
293082
529884
167518
653613
350256
611999
132612
905822
169826
364200
458887
416832
772160
637404
769238
781242
245332
934862
779877
261541
767136
139073
252927
9444
179896
877356
921337
64987
415979
628461
442958
176822
387085
180976
616764
233034
237314
852718
695375
84703
593177
906534
845921
322153
745389
882172
57489
683500
379937
990180
235421
838252
907002
814510
22938
100872
632738
286019
991845
317985
116874
253679
783505
659319
270237
32606
948771
946839
386745
923899
732691
245917
232537
878653
603794
989823
371174
771731
727750
218511
661416
241271
536495
587778
457579
997783
426332
839623
543420
653819
555821
817415
765279
986827
184588
679408
889170
571857
979309
777055
2055
160594
607110
794323
772783
274599
764380
520024
513036
959396
368110
724520
317366
835020
590037
602496
344636
698526
881785
297610
560197
85068
525360
998306
22303
524675
279161
957053
99937
641201
780918
842093
209956
681529
445407
594164
385206
520575
663345
915337
413638
68486
541161
684000
346132
749443
189048
142160
332034
796843
171481
203040
194265
917276
550117
497626
783365
179720
102359
866932
159516
73169
11645
843999
530505
974858
299894
494788
957671
622063
593738
185519
31016
495315
257788
808801
415960
519092
587225
654337
705801
853098
517880
394384
426287
951710
611660
866314
201123
757143
132190
470556
252762
139041
916060
860912
693317
163924
578929
779745
29323
752558
552044
148719
450707
89980
419062
36774
478065
32045
65912
100986
951043
383133
486336
850973
785512
103305
119517
584709
637090
585104
991271
835453
490044
539986
850232
690802
965669
272183
487082
781321
76886
571394
75894
163111
961394
450430
780782
765073
878969
174750
227706
643934
930488
599605
409548
328704
630016
237851
185532
648279
229110
854641
811860
565772
108659
632030
966295
242621
172554
838392
570372
568425
364625
383517
762326
90353
557332
123299
154297
283169
791657
54052
523979
772056
811051
813697
549162
13033
961955
711848
520023
651917
924650
399090
571224
23100
638078
781060
626938
792384
718514
786549
903915
626910
833798
839566
930485
23350
518380
490380
969960
470432
731721
548620
941592
358698
216945
350647
634927
53878
811931
116521
833878
18642
63935
179309
277742
233034
616945
553605
263191
618359
460190
54107
641939
767100
478243
192380
24629
209390
678513
458959
723513
739597
93211
476876
545352
58731
907274
259727
108894
533275
320342
951015
730579
429225
394095
611485
428593
904651
255941
865946
198100
79823
120216
338765
284601
855511
213833
986508
118379
658608
599611
659708
279404
607629
566018
14207
595816
684216
875228
523751
3269
551653
930889
955750
469118
254672
730569
948567
458827
893119
398524
49249
279766
220641
344160
570891
321427
656433
142948
890686
794525
434772
78026
914863
887491
717282
548314
761708
437788
195129
361837
764579
667653
761161
371643
296669
892471
61627
468535
487422
828001
966169
558826
109678
640218
459597
551165
445647
625806
700057
913969
351579
464165
369389
154691
9716
807200
2625
612567
324578
781619
73050
242502
646475
262824
355653
984024
456646
577184
917845
664659
476953
873173
374004
959264
146505
678301
267955
581913
313888
8885
207710
941649
649159
315617
145851
242609
307223
59488
344628
961591
449058
245533
948231
403317
786748
878288
103110
739498
468963
118969
522659
300978
424489
706070
634820
719522
544630
383939
685511
859086
486494
933053
924775
976334
213163
802693
604698
961414
212313
357401
296690
509579
279499
278251
568415
890598
391756
346040
944320
537124
410917
624108
585104
263258
729564
547929
587856
897500
930175
765495
43101
510905
251637
96348
831082
471395
210014
816312
373986
791804
113752
208638
772834
217698
891822
825206
777814
791356
545648
752177
460977
2829
648049
716351
905396
967348
819718
736135
923543
150214
745543
884150
241750
241465
987704
170641
411295
871705
608967
758976
677588
796136
356883
842856
196641
677328
123590
970922
700167
174473
192056
864774
531636
819301
983027
369873
914947
338036
794212
847663
194350
246091
103024
881741
409576
740378
821662
419063
971759
860795
538772
741672
280215
396964
93901
250909
87785
345663
49687
150184
960625
856251
571800
32024
266028
670521
838402
77473
179761
564202
998508
337477
208488
522256
683891
534660
525643
491320
126710
929327
969009
161911
440541
386281
805253
99227
333568
299791
222098
831872
153037
553691
466895
825824
16570
575183
774551
578332
158271
302897
234529
918498
433904
586676
583006
57957
470323
346014
657929
773406
171837
802755
458016
737281
881889
391358
413071
836822
318273
944209
773106
236912
560530
336612
709048
566390
238772
176914
415304
818763
231801
738658
201831
603892
235111
789585
858246
583198
209418
996419
185998
688037
866665
156311
525667
628363
649696
516841
951316
296199
146062
633027
654649
149510
435646
376126
583884
159948
379061
20820
986791
967324
883110
359740
917192
394835
482817
241571
794264
647484
229077
297451
957625
287747
797881
47588
584780
661625
7040
527459
734081
407182
540203
130986
497901
571908
539406
145160
828847
188126
112102
694178
490801
672692
332688
823073
984288
841140
536665
111915
561529
509608
412258
28859
521569
288756
770250
962757
86201
975118
645569
915147
170857
932453
898467
17006
253017
914770
461666
819499
981533
492125
857940
927063
264291
517262
22432
43511
383600
460239
699409
35379
924143
945807
965566
57997
904938
179655
310154
330608
186531
45968
556846
259002
454058
452798
975062
362112
348731
625420
45090
606601
768321
421409
752726
188392
999248
409447
785139
144974
792154
822901
141259
748885
26784
209854
920867
332543
430465
654145
476208
16724
837968
973122
111489
300978
679305
450900
140701
747440
862012
25943
266168
256722
27972
788540
290920
366997
232386
914432
888926
954425
621583
847962
226730
513713
5450
248764
238345
689525
191215
530524
446233
673119
710167
445778
321451
971665
956093
207842
260888
401543
106452
336635
65711
124462
791568
98239
178179
862085
10596
148833
324588
30062
840624
211473
157677
871612
630136
853786
874611
108954
824310
766215
306623
73690
124896
335149
770436
476326
399476
316148
180237
86525
336938
851211
407557
18792
437220
221277
399930
897287
527188
544297
459997
352409
292084
20088
438440
123322
57026
208665
32562
402648
512784
784344
803325
455586
963501
789345
828889
44959
639571
506295
364922
576071
193791
418471
248826
328440
828152
816053
693782
547412
575523
806894
889183
189043
763430
781586
909503
767647
261333
293122
879913
410520
853856
752629
694224
954094
265333
467050
184967
657275
604757
592674
453529
673358
983018
280487
856398
621213
861692
826361
970774
833983
21444
619914
816299
453459
321347
550177
144019
482441
667934
878595
18706
3018
877030
498900
345162
639992
366218
479038
934129
666262
667792
420457
988531
70736
265169
95858
375412
771105
356937
580514
77681
300991
311260
132920
35799
185227
882147
854897
578168
767420
184321
836936
278624
679909
910954
418997
90750
133574
499147
729201
357387
537596
104081
868513
59151
540510
423379
546835
956291
723322
78703
53000
71032
835691
911169
393384
727970
80553
117063
827459
887081
246501
430805
310414
201705
1400
291451
896333
288959
287650
463696
239017
463030
785322
896772
374538
537947
207805
408989
332229
301167
858098
54284
605381
373418
138520
794778
258692
271459
59721
778043
390694
217510
747093
105425
532752
35455
754026
126940
726624
772271
387112
256846
754473
834276
581920
715690
390528
126347
576014
578298
733627
15844
269090
261909
592966
364755
67487
426372
749281
114911
488967
476168
34372
803578
354738
491389
46134
111746
556402
85674
205668
902940
725744
595481
24990
196441
208897
49418
326033
402098
229152
707360
439018
289779
743410
340133
773650
552230
505683
875744
371747
223526
465792
161707
161363
140462
468995
78201
246730
646493
766477
349222
434480
864990
912536
217876
589646
247767
769290
495676
903558
200479
830945
281851
781381
345387
672590
672249
382282
30618
389950
894662
237171
216307
61870
58411
508783
324718
430449
546639
303349
218921
954425
271006
34312
660859
557349
755597
148561
315317
698307
283532
108279
641871
753181
762907
34583
226925
566774
537527
506613
653907
218878
10625
298913
973237
120559
325905
834581
117228
979085
173847
4750
929654
702334
296511
266601
849115
750810
627892
142084
351161
626307
689922
237042
711359
749946
659650
15733
154973
304552
932518
983272
488575
52409
296511
587690
324903
858825
538580
194258
268492
19058
335903
874042
132275
203553
241840
755415
619873
710414
440157
460796
537972
218659
835357
861854
600349
909776
185589
154736
891208
316842
261909
388214
563281
981964
504001
893300
288306
44804
171677
432958
825236
810652
604349
361872
732064
603477
618504
201829
179655
862782
730651
716639
243681
819885
303903
993628
554026
556411
846014
912620
968717
618267
755924
335381
557661
160585
775753
437746
237206
975506
650137
959643
176412
23580
175143
899141
42122
716568
152592
991824
474528
615562
606888
510145
774100
672539
303516
604430
919934
867415
84547
528130
503150
450796
311890
350421
84481
663807
224108
739952
671071
348764
278209
323654
120717
862738
543606
786867
26917
561217
204932
645434
448277
179556
232516
539327
727762
895913
188616
259553
400574
714461
833878
332900
893586
33150
872102
155791
847535
901488
863995
790855
532666
649159
734443
56660
761284
859806
34807
714522
989731
48180
297716
192385
308262
745198
376325
875369
29180
763973
679793
526704
999078
81739
560134
111132
290716
278744
50807
955904
587750
866475
241
863830
148142
766395
409550
303577
548097
794106
640317
500491
283194
756847
703561
791190
594891
123406
104030
588698
542642
657355
606553
176129
212276
832445
958134
751606
13283
284616
596224
473031
782196
873401
573808
398749
130948
73435
282450
354752
71507
154556
631319
770234
322058
560241
898506
828313
361335
964365
360002
752358
714420
509046
798420
307458
391794
233386
226726
885220
642186
29782
105084
323887
934783
227693
204340
289708
562159
899268
792852
502472
715579
975229
606700
684741
350736
132163
42928
851188
965241
992736
212491
91091
683141
215541
132481
474337
910732
510940
919160
790100
470110
427838
759073
786569
152209
837931
359248
870848
257800
233909
932809
982881
908240
161035
452956
686405
302316
341488
393646
359338
866185
906963
136824
969442
258551
895401
310123
786561
807542
394791
578745
171376
179784
631028
381352
856932
319204
776670
865265
180004
65659
921664
410878
388951
811792
909934
787006
660634
509001
742562
408164
266306
894485
247054
650308
165617
944594
486058
447756
11632
812147
488126
114152
708194
699855
544131
361764
935245
449440
827124
944310
358383
43910
780234
703982
261988
589928
721965
168626
345694
518566
996013
91656
582824
918340
399930
38092
747484
329445
307044
668413
539565
186043
691160
20088
229797
175693
223341
312738
838768
68122
458975
831046
73091
238062
146743
221864
867122
266455
776845
300202
53364
481474
279243
439828
205352
202934
782984
440466
364598
804894
96330
807704
289472
65422
213228
692805
917623
186346
192809
894326
161820
785230
827505
423256
768979
937541
911197
962354
566546
209251
51635
829636
878099
749142
635209
779369
800083
786609
105970
474475
133462
571996
588387
821029
263647
883984
327694
164285
961123
11966
458078
211384
405542
131731
841655
99937
338817
100351
923036
721701
517502
495484
886316
755345
823718
798439
912309
156569
117072
984986
139446
653853
453245
766764
603761
943718
761774
661402
998054
622068
651135
341099
747908
838442
660137
926049
809689
490776
607863
31770
600425
438743
860694
767027
316979
478069
500296
530263
342789
901297
759693
909837
342938
271648
233752
99826
254617
966338
480479
915732
94544
470171
240690
629115
408659
684795
142941
529851
961969
172210
715204
791760
872406
9632
655031
435448
333688
861182
337069
440379
121959
711435
697493
512630
699425
213009
997873
486763
810050
775571
129290
87458
336126
565767
965269
710319
91663
431106
510893
216565
876897
297923
937010
421532
916599
514736
560224
269282
400752
301098
810052
996703
593077
629869
427627
816384
854521
560224
560380
801644
726265
847694
220017
574264
926968
405817
998509
112918
57944
118115
664233
590076
268001
553919
157014
55765
818433
221764
354772
828662
537027
45957
376463
233287
491495
115851
747155
278576
16309
117310
104358
416654
302744
585217
405176
167530
208752
258187
859052
723097
813453
395181
222960
95099
952506
57180
139105
637321
610012
649159
437635
108192
284365
981886
868199
561472
427710
145981
839221
514748
989720
752721
318512
627698
84559
427525
124424
158688
321757
693880
987661
808835
63312
238955
238349
988585
29782
718847
289787
712446
876690
41011
395197
251863
115371
224144
657891
951150
271874
963920
414542
208769
480204
31710
324098
812790
138155
866752
708876
3574
681232
886208
508900
47417
976458
745528
982571
504795
51665
731352
110083
144007
534409
165726
246244
400636
157453
970603
46974
361342
287239
811221
26168
872484
874057
109756
772943
444169
341408
915146
11572
172464
344222
146429
724296
400399
18458
549289
166331
559641
85927
659380
294854
882253
57160
899576
564687
722270
163895
112127
349042
404048
788533
742049
173670
990384
740325
454576
888258
868992
121187
328697
347324
749147
275335
966452
663643
263335
942201
220487
295205
587473
786187
104904
688655
561697
745075
236724
77190
133271
194555
598266
386930
770432
617709
197979
159565
840748
747145
52943
592556
252896
146955
249952
310001
257496
620471
163040
721804
677607
117986
153341
437522
935162
77908
256101
383893
255738
264099
49115
711333
247193
873605
912767
407664
196740
648959
294286
443755
987651
183036
131162
350518
347728
166811
482345
225570
540814
387756
519971
425029
385798
536313
709499
567052
318014
80603
785399
489968
325148
713037
365537
810844
992375
134163
375274
699365
145533
506787
991569
754526
289096
503764
823014
116230
335439
956484
172708
61320
340832
991012
841998
665441
688988
851639
246389
938348
128054
947691
720255
729835
532403
96418
934198
594469
499811
651505
358250
750718
893615
960363
987845
838616
950580
903405
141804
277318
468323
266910
458921
380904
208137
811221
975642
77002
287181
573060
728183
863154
540268
197481
386025
350372
414555
284797
770706
728262
298873
448563
776834
906450
253382
622661
589196
561841
488378
918216
60370
599114
170480
127574
824005
958387
350843
946016
339879
256846
299068
662627
620248
934917
931785
58516
126189
461683
736843
428607
662627
128256
797442
120464
694002
535870
881991
377767
601404
84583
682787
222936
258622
998227
233648
514695
997446
291301
921255
763724
120923
924196
481980
669901
270193
383533
577149
668866
508258
396854
722191
379311
435165
310347
451902
284407
313897
359727
446364
947084
704907
698658
892063
153111
209564
993106
444598
984477
794119
781744
955637
559729
58749
825630
303286
217698
6895
570943
364513
547992
180774
484289
448262
444474
863488
154849
76113
564051
947671
49091
933557
283020
145913
750524
711319
651822
839316
91668
605966
123070
578623
673811
247314
221767
835957
732956
91401
413688
912407
272652
362932
157719
819995
685082
27780
193782
331206
787714
983213
51162
955699
594251
847622
923385
933143
215866
635899
11538
659270
386070
677380
997338
729961
133500
439302
447079
615048
185671
108881
600183
656352
92304
340395
951920
679968
176060
787234
851317
951579
980527
741230
214028
317423
580427
217062
513163
950859
672540
450323
464380
306871
474241
719011
7869
730610
839975
34739
132567
229276
312343
387495
633711
423477
655935
473794
973806
219472
803876
260643
590718
624135
76010
647668
538568
843013
590572
329369
603276
781048
698269
489472
823872
607907
707483
974232
13905
573105
164340
816314
275996
798870
280757
789176
46802
772659
828121
893444
45407
563619
932167
475963
397240
506627
704565
235727
596453
757193
777459
191221
897134
71843
715346
737577
558431
637084
327113
404050
877309
845916
520277
569516
637825
704525
349054
128866
73327
791568
819287
335563
846093
223060
847430
436642
805668
808462
324130
862782
25516
636198
433780
211608
410612
751274
633997
202536
319392
771791
400423
625452
394363
420956
329012
903818
730845
476255
436799
395906
836018
816063
712508
427708
406655
367553
855537
67526
210756
652938
730991
122791
225702
577906
691502
60263
35811
592772
589733
331216
972866
432227
881620
300360
509992
231735
757276
404320
833672
135521
662701
346025
501610
872285
49028
756194
820436
799305
622916
319133
500586
436391
938921
566836
760749
438635
751274
847021
458534
790760
611806
794732
110350
804822
58735
119525
