354595
717243
97122
232378
59376
236372
343624
919256
5762
22411
72912
814904
571502
161211
244320
431121
903265
881363
158959
66229
418793
592365
923409
387900
813529
593835
805867
40112
718781
898691
790152
801620
98796
652719
577385
760142
375686
947273
816797
922326
373026
542352
353063
407357
104387
294536
176180
487833
642399
489451
587202
117390
735042
266884
895069
303084
15084
609863
591059
633955
655429
538734
617883
612647
121051
942505
33887
28695
789220
574114
811711
362628
946668
972932
6693
456526
760907
815094
137360
168453
426625
332283
443618
344710
734903
961414
16321
980827
539267
314671
473921
877297
349616
326268
714926
620977
853722
103441
850875
307363
626520
729239
55265
57780
906244
119083
711542
504378
238888
722088
42360
342065
488378
219130
74821
886388
380940
528604
986786
155384
518607
783540
484717
348617
332891
4534
223286
294297
690487
646553
44429
59312
159349
414517
279467
131706
943160
327453
762488
296067
803433
803886
520549
66913
102855
641302
33545
424481
958112
586319
310338
784578
312129
548312
498549
440842
179979
82156
459963
534291
361294
578043
620983
98964
950296
690487
922575
25762
355565
239734
843406
138305
448611
852637
329101
574576
449639
586818
742977
122729
987464
606583
438645
459888
254043
617525
383053
634865
440552
628288
783705
829402
432606
772777
321275
809106
952308
483966
553855
341182
814374
330288
635904
158484
807895
501365
779639
804326
749537
93984
736264
972271
852616
262566
754523
45607
8283
743266
95697
877921
707835
153679
644490
230120
346258
857206
525052
118991
330426
873982
780403
325600
590508
161056
252801
140163
600439
88867
42231
706923
181175
929958
598259
468646
840306
408631
240824
528402
598915
558772
448819
58489
338318
748720
757591
189170
26572
260043
625418
625075
510942
574559
529294
315906
491962
6264
473580
280873
266036
344186
311882
431083
717828
40854
222678
210510
442600
875119
192360
980921
805400
388721
1058
497504
912226
10775
694750
159142
276417
390650
613177
411467
294584
345682
952095
875168
475955
108347
388093
693882
765657
349265
801807
318244
400995
183528
316440
192608
331944
877326
887623
129808
633352
955260
904191
329576
862520
853234
760345
825722
831704
939972
71384
802132
391945
861860
276878
530915
157580
484002
383421
291766
704246
458761
443251
154462
755921
321428
420851
443570
830324
688260
37645
270421
68456
92638
227519
679701
277075
747473
225582
719904
601650
16686
110965
122589
528990
784262
434350
100759
543605
552967
378596
115491
925417
740762
786968
2571
71308
783317
156909
817914
635014
449921
28779
622235
852440
864320
216122
493191
510431
369422
265818
453177
455305
887111
411992
797890
929495
608719
169862
96004
950464
125576
517761
471909
23874
743266
954405
12573
340392
402100
53118
785754
12922
613494
664956
963383
647401
658897
510825
383180
95598
779504
249282
1620
793039
913867
947284
918661
115075
217075
871283
105400
40585
716163
925845
445846
514402
17726
104352
725330
331558
610877
12462
17310
313555
982644
722990
613285
669999
209030
184360
586598
386465
327750
332630
435753
897484
572103
818944
836990
828566
598099
599019
525198
364330
765435
624533
449184
556076
956802
520239
473208
286921
784954
57471
534950
926568
31205
898801
233564
693838
397400
529164
814029
206229
532956
556090
574644
586457
10908
502542
609861
244123
633037
697942
938332
63900
795122
668455
900167
37357
11122
995564
163663
613020
220789
479855
67869
990014
137548
93074
54560
677830
211270
693341
650634
298748
902322
656795
276090
329082
739022
573966
909385
104547
876288
537957
89085
106735
36595
115190
283829
466376
208566
764111
816947
228517
800858
163159
209261
602271
850279
964881
159597
726073
541962
880109
107992
466303
629846
559637
596895
251808
513019
969146
224090
202247
99693
660152
500904
300545
750888
300798
206268
494519
448097
704812
466542
177744
168044
896222
501994
959142
464530
723539
758861
707375
535067
445050
820748
162172
739472
880371
594578
9322
27824
828026
247902
933226
112122
438218
354845
894898
619819
510247
883502
815594
420009
25850
517436
34498
742493
736289
482220
818527
861697
638872
182051
77774
595510
972539
715130
583899
438199
672437
456202
740409
477531
883963
987153
750503
991647
133349
153642
686106
597377
215018
836924
878606
672204
951838
896951
373716
437861
933160
653042
58090
948269
533054
976491
822859
886686
775060
204855
807850
107772
429397
916218
64114
477746
673514
379503
546556
379276
872458
677314
330440
758502
953743
950004
434293
541658
929833
503600
629196
662641
534013
115493
972520
607355
124801
462816
150893
290882
666153
825474
682310
372516
432279
965904
87808
249827
17923
685347
330849
708859
120943
535354
130436
564905
360696
904969
920349
48753
511933
51824
697788
659179
539140
408709
752970
25383
714018
49486
634441
377052
609651
962685
270750
978765
386778
672853
241415
185238
539439
805502
689053
554408
130656
937010
574367
542437
773002
328973
574572
265591
85153
335830
299510
408768
189156
299003
421262
24451
292599
479357
581604
614547
663224
795221
273237
952153
286292
743914
818676
820229
212886
307347
856572
572698
477231
177375
581080
411362
346388
460088
958144
980879
724646
798853
670040
976366
784379
25064
472263
809553
8333
618832
882744
786781
96648
934095
696725
73375
467660
799180
946723
8037
411643
203847
720054
281088
395100
806813
436993
803232
475251
955539
446600
758166
2070
758436
240720
727365
619678
500148
21554
441866
219842
511999
896984
146103
549229
596878
383930
584410
898252
528927
230673
533618
486218
807752
423400
538836
462760
290778
100781
581933
441844
948244
347780
706335
464592
332750
62431
261068
361393
998599
911004
446301
340168
719632
690266
66746
705321
540221
177897
767297
727729
920123
430389
898926
718620
851573
733830
792327
118306
685302
327599
444419
317849
612052
715798
214772
64673
576650
598890
682426
898095
333962
470303
846129
813844
882585
269627
614429
818884
519323
198365
578914
304540
991547
965646
698477
718629
937891
426525
891406
856185
161624
824766
497402
6929
802649
355148
869146
526689
836966
858257
357897
103348
203715
675918
810972
100060
386718
436825
438427
854092
980106
770549
426900
997245
52305
788959
177828
980927
675267
893823
975322
875951
695946
883427
721770
600192
795896
144416
743221
212164
797101
348983
318034
70517
759847
256739
680906
721744
620830
808698
238722
910825
63671
367946
506922
230169
739923
888338
373158
70891
936457
71298
13509
349972
903011
331961
723649
455110
949969
724814
369963
270557
267674
594367
653928
221127
115102
259644
824389
987491
29284
931515
310155
899714
791849
644074
359473
897834
508223
630044
698303
489614
332642
968569
667686
778783
525673
430153
549896
289987
520854
443587
697662
813285
577477
454875
20865
226429
171716
962582
172744
586110
131315
721942
560280
319306
893732
876518
604992
899044
508652
537895
417965
194618
593648
825220
182057
176308
25848
677290
887913
262384
80479
534064
366912
408504
573607
217675
502738
884670
344694
736429
98954
213574
56625
487789
176467
595219
81684
531055
285757
993712
687264
885397
344150
867012
117866
677864
340662
855351
313407
861795
921848
594360
610746
290323
30926
524293
386506
1202
430946
827437
570547
66000
847803
648564
347386
532365
106065
998897
343
495124
531811
576062
69710
158334
480515
496790
95167
229092
199397
817159
405261
722887
993668
1414
314611
798743
624581
948375
549484
433860
368995
918984
240786
633761
337489
799041
375594
640977
310709
158334
194411
366388
185934
344197
441011
821005
998141
851954
788102
434153
427689
162311
562576
837944
842337
199106
143599
825258
515080
45643
63800
795526
850313
809866
857665
755661
104547
473944
952946
810825
884582
465199
87688
768189
48458
732097
730225
516370
642281
152340
384645
773482
879877
914429
723599
984227
41067
482674
547297
133187
147955
157422
359397
466832
618399
892174
471869
390506
660924
643821
175849
711993
288023
240469
426077
579135
185549
572262
390462
642543
630892
608064
799248
141706
211791
657066
198803
360579
95975
291215
145915
713871
175810
5385
201242
546082
163426
982757
184143
16310
785480
620381
908916
739828
831172
978308
811074
401344
719493
925939
758132
253369
470484
556680
487691
2235
949257
385254
378597
317075
873470
910138
433819
409092
560867
592399
41067
378356
592144
914351
361551
228440
982021
360357
57270
971348
308127
623022
446352
417253
166107
287756
799202
417915
182997
864568
747874
897125
587278
474086
772319
400911
308813
464937
135640
167322
880904
200001
768955
587245
138854
650915
567385
437594
750105
999177
812077
378537
587729
152636
701852
410669
119847
449639
547835
159940
64522
716545
902182
546419
193936
756945
53392
831807
183895
528860
725783
890924
88783
813285
813708
409846
348621
577872
960864
844884
86055
837529
641371
488715
896048
360347
141260
383058
142645
343467
698345
721694
44444
669962
239510
896180
288866
394173
583433
405781
816216
914653
852396
867666
384667
741272
948839
460698
512080
154137
921985
610752
424157
800742
472025
203624
507692
608969
250215
804429
12700
191160
109658
472960
451183
530143
12532
647592
460925
508189
213502
832245
962358
746994
862438
31213
435825
250922
362965
422233
367636
79312
493473
820816
763781
979350
428213
45327
120937
825057
990797
347766
528125
225840
449828
781008
419791
578695
655614
911646
204250
785438
271646
498291
108937
862438
588099
652443
295889
211308
284284
983284
602097
891637
624051
863065
359556
452517
280962
969293
175149
289390
478783
376805
704066
639562
351098
584244
566426
610328
915335
706630
110938
420170
930057
912694
499696
629298
617325
474538
790697
891968
543993
734646
792294
758424
846972
314333
607867
553360
128200
179642
466229
579926
904746
365676
872997
159565
625545
772284
249983
859862
637950
403812
560454
384212
959364
372246
735823
381038
22817
313047
369980
374357
159952
949282
43038
520998
875409
497074
989494
404545
130251
196908
464380
334649
929769
634640
291712
953772
546452
921661
586416
355836
532669
355864
113027
346314
103537
686106
512085
458218
327333
101034
958369
19961
58386
781407
360248
418972
379098
112375
950658
685997
293560
879013
799728
549551
594973
811058
248458
62020
414888
131031
927287
468357
654418
563449
628178
471165
923618
317102
829732
224523
895424
7529
485952
20218
315545
518408
267547
271471
413224
789009
717607
263968
756912
747240
411316
721426
336268
429724
204784
385307
970129
351666
323566
658159
831381
640836
8072
362213
437132
1720
808724
536489
627517
310120
632406
824554
41149
365422
285554
655874
819307
799760
454020
444236
323295
508238
236300
228658
653767
295731
409017
53746
347626
219715
791061
544625
878810
293450
358412
253715
689222
32411
383305
365117
838886
435859
114025
600443
980554
4893
611288
521065
712268
953565
981910
292499
47887
337792
134844
976359
290246
528000
428953
535613
121771
63881
306143
20100
186375
997423
391685
824439
689676
789806
266531
594937
528134
542234
988188
417690
447475
602958
226229
648247
756340
205233
523033
808385
11926
795995
626881
280071
228726
699096
784753
490153
810452
851530
27434
81373
172101
28600
667043
95975
529314
384954
858948
699041
629474
134711
839593
852085
576250
391299
25274
751344
521928
644153
464318
341691
737773
108874
659006
750318
34562
339864
366538
950232
357816
979892
135362
492216
859463
126249
722567
635986
400759
321616
847563
433065
399619
625797
130223
218586
78940
26121
845959
424546
30686
601557
151949
384388
639809
341567
602505
676064
8194
57142
883529
639588
730715
502912
393982
724672
914790
910502
909891
12553
467118
458875
231649
324280
901546
183596
570879
371964
592924
790736
48288
491403
993521
838042
775979
184272
585104
203504
68283
645137
193982
936303
523675
115910
829638
4542
116865
466078
265266
480375
490614
306366
179753
945118
848535
271573
176367
656366
893677
463349
538908
842333
542724
10852
452081
112539
533811
490578
155950
710925
917802
881814
704053
418578
64190
945340
819177
426702
844151
699328
698378
21487
118
847898
353824
452476
694280
624321
17528
666015
329438
380427
228661
236133
369631
568369
205972
752509
666360
306094
951642
599684
63422
476453
908043
781324
376340
279157
88381
28446
61586
165974
122696
137413
562520
946640
872900
298978
58728
594907
956820
393455
778685
851992
273160
31048
479777
155822
686400
591319
542059
556458
258043
247832
76258
738370
368674
226054
899366
110664
827362
481458
47068
955532
523010
361648
550504
7121
753162
940974
38157
536264
439662
642355
914447
284368
973350
193370
734959
880085
237981
220780
361821
533913
522123
641140
121120
702664
559354
761097
510970
82689
192037
362751
591095
476390
823951
369251
789592
500904
414372
521845
579240
773224
898538
320441
767589
704622
711631
221126
172398
167479
880026
748487
913286
941249
959904
348825
655088
706057
180584
616123
766690
37604
827861
641607
202470
115061
386708
548755
128382
661440
749745
760686
992138
332608
789798
528216
647913
13286
708899
339244
991982
711746
612887
664518
916201
889598
260512
593080
371243
322158
384824
714602
69271
589096
774919
749839
713403
772684
573562
562051
878134
370364
57528
928164
610174
182348
595523
571138
721358
762880
962242
228517
656465
991158
625048
591674
231964
871828
776909
891886
37486
813961
425046
263119
748477
782648
684465
372939
987376
188542
457092
702499
894865
264135
433595
875326
636342
689552
188456
285323
788540
96546
255652
292665
723944
367966
290162
798616
895985
536657
231711
973169
79540
298527
963113
98423
998147
878256
190657
953816
134362
469565
894121
64996
500950
593180
474507
339639
725410
222164
238244
780335
400988
449150
424228
660989
329106
393023
172927
619160
835314
208347
583128
90595
931528
333197
626241
124721
118638
246538
50329
238071
998144
524212
158413
305873
731898
285040
973599
71970
774142
463716
327578
477123
832187
623324
322092
639112
644396
622499
741058
241187
859313
792162
489519
584713
29127
641027
740615
351672
285735
51427
486116
446949
841640
30452
802709
942376
840853
349712
226229
634930
659914
618405
855889
14139
472090
417993
660999
476248
798133
423410
948412
250335
226601
48731
289487
570316
238372
414582
580117
336690
617403
572543
44835
88699
920903
522024
62488
595148
982218
90170
38270
244449
257510
916598
227577
142369
509303
373465
456077
165614
729642
395364
693166
51422
761164
546163
294956
647153
98389
531592
200979
528676
441121
630678
164348
396016
985568
705631
113639
623060
588343
281517
43235
991362
131901
420318
546698
789478
589828
87771
934750
119201
986568
308487
705934
337878
723874
468589
120961
796735
501261
181447
373269
704692
502851
877664
564732
845901
191884
3816
179143
2642
83895
570047
767809
924655
783990
588783
182745
275225
181836
747458
168628
184474
53421
394276
985946
699694
317349
935059
805273
71638
425132
501996
303243
837480
44428
577892
598844
211278
223278
343848
63064
900108
109972
315520
5147
522553
921705
25278
738867
143520
551107
979483
539774
839399
262996
557378
886736
88451
640266
172570
199156
545775
316702
522193
236407
968859
725197
790672
662534
367300
978896
101991
604527
983754
267676
979200
12003
481959
601909
77729
160971
788735
453758
358815
193306
18001
205174
33934
87122
169684
859367
278971
90713
108937
234696
928728
492701
512201
229396
359596
708328
598289
110505
737268
971738
454248
101115
99201
537694
855472
624672
289665
551001
828597
309879
554769
79668
573176
303761
439843
155602
558138
602780
510879
853028
151681
817433
553879
759986
489144
443409
171792
37986
809974
581090
719279
283429
350744
658897
881001
528106
735744
540297
830161
202420
432634
497424
328366
603651
823845
785364
892380
190565
836001
743849
1058
189902
949320
319318
366730
362089
890268
600785
979576
82890
455664
34208
658413
311600
722226
194661
825722
168363
608272
917250
358517
68349
632973
539125
503230
315239
825357
197366
110764
891843
280044
553294
81715
156990
137473
336781
874431
269408
229503
748049
248880
362335
734896
715050
903492
45900
131074
590944
906538
516824
460136
546032
239261
133663
140352
869353
809920
752131
952350
332981
999321
919543
395088
96340
19455
710159
13480
63929
285133
597429
513063
898031
480483
544893
224936
613237
914101
776792
866089
960295
968343
160761
206861
171408
853951
957980
368166
984401
140452
217433
427794
717606
426751
530966
490485
921710
323586
221365
218635
128611
594574
566233
738922
371304
673850
371014
346710
593337
130327
297726
282505
971108
893276
534656
744728
80235
325520
82012
79500
858130
329307
735777
946669
839281
62860
17905
78868
652204
368485
823118
774568
431026
508581
244468
733345
826137
824211
72794
210510
982150
825057
293848
664801
902845
68659
404114
509021
124783
689263
120321
568362
732799
352622
786715
36888
196648
855368
611301
175147
754523
852867
935254
591815
99033
299016
619704
448312
510133
512979
134685
58275
93303
892375
350125
751968
797632
359713
792457
760732
775463
330956
127045
494782
892846
679125
342072
826430
936727
850178
504378
648249
452052
931433
416329
309894
775030
923337
579354
939632
116402
835945
747368
572991
201381
954210
19421
108808
447197
442857
174201
289095
384713
905311
299895
317105
164259
558898
922968
356646
180718
691684
840925
128249
432462
813919
572330
62323
303988
318163
697713
956155
930884
525996
75156
328017
79307
12465
435682
658620
920810
197809
396389
882704
581849
424367
738282
801040
323261
680859
846849
218748
96418
799584
738462
657097
747387
427091
816845
910844
233596
270593
452587
182869
461240
615355
76781
723881
681467
536705
369158
579604
130463
586123
217514
790021
490408
913634
585245
737967
682762
29190
147341
987187
625177
339029
294956
19799
461001
967359
75882
41298
788585
170535
194281
314940
633123
31077
668989
583247
712075
441985
434139
339327
626753
370215
669930
932929
114204
833913
586502
564170
648168
219405
748648
881146
591063
919211
786180
112849
255345
322508
108678
224319
166439
242522
347043
829438
205676
282942
243529
380093
641576
411675
949819
359173
280022
854140
582785
3524
364532
152717
590201
643219
340805
216179
360837
47552
130601
887131
659529
100927
159793
43467
12858
111062
779037
923907
548768
507368
71638
578837
672051
315601
857977
687139
147207
705191
784915
97144
976466
552056
964060
708526
500411
868886
529294
979035
437485
795454
857853
964595
150289
469582
266945
703153
558620
945553
166240
81378
240640
531854
767057
972817
487774
754016
932501
60292
770752
642976
957003
542073
825210
283284
664417
839392
974044
972209
321788
356727
581511
279927
841188
880488
359616
601335
46755
897010
311865
63845
368335
875284
782484
858309
780926
379544
340045
984660
298228
545866
169714
95357
578823
753309
236014
940982
401500
734195
560137
27075
806064
257158
771248
565866
254381
757227
41421
90830
507060
383362
638111
330798
163103
68858
411258
962104
893332
664825
815973
978457
834441
443793
919917
241826
923994
552879
51431
578307
886619
545528
669642
704604
457292
724158
453415
407021
825358
90542
302442
151040
861548
482786
869565
728554
969328
605917
44991
321664
57235
817100
894836
503634
533928
938424
204220
5883
957249
679116
886728
62616
246522
786100
811307
896406
493586
867464
583528
94609
809081
667340
390184
951427
842164
249480
58654
26294
948949
921521
384672
150228
237002
274184
38016
985
529255
759420
540290
986995
585126
197479
432935
523313
465748
574662
459816
913897
219822
304519
46839
161672
68636
361532
66051
56915
543916
760311
883031
66501
382615
972711
107194
552303
26276
981302
331737
489254
786087
132545
974735
954598
672353
388712
476700
408644
275488
146155
652903
661244
676693
871673
556319
127200
364838
786636
504196
284330
265885
855218
960278
671150
936024
961060
894015
364451
400911
911394
429107
565210
468724
910196
54360
503430
116632
627516
854442
482150
999062
76781
884140
74010
281279
43214
611716
309085
960019
104021
117269
103741
694127
724941
263445
205749
409918
564411
218172
840331
127815
853694
974117
455451
609566
11733
597858
106692
99685
767332
436292
506319
631045
657631
644976
925319
421559
351661
812239
236908
501060
223127
78141
88842
780571
546610
433351
108901
122731
631704
716626
585624
935279
272026
833746
249826
93607
359029
856725
261306
411855
410132
167949
555016
98346
578932
72691
996724
954125
192625
355344
343640
199444
124574
130717
139073
191662
251475
457678
410525
160910
638973
985743
777824
940839
595134
786841
687262
105320
838127
938542
703683
964284
205275
674480
625378
107042
903918
362340
714993
327297
11197
249837
852360
532201
924033
399127
649965
242809
3858
795829
761025
170107
274922
272998
178802
605147
537280
633438
761936
797483
197811
758646
571986
423503
790053
406240
187923
690403
475631
160035
9591
766690
996549
976054
692835
109612
179291
991397
260153
574728
517546
394655
11132
223471
142742
420021
471639
497211
901398
698404
848145
898305
905148
434928
833781
481522
160412
861311
346204
642722
436817
445796
424866
792850
68297
835486
66967
383921
213832
653413
657628
783423
457106
453071
857945
455515
310741
829103
798590
324279
197799
270366
910685
561023
468399
928223
840919
288076
225554
628207
193736
271074
53677
172589
472372
572614
785707
910153
584832
662296
193391
325951
38083
405010
317086
831237
431066
962002
589130
765130
958416
267972
569684
279836
727983
625452
937602
377130
982268
934129
718596
538005
298409
385112
644786
524865
393503
319932
462702
752504
615583
745569
214969
72443
284244
674716
977613
158022
391881
337466
140376
143355
418974
342373
818231
563262
600706
128227
186865
876927
185105
603200
682183
284380
720533
882031
60728
641120
724302
546922
736894
900863
140265
807328
62491
731271
112717
299605
475510
850302
638672
727812
639533
484347
852170
119942
423315
779641
259809
210731
135191
163053
124137
583941
969293
209468
454685
767693
419089
320469
600605
151168
42295
825242
611301
329501
396850
602634
696668
890788
855472
693051
569042
132106
299510
196339
6055
412890
187014
824109
734030
652534
158832
178912
713927
936667
1466
47676
702138
410002
626371
469121
471695
80705
915871
983386
694058
544209
451590
8250
291370
834340
192804
413240
22250
184729
197923
180866
993304
590936
184361
702585
561462
513692
710386
610973
840677
654647
484315
819892
256825
404186
235147
284259
981439
363859
743492
294904
875399
88451
870272
53392
765406
623406
634078
563306
33563
568746
419543
373584
98026
652550
564233
891884
956197
50218
948274
324410
336720
755970
152768
541016
684538
14533
632338
574586
670496
384671
540100
109513
303337
476535
790957
619994
705631
124157
820520
627236
108767
399419
115404
324068
336420
494523
192329
353316
8906
462138
756480
400971
984591
211613
443632
777940
84315
805718
417350
837756
719696
939633
29284
506135
788065
842585
246745
687640
826816
584062
157174
488114
417285
242105
337884
642475
453511
928399
382113
913690
934740
726720
571655
859284
921262
2142
711321
185910
967370
476117
64693
330519
116351
828838
330573
872119
781538
570608
301001
458084
945109
598323
520744
88398
867963
687532
473063
650434
160696
792289
569674
905591
927609
259552
104671
406605
221554
468884
855469
911092
907100
877367
250481
351485
427635
388424
943361
721502
156619
72406
953243
452277
494415
315223
110588
689946
768247
271243
841957
539052
246470
437909
975964
165086
625293
799034
765018
125930
110867
805402
46229
86363
978543
529889
750367
83845
492661
598890
854724
440842
720458
755868
925417
562042
881145
813204
893985
261440
616004
985878
242066
678939
834806
941563
591286
470842
729602
582216
173474
219774
379387
28165
399459
831782
173644
332014
552405
415990
100743
599116
147395
296658
769630
988969
317107
868585
924976
392752
881811
159011
80146
54315
726437
111065
327829
165417
424452
711150
303572
613588
70298
61977
828579
154307
391619
35788
798126
867012
551113
935608
678824
211494
341765
23329
78954
811566
551584
535140
20910
26308
547102
818771
76258
811663
327759
412053
509524
559325
500950
59307
587021
956447
72819
376453
93529
690699
709977
971144
791213
643186
560489
334933
53841
910081
686350
176275
139430
546908
891784
796963
214908
344546
297166
4916
497663
622956
227222
360579
331183
994452
982312
721838
420225
939972
365198
120582
52489
595451
153355
176825
452038
972385
414015
808922
750400
17863
70911
572856
903175
156662
562353
435139
233523
712923
95491
785533
679701
593648
440452
964332
449059
364046
700671
61841
333651
949468
617005
147555
374172
965464
998890
216012
57471
138176
886472
57987
31722
306888
561940
858289
710165
487366
818484
407286
917916
509427
539969
726134
499176
142603
474810
772325
239178
743076
814788
800503
270924
420668
460156
82929
301904
850881
448657
669721
657070
574720
370637
704200
612002
872360
362156
619679
435301
704514
811970
460264
58681
726882
865589
626115
206886
518867
157970
785091
313228
18406
553481
43262
804724
504731
12260
447710
695996
269780
667413
197875
785295
592801
62743
129366
817758
878548
273582
585572
722617
893567
663196
61210
604372
35146
539221
102244
79075
870038
931825
748418
734012
323357
760656
274156
716060
133172
175432
369251
955421
349841
551288
120060
882446
141588
128790
434755
614130
419978
607591
823928
602420
508921
749088
233124
591438
388159
116494
430232
428730
994033
807895
816215
303456
426674
751606
168859
591510
593191
953342
759161
433766
156030
738219
632954
731692
327100
866287
360837
622976
567325
701351
392713
460126
623001
970359
416144
361229
285557
165034
655225
530011
436499
863729
856686
209037
242153
617130
235983
4972
409485
68180
35521
83484
106803
22861
766539
895690
748507
900306
90902
955421
837356
832887
80008
825265
618268
460347
347316
753189
658430
681590
506841
638406
176573
128632
652847
333103
147523
762246
467369
659711
668903
138664
316354
72012
740543
82469
616471
145893
24191
187739
116253
936018
49710
652901
417961
468534
391490
134992
135725
190336
854621
246480
323625
262055
811328
269653
526035
21010
666201
674757
815788
684670
16537
824315
942596
891602
527104
12029
84585
667005
799958
208152
843022
980883
913933
295059
669466
225722
26755
538225
136403
274740
869309
629484
708797
742115
875253
445116
718160
85881
726415
321029
659547
107376
711677
417190
510926
66133
572772
375872
672112
155292
557576
888322
412731
917277
776234
308713
938736
231748
71315
946660
977754
949856
276706
451632
616360
913422
872139
48429
986773
704559
127673
287452
967621
217032
112199
769193
685540
588309
240308
820358
134710
836461
45437
357028
105565
674136
733514
503960
944514
365175
335926
143590
83498
528216
287720
760453
964062
878955
952275
199845
287696
883732
955835
937307
69597
387181
253318
138504
525980
404732
906537
957388
671735
732446
37882
936303
723455
417318
874298
345245
748103
829740
894229
497256
957560
128038
235708
992978
353160
290531
313907
954765
496927
313726
968049
387831
237216
167379
904812
151321
340197
706697
663295
562639
247533
48563
146851
283733
94675
77729
306562
419811
711475
286036
383688
759554
122833
857244
490837
287897
878297
58046
140971
903227
846148
498107
780740
242066
522139
126981
810643
895656
324281
744004
529892
902500
162407
89615
136379
554660
864334
137529
570709
667729
493844
774946
260707
331355
102635
722011
370913
323486
284878
233633
756836
301475
876136
815899
355901
456969
773743
36770
15351
620278
714330
375652
226836
105255
964963
557743
197091
526537
238110
571192
993529
702498
667904
424047
230261
773301
80822
368977
921350
542201
721101
87353
612432
482369
713011
262261
858354
682578
862412
154090
240210
835764
605007
708793
206575
16533
899197
590575
571979
216291
103006
970182
813939
346768
145562
453268
251276
837534
159723
714564
637391
953658
593174
17659
891690
99475
39798
597871
316344
627223
325095
203920
624094
792162
725722
964387
447358
236804
479315
635418
513396
224868
873627
409481
234269
5130
983562
108079
354532
511047
399791
696831
914719
962614
263816
109686
607832
83673
866707
932403
450493
353710
118070
95960
593687
782220
366373
794936
660151
171694
948774
151903
437599
359157
252801
696955
614812
941862
827885
578478
192908
314303
685851
73284
810420
423890
405754
982147
261973
351824
472730
794936
752433
985946
480114
290555
35991
146808
586217
447380
77544
892797
921937
34338
882169
580226
58724
863944
818846
888299
588304
938183
534627
924860
424601
349841
85856
495622
962370
31717
584415
194738
308407
189956
706842
312662
344744
858257
833405
381277
89146
961865
857201
934236
369332
138735
422131
392600
482239
31652
250908
658558
228370
196778
542625
212238
340590
700258
146100
134506
166067
865542
694573
103662
451832
713597
381908
945471
694165
268645
223319
281723
466399
22332
803513
409953
457756
629177
164763
408616
258093
545698
37481
632157
963411
427223
211889
56271
589709
427221
266442
814081
798853
934930
799884
808816
16978
978689
997898
747133
115242
780504
275482
866177
58213
774223
727488
495590
603743
256872
402006
371633
996622
447743
328971
851846
404193
611090
843806
827007
991064
292562
388405
790420
359684
510005
297115
721534
934088
290893
497984
708864
995208
934612
188200
848840
157701
976816
830
463896
984386
592203
932304
197971
491066
448161
862795
383850
497403
742099
342224
637984
370460
919504
161794
82005
874268
505882
732720
491739
640615
991098
897465
67397
270593
56644
114108
854355
289920
452156
869300
906117
382931
119995
594818
127094
352186
826312
205828
656366
323359
917116
565115
814851
328771
452590
439557
493264
831128
995685
322416
613508
90224
705819
340216
693018
441099
974865
607723
93771
60666
921136
788634
937259
879939
313702
610069
603207
593487
822205
654899
432958
534630
892464
65659
318533
156602
11207
867865
368240
420306
662031
330668
288248
430084
151968
89003
661440
771756
408475
966851
700375
383125
917577
589236
794884
866739
456442
216230
956182
562989
293888
460935
244733
689481
767240
937081
61467
663875
287071
420326
46097
635986
536212
706495
846188
654274
64225
75788
26766
956799
66264
954798
269408
80538
81942
992586
266309
51132
440239
775923
265218
600467
493264
47353
161598
329618
123260
349928
271586
879389
804500
380279
811068
554997
955012
559093
70928
643701
208708
241620
776948
217200
742868
963653
645223
900898
349493
752379
730189
815647
651503
586912
987434
656736
753076
746649
516074
916885
251799
325785
197819
191772
559723
738553
205334
315497
600615
294964
753263
327734
947160
36518
695983
932630
579270
143238
31799
674662
828828
971701
49441
724617
286292
986777
863500
24686
571156
555922
146275
820060
629334
472298
972321
722699
364543
342900
789112
745661
30254
49887
244853
771245
398527
427543
589446
913029
759222
954940
567082
771811
449813
998287
712375
222835
898149
123631
975544
460325
167768
387965
653806
141642
850871
601878
83867
615877
129895
837381
685168
938777
291221
976487
734813
332127
780964
458568
290571
118919
201331
458971
756119
401786
587323
291353
177175
219904
744157
736285
883230
915912
47132
673156
250456
282015
484588
736902
552041
614545
820156
530657
411236
188611
229074
446087
588295
445796
351319
550990
955085
494183
354693
598379
334488
655884
797703
601190
920691
819399
88721
429663
444927
278747
325515
463926
333230
71785
324500
844374
783030
781206
923337
444292
625923
701523
390298
209719
11431
322563
567608
992316
721490
382007
311216
176113
903499
548482
961064
465286
492443
138119
721573
682751
557115
98732
360915
524101
728809
808211
936228
325067
832948
95474
778959
265084
216305
537431
727023
267279
499487
469695
248729
287006
430446
735047
382591
836208
756260
205432
182603
972335
209882
931794
211992
827489
803499
856310
486750
968441
133738
362177
522128
474018
777082
645415
937629
664030
119933
565361
375154
18826
765447
344290
466768
484030
987572
6503
646872
295013
443618
289984
394296
464069
856725
968415
233466
275254
831638
62491
449780
307520
631510
74322
187785
509220
563702
5174
6083
801898
168631
49840
507717
258994
453471
786973
164499
152938
446026
142186
851155
426291
982583
586123
620577
368342
868927
627650
490904
30752
678373
499328
73307
773431
200869
112182
21990
66800
272590
129789
624726
436506
606854
733090
684589
906342
868649
952405
907966
350836
924087
828006
938058
21794
262442
554527
639971
852258
287982
222937
773176
490529
611269
1085
31742
152896
625875
540787
892621
123798
644803
446437
772446
974738
232355
667858
784781
216376
131493
671135
637550
272427
80378
49074
265950
298676
786570
812714
794703
679434
279971
420472
719622
794894
798872
671945
757946
972618
234259
433309
327854
558237
325832
486167
467447
61870
182237
500608
579735
998890
362994
245762
987376
993651
458397
918427
740764
169364
649535
539418
158772
680405
85872
188089
631881
257370
998472
839636
601975
312623
162904
378604
754159
699012
617728
741165
982472
480979
159035
905187
934994
355148
360639
849264
324063
572373
771725
471136
363241
232038
258008
711368
635002
854533
846854
617351
21022
230487
749036
328323
673504
91242
998117
844929
605806
479868
113012
309306
753169
642636
923815
630944
480319
464260
397936
946773
278736
93355
600527
841638
176537
226365
672745
62188
143452
95840
227690
828245
418339
724814
590139
480706
470905
144443
216313
748109
700440
569889
734152
41903
991834
18911
805610
45665
430810
255650
761989
780170
255411
221442
263301
627533
156400
98965
286105
557207
838635
611584
277374
460649
766740
536459
950905
792208
205309
160714
34021
266381
651176
863908
293868
393530
653939
665940
920632
441381
898140
904816
564117
443251
846757
563272
838534
232320
477572
777506
283885
280033
264028
475811
698381
959579
404484
172058
417694
553638
502891
417680
784342
713401
419237
772026
594606
923555
27679
74587
690210
868257
661745
574345
87217
587575
177032
356060
375724
886995
265013
199929
583878
476284
691868
770642
898911
927980
450307
777795
932988
402083
204582
405137
472416
446230
233450
881601
890703
482041
648685
953884
579928
446885
211223
35581
976190
895590
200052
588099
651629
764811
944912
571423
797506
134612
430389
182323
77544
218239
839380
509435
394535
933499
214210
736095
519215
763732
523525
358370
124176
778058
257645
719321
418201
123781
513555
801305
262055
721358
446858
646432
411856
437906
924087
814934
435677
753727
161008
474538
500864
140685
120342
568565
433341
750804
589238
449508
272462
758767
620421
596986
761570
387431
310796
757204
934424
320469
326364
298432
254763
582961
983987
629718
247772
432379
966685
558134
780928
816884
421465
587414
175366
738013
140497
712698
773036
747950
605878
40227
506903
871259
342072
77998
456225
305251
134397
332821
982027
52657
567365
545918
384507
498682
448697
799067
594072
643885
728443
764091
975728
416396
107386
185318
888013
851166
503656
304553
252054
954731
552756
891788
484020
778361
594685
449251
64916
110172
333443
773064
669849
562350
531898
744227
795449
606629
748895
62222
391734
447197
479020
67964
909581
499836
251386
245282
258754
229880
95984
306905
464685
887946
821793
230941
930867
802071
405460
217032
659488
553446
5136
913077
85448
134132
755282
336698
482426
271598
793474
930936
400988
414273
983342
745931
123449
152086
344872
555918
625277
342340
168657
969461
197272
306994
281116
816614
9570
459415
338655
100979
375186
571650
101158
484308
317746
251080
748182
318609
834632
232588
723061
887116
572731
967553
343694
564024
346445
175880
773989
648564
816079
45047
584870
722198
414401
964180
604838
65014
212501
306513
636196
491880
45470
594691
357153
1414
216742
75960
591073
237496
879454
234868
649354
221199
277315
652022
192636
668978
330452
762579
946650
745992
124215
941733
600953
250323
272863
73025
161865
194596
351092
950184
610369
55930
480236
476873
131676
754953
553947
838094
931953
819466
62886
378353
218923
31004
490660
260536
293607
481923
524328
222607
98214
648267
237466
184156
476574
206120
513242
50821
437633
426746
688464
75620
359966
935868
867134
126378
560737
758985
815594
842197
992630
717185
407308
516001
938047
873482
748040
803115
621288
912989
577110
954768
661745
285112
829594
322538
773359
198339
785425
863315
145050
840710
174276
142257
599907
588884
204028
745271
688705
259175
489073
335902
523152
162864
5571
736264
225447
125429
599414
841159
39947
207038
277618
547846
234452
290903
297819
654857
818440
922907
192824
891116
207151
517605
154236
913175
497343
100709
890464
594076
440575
83996
263797
40163
834983
822129
995732
636247
504182
345068
304429
838525
730797
687648
614012
473580
353647
833257
444002
204851
412029
840608
923111
302043
806164
773833
371055
389747
945005
827941
484070
316991
630831
728548
526912
698437
80705
960219
743924
462301
989915
807560
373367
687200
393754
973194
269111
655357
288243
625875
994296
650434
770184
710854
366402
117627
494506
808924
737268
641148
43337
178423
6461
491045
420493
844442
223135
141746
860194
153139
740446
572825
132939
88951
745684
486528
779176
359788
133002
922616
509373
253312
265827
824673
413500
32757
870218
902548
45289
542133
330262
863757
365007
716048
711872
54351
511498
161350
552814
621478
86158
209790
304713
914227
823477
217194
647908
336534
969358
63577
168871
726401
939943
831627
23915
156602
908075
938964
774786
564753
251341
814291
244603
83346
938572
629028
987132
304324
428808
587879
374029
677791
991026
400214
705459
115395
319145
429821
724595
216760
256750
446625
848807
579105
950370
161738
94859
271167
548856
808339
221686
850302
874540
697148
237953
62737
390565
904936
57146
971932
190172
268918
909139
990523
30188
244784
93293
407690
496637
357071
38553
43425
799516
53962
227577
499656
866578
738670
261218
432400
920130
908927
195828
526747
177304
381771
57377
223254
443499
124141
666520
575720
986124
567469
643255
258857
471136
728602
90492
949557
515290
423637
903134
636361
627504
454299
873389
276247
707865
567651
411994
435188
403462
638995
734310
221484
271569
622162
224925
742393
389738
186090
320300
508551
343563
623644
802847
833641
807339
464408
562325
560354
667760
410495
703361
818988
850396
536680
872431
895512
5709
748775
277950
519874
113735
68559
577684
507948
757633
521984
127261
274332
981269
58593
34684
73818
392558
748626
885201
155357
988137
78940
549229
331902
2623
904361
570749
673471
418655
38614
320022
927043
121267
970178
516286
307446
615188
720677
80479
921464
634444
530717
514871
151923
338067
960695
117966
816553
419945
730147
580913
281962
165676
88705
506265
539815
91697
547362
800726
353337
198415
830167
880326
264416
339946
495590
949996
808816
802633
928766
419043
542952
410633
484862
766254
862742
693166
89797
554415
491728
290971
379520
630903
154515
982631
605240
399841
976582
121927
553057
721072
159669
556502
127059
219293
591083
947390
178976
197502
283587
99080
30799
878955
513240
492517
563266
819790
120115
401527
869792
983464
216716
786754
598785
328967
785545
15296
621824
414748
953000
561214
586788
737236
473896
93668
645191
750897
415248
523003
733585
752680
452698
499528
670189
619972
677850
379676
320250
11390
910920
963273
72970
969972
39591
537140
147097
246344
21225
775419
586390
553103
357018
20111
875062
311645
639248
855050
829451
93553
159655
895830
511951
497837
669198
690369
434807
436499
628309
649052
380633
234385
582139
747213
993553
833962
975604
577253
164762
849400
28740
246585
865616
937612
616994
953275
878802
262434
142318
436069
580733
450916
577142
962224
971469
278440
58300
298443
801367
255411
509813
464266
287240
863638
353941
216139
129665
230853
318933
777718
746696
194266
279569
124189
414088
344638
590949
725314
98202
51421
163428
722099
107086
846129
817759
448873
574359
921034
886869
711707
383024
861384
152011
798584
111329
55260
890392
626279
315308
80445
252335
227449
789902
419209
190288
852773
880247
325327
407872
829291
802543
520402
156361
692736
485684
405216
528397
727762
373555
847956
247919
509145
44295
579689
123824
471514
335712
540239
31002
616319
362365
751924
858663
930914
763369
362056
320457
500836
8878
532837
743339
469994
673959
215943
546513
426224
195737
520490
994385
636840
302430
339116
932335
887382
727918
114739
833117
794854
255775
844599
333045
259890
835029
512326
637771
579109
747356
273196
966073
691642
694262
59558
357076
78143
557745
914587
161298
568382
609188
17100
539447
825273
879411
485799
723472
490035
60202
425431
667072
861004
563904
598884
293862
727710
234643
234433
315425
243812
651638
641222
776681
155779
281287
28759
720543
993940
161997
322877
160840
57404
681880
46457
465247
376493
784358
870372
270811
347309
160872
886433
59945
559988
416961
979341
771669
567388
458448
203427
444145
193170
206866
812412
773371
613313
710291
523767
782280
511559
114345
792874
685315
904338
453856
300920
242407
164644
110786
658933
83180
893904
794622
136753
559325
717209
719250
276841
387671
610325
649857
247587
546393
827386
584506
699757
306985
954648
490784
491179
674970
979793
575914
571112
179172
999050
814833
88642
285875
390496
413034
985476
173678
992792
532416
283444
663392
397378
390138
938500
627495
739141
655972
216828
983084
168803
79932
254044
519068
218100
339050
601297
833746
746362
286146
83389
730793
609757
994399
857564
407294
594048
276610
196539
735809
741786
896647
946466
413758
631143
300144
698549
119995
293184
749231
309278
20209
808010
231610
338999
143568
397056
479224
276563
434991
625880
724814
498318
494308
180647
30422
923292
106171
632796
697779
802647
732524
18591
787966
653674
130113
11767
856729
533558
321844
957410
618120
437631
83031
428697
116862
862057
98118
332054
740473
131583
941632
610701
609746
665245
276571
85638
135100
753062
805363
386325
472718
687649
394311
650448
54753
679191
703970
121329
103723
804367
491149
568416
169901
381205
809882
299016
803496
503426
607824
363709
742502
836572
22609
470060
767145
613394
333408
876629
75257
48940
373592
953534
245953
932778
981799
325068
403015
469025
902105
143763
881896
173625
654588
723653
323141
129939
487234
519858
157589
593435
956237
546922
379771
513860
689340
45224
972425
274422
728083
899917
315165
289480
842085
426900
225323
760036
875092
361495
366577
638135
359915
518449
206494
137404
272323
941527
855605
432242
6480
385558
716340
96526
671836
654884
206448
846349
128156
510364
32939
874743
301787
873770
906773
781719
593651
768298
191159
603300
519557
495500
782710
906325
145593
789020
181174
324495
852917
772282
204789
753816
366655
381956
360941
103387
595784
606461
43937
875062
203956
259735
894641
119077
777807
707956
708409
694026
781217
97859
811377
348337
18678
690985
693211
681838
911095
627650
883151
548435
920600
841657
133333
946457
701726
441119
668384
414608
901329
20769
537130
121028
814702
10992
815090
568416
613020
535851
850814
854429
311037
48001
98990
904056
446186
761039
591830
46652
225395
68488
964387
862526
207912
534143
573214
307113
663908
597541
606588
757176
612346
468950
378662
545006
329734
246621
949557
318980
808659
535225
110938
536513
981672
682449
485489
414104
948100
642520
467064
740644
716640
843516
212701
421799
126168
22975
189114
277767
452088
981282
446246
695025
595451
606709
632565
790305
493482
228883
739629
831543
413477
953543
659489
941149
377205
287820
579995
884643
876867
838581
528769
521168
100740
107999
135380
253828
837810
685593
901263
994194
641125
154377
939892
398527
406242
526412
227344
296809
408743
424883
690801
858456
74464
51987
7502
781674
592496
103714
312444
577053
691085
599979
685050
887068
149002
312199
630789
919709
210347
200816
66784
139000
559119
662855
389013
591252
526074
363914
492216
613438
872842
92297
607591
809007
501934
3978
205790
937234
375605
868444
661319
15724
500225
178659
45667
45545
376613
817227
525226
705456
885698
111965
214607
490740
337917
748430
573882
894241
177529
174618
692408
349393
247164
329803
136843
429048
938524
261794
777536
393064
277220
322066
199593
941338
816910
526233
294311
401429
777981
852169
69191
297807
701977
188785
643691
557378
463400
496467
512159
186851
246538
766788
521209
94048
945429
360288
508189
472147
265859
921191
109006
593921
68892
786704
531491
778561
388860
478149
122616
738670
200883
11659
221915
901329
690481
969328
412869
753547
207166
729330
725275
522959
265232
406993
418176
751892
152858
268991
390018
50306
872150
731093
555335
686983
202717
374396
347528
796185
801283
980320
677290
123213
346441
64703
30822
625321
838831
284249
14690
463807
162774
207842
573544
921376
469256
879531
416638
658543
309436
909564
419467
923801
679103
195196
677153
673440
985435
257696
508275
63150
956685
893121
156488
47634
831767
48651
70329
65336
443752
645245
509883
47517
300716
700363
666594
448497
50914
243574
212802
945650
852195
946833
83620
114187
496774
259265
992329
247052
709925
880907
661496
832534
544664
442465
305861
380610
662216
696725
28558
805298
576594
458889
858664
744353
489213
728461
165187
455139
902606
750016
638273
720458
302865
107442
182582
186665
622251
877833
456167
623008
628359
341112
460446
308127
557103
283893
342420
808330
359036
103871
814080
351666
985578
959343
530282
894581
51421
365743
404551
325698
271015
708540
577906
90348
946167
814717
606893
261715
505543
989916
546969
602676
675494
159353
312535
881429
449324
534723
748299
246529
737974
93333
290544
408442
813026
434365
166348
71915
389235
654346
194667
436699
527823
36718
780822
229421
705166
51908
176544
855043
349427
873758
203526
432054
552745
593868
697838
717578
163212
913876
913328
422410
989283
640923
770611
670266
688437
71957
144198
899071
197156
461632
342543
258831
718757
571116
718252
978117
366894
410213
969755
192331
786462
870844
120428
485509
275261
675012
72916
246436
920419
964247
606358
91896
876162
923522
114538
427445
899368
939403
806813
827855
603714
229816
675451
546741
478439
535151
965183
748209
335786
944524
781860
940382
897723
144643
426200
219083
331383
694267
868496
40687
288832
588230
647299
613788
540112
627381
692984
586013
153613
585368
367877
913040
314798
890836
421337
877625
54089
942034
424158
319315
567393
738482
275879
466964
550838
662576
445081
55027
33112
375866
262303
581038
119333
807941
839636
12380
67662
966601
683876
888632
534942
30889
573975
292971
429227
83986
335382
172252
306714
721135
319068
137529
924352
190656
48563
198983
737743
638144
969507
542467
57824
607935
580888
236368
604951
481668
891153
872842
275884
268182
149933
419900
282833
507752
715641
918779
619076
634888
582951
905143
100655
303050
41452
82430
220362
543679
180709
944441
949969
867532
577995
421597
258776
253874
814598
125914
483413
780623
938821
290667
151409
659329
94002
154411
248479
844671
672298
391874
295009
301718
987102
68770
256174
499101
793609
609807
374261
924806
11692
810920
250610
835324
12833
26193
613394
733131
528811
5969
281697
303286
587590
762490
391110
311226
141182
361477
699073
980485
724216
580782
626959
936460
606650
708622
472339
719557
37606
205399
691820
952168
875749
886003
696203
979634
719631
870561
594996
504156
164141
950983
333549
896919
984392
493709
587652
390213
52012
984189
304846
575781
840969
223013
529239
344380
113687
584995
952017
611215
953264
21962
429627
862564
250184
85711
423217
985507
514225
511282
377144
582508
874639
443876
972986
543963
16992
421462
219743
835314
522139
792905
958382
393552
797641
632715
20514
294189
858404
709849
905521
574614
524617
228088
778222
299259
965115
198033
123791
345682
127568
754
53561
155415
82502
125160
743567
701576
177928
569178
96134
451955
669797
851514
576626
634536
415712
452375
103631
48293
443381
103467
313130
30959
660088
718401
351298
896509
671042
164597
177032
872104
614072
793366
533097
999374
435514
873827
690514
144549
686038
641849
17389
408905
940913
523017
923189
356318
317484
496973
430855
707579
162330
806245
941980
343704
621022
325322
941954
368127
693208
264104
613439
610013
567644
257465
934078
287554
329632
339269
792395
14063
849542
275926
910348
9922
268807
95945
371445
510431
968059
349528
292517
186234
890077
213233
374961
128188
190842
785789
208050
943291
576701
959921
671515
324674
558558
952015
672365
59370
544835
121194
761949
163054
904889
427123
81364
548971
625565
61868
570987
722880
818233
890234
212508
553519
735437
960890
938299
168853
890190
850233
21268
680299
537265
223186
987928
13415
325848
853079
153036
772574
365312
730298
677568
25515
210907
191635
527440
28446
527610
490465
680243
233163
592339
258539
888941
709049
814937
995902
648228
165804
509957
761531
608389
904945
844354
14980
730865
385852
605127
853490
152419
594070
494294
899381
31443
96986
650912
623242
128835
221007
863706
479424
952691
440048
989298
604662
14655
176193
336134
743140
162014
2571
615982
713356
106761
261395
572512
884450
195131
843736
599153
230059
573641
327116
773546
29509
783384
71713
470720
936209
676511
450209
444557
955750
705325
498874
704961
394615
872697
439314
702841
365075
73172
811677
307905
505169
168128
85932
568701
236146
830760
94124
757687
867646
117704
930084
644705
938450
543514
497821
424474
864538
60534
391412
295445
932019
584546
774944
614531
499605
121125
942383
556477
408824
126099
361439
334568
987153
383987
59668
310432
30999
85687
819586
810500
916726
131125
409459
498747
634107
829144
534723
135443
794128
574065
277805
656676
426800
23027
634181
532201
784099
99588
471848
416260
236751
386669
678915
594598
676538
945458
810185
937923
922184
808000
378850
676053
9997
914281
226492
818872
21793
970557
400113
6332
243689
221324
888265
511460
462064
839340
763258
373741
494523
813260
650605
378619
184957
378611
980980
127884
401903
393562
601427
990705
522283
707267
281631
984001
608633
148450
761001
530018
390088
609631
402713
714424
542087
549646
538907
850036
92144
377052
523152
856478
777068
873944
789260
230176
87122
667136
180997
782945
331150
478525
864053
363708
810439
981664
611681
676367
251497
869780
905102
362336
945468
645692
785868
720559
111427
612398
257423
945462
41457
136702
965904
194563
425723
431969
216478
470051
572271
759943
508874
914447
163597
41885
863572
530063
164597
196130
391529
570733
438284
514564
674889
317398
212139
803066
539745
423496
783440
938989
848465
753956
868003
746777
407103
17712
933491
704870
193630
734913
946873
665397
380911
346098
303512
960319
997866
840906
13264
542693
708368
720881
389815
136517
638973
748115
156733
101625
256143
955326
931814
799647
381675
174767
437821
999318
954761
41616
967506
53517
346431
106446
81319
659968
82878
586729
163864
730197
668754
484046
917589
6381
396920
344546
562384
582216
257485
342420
891499
826645
368530
477862
421933
324535
881919
131541
565364
605438
404001
95984
735798
328098
342981
996719
576063
895102
293187
550791
32507
941198
463007
686605
409974
415355
619455
448123
577980
103614
38974
530412
466356
814788
295578
953034
560865
856472
70134
184279
852116
576470
82030
590534
63183
139430
103871
939635
466328
630308
887467
317605
162904
342417
390310
753954
104963
677975
564956
677205
410245
759712
891989
940571
796362
465700
792379
135299
406836
129591
321052
309672
987770
510744
982906
165412
555279
147214
781464
202773
887474
662573
957368
997289
505426
342800
317039
14132
484830
529331
891989
680670
670016
121443
260977
842376
834595
555217
430259
577375
412516
431528
99311
750295
414426
506466
776001
765124
137298
333000
16747
2757
67899
808996
951395
8393
639425
454911
546792
634260
474206
530463
704336
847390
342997
200146
411578
111378
549152
446135
500093
616029
792418
773804
248344
915046
947595
522231
238975
101179
454502
786225
476284
518064
416055
562549
176804
153491
887883
122729
695731
429567
772169
251602
817477
528792
831710
305279
718097
183321
950730
615877
103539
634240
743019
533558
825957
845307
133663
339606
801287
450126
893019
707315
8069
959646
950902
9141
362552
503658
518189
687776
992181
367911
984268
103941
992710
376330
760780
424391
201334
999004
763855
904198
758212
58168
309598
83038
231908
366262
849554
659696
388424
58118
627057
342900
51956
927685
331407
747965
74563
532903
709844
375706
640344
19131
681531
575402
764896
100710
595434
998495
373289
153283
279989
930307
631576
761251
547131
301170
296220
355547
307557
655242
484065
963533
706790
511585
516344
74435
171302
94443
98742
517652
800785
222832
29462
35010
177462
520222
799415
947742
817726
902457
709145
530122
321092
71617
123648
266914
482426
304519
193858
627137
924167
488491
919719
783335
754811
270773
702900
536858
648556
328608
533361
281871
254110
459965
360192
677877
821765
452753
534854
672631
847013
34497
366196
991907
103856
730370
582790
456810
271034
891851
92770
647563
443948
369732
441539
626924
444987
652820
291204
802798
927287
328694
700898
531801
525663
77143
773086
210387
660252
287261
495521
532504
484997
430153
976305
365610
557505
729113
145608
772995
725513
659736
64163
630027
960664
248693
351430
209097
432794
242583
938013
396644
455376
862690
639895
508223
769785
899875
437028
244933
38854
84239
380172
600480
351174
957233
314611
263924
297052
590894
201626
342543
201066
585982
557726
283334
916683
897231
991175
680886
213574
142914
793778
170107
772050
443652
56107
155612
313630
619076
387053
481248
672159
769207
47729
444867
979111
122589
197797
917337
38021
287267
481974
512264
361342
592682
203847
483045
302975
504084
291839
183956
310479
777865
329282
631412
17609
301059
841698
158314
182475
23863
640980
238221
124462
607648
245731
675661
59942
161858
655021
857788
462785
546042
877577
806668
328601
132759
950912
867836
977662
387381
532347
101115
703261
683923
277075
371244
628907
559368
470552
924721
870238
912082
841157
563909
956276
638102
525052
40445
627080
931403
443290
402278
455591
432781
414897
258596
618760
135986
953378
697958
967926
59670
567733
360208
100445
418972
151760
247918
325776
881659
630479
995484
356023
753288
54345
12904
767510
92154
277109
526277
455661
623406
743324
237383
367779
908628
438338
227561
287573
410273
808957
614391
110238
735853
39588
930467
435912
946951
534704
368738
910081
604762
911067
615878
808415
50914
964583
718636
631178
735685
907086
642976
707977
320732
155034
625381
210976
320120
926578
502888
514430
395088
285735
178408
164065
16367
942056
207266
309035
793111
599241
86747
458047
209846
798549
464152
390922
801496
140979
721525
884594
554769
680459
469304
994482
137969
923369
240595
980198
948061
800330
680901
226863
829357
845179
324799
43976
292652
585806
687402
917678
254425
194340
376991
191159
272299
876002
515875
520392
991122
190911
697062
956101
249960
135170
447480
46316
668116
844833
954324
348013
675179
520777
231977
786020
720293
165552
544282
4793
459651
442046
97234
1672
247618
793641
160109
799818
738462
992851
596021
76196
620922
15746
931951
15266
267863
162034
581289
302186
332887
284881
851713
278346
931805
492323
705195
278567
635730
721260
261639
796293
539948
891055
994251
504388
964692
230809
413306
634236
226303
595170
9485
300878
392349
701811
971669
645245
409189
153101
698362
863689
969106
899643
772433
831185
624774
423217
699328
189822
418633
460851
421014
202858
278661
161370
791753
678063
986004
201651
220014
829445
385780
620196
310784
137534
268047
576650
818370
59660
104377
990909
629304
625156
848364
539123
885799
652915
132386
15400
618546
285215
325113
88400
69742
294778
676140
398099
465949
173824
532243
29170
193248
831630
196130
680033
102740
560646
34512
510793
624133
509797
621128
575405
82013
770469
185243
304149
91363
994764
362624
693313
319148
496607
207253
541793
834347
597817
371821
550719
49382
306045
632241
373112
157608
504309
118460
198282
603321
495945
520712
62192
806792
106446
932868
860370
270931
723925
516818
516751
588108
504277
72624
983536
928648
950646
508900
358978
447733
725328
427300
876388
184034
274959
201475
229459
938583
421507
711123
354652
635937
110126
785049
362897
212096
522088
855043
886926
671878
219022
106598
171031
800087
810813
709804
742361
628499
210875
32455
843533
927807
156013
161370
196069
171602
453576
527145
545734
711897
873733
122949
221999
440621
452969
127254
895482
295509
749616
797667
468351
184501
222618
758485
970550
221681
874634
46636
658476
600161
787266
406085
286416
999890
821895
448731
428226
356804
138966
697632
206114
483537
8902
968451
306642
28489
376613
930096
408979
94522
486200
840932
821204
851944
41346
612860
419332
27939
226006
996940
898160
117265
985378
197776
537279
963461
281777
692104
425992
532095
732058
818572
993208
768582
775062
677396
80886
145291
148449
553933
228745
747389
663552
541063
557403
792064
368794
313968
392333
25288
907076
362176
907983
348593
492621
567021
806468
541016
144330
252009
806995
882420
139070
147681
469166
751515
826938
195959
877143
927360
103161
207975
534526
27240
16163
392550
301002
348024
543023
544436
364017
824545
46170
399926
890268
891181
735777
246886
905553
797260
433297
366737
994565
186992
230177
442824
81563
551025
251032
898803
379020
331629
1854
105614
328983
143764
602251
290287
735531
164613
318693
423318
751372
283164
595684
477198
303142
457298
710811
595666
268726
201838
675020
391512
844409
401142
89818
997894
230307
994855
242623
475053
871610
708605
833076
301887
833828
11826
499721
379110
613494
394510
439955
230270
859697
231270
678877
331765
77852
70459
740328
822143
23961
828666
955722
87032
406385
95495
909427
582545
940093
530894
498084
54848
935666
421822
837234
16765
644637
283135
602915
919433
340039
3989
879417
476853
761152
965795
568412
306667
44302
53075
703211
320064
961917
845623
294094
974824
886089
202105
387158
510552
687640
11259
171068
4720
410875
441554
424967
476160
773301
137195
465174
869368
915043
521466
965352
41971
684538
255820
562466
959269
242701
632333
652472
169743
399413
361170
639672
457937
903227
88181
811913
529390
252509
3327
249732
856255
176180
245447
391702
706487
381784
471504
27785
719562
209994
409582
624819
481138
585389
861100
331148
153648
859658
71411
354595
481123
17404
80115
290098
460974
809249
376158
510480
990861
889777
156017
661965
800858
776025
537488
627759
528990
652283
487954
222790
450512
388633
851569
942199
395603
322323
372497
925718
550702
282948
860875
30656
481481
128342
510533
145781
326616
159443
634249
28759
368793
599705
94618
88100
683045
526718
891652
985282
658672
242906
110808
804555
32749
660820
502816
425335
508875
119844
224766
795554
323903
491607
154758
698957
508433
427135
224442
918304
146406
695388
617668
848905
642518
363306
117257
281536
893005
750816
135643
503765
149876
823592
149743
950744
539697
410634
171626
518091
473460
528627
270142
649947
871032
978382
278440
218010
987967
283284
421584
130498
460135
362625
366830
363366
20782
87899
403669
310532
309454
638675
487188
349661
931398
32581
957012
456983
448111
474744
929571
508731
409112
966819
360841
258453
685637
608467
845079
677887
411320
141215
481317
424035
408455
231022
181590
872614
668987
747619
998582
557341
949415
588970
387437
121623
468
906378
734189
88085
244632
55224
620425
731805
607065
571112
273756
847358
341567
438108
838598
408751
716306
932501
307447
441782
522901
93355
928168
868496
576701
870870
513272
591323
780191
391498
753854
341839
707777
748040
562139
811765
414773
961917
743521
728800
289532
969627
208970
988937
471100
433343
630799
317095
85164
574289
664706
875977
394376
804311
704561
798559
460658
727632
273127
915714
75945
561267
113735
306848
75364
455865
310072
468805
220436
693113
614957
191485
814833
534598
623555
586311
777819
711922
873668
383776
249056
370999
205708
963429
271097
845358
385945
116733
121142
580099
67351
573337
64434
616160
496533
148455
85529
239381
242210
232861
812757
334642
877401
481017
693840
820923
551404
883232
621715
280622
993242
684970
948061
723430
292979
252054
858800
179443
388032
827576
987209
489986
905236
431904
38460
501354
466302
962611
890580
666235
616253
149796
732257
657102
371033
156764
55224
129703
481710
597076
160197
996424
297122
294500
608996
100103
237570
876665
153049
476068
516899
36378
224036
177105
778278
702360
63022
808479
50165
922246
935396
135709
367772
948565
934515
116883
842440
774750
620985
336333
607849
856962
276119
222180
521800
270714
36718
142285
402347
220032
507766
560126
97019
771244
557281
266645
58687
560199
667986
552967
279133
749845
362555
810290
228405
412804
35975
591492
193519
451795
481704
908136
593065
672594
861430
980868
116581
266125
145919
907941
337878
829255
963024
670945
744172
753103
935493
916845
716746
408493
922560
425041
817766
306451
832326
806937
222166
320856
206399
225832
979547
515832
788630
650266
777773
399647
352886
852578
537009
423461
470442
534891
349616
907113
673959
29798
262033
224172
756223
479498
532726
986739
170858
791362
32513
757472
8655
580882
699812
522074
249447
843297
989190
965578
325164
119667
53360
739325
286065
886845
469718
603784
577142
509473
890275
581869
420543
708328
952786
252238
780315
729593
663489
554245
915766
462185
791893
30535
937183
708958
71761
197334
966372
985905
334437
574728
84551
933509
300735
387031
3796
809773
886748
292513
796739
366936
846227
580836
807280
429319
559741
323743
255751
489182
353127
19688
926472
405406
247964
807343
200659
199020
59095
658283
247900
834805
489380
984303
468393
535186
349511
121126
820136
322748
857655
497685
968867
448661
37284
15727
802649
177783
650104
512011
640923
852284
664658
304543
79620
476693
223013
65066
917337
583957
532098
508008
241762
674296
615700
573219
265067
808057
501723
354775
244748
93722
51006
706487
837629
748507
538380
679871
350604
515951
835096
585637
158723
827487
530586
612002
922828
321805
961930
932641
89811
943410
542352
116946
411992
716766
441011
1620
272084
890670
509811
423169
108176
4940
784916
908143
22223
325398
879500
310103
11227
823884
648156
997154
590376
274173
818529
760740
583154
232851
358828
206550
63069
144258
855021
789956
693783
582838
395344
148604
204851
905989
332790
388361
50777
917744
464182
495035
508838
663313
687636
422039
529841
860890
766371
856045
165034
626212
96761
717089
341971
852863
257047
424034
336251
176551
67359
115570
544377
965505
796641
149447
902182
105273
201139
385627
261903
299446
643423
758766
232359
616607
475917
223673
510322
562127
659424
805289
192255
300661
285622
231689
109219
124007
564029
162360
514687
749403
330091
766823
374787
973684
774247
739428
416261
316765
990973
79590
652083
273145
118514
970385
128586
482830
662873
278641
502145
670142
525432
892673
177624
655907
908158
964325
200337
674001
485918
81934
165167
301480
559617
177100
453268
704065
488406
755921
8369
176430
997832
229633
301093
424136
324142
652364
103518
638217
451221
466817
766758
122248
884209
484921
196395
615414
631838
937790
965984
200374
389779
389350
607683
596021
917870
82664
666159
308931
507770
286697
611349
753047
467118
800171
932903
745675
588389
638660
791479
424391
53677
982470
487337
816360
212138
425341
715928
960229
585038
581000
36082
26265
936789
447787
654667
490766
480313
451131
288456
28020
73262
308452
419386
923879
103398
727403
169138
516851
88642
334591
876970
511692
852964
218933
550812
190240
680023
996726
918779
510210
827007
977475
852977
893980
407917
475219
899070
146619
179038
320754
791416
882795
900055
165400
796766
530037
229971
972241
700538
866455
718402
361290
550813
914925
24785
185648
663257
801993
908137
927685
524931
842882
971701
170030
739973
894311
824389
411848
24686
955469
207609
360019
298529
906928
170052
86520
618237
453967
879013
203463
700122
710831
61768
916941
124229
938337
498251
24774
678975
259683
131318
459888
692239
494561
265977
8863
813361
481882
934767
63021
386769
87446
621878
585767
715052
228408
219844
427076
779639
986909
965646
615246
481896
703825
58201
526369
617503
46180
421683
130881
903312
252468
305638
783286
38021
771057
936857
361775
775450
542637
608665
402817
853243
392765
573004
780867
827080
210371
202210
376188
908400
615612
20051
942517
53421
448369
947980
666097
837182
668073
144192
609217
373046
276043
800539
226303
15740
70552
345043
336818
155018
346043
66133
88486
89420
541967
476160
224652
247287
35774
723877
519474
46739
80703
47721
837082
867807
946400
930460
197597
378450
859519
914995
267987
735685
904753
666065
303668
262824
831008
838243
988481
83516
386962
930473
539542
909801
126288
35982
147702
138830
399254
418892
990942
703489
110337
198449
301505
147698
884790
166289
941249
246431
289151
206064
867218
182598
149440
530341
488283
599414
901711
493429
354676
901438
687650
221813
633677
819607
895084
711960
681672
829954
26114
447769
949617
775158
194471
782933
318933
600101
970137
607205
126717
824737
408593
17866
293169
543413
809107
823845
211894
975437
92604
973421
246689
415489
833804
963615
67515
299738
927807
956457
831556
180938
706990
780795
833405
561874
708043
350251
517961
627089
391097
991326
64050
591922
264627
742327
784299
640917
903250
888399
563609
615997
989574
869776
103009
29179
493781
107949
611612
161758
540420
852038
192439
894403
232576
848331
117077
689096
898790
977800
890212
884667
80743
661371
770381
684943
956236
462806
430192
582738
291638
610585
356296
537248
90239
136843
981053
726796
942953
165255
225639
450243
859345
773137
530023
308181
966236
277434
808310
706354
772684
961653
168853
75836
362526
366090
768342
902744
372676
122166
143012
200223
350006
654762
53769
230429
924283
221641
748605
161298
530282
911471
636346
337164
758674
160254
388488
974881
25981
94146
40746
835656
799355
841022
213150
359858
353914
776598
435859
451348
242402
594579
51946
162896
130302
196182
618789
817332
612025
34040
293553
549786
768738
350355
508826
735368
727762
391496
522193
185783
380670
7682
414880
733888
338614
616578
861353
237951
48987
674616
58952
752062
163583
782673
130302
130052
818457
734859
569178
494990
617525
950956
521649
17609
390731
781326
537199
865833
335288
111205
825413
585259
539058
625940
924150
47801
630434
312463
335654
573933
184507
97829
69756
116013
385049
173873
540166
983834
508008
47210
292451
453271
567021
304298
420170
380093
318939
432673
23320
217770
668425
174309
417299
316658
126773
329637
875582
407229
104298
288359
536489
349805
809419
414609
665861
440109
688781
651741
469318
179140
79395
412492
705137
432723
164128
149028
572881
853365
218586
230261
465604
738852
334202
532836
990264
610764
661194
569730
165874
219991
679480
591139
120484
485218
439949
514884
928373
422443
328935
663772
668621
252716
428240
876293
942447
491381
780315
662735
795748
164649
829512
652178
897272
302853
571324
117714
148498
126922
899605
700354
932787
492720
689647
966886
28003
636703
510119
806288
514279
148272
762668
755165
792178
690411
306289
288918
493565
78184
184360
393345
377310
714768
483339
752504
572332
353179
836942
840817
673833
147531
576217
600371
249705
306072
329638
791439
406600
328386
866311
850740
976856
529061
475377
540239
217806
631554
845273
601486
614250
494456
410592
417459
913425
101791
182178
93527
970232
145961
296734
126322
543188
242643
250592
112902
260173
31391
201343
631125
289239
416182
227869
609228
431037
635829
277104
20877
340916
512854
791775
243441
641123
751232
235429
709540
25794
326208
286002
679062
151985
14982
439469
908143
333874
349369
503960
507181
385048
128058
750373
184169
141960
871567
112134
897475
431994
525066
576253
423503
741728
49105
246262
11659
542873
265473
328542
85320
698745
813856
801011
434794
763440
463437
739006
84329
379854
196889
787588
457391
846711
820293
383088
510644
71301
690999
187950
223901
703261
424216
699306
584003
334898
669084
149645
737259
151949
485783
932025
708554
183486
294087
811510
493809
624295
817828
488242
132418
440688
933854
892026
786072
43992
749299
829948
88555
299931
113510
383249
81991
150058
913286
271598
707203
58609
706624
313335
503825
774868
805518
537226
800342
899381
828920
84865
53078
920226
494917
692013
319507
661883
364927
221395
116706
505234
771560
22840
541060
75243
956024
266945
306580
926803
721268
546296
711150
945329
763406
393931
211305
846952
218883
680909
770552
684815
567634
889440
590419
427642
365809
115665
812157
389595
340751
729135
789443
615157
937841
352792
610160
802370
938135
859463
590252
473317
209340
24891
358739
765807
723440
170121
646600
334482
416439
145089
76811
215442
142835
370269
81838
607834
911464
761353
933511
198096
567508
729890
225056
540200
690397
805402
208150
322189
627782
860935
432355
56455
943150
317882
898311
449593
819790
353575
875619
778971
44746
907956
648744
25572
813361
573713
891968
542985
369019
645026
459888
445970
995704
704728
872496
962276
524370
863662
598520
28269
183824
148536
998970
571389
205868
283112
727337
193879
697594
831254
813371
278623
178444
596781
496343
863610
429092
717089
135075
226859
10822
233643
142389
66351
622360
231332
338503
524652
501223
284405
264429
769405
765575
990909
233600
870372
685293
449950
506041
360034
59341
366247
177897
876822
428278
682818
503938
702292
512031
392425
565806
954693
654789
447294
536078
661844
25064
266489
246585
666786
823082
770416
326910
454067
867845
384585
147297
347972
457137
788545
610586
297116
485730
517652
807729
134557
579062
575097
44394
553289
319411
996749
892969
853378
284030
608317
761871
619937
794230
607104
797854
821345
964694
807972
219682
549216
867410
278286
204467
186543
437848
208500
581051
950543
832213
361775
529314
201315
100217
759819
560756
641821
99454
488183
769961
960695
32391
382774
130850
859820
851861
712276
505520
101902
274799
630432
377021
11541
754749
675879
915985
79157
19659
693788
928672
986230
61718
523003
155872
879113
104048
912142
800503
214578
504755
675460
419433
216308
488564
929283
218907
327058
345532
848634
897821
111518
477140
810431
949846
754394
462875
283468
671142
823678
709762
277422
163782
171542
162093
682868
275974
163909
600953
943314
772484
908954
166107
914230
35111
532385
518964
767861
471855
321512
313161
101779
805975
974044
672005
930467
92222
680777
694656
83189
552565
312364
70184
940515
256681
234696
433567
916263
484687
733938
327019
351273
387775
329056
514282
380355
583511
338999
901729
215189
690618
701814
270924
59343
943679
803168
44797
737274
989284
479636
466127
122197
297122
774212
531710
474421
200673
606610
850716
460313
957341
858538
559483
884561
435696
130723
9457
131031
227026
384566
163510
822164
752487
47556
679774
79201
228413
122597
26575
627109
820901
264404
769713
625135
373234
788712
405441
816227
699043
736386
871085
894245
844397
453577
761714
122686
193058
528893
178439
169284
401559
329174
96040
774279
67576
725804
968441
47515
663059
739687
580552
267526
57029
899288
221658
216162
35301
10968
929671
62824
609570
646268
833910
699811
575553
834023
985435
310013
345818
45760
794432
806201
122083
563955
301539
437265
525647
649643
872900
459148
827987
956665
371159
930341
511404
521478
160412
392330
149343
575411
217808
661797
950909
165122
127940
143422
448227
743381
349730
410119
442274
900309
386325
161396
260402
306851
792463
730687
320163
751463
170196
601944
926803
767861
748587
62564
241643
537750
398454
466515
518892
554360
702728
268330
918078
26626
26644
598575
141699
283479
372382
492375
196520
941443
125127
571145
502881
839210
582772
217827
26644
59512
296094
119163
688675
369369
122720
651770
447564
427709
479935
511924
552515
172580
655226
332145
761287
737566
471820
111378
58553
993308
411057
985463
540401
703476
964241
801633
30542
411782
878073
137548
211643
489635
233833
962187
767154
475194
965407
763741
856758
6813
804791
88147
769415
155246
200719
74155
595918
687250
845804
380427
972521
718582
973758
110588
239903
256129
712154
326351
729900
55063
117188
197974
249390
349245
174074
24495
752801
95535
32757
209680
208381
80878
91935
734602
30391
863884
852460
995300
58570
603780
101319
374589
698934
808917
624628
696064
256805
439398
147214
9959
376489
884342
240789
35674
617494
705872
921601
694554
305695
311096
928728
81276
27240
336453
397302
409832
884782
650146
798677
707150
538623
695880
884643
140591
506779
686890
788323
514337
924926
269247
21206
342851
320756
171598
902435
376648
789034
882746
441471
786788
356879
462403
793504
741717
959619
711769
376670
214224
199106
882078
432054
622160
557100
921160
890069
697178
341799
802534
179814
491270
311313
809535
710638
89662
767219
742852
74488
146542
671979
61220
672600
621188
911742
525460
965539
919537
606398
823614
279068
450960
368424
924208
79605
77436
36064
58571
127784
131478
491461
96078
309433
843619
84413
988684
825156
523677
476146
621096
557613
811518
328017
922250
94313
925070
968272
719343
113012
617823
150544
547445
840177
75081
460070
588459
673165
836847
296741
585780
618861
710152
254935
258005
563821
922879
170395
60754
960935
342789
260207
627220
333258
938908
757246
324163
176139
28755
492867
965285
516554
133187
675879
452450
801346
559888
722049
655129
462422
340872
200646
413706
550602
524127
609910
614232
661495
200229
905657
900734
723881
249019
193322
689111
906754
945109
281994
377640
205146
935102
27251
433957
271334
710268
319908
737345
398644
532597
963928
819603
835997
212776
418706
73119
28870
842722
414163
26972
542271
972867
409092
331683
531604
492702
771727
658299
933649
772573
974308
297068
168368
710288
497899
253565
92042
506903
764883
26121
74561
702955
699085
83427
514191
677003
561315
681446
343665
405177
308757
194377
698240
204467
879122
146607
823757
204761
139121
448979
805998
741186
638630
894281
938190
712598
431528
306114
788979
612593
105733
863886
366344
717479
445573
194906
188477
973068
938292
210421
675987
25143
31021
700530
575294
429540
644884
782112
926504
550816
558600
764304
298157
937834
669348
773627
43268
840450
284941
644823
989155
250737
841336
867267
680289
724491
69207
688438
521800
378565
424699
965891
827407
982143
478695
133088
296552
419055
435406
977647
449617
128031
331937
710635
165383
232258
813408
965773
69197
543997
282463
238071
535159
703652
270180
876573
872273
768131
181461
281285
491614
537800
994571
931800
3560
80955
722652
669558
699363
387096
733873
319356
206495
620052
574553
738023
178848
564956
90632
552517
838683
856512
215550
1698
825717
22535
755439
782587
748522
574992
779262
528320
475122
113681
840643
180889
84488
611262
819001
711275
448097
681877
141012
414642
396766
108826
849399
608467
866209
440077
854629
134972
613687
944246
599145
205072
304142
311778
350476
120961
252473
484515
288832
369029
759735
266586
106014
465827
153630
709821
521775
558874
740886
321441
670413
792673
595834
102107
100794
542033
886004
704317
762897
174096
65934
139900
733257
266873
687595
597502
107833
54646
563066
930867
450766
584283
865628
676417
405878
117755
489759
497389
253030
357568
185896
656049
872331
996953
589709
321013
818642
650306
621984
152155
225203
718952
377716
855514
936120
384657
245876
486005
140755
151722
171210
734310
838622
353756
332930
783144
77485
188219
355931
244285
542020
492943
363770
464547
108017
92621
99806
684107
151627
950677
698437
906871
197281
535571
661416
470199
237462
532228
287688
412308
768062
553248
467392
32098
398668
775860
174998
51160
900628
709762
74564
900695
113754
527135
942765
658705
225278
479685
40036
68417
110285
638008
526799
411676
683459
968136
503282
545735
340805
964062
973193
182621
479000
227408
598187
100290
430692
301413
791938
719600
353031
158093
408592
870867
245398
453050
874294
430172
427322
23327
537385
949475
721475
723669
373361
803433
52009
98482
524596
346090
632968
929413
506113
573876
240529
700709
869271
384365
247761
110927
662362
910386
748130
436789
765501
394727
711970
941829
982647
293178
952645
735195
103964
820962
489527
86788
95782
150823
631350
468534
576653
471093
330227
281468
366592
369533
659258
962037
868600
130202
793601
471045
723227
90142
933615
751785
232220
520714
850952
426762
373592
669346
233448
480038
344880
311590
583423
643548
728881
890582
969326
26265
102758
689019
604087
632738
498791
476643
154085
602340
775440
783343
399268
536719
524850
46755
499705
581884
237216
515489
86465
865490
313943
813868
353630
367864
444208
28448
639686
832189
332622
746275
332377
3544
845084
212718
569731
397101
197366
929648
612934
966314
770923
718495
555996
753547
404247
484924
952958
705376
116196
664431
379909
254984
171662
211834
897953
634192
94368
489693
656378
790229
764145
327039
625390
676191
792855
897321
909659
322682
497986
335050
845631
939908
439326
429489
253961
941710
48375
352066
417428
539914
834704
769
244860
483155
493921
187775
486699
378775
888322
35271
326377
105463
44751
397556
969138
101141
709122
927945
379603
223244
129689
26275
234839
174823
682187
245807
714082
860601
13884
51960
789131
376814
870798
577061
911323
958448
437366
482469
95491
58419
870387
760936
534400
633836
650108
754186
765960
501103
158448
958827
895050
790420
838693
749489
49189
971727
39347
851426
212321
141383
211329
977010
490134
292521
94382
590664
65117
144533
405731
533917
663313
426958
363846
619435
816452
102766
726639
900284
581008
8389
570463
196134
315223
939636
172190
901852
386910
818771
377675
137457
987955
88300
61818
538214
503600
207724
892973
520121
617130
828909
176060
417326
491760
820267
61365
696917
717607
359445
285532
404004
287774
567819
215699
297328
651207
187064
482870
17267
714145
170623
609769
614511
866768
386335
871581
88284
944832
872184
138524
236771
422884
17584
521071
839577
695773
268330
645578
842011
813119
34231
299437
253294
356406
773621
637154
797289
872342
345644
502217
806935
364202
427231
581772
686997
733803
563807
739206
714523
276988
230998
738018
753878
204129
558490
606162
138364
716193
391372
665102
758612
610284
570984
7071
277512
573267
104159
914653
754016
596035
158324
986373
899010
338352
676417
466321
399938
793504
496481
291304
1924
618044
632989
451329
919558
764582
987614
808862
767194
525227
714258
540753
433039
973374
251908
968957
287540
71287
844616
244954
109219
65737
133559
803676
194894
557720
16569
628780
309598
201054
963123
42776
375716
186504
458109
768442
546485
480846
964334
226578
835770
127940
749016
880180
776132
489063
481045
148840
707324
443579
729930
384193
647417
100305
758630
784861
38007
556085
65574
608721
899448
713789
629754
766020
483339
192037
88699
861111
566069
814934
887683
571551
112211
629333
880970
333000
743717
63356
453311
372060
552401
67302
306291
697718
861098
390184
906538
19533
461320
586995
505715
494147
971218
417694
467621
137657
488089
886254
707749
133738
747344
609992
295841
881578
408743
2406
887217
406680
870038
544848
247361
725501
230298
986043
204644
703684
137330
628126
306160
707625
449502
55945
952480
774050
425605
142933
15790
812157
699074
442331
312870
247525
273025
91272
972655
315239
394881
501284
193672
322981
589920
337851
12465
892349
701825
389513
191712
79846
52694
591928
238760
376638
451819
224515
392957
597700
6083
321092
525392
348409
278836
978092
640611
62099
167609
169037
776747
746246
333177
501573
597149
107279
368949
189896
321646
100035
504822
254078
510104
782963
53622
759038
224570
805362
289095
247231
343815
90450
479976
851915
652458
746447
718505
391322
176686
954597
895475
801925
670978
114070
371020
103595
841636
982667
339368
431365
568090
663653
480841
846530
96763
82222
877521
934737
481064
378020
380266
802472
371635
923668
346713
78147
572753
644811
768964
921617
17659
551809
212442
895691
628173
826522
165340
828306
365175
610877
949623
750118
630090
351233
252966
968024
337162
288525
180814
581035
918444
821513
122112
894403
719755
516792
884559
899447
883373
827679
889972
20675
642468
963371
664608
519144
724649
903825
605933
720533
301894
570436
489920
822999
18799
484107
792524
542320
409517
426170
653814
964744
818321
202052
857456
710878
102786
354523
624222
448503
294806
202464
200482
837351
816276
477683
512070
173670
139255
181846
415013
106661
779731
921050
914245
804455
887646
829284
78595
272950
214705
386353
971604
423285
49504
893551
119390
855010
783317
996148
533542
563339
981672
586204
870946
949740
569633
463457
809989
869913
703476
187303
33216
609062
120729
220916
997594
115190
259806
192499
244402
421774
992273
947036
451402
815951
893498
924053
145363
957957
360694
624743
142484
693771
597541
910188
153491
357944
190934
652109
448470
342900
564181
986244
638442
197247
678433
629334
230944
717854
366858
157485
362221
540209
89977
91395
969914
872697
455536
361588
382640
770146
84423
599365
286514
356673
144054
56199
404467
291274
495784
903783
232434
374510
407704
268630
706680
238145
797260
828846
353022
611255
711900
159035
645692
940437
837590
613755
227588
659784
213022
641185
383232
766427
138918
133601
351265
763218
624850
670044
171013
263829
643487
66783
45327
488763
529090
585342
359409
867865
909446
56203
472710
617827
717664
923513
533239
570374
78868
831672
152686
141022
144840
736463
152777
224303
806114
229007
393440
439745
905335
784715
59219
589920
753626
966864
409126
387036
524652
719355
938322
355998
491282
824098
599999
16316
376555
499881
999389
117974
179703
268402
114771
803289
76570
492080
259682
859388
135367
550723
186401
47630
945582
192624
100305
341884
810411
900898
643920
901432
220835
210269
257485
123322
948442
899246
209698
288238
44434
296574
76985
463120
975452
640460
516005
189804
523608
759819
707593
262045
343616
517476
30661
419957
12858
560738
399862
884128
330740
989655
854250
964438
2813
416115
838842
771175
715443
653808
980980
505075
647796
775014
837153
568139
958735
355007
17554
394615
929451
572151
598981
40604
310870
976455
608556
521750
494678
495001
531243
192969
895459
598152
190888
385381
91732
574138
66039
651056
672999
844356
854324
42316
253828
403522
364834
56353
547857
796150
68986
617250
194925
460880
629801
813422
171199
314434
329045
128044
474881
165186
452361
451264
143580
89353
696479
267221
273744
724007
72906
967596
235849
224237
186500
253981
737233
427091
729760
103599
649975
188053
243478
331848
658266
422347
350892
396027
860829
852782
173441
99786
715763
485654
625221
551469
697385
160075
39430
933499
663552
871728
944407
841848
129416
823549
548972
246457
424487
384237
381521
418013
839888
196503
916293
219015
162676
575390
794128
395364
790614
840495
827829
177062
495680
624847
375841
670311
403285
697062
143991
791213
224507
373972
573267
292196
489720
117213
737863
257435
318023
556342
781545
650998
776473
572907
736352
972280
368244
350419
892691
205897
89615
46290
659914
458272
709977
957210
460306
520765
61339
418275
499176
357592
646539
976078
462992
48937
699817
741892
608467
379126
140871
415958
334828
68661
362203
605346
850790
50737
912833
399192
371215
73136
885660
708179
937065
585842
732777
76660
139223
935449
189819
603827
990797
276240
39306
568812
774872
776414
52390
440001
431853
360803
146989
361090
110356
717664
336976
955279
944093
280873
408300
821005
328800
414656
839340
769986
952003
798945
293633
327037
543260
898052
169901
751250
910875
3745
892539
165646
119179
880299
298670
837810
560449
971720
944325
29044
16159
16091
312619
148830
92685
357384
893005
925650
514849
701523
815450
565704
740635
341083
163403
