104389
539649
819228
618567
388919
349537
620854
176305
157903
336384
94787
185336
165278
942957
879951
694558
934242
292434
954296
703980
749100
457276
938172
807550
404589
694787
376687
416389
468753
2235
260505
181131
962648
402909
369378
989833
873537
707944
248383
953425
528493
440553
371075
302138
272990
476565
339694
571256
561826
136148
939938
224094
40796
537504
679381
312163
906002
278367
575021
136311
124158
955267
471203
933710
944332
465156
381405
969660
386474
978837
604745
994202
514517
135714
199329
73244
85006
326905
525919
824468
831814
786072
636714
486539
920672
200381
329577
933757
93981
43052
391148
384618
316943
677956
549674
944198
306371
228648
305294
412527
145150
809365
398054
571565
683941
272806
596524
322790
583577
370683
753938
170766
253683
209411
821937
712523
205935
732966
145306
528627
189589
124006
341788
209214
561323
762242
96554
914440
646029
973779
3281
456773
747430
134522
885361
578024
315104
627301
233179
123692
44549
785566
776277
234173
986046
137911
594744
989973
822356
992681
18745
3471
706849
376891
891669
671637
865851
538882
309414
74046
210653
620226
415724
800405
114459
807453
963625
514706
631378
329295
206715
313061
292369
942587
282266
619420
299309
181328
118565
159554
104964
490914
35218
764479
665818
64132
569841
871922
326876
693115
557221
388973
140219
941886
304031
35492
466145
988649
622429
688151
783667
510760
416142
319961
462142
866580
760362
69539
42609
847099
348233
621191
147276
681721
99412
520877
218120
110622
605430
468174
616766
529869
895561
102929
572361
157885
990962
206309
642944
347653
603030
124192
613227
768291
712557
355685
751402
791543
952478
338211
557426
14230
803447
529585
703941
109852
67134
919738
660355
424468
108411
244833
951370
877680
349901
78806
394863
156270
372345
274588
518750
599281
91219
987885
212843
858790
911580
160438
691622
363461
482769
687709
525486
478934
867213
333809
766100
500339
870755
19247
452473
913025
161166
400356
516850
838169
605286
41529
321608
806809
174383
329244
776203
582263
327294
917671
368186
504701
698676
824799
296427
113401
668917
291712
713944
309095
292434
19352
313326
15470
671157
951887
12354
277040
768906
586189
94794
918700
949383
475156
340626
638117
609533
887417
126722
903549
598538
531332
237140
579139
81156
235279
433864
530523
183131
530207
241669
987182
414876
361714
865183
398974
797624
124370
277104
718228
275858
801909
748936
404139
657167
549742
276596
931755
94681
376430
812540
422771
881225
658285
738719
903297
337383
686017
678507
850710
515098
18265
327527
299613
958306
417862
696078
927842
646769
327705
672568
729578
419570
532494
914773
139492
202609
792562
536314
710836
328443
757761
410147
653930
824147
869610
992607
183881
659455
158941
364826
840846
13089
311195
11670
390382
569167
125973
751951
742119
811590
46761
519824
865692
104442
182600
336017
255925
111985
359588
854773
276280
816112
106204
825202
863067
330616
444376
986543
475622
352984
18310
770500
751119
436792
73846
60693
691276
408401
873087
720295
677406
294660
847495
912202
791493
275484
197017
864061
953263
407603
349230
531624
49438
746229
257471
595306
575391
382400
951332
484851
843599
523969
181893
171558
458420
505870
601129
196017
773078
411693
233624
404691
215049
750227
409300
817189
144552
274925
123782
835719
175299
183604
736191
680076
637132
647857
644689
719617
841662
331870
340914
471522
610063
878148
283377
561586
642438
424761
280109
372412
74441
902923
271524
504891
551893
832769
969672
541521
411518
260882
496462
726327
129645
423281
286336
938964
628899
530797
565018
891594
732903
758159
323073
39012
663987
9674
82827
859396
160051
536530
585067
970612
384870
406143
998208
586688
796771
973884
460686
518015
429562
680579
60026
84976
819480
952668
103640
767756
134950
603308
769592
101505
311961
917381
656190
820654
740095
706382
975379
68780
232072
332104
3352
398401
886066
265108
297843
65670
955880
884856
253334
197069
547949
897273
168629
42908
527058
305537
991813
885336
451799
432612
178281
789505
390082
497183
120185
958778
827819
275633
367893
45278
457600
457824
280075
832395
412138
940753
297525
584272
802124
675912
63716
159051
931528
7596
763127
217087
91447
416870
397531
148189
446345
162160
844975
544576
582230
72955
318077
838626
537548
955752
199864
760353
229686
616854
704853
97961
802839
948084
995568
710126
739546
446203
655523
188561
845250
146860
801350
667490
692592
551079
906019
894018
776996
425074
709274
422222
620883
494081
833613
197723
975731
972295
759091
447511
147292
522263
299268
292230
977773
37322
986117
653938
532694
38054
15041
470958
219545
59979
856674
520780
589442
672463
570519
855450
375124
262273
696806
64310
346399
610469
910272
48102
401484
434344
903305
721832
496043
885731
870493
246109
173536
689494
378961
206719
195363
587676
178298
635209
579139
811025
345874
777890
207937
680152
206497
735099
241307
982647
720182
148278
513120
446854
471490
810218
945815
86896
113291
846837
914834
86359
577399
938032
145642
359273
135976
433217
996506
219760
704351
865683
655848
180882
701095
526785
367116
113674
374523
551278
193393
919731
43339
814163
596404
350698
103157
526688
240903
504873
209090
13236
386793
887013
206223
90465
783215
301512
678745
154741
387495
611812
950660
59109
303887
915368
845026
235844
112199
716246
873161
52050
684540
119305
719345
570778
782883
85086
261043
603205
794566
211650
158744
390919
339218
73431
2631
533430
926686
726946
683398
950892
424499
616333
901579
939107
319723
141157
109729
972521
660494
996164
685755
871680
363099
659559
549294
273808
55269
453070
773319
528331
995090
886634
756295
74627
88319
963928
744119
176040
387170
966854
856511
827704
331209
470413
123534
527442
551595
311395
605948
240302
227231
235534
322386
729645
350304
219265
873734
862791
392191
147869
814105
528728
142693
882144
124241
274572
520420
338533
722896
279344
861424
828199
670452
170677
773733
159156
657488
666483
254180
210148
903619
983179
391319
397622
120369
261528
731508
564600
562389
340884
899168
3162
135992
524891
891682
752817
172940
931242
337005
841198
526151
501608
115852
999173
740001
727597
329590
71811
384019
769501
725940
523355
391505
786100
372482
901963
529770
491674
379219
205732
637982
179006
375389
415966
993056
169616
614061
634638
231659
726526
846241
582866
420990
821097
950349
862220
515865
924397
652904
156420
745289
689380
814665
689483
897236
185124
920625
119706
697560
913095
480077
884967
610949
668478
355334
127599
2668
207891
352184
221700
343654
584314
682935
133783
145744
589433
910564
450980
581274
364322
526566
76375
592541
4090
289318
304781
949577
562069
298529
393869
783644
760110
40598
782159
754988
570943
268219
271310
55800
463498
84078
841244
824799
777258
698842
359211
634435
950853
933350
691057
544442
46422
621938
787664
459538
216415
969660
836757
780779
992080
813064
652632
100092
623470
130365
133860
927967
727150
137097
773659
912686
793634
566721
476049
645951
961191
512225
557149
351029
235833
472875
394668
104501
438298
528408
779906
629067
359305
32342
530605
354627
957598
215734
229908
236196
794310
358427
193796
802802
351264
634691
222301
801683
146025
324984
797793
570056
653824
374062
763135
415375
320267
931012
766653
878297
212606
283622
640626
599028
100948
579086
940391
697140
457467
502951
460056
397402
932782
188443
412033
606225
34804
148657
620153
535574
430502
899614
628408
753467
322675
20399
846225
471117
462785
958520
520123
839605
240417
751074
152555
347096
111950
678745
511381
476798
161828
818361
334556
480366
681844
986543
872820
544653
647246
885661
255715
719782
540578
70346
925583
575321
820521
333957
264345
796466
17378
588705
661473
232461
953606
107681
647718
179137
718600
275348
145968
151630
877461
497595
292434
299090
540078
371571
109291
780102
759957
394239
532861
126667
473256
432516
256153
158256
786781
505841
695140
851917
113292
945614
173665
235472
921160
457738
809294
454379
760127
91436
341583
904454
254256
641284
413765
267056
699983
521813
395881
99154
118200
968901
722451
179255
795969
433491
704997
629267
912640
103806
191201
753638
774758
418400
356698
446243
731406
509840
336433
838904
752451
452599
518867
595469
602399
478180
382785
65793
862464
468592
792800
4298
167601
640830
730678
252740
18718
824616
866330
852511
705673
796726
39588
162548
635001
479864
194329
708396
958346
667263
487006
339279
455116
247108
233409
170368
219171
187183
822213
64886
515267
334924
115857
259567
684035
763291
840966
13088
525473
706191
817718
151542
562204
991415
517629
128996
47176
601241
34779
2542
586746
151630
489096
635125
431961
64460
989027
243207
659901
451785
953752
609049
71465
803680
448669
277493
416827
70163
911872
684790
610428
688037
923379
357942
938548
503359
427514
19982
49966
345290
200817
568484
680070
552587
560488
285744
845530
988428
998588
168574
60014
329741
709350
619849
169834
822838
324648
740581
810910
297
544853
177730
183188
569960
788570
260142
244824
901434
700373
557656
817269
104401
717859
396240
243104
134950
878701
854421
341873
708418
881534
842380
533251
306895
475573
979394
921486
338857
322287
266781
598649
361635
601538
56519
885579
203364
447013
454711
233755
558917
54675
389236
86873
367976
965628
292166
506393
877992
955566
457528
178238
159513
714256
147746
874768
129345
445599
980255
740025
148281
931148
401063
164000
737058
700064
279780
658174
352936
501537
437177
57077
799010
412787
475721
150723
856542
108601
766492
50765
168418
760225
352251
336401
662403
173302
364529
264867
930249
805463
595726
977879
233653
899006
571032
259028
386720
519433
372324
670835
589899
452452
855634
987316
620780
798359
229609
644903
802243
903422
976662
486035
919145
268627
505012
657831
699148
247617
876750
518058
227827
66821
498044
470541
294692
896175
571710
52942
390801
274965
711263
368801
667181
339791
640778
249279
153438
289990
938354
698559
174560
738912
680445
16230
662414
327738
838935
89317
844123
664784
899586
377853
73104
397871
557678
625738
814628
671931
459825
177736
949607
110212
278771
6844
292224
475376
351276
332702
512224
215883
232417
300734
933777
323393
758102
151242
9595
786716
856935
856802
768204
813756
866389
667128
949110
609111
238027
951166
172910
848456
128160
188381
949314
84844
792144
138518
818909
836207
270828
494421
847882
808625
326768
863451
34801
28334
931087
608727
982894
434711
50083
953411
649400
605374
129647
658821
74784
340145
649326
640837
295826
367999
782579
673557
888488
828385
170301
238966
349557
699313
910488
840399
214386
564600
182166
577310
58362
907298
371386
476916
955114
419941
98816
614863
763499
948331
234741
179863
207422
464051
216321
437092
918087
364152
360434
723800
230795
105080
765435
789878
843370
974473
525162
71316
161663
607895
149090
697013
358269
572507
121187
16036
738589
836860
47380
387513
377363
403861
110578
340712
522221
682449
538248
940429
192737
306532
171345
614928
703726
911247
793752
376352
779069
919737
91137
988694
629019
71123
488050
370504
122967
698017
757670
362706
691057
336174
800000
829093
225893
201594
231206
97167
320753
508412
192856
339155
453533
873222
882101
977248
162627
403851
722065
617380
784771
211685
97247
715196
567659
123842
479960
93943
460002
193548
626619
600283
640925
290685
121937
87602
871788
229435
113506
6959
89869
663111
269472
852916
800683
287084
489992
269100
908290
698460
680076
403648
31973
67134
125572
559320
492592
104494
166743
786003
436018
582085
995430
399647
26981
100034
653013
843154
903531
328033
215041
66597
354582
660954
321532
560111
327305
466814
351456
176683
935114
612239
399265
990079
807032
371943
982629
560342
251844
919117
899926
866523
167843
917101
77481
174455
582234
63950
609246
871559
183352
997848
523864
800253
176591
580594
420605
271646
599501
152687
134971
628748
516149
894167
593022
111481
21248
536048
576877
79026
884489
903961
751285
787714
13105
638116
388753
485410
981314
252021
677237
756874
718009
659587
105289
195843
438673
343286
985996
707104
801460
288421
111692
842657
576896
606526
721843
819019
816028
269172
521745
258443
182308
224455
43530
429664
752431
144172
223360
816310
964344
368494
171250
457741
423106
968833
26370
223326
580933
40786
11244
22280
709521
316256
356854
43921
825393
428423
750606
697673
163952
937253
790714
39941
149009
724205
372338
994812
221308
646319
856493
126361
441219
415317
227231
63741
913061
755496
502678
112027
124963
67897
571724
531749
605430
136745
839041
541931
974067
664855
801641
749528
128478
148693
880824
546602
179450
118664
25825
565878
409202
927723
849371
582548
11095
750971
470849
257459
296395
902362
983216
305496
949517
44344
549924
504514
370898
749861
652494
838026
104367
753197
468990
653618
471587
557978
243401
846934
362272
456185
233629
592974
326092
55029
406121
599368
550761
951964
497091
66833
269754
581616
96772
771471
99626
545073
427123
384445
143135
728016
506506
719957
237578
102209
298580
557986
617247
617841
909814
431817
913365
822145
302957
6555
801733
399499
843393
373621
926734
198878
676155
307751
40983
349345
166637
790532
979996
466202
938293
302504
725198
8493
653327
972457
729006
424852
10909
850216
559320
349818
763744
17435
862611
592761
377157
718775
462785
102716
353349
729390
745390
199174
93238
970778
782886
551331
671212
59772
142698
491874
499914
81173
419460
273379
439483
378314
393897
356510
881430
147708
696623
106106
297248
271459
884943
401562
705270
155320
674101
665681
70662
86479
211214
121162
96879
713755
262447
288292
54160
305411
331690
481818
791180
520682
64863
956999
830700
485915
156569
738915
606149
217623
105438
922659
830700
117004
535847
106910
439471
954338
648243
771442
422494
321841
725973
683522
14715
980561
410602
234940
862128
168506
653478
360214
378315
499853
892740
123782
316137
656718
59162
386883
18464
785058
991757
561191
89892
687624
998043
345361
443264
764782
876039
408254
482553
872212
225908
846202
807205
104202
246470
645173
982552
664471
199647
12705
831516
702728
671190
946755
831685
294544
717173
626624
309340
77861
823690
179984
388944
414032
1147
472591
252285
941231
306574
292434
487869
937622
526548
875375
755534
497423
366405
119118
656216
902660
279062
809964
563964
437266
741745
108803
242090
474749
505554
56652
191026
419535
499148
139473
417078
125560
976946
919178
346867
186871
286058
44621
349366
709082
810866
324121
197223
713612
117927
520850
582638
823462
313002
577063
392856
992546
974668
580714
88319
614417
287225
423563
568952
470845
790240
34663
763546
628677
378916
261992
688146
73621
501481
724386
133075
67385
606585
50916
285210
447038
442606
872675
14149
860810
724438
107031
210375
884668
927842
513768
305335
786072
20372
528464
558267
104018
507934
357464
566830
630992
511092
824965
899080
445451
325219
422536
832148
46516
766654
877967
95340
228369
818517
977050
591729
495164
317825
52229
679653
497541
471624
874843
401342
804858
86259
257343
313633
537372
848373
633481
963420
260871
939542
977248
534181
844842
478729
964893
291322
337539
727616
986545
840953
769094
491496
969451
497027
216753
475601
701698
80566
838267
949503
212623
367773
99891
242374
110648
174075
856539
209077
899356
6020
884684
424714
31357
265121
334540
519462
746972
885420
527848
38708
187061
345936
439073
734552
421138
794392
311743
704753
56081
778078
606658
127727
869675
591306
688145
402584
824060
575752
909989
827880
887320
312482
973980
188983
469396
120054
617742
386202
636944
688215
57692
654543
607540
491942
743206
671344
800680
306605
804238
546994
486204
349028
56470
239584
388665
680339
191869
720755
433562
10490
389400
915741
327234
431137
891836
3785
730032
482576
751951
481066
159818
743465
632462
942587
634403
754360
97288
763287
422679
478886
845606
531455
736573
830700
817534
754177
185048
265934
381655
590370
841816
321400
117708
349269
916424
33312
66597
216810
446127
828107
705141
43556
555533
484676
84554
241012
370951
61031
358839
528086
990382
144547
599920
139602
86124
475749
608855
584601
676277
575959
152680
840537
95910
669175
244638
305656
582398
597227
383267
155214
313344
728545
775733
27328
990734
517275
22049
613212
933983
555324
825455
395650
790522
63569
113608
208767
153570
281942
701703
298332
681539
996925
784911
146844
410953
397079
98203
435780
775484
585191
964243
613257
64459
357759
615966
413366
163447
974346
69734
238084
619969
338171
816337
710618
270118
875539
326578
798358
178961
724543
375877
768452
362001
51276
530644
438768
935956
35216
227732
516651
455988
76923
139492
600099
677186
271831
703191
374998
891914
609609
973447
955384
694219
279864
944318
315691
306179
953851
588099
167376
324981
565319
385639
983557
578667
970223
30701
144684
989945
514112
739153
33918
458890
7499
478222
467567
778659
232472
113281
648836
328077
924138
447255
152373
731550
454422
577875
797874
836616
59701
258171
597507
14129
319041
552404
110485
746661
401752
881826
26788
581865
797711
470302
417716
958736
926027
932240
172690
249430
458006
490065
461485
194000
695859
120281
355441
128450
676721
685598
943024
492408
138096
92765
833318
439781
112960
696555
607264
793620
791604
756365
363828
30429
894598
541126
958021
290132
963414
314292
898921
442426
660388
76068
873300
221755
342696
484848
14617
882569
972199
587198
920194
673148
674965
71383
67134
789660
716936
620316
471215
371385
909704
784692
99058
866628
135070
641434
396319
980871
338516
277422
220816
479643
893269
693155
304800
237747
376368
360151
251789
645465
874615
812961
997550
52151
559666
896510
419039
821186
659763
865387
118649
928511
866443
468527
685219
308185
803619
757391
703348
172049
984916
562811
434461
352812
412631
308607
326331
767936
3924
662577
708222
357939
20693
182548
358148
75545
78422
126184
820642
583000
65115
112816
644130
789439
726584
244859
937581
442677
325219
57674
545857
133313
3491
904446
243892
168868
585604
112191
37710
155892
491599
54873
144964
69360
51439
233409
797000
697778
4615
849968
548797
162144
403479
465557
581303
512793
10526
321071
603484
545583
147148
993485
538442
556293
257597
228378
642461
335690
473133
727884
325545
11811
179290
810687
494166
834752
190367
890684
732
518817
318133
975513
20147
100573
764323
850492
164185
582613
23958
550055
870436
749023
421235
30127
683274
399603
170178
593683
145794
748865
140883
491328
443180
165126
43125
635781
907601
931123
364635
414748
415250
856358
956209
651549
874472
794848
579665
12621
94280
533132
504463
851258
263235
664603
194149
399603
471745
233897
86328
482108
607419
375105
626609
351117
866443
483833
231272
935554
875560
232713
775318
597570
746240
847591
869964
850308
499864
213912
268377
791887
580477
992447
22882
226028
86358
535235
385847
797764
263472
783556
820088
885342
164823
763903
383095
325889
212270
793464
533815
827359
459804
748006
409353
374297
662062
227573
374822
375100
422650
468402
357980
328164
962512
310294
554315
189764
559338
977529
444690
944130
574861
54318
735233
497893
666043
611072
234777
48128
176040
742554
855853
599922
645543
354409
74042
644431
441948
111292
14480
409081
404359
216700
68783
516094
454547
840501
649748
996179
23719
297514
849092
424118
454465
499020
776728
836297
649570
699872
59581
297711
583363
576988
5171
994895
227225
884051
532053
524233
173261
129234
719275
366373
210548
632267
867979
785975
659202
436183
392147
541519
547241
705958
381636
411489
717554
616331
45487
510756
525318
493751
273719
913179
75345
332172
905803
827775
331369
472576
841101
498003
463840
679352
21930
40909
796894
589433
43548
520438
74801
191944
978952
114577
433975
170585
862195
846683
100283
155474
448669
572550
756235
867443
576896
378703
945194
914584
913037
325084
307840
984585
785599
687470
270120
67277
69981
349185
171811
116233
741426
959773
708119
336966
245326
486354
447752
507191
651111
108217
571152
501426
574549
677905
90515
893412
546125
798732
381436
254064
735388
707805
763813
428104
810071
467361
919005
486498
365730
609263
827144
978178
310470
348222
633635
253321
827324
725628
102866
347202
650531
594936
907538
327355
163473
127773
489507
120953
933511
410193
769986
790991
74853
696734
7846
222588
820470
693785
970858
467144
162600
235875
613084
534289
127400
433079
359808
441286
898277
90469
921707
155337
621209
861753
504596
623092
956209
705079
781122
362164
587729
478782
419859
598142
555490
745501
164450
605392
152304
869301
954807
437775
179810
490588
375204
883241
636030
362800
143753
78189
877367
734094
493280
66597
180290
889669
141270
522737
322160
90308
684687
771887
429279
809254
261417
635018
464212
99112
722508
993298
90859
350698
947622
579253
858406
463175
632645
43052
722441
135009
413984
235405
438934
836843
221872
441662
993668
161438
412451
409815
559426
946753
749270
766633
951177
478778
318163
796905
461140
336785
676081
729384
198605
250653
952842
946493
689245
979347
444464
225755
542664
851160
820698
972449
881133
731950
484192
525116
254204
536043
171345
952747
168552
956327
47032
205242
164877
329815
308689
573147
209967
752053
350544
963606
177985
600283
540480
764982
656807
217046
828659
540449
248971
823131
111793
667126
353016
797868
100001
752437
652632
553004
989166
728376
579050
944561
345588
48970
120363
390647
278949
144559
453120
94484
478990
321773
654584
571534
366383
331018
313824
936147
13808
845137
861725
57340
517186
475456
416678
572277
693900
732458
76938
197942
172418
945582
160626
109852
129982
757990
27353
345406
236377
150404
146193
716161
609155
320229
881149
706880
137739
390094
563800
336360
760694
340800
164844
941032
138086
110662
203066
287825
41235
808370
884784
239057
499275
905684
9991
847543
495404
297931
424864
170951
443426
28524
497749
413377
503788
273092
637977
457362
747787
588451
591901
688576
670878
215423
676239
60941
397811
616792
169536
266553
9655
81549
267229
899168
391395
168009
90229
166780
26676
358321
797456
204250
14617
419314
88480
537425
974214
932669
437536
780808
295395
365511
115084
909922
772547
451584
610475
494984
774306
583274
170203
165907
747545
312207
205970
459309
982541
449627
1070
253052
511941
281000
382034
561268
16714
604342
916420
708755
165416
532053
969358
493264
255066
164970
113557
858272
64707
816604
123191
76530
733133
477081
131473
821736
524263
278270
692473
670252
577968
295527
71862
566889
684968
647126
539643
849802
639950
466178
920855
725588
614920
430502
11190
148103
308484
460696
793209
692307
79270
600226
510669
428317
543352
788166
330113
813231
55446
753111
210323
287823
766308
680549
827960
929629
216394
343268
597054
465988
638379
451267
399202
191540
980824
576739
429248
830693
422946
348737
781693
693471
819759
304802
181769
2080
201935
226364
297085
915230
518717
108900
392448
61031
648181
241049
796582
496784
664467
504328
261207
807871
127469
928770
791230
230234
978841
778633
525234
333464
841167
840206
914968
175592
255044
365514
559539
183671
576587
78343
922687
37333
100655
507950
677736
337351
427669
506044
237811
29073
382141
355457
985788
58972
173890
966030
382995
91071
138986
757847
119305
930909
631261
240913
642477
891627
152563
67443
538524
17800
259159
749618
113274
688755
16829
791032
247576
914931
415021
804307
414231
933094
314423
357090
419314
588974
979298
908965
134210
490934
550658
413037
504496
177757
430038
839910
210973
642513
25012
540936
434199
743417
46938
455988
552941
761794
15616
388010
888155
704530
889740
717173
522401
50682
944400
544925
724438
414094
693586
871383
266435
172436
915566
890192
129222
986038
628102
193356
149866
807381
224092
835710
127301
668619
361958
373442
216312
590505
891374
906431
35358
428621
906916
293449
982046
29546
25121
489942
102712
988380
191079
640648
816400
654612
674727
63244
78980
47380
370530
231572
58290
84305
862604
815735
701227
290826
881286
48407
999342
736469
150721
854358
596870
991108
924392
903249
217577
345097
65435
434281
198720
887603
740001
830656
257405
614824
485013
404211
391731
252238
68324
968232
62084
572151
88585
922289
964981
733689
180788
269151
26829
279718
398884
837047
632958
567108
440983
730157
322569
144590
629756
58871
635154
280954
20865
164315
127088
284238
343734
455272
88847
281809
489824
260994
764383
350143
926045
634215
419490
503016
928653
400870
430121
321672
302620
340956
570519
343359
541464
67534
570039
349869
401973
817325
46904
761706
310986
9856
831684
802548
783085
236464
397286
790540
374909
732588
863628
566164
447835
198850
941970
24636
47736
980935
943368
268558
23750
160060
120268
483841
71212
156610
129846
635001
65388
532855
952224
512734
610968
489062
271504
942059
774283
367776
256005
758231
497113
144087
888202
127915
349324
246220
211046
948858
159051
840547
588204
650620
824269
298069
715370
592747
140540
613859
116134
491876
253515
656863
13033
454353
673031
906916
220343
232670
716410
118145
946493
665323
632691
216428
774247
566149
590977
173350
820109
746599
451416
301636
584911
850597
360578
984564
52120
915655
425321
779279
497530
696036
897697
479462
197820
302137
121965
817719
549672
237414
690195
616254
272523
410760
380862
381272
563253
877503
46749
480678
359027
254944
448240
412174
18040
898365
107328
908780
943333
755969
28608
268033
734013
972281
96705
943418
987863
725033
658359
824379
779349
274027
706397
182825
530255
468614
655201
928463
554523
362909
155474
47032
803213
587005
303305
97715
366626
262067
608693
317264
545265
526902
241605
752690
834788
346291
276280
137397
258834
432058
591528
280120
918851
432984
19945
575396
344439
414774
780757
979481
429130
996435
824195
264992
365495
83905
63357
445590
791368
431456
897174
204762
618051
275793
863186
845478
67231
149791
48823
992017
998523
197474
789033
608101
728934
247118
278483
378646
285251
699267
121040
974457
582771
368532
782271
314180
581891
942954
118083
499437
991352
242318
686960
493478
228361
108648
902270
253459
747423
444661
68290
303789
764966
66090
935956
462483
227807
797414
142645
306189
273374
46351
787207
960404
158573
35337
395562
259113
971636
309299
214767
487980
918099
628500
59025
59768
63043
386244
771797
767707
765857
27772
19311
539335
226909
621456
496639
473945
442234
868578
877726
309660
466369
529375
46201
122474
228329
311542
496679
423055
622883
932489
394719
882271
387348
803454
150063
970858
121649
253918
53494
931853
137610
577900
413491
218623
911580
792476
799427
850710
755238
48652
851921
333308
358256
483852
34247
301268
380976
502951
458834
501620
703269
711283
705716
540000
510021
755588
836056
608443
405546
952276
602701
377438
250713
928421
819641
292672
658285
453074
39565
297288
886474
85459
100819
918556
399505
616759
638447
418632
829539
523223
707829
546102
853645
263896
107030
80627
620172
17020
419621
808519
262460
373750
749000
889057
807748
916166
518592
319593
472936
722779
729439
166587
284978
870415
590619
820530
499492
588161
810015
511902
32663
913377
348266
173537
867874
517792
370541
270423
885811
841366
992991
272824
826532
553598
984866
160196
94298
305636
292782
85339
628403
303003
322817
687090
52250
102100
284917
359867
428866
239077
256878
496368
183737
347464
88028
925801
247351
150544
321773
235830
167116
779422
722922
361185
340347
160119
855830
702139
330057
447333
837561
309090
699018
341211
182850
626742
513791
808478
412961
728262
908189
172717
238192
752036
134751
170061
12171
49685
587716
249289
417126
297717
695850
170140
893753
532702
448717
662053
498175
667234
716688
699174
996641
115363
454621
332784
987104
579050
641651
775832
615681
595181
919703
245147
2427
310203
39046
762693
680668
948890
887919
595802
411764
864061
973756
637154
432452
73032
979749
241009
746724
754048
461511
398267
220767
386730
366142
715689
362099
256401
259486
203348
384738
547806
317473
122068
608629
349604
268607
856647
2750
504446
850308
346041
68358
504646
257824
447365
693869
497475
940163
949966
622218
620965
576104
176411
450737
499055
682433
445537
233915
35816
642114
806834
598382
614162
128758
44670
551551
292738
242267
329810
551879
14930
982058
997336
536128
158136
641877
934305
359839
209742
320950
290868
805305
495892
210983
99034
85963
479638
516124
66382
505710
17864
533665
962102
116197
599622
539973
890353
98664
34949
666302
890270
828676
417879
705393
669542
608031
554915
988992
241825
958470
439153
109086
519169
522274
330670
286673
720400
602882
266351
249765
968935
290384
806022
607053
703388
92729
667472
169589
485492
511837
150278
568706
339574
9286
819826
825678
256401
85728
332487
737869
971928
474129
222956
791883
420238
373714
896012
441290
539150
733954
349389
912686
236839
374823
116232
621947
53068
41704
220756
414231
233528
556234
441969
16910
15915
716812
23108
705266
700575
254578
948196
405229
547094
144037
906220
175714
263052
845606
367549
619146
444661
164023
204368
254940
617694
159505
781902
629549
788480
757272
467573
845017
730272
254360
830524
270976
229887
954127
583133
780050
348171
11506
221797
713849
981299
66201
131529
852111
384667
876149
710540
198470
300773
347822
138645
196348
719229
38688
553309
783963
613328
854201
894444
528275
595441
568161
721042
685395
975502
370
9238
611351
207168
510016
660195
384009
371536
320965
104615
245235
897082
854116
306413
533527
447885
734704
68271
99036
368217
478339
275411
511792
654375
958922
924487
445744
988956
174974
639853
388828
980991
730032
651218
531810
619605
383417
366142
241676
124579
423892
960430
760479
820727
220021
135281
126439
509066
503832
946771
70324
193979
26299
612758
517126
97715
453189
300140
792840
419341
995280
269805
893700
284118
44759
123182
480922
894321
232396
833590
940550
194946
673899
776500
169477
939562
933249
824312
80455
170938
878146
831196
739359
247551
483171
27097
549127
493711
958033
224686
983873
260079
858714
958591
546624
513518
358961
302791
265553
986748
291740
439448
805055
392653
221441
525312
894235
474129
768144
742539
343555
146089
920221
39855
386812
149277
21309
835953
136304
913179
44077
972867
399408
245274
174883
161565
391133
561942
60447
782891
200131
668568
498119
214304
867157
310254
125546
239164
845345
505563
673506
48371
516331
757039
50103
346104
325030
587512
479314
977351
51745
886342
914756
787761
848360
119275
923468
127052
318889
245558
349135
557118
217829
459867
384709
414759
148732
546880
786385
439886
74631
747762
36284
488340
527041
739944
965685
700198
729580
562010
704811
570955
958231
169820
421021
108933
241203
509150
540246
970609
79914
540940
417121
787654
831600
959565
786002
824796
976000
632407
382063
835736
391655
676421
161125
140937
252447
777534
285960
413225
722203
262321
620760
12718
619010
153381
233283
959539
589734
867173
967132
305945
483774
514728
972687
178235
362576
803374
566797
282640
916004
221085
132575
108493
293749
36867
273377
717251
476375
558464
901752
442762
770487
379747
777828
867689
856261
775821
847739
229169
747015
445013
166374
590806
3879
912539
414176
129013
492252
199334
758125
162328
584459
158532
838904
488341
623744
842337
661604
458541
275147
840862
464091
122462
841657
254501
263280
36052
354090
123966
423085
692774
607250
814056
203538
89618
397685
101204
117908
814128
279142
606929
457791
157478
53070
52043
609312
318692
513476
926686
350696
773921
804706
137420
74280
284067
856400
558968
888012
923386
828701
20514
980994
828236
542704
562069
497860
475253
655869
60488
999023
179547
820412
207632
508245
421592
891698
293432
452133
747430
218378
347326
701885
477732
969338
126547
887739
398276
288250
990453
914740
557038
921293
768793
749341
784336
897656
824612
476533
554293
9394
941629
711345
929290
872623
33661
546366
855059
228203
347105
85404
419553
226710
99581
735587
53535
606539
136119
200124
34593
805847
593365
507053
362575
118334
15421
719269
234748
785139
558556
876090
708119
137054
789514
281898
249289
785500
18966
687802
827111
968597
590532
335723
364975
2354
201204
691007
827085
26481
131292
387860
196529
936935
370548
933869
189646
361138
226624
879662
327640
226483
385360
754393
72659
749127
491513
127820
627950
266760
361278
42563
115115
531759
36380
212442
197063
80271
232588
123490
763595
902889
930202
890932
897567
551957
654533
361744
631427
90092
829297
522398
801285
125048
588744
446565
140576
99042
996360
987283
528464
100171
343251
261445
91270
907974
539299
314190
209620
900951
952747
709268
573293
298827
894329
859937
81612
669706
653350
473311
553035
593493
333671
60399
247751
696093
641730
757011
547643
834118
775019
439911
92777
781724
518956
278837
712732
326638
428428
593693
87700
871157
541388
72255
377176
905099
301855
709363
81268
592116
497562
901233
720537
911280
944844
749695
158704
969375
337323
639122
677893
783533
849853
709752
955804
258755
615242
799833
122515
647278
165401
693051
592974
817576
442715
666443
667879
937424
710287
728683
304436
847355
832948
529970
998448
721017
42795
912359
94045
677326
237841
33579
874061
386444
551101
276344
229454
10464
855981
726882
145762
906529
339562
896984
527753
262513
385880
693739
361304
860261
426021
49003
787730
950412
880043
826789
29318
853756
6077
73500
980962
74914
915606
110008
559589
97501
639358
585138
996402
799502
196657
687052
676672
453869
480871
784012
779775
164064
377708
89374
370237
405055
455262
254171
222875
128356
586319
684320
903329
475101
579530
93186
127600
329077
995958
241307
948419
396257
827410
337549
810718
746904
221815
752734
13682
116308
800066
468453
523378
32205
228395
198511
490402
775387
124381
384718
923602
440614
534033
967743
626719
631907
41603
577156
33752
933201
386730
426778
60571
554823
592397
541559
410841
200112
571747
17932
247782
491410
612796
482628
676823
637132
336445
368032
974893
540685
311456
218666
487984
1827
753572
380995
307919
736751
600897
858642
226909
589876
185095
441202
521112
247633
619489
382785
355969
386381
733935
563279
39037
646862
292524
465663
545442
574563
733589
237413
508517
437536
47488
557082
86190
671949
991041
188729
820654
828215
131280
374837
587214
249160
485072
294344
111435
901786
551269
29507
981372
335439
691689
374384
462421
758955
940816
407615
446483
445436
647619
279506
292050
700690
632384
41525
960358
983265
471391
150901
894391
776888
118952
777413
12126
631639
284186
880395
488083
662603
162711
487289
551466
902112
570493
904329
567970
560320
296462
725506
907365
423614
299761
471490
381435
265487
404517
589159
770651
18343
708137
501436
952842
337488
310322
896324
277116
391424
534619
626279
707180
772734
909626
319899
319287
385275
461605
298357
427363
660391
811261
482303
646496
865163
534807
607080
863055
765840
859491
896068
563395
317957
454263
324367
134500
303351
557860
140704
867849
319548
204906
840754
695272
193497
169321
225186
153073
435629
10462
473591
362182
482403
243523
191681
190683
461824
804625
331369
206717
455262
252932
577968
196138
772433
283811
860943
793849
559998
904341
342448
881700
789467
25551
18861
84620
287664
824132
192700
852099
984679
703024
596052
337908
582056
183131
535702
455704
242760
842753
605948
123845
626777
754897
972199
186383
715576
926053
821934
738570
959751
347047
682833
701391
772223
897655
120846
496417
958612
59402
635871
115129
736393
343885
526578
903939
448158
452998
57061
191439
413386
875462
452469
121708
535540
949782
507347
506214
6916
193548
842753
254319
638892
488831
149162
360281
582753
282649
564653
415110
634193
222218
707292
708290
150049
86641
210177
918111
212478
421894
275847
229072
412160
415966
256042
605836
450
865078
962231
235128
135044
169003
254685
859180
542438
533488
45039
854543
715286
724737
325672
423804
637086
6503
114634
999605
229106
369783
398376
857628
748225
246590
37523
608248
934930
662438
979469
850870
263281
976425
287775
94719
275542
156786
205030
438144
882709
132184
59009
488388
796569
997850
660744
131680
880975
908036
557767
836228
103791
560210
699033
379919
790257
191234
479712
802993
361956
229879
520875
88149
939451
965884
548412
177626
930634
168320
700868
308144
226529
980685
641640
477772
519656
374337
573620
922779
999204
104500
400323
167998
424169
577027
935711
837101
733760
367646
71549
492959
783215
80614
339851
320163
846388
472967
610814
71478
135554
422230
37339
352493
642606
21148
116867
203917
430272
803086
715300
224115
732582
840570
338415
261701
494465
877363
936316
699034
864171
929462
400871
175401
229033
599240
716018
513839
435364
402577
383155
944634
343136
909076
120781
699871
715957
360863
105498
134296
713488
387193
425952
649049
780119
172888
775544
152252
470959
321440
71622
229223
673205
111982
812699
112489
562278
466433
339218
242132
780574
451745
968597
362809
327118
117110
159940
987676
740532
757755
804257
590934
500502
694097
333300
45136
811508
395466
395364
452625
964568
788395
984013
548797
840995
986225
65435
633351
931863
536314
591429
645068
754396
78546
866999
531046
922536
135023
360376
962115
420877
738951
446360
279700
217675
632844
343997
771310
914320
713101
386799
96874
331517
31099
853598
829985
199126
903964
69358
746592
653327
218827
160292
221297
231302
643601
8341
525985
757
258292
813543
510520
138538
635721
931382
696368
216428
444805
224497
802092
585412
113156
465950
341305
395367
468924
706681
269272
301218
897016
973284
209837
943387
111131
597350
502711
83855
639656
274314
608767
715841
569735
253325
572845
151958
51094
211627
442192
920689
697921
516573
200532
694678
616699
748754
164672
203437
87692
494056
21804
429333
833870
663600
229760
191241
818034
252699
742109
556694
691498
409170
61844
245797
689828
388644
267344
772508
746341
249638
324618
914470
268347
992905
217831
733908
297140
498977
82192
435650
717041
405361
502167
902240
693987
12785
316003
749247
169037
509342
181480
860117
470178
728073
839829
332015
819079
401301
836282
779538
30913
830289
829026
104959
675883
125813
765578
599526
305237
697236
915459
370183
511794
522845
435331
156306
334417
418820
4486
308564
456714
197210
361545
450490
676273
673461
141600
932505
715891
34168
9687
96857
416220
608206
115192
250983
756166
213718
346713
686580
750112
41573
413910
340250
440852
962351
229016
922192
456917
70735
372973
788887
193115
373172
628988
98717
363257
565530
550319
956095
552419
661140
484695
202530
119680
693291
923040
23251
46313
46904
447047
579404
151360
775919
905953
886067
724721
992975
616324
466160
541590
833279
359076
151463
18694
684510
610244
300631
308706
301128
542473
622558
215999
144153
558267
956741
255603
94242
564686
256396
754094
203462
125083
745817
340881
555217
56959
227245
463689
702254
557514
385405
210936
862363
8721
899539
661995
710211
501526
601010
442100
346248
135898
755176
433099
799855
433264
483155
793424
532833
375518
624202
694300
105022
135159
463548
476854
300382
846884
679285
295751
267272
864638
924559
138076
135014
654738
394773
193406
665242
186077
603349
114351
354791
974139
237255
303281
254498
617309
177742
512846
120723
286814
503270
544400
133150
490939
578644
492918
297824
46142
89724
876026
845021
940191
766391
596021
604837
822164
357576
298980
854116
469728
39109
537547
683756
697806
662251
491456
919540
678205
723082
319616
604447
335888
434711
486197
361624
266966
454547
760081
307828
205453
966900
839984
335621
518667
21246
839000
536817
241760
206175
963026
627209
859180
71651
754877
181200
551419
177397
858522
890570
276451
339231
198166
344422
949887
962731
771563
309223
465927
175956
638219
990804
170310
600160
714920
221221
700446
692165
