10356
899543
806866
175744
829003
836583
29615
191778
548172
370903
241681
774187
690708
684972
560737
741257
76419
223094
691794
703817
525258
252028
432482
683263
466271
574353
709050
447858
277550
435978
373566
62887
934456
345856
261882
364815
47372
105461
561723
161321
83824
240736
528916
659714
917446
656087
128903
942453
924083
591836
483144
55721
365641
948704
431044
234788
415097
659174
185286
467464
881177
246473
632054
470343
314823
176293
912920
719439
481637
872819
234572
632073
590980
758098
222754
879816
438557
533590
518506
357409
524031
397664
971179
858919
892721
13648
392302
677697
471814
280236
955747
214295
525083
866553
306395
690209
444373
336176
314741
821682
446747
321385
70284
301119
835301
777666
464209
326148
964074
705429
77536
685594
132144
303570
365014
377091
32552
768436
365164
427199
575141
984831
850231
188270
267027
346114
991589
712672
271612
559067
788563
159712
337909
950770
245624
55475
200954
134927
764317
616372
61145
752420
710613
885390
888270
845763
476359
544459
238653
134194
727645
862957
194590
458442
146291
491310
293017
267154
98341
788173
27031
346561
868082
289522
223886
392268
775140
728158
669228
528838
868869
717419
103504
405674
949716
843667
669676
263089
489622
954813
926123
555493
883971
951765
437407
882704
282677
81816
765151
965565
622086
585370
13515
101373
777167
888550
165680
860052
897398
517496
111398
360886
564005
822101
535310
498473
428188
306441
13306
979739
794896
681231
358214
74967
446556
331536
847064
853635
565566
606490
859556
916188
854633
197566
654614
33356
789281
279493
208673
974443
955213
944489
274852
414615
570496
757493
677687
655855
429063
285165
994216
102
998226
255757
915786
780566
526331
538727
884249
595970
907323
380539
411182
165512
290984
647828
995207
90452
409072
714301
291889
20174
54876
235705
361752
92344
624353
53871
766096
275167
14315
163227
551068
359810
414678
557675
993731
895274
985572
641494
134079
409338
724038
183553
86024
12828
412049
932670
233076
885289
658185
377837
864188
739037
313379
847053
582542
87580
552533
656707
349526
432269
302487
282252
950285
452527
186987
273295
464933
415988
502682
383444
118707
965842
129365
671169
66465
459692
774244
887159
70713
225273
759560
552307
886817
306897
554576
21742
516671
168920
239048
54648
409967
433546
696929
82828
681853
211881
474953
646800
201428
469460
679578
544033
248427
795585
572536
971239
494824
924636
586924
954847
523636
656144
584567
196974
95619
741826
703975
337297
359912
30046
91251
856369
500397
44524
597617
507724
961874
415662
834973
501089
435173
89637
401342
483582
201869
605753
350448
173127
175832
31569
689295
279709
667229
734697
253378
777739
640715
498700
34177
246089
253281
703646
202365
584823
285858
606161
185809
446299
350170
25689
445530
346511
145990
371879
791208
262327
862856
457343
226087
979575
943501
709321
605073
766691
40924
840913
264680
919672
825618
278597
397217
233668
535804
404954
276083
778379
439223
128312
176705
525675
274096
848510
47477
186284
38467
559208
614110
22655
704049
243813
664184
715447
561472
268076
851445
974143
265730
539144
181045
475815
542247
747632
644885
317548
622126
29010
919250
516056
179470
459305
995525
686919
25471
49309
680733
228158
59482
382295
782999
618636
263665
247746
646964
389846
487801
743172
300971
739371
813771
785078
552178
99323
422452
745113
328341
101118
84425
440889
465087
979141
823256
755324
191042
654274
671780
978207
42406
298953
718645
632156
13994
163165
677214
317626
270789
721437
637539
115684
451162
741054
227782
748650
412556
435675
1045
356512
752077
373669
639841
778726
998605
102138
386787
447897
879283
430924
102746
215768
689741
859924
487943
257795
311827
659525
901614
658054
19468
578972
921273
336436
418140
245883
553637
940588
391537
690769
869003
532212
838383
841541
315487
470497
466032
517660
493398
425297
719327
535850
939877
530325
298880
916098
646645
583086
891598
982278
580311
19494
952298
638899
363955
334113
503032
616851
446381
99189
684053
656914
733782
808671
136506
273751
629603
414070
632656
602042
248152
106145
831312
707
439772
989088
460567
640621
919922
432448
901536
718658
531846
984613
433492
4242
505262
55116
485977
432027
318707
793373
684355
695692
19626
155387
593387
20826
828181
819252
721388
868210
886293
147019
533735
568770
581677
105635
312497
983366
937596
91302
133322
382241
878957
438133
358261
269581
721510
152236
928508
851195
336719
337676
491490
592111
115228
371972
925805
551080
619488
899850
81034
526578
208198
525827
186674
778824
891873
177868
760123
195947
351460
365736
420284
162210
369210
628519
832004
165768
160119
428863
412618
51420
212813
503967
77377
830034
117081
592556
505011
696211
849467
471331
681860
729613
181935
239800
371972
974812
93590
84521
569423
759588
500071
768636
191125
926684
408624
616843
630615
918464
827276
123404
477050
274068
34417
268217
991568
54258
520001
964949
584019
829574
794883
880198
526777
719165
980294
997292
133704
466945
63355
684198
450646
745982
281205
194405
949287
851396
843012
351230
813027
780688
763507
758399
589105
836678
440416
786339
568669
88308
739037
237595
571822
404237
11330
629627
279548
951399
648955
402027
973805
477216
374726
967863
297189
119148
28974
741054
42326
59599
310210
871001
682368
884695
111553
989110
310307
257671
506659
528251
477925
818681
601738
36916
235052
127736
615937
99537
298757
606682
891524
474194
331143
190514
549950
281802
258532
32470
30370
278642
42097
44460
89301
35159
834426
905204
310141
887612
549997
889804
29043
333185
727611
82001
83240
206787
501165
831412
594019
376481
847247
722853
601602
582341
267148
402390
145532
568840
439610
447919
397594
632766
191802
195270
582071
43435
514552
541762
906616
334234
349846
697930
218023
464337
459183
978140
954904
125972
723028
522062
726119
135859
371141
615206
421120
341940
230151
618873
603630
55767
565350
237178
969135
173599
32395
733044
516601
696966
253917
271418
641721
327239
787240
548172
50225
769003
358863
529004
708266
472075
517733
976780
439967
13425
1643
131774
700138
314607
832792
819569
222301
212955
212044
13454
658515
171606
346385
789850
422182
881766
517282
976580
422536
946823
139868
166025
383799
468378
48710
20805
755525
17286
716308
664347
325570
499140
710941
163106
645814
863189
962958
671266
959532
28678
209532
329035
24678
203862
610017
69731
738684
795155
424829
259857
874948
735788
507937
766227
349946
697648
705172
158693
730835
203267
915150
543213
282197
398492
742059
846617
246658
269355
989140
578812
881901
93252
670408
516588
817914
460119
293885
338857
931889
762651
970670
823867
535459
697383
691211
338011
156537
592808
944887
346283
379889
992696
997972
224191
544470
461665
898856
1465
535156
108022
837814
938217
248704
708454
559819
775196
186068
121080
351948
912005
678080
457412
567198
505672
198814
165600
794987
922257
307278
345585
230594
697334
344752
272030
532271
31272
537928
207828
321659
188068
281178
280410
325316
721826
18001
155127
217281
705058
13434
29972
145177
667390
56000
695593
22113
242702
499579
922253
813843
780815
549637
503032
94301
933867
684830
120194
635279
483728
190514
428135
410418
714205
428558
580023
775450
169645
101580
555588
792678
822455
608359
63374
633488
855329
750411
372187
105084
317664
148802
256399
610952
764745
139434
519381
60693
904524
50913
791772
948577
889117
365785
898128
803648
12642
747103
312175
803396
79224
617618
541190
60050
842474
280816
161416
732325
558809
238190
753468
87254
908654
614639
198762
327479
355684
528454
115144
422143
759715
68933
278429
197763
258498
724009
116739
12029
886461
114931
647407
679057
323308
630884
960248
888341
415518
88929
618636
169106
842237
511815
604679
466691
733538
968670
9650
626178
384801
942768
300076
134927
987531
554892
413932
558913
326056
568970
901540
180480
142136
941293
208714
680375
4135
669242
12970
502875
893811
575692
110614
11371
213107
712716
323948
559287
968217
491169
807495
771020
25002
985063
206763
387769
106338
884225
590665
707605
276025
346338
782962
216616
35217
289260
292546
786009
546582
27449
890010
837495
594750
661668
299055
457025
800681
58566
883421
102359
82902
811236
363957
848974
29043
755118
67761
335755
79853
476924
238996
863419
37078
805977
860355
445641
152356
442777
602839
340821
444597
329473
427036
479422
69545
578437
85723
395389
205665
458498
55819
374232
179618
439372
174218
446466
821741
284509
1401
764745
103983
994163
875861
894400
123752
159621
428625
361730
786791
508143
851346
609680
225976
477215
942646
654461
604402
156511
934360
511470
143145
671901
408820
405823
595176
313868
267154
694585
868982
896238
932078
9501
218536
307084
425663
567882
504382
564749
619556
357698
972513
550970
847176
957246
72609
513503
900551
246622
722181
819645
759255
288229
204649
60021
420878
984035
255412
698659
529554
542290
859074
116389
26253
769370
966466
46482
753923
304590
567660
749224
53883
299958
860783
53539
624760
4648
103017
138387
895236
681914
925717
510932
354623
917988
880831
272905
529187
967057
207123
355530
328104
895572
906471
751061
853499
119679
166872
993511
134972
101173
598651
253282
223055
43209
172306
40855
759227
169597
234950
115686
335183
528852
430524
653796
279015
299439
887657
13677
804314
143397
352643
475005
414966
296792
211218
939446
821416
142767
353053
54959
595538
506462
34730
305791
241906
540617
499455
569216
255960
539420
712715
608332
714884
753011
492908
710949
482395
165025
658301
113322
454616
141641
145217
817983
640741
411514
956246
902396
171720
410587
548308
55071
642172
766069
981112
72104
819279
162543
320390
396956
224768
120481
239107
628624
366765
591410
185405
420576
135502
727637
388435
384903
255689
698650
718772
643834
470406
331357
589618
450465
675094
752795
499636
634960
28167
973357
286443
190766
633196
773731
646248
221867
905707
691543
956394
112762
935842
332068
844492
360903
767989
286630
116983
406335
909116
858451
944885
76810
49972
1184
840198
379289
976542
977131
39707
405038
750379
720126
138411
627144
367940
775519
83162
224768
924154
321637
197818
394313
176289
281862
233238
935666
983779
665023
431164
911156
106380
117795
880079
663148
962375
251380
303928
179623
166120
518130
412655
646621
487650
585140
653422
145988
93991
304622
974679
4306
244756
760493
894416
831013
531422
224307
848231
745650
477592
970378
160174
391054
915251
679057
989467
759739
632130
390560
741477
623522
491461
574609
659089
373285
657896
573583
758581
360877
844277
273786
997399
618889
195846
985196
697107
523295
684254
127865
411592
596964
153260
473375
51839
171979
540147
634046
230834
367863
574817
335018
623691
471111
347126
668419
478477
673342
819209
749780
67699
894150
172808
834788
48888
907814
205884
462949
111131
762028
208384
367997
805681
148879
978528
122464
824902
835229
890225
865197
513071
419612
680443
963870
964250
517401
890184
454887
542215
111030
315663
906339
9366
947990
953209
354514
356018
441007
444333
738871
169717
679204
164811
33556
766206
803704
727570
256434
289082
932811
256132
702466
691340
627314
47053
884808
125426
324627
970950
201571
506330
412076
423613
1496
741077
306121
146178
799356
714685
464548
31077
524935
61504
683786
675161
473420
86511
268842
514417
148551
702392
986343
130090
316098
378098
50091
321369
664421
688333
959070
265397
677101
569099
394549
646965
18870
143700
578329
615116
491170
233784
293017
892584
392657
859202
479188
204560
944426
993571
210418
299828
722157
820497
288567
672207
913785
643225
421092
438699
799890
311765
926828
368454
325445
898174
643217
941854
495087
355990
57164
581160
53745
916443
31034
86697
651833
45292
901880
751245
195197
990337
791977
827284
408189
942512
139187
819569
546107
135032
161532
141044
769509
457857
783289
440755
333484
154820
909622
690780
964164
616124
491288
78280
805521
142882
142066
342657
321595
707938
716086
681836
609800
633969
10750
685221
568744
690950
599563
771953
207019
189264
5073
533688
848414
167972
811752
703160
463986
789332
464975
941237
934065
922839
937127
926569
127759
170980
727013
337348
157959
219342
980535
809248
675911
913528
6777
494585
917297
732268
168738
101723
374864
506912
172978
783974
423958
987147
246979
398330
984046
647521
777354
664508
998226
135399
659624
478991
262559
811297
315158
226632
979834
833982
274023
89970
778940
487
644803
168762
989812
249420
332232
581687
888658
824212
387891
356916
343182
581245
622201
472483
796517
857521
154074
568959
971023
58802
260017
757117
56354
801743
324009
688628
193384
889594
695101
711426
739934
730370
846345
780252
980160
668252
861128
936364
138092
479289
703817
555028
994166
163575
206337
262679
314445
313146
589616
362305
337222
55134
718222
231932
262945
603551
742792
198355
298879
669464
905419
676111
615869
864253
586054
716700
877313
267847
358113
153496
303957
720246
940150
733503
585979
85640
315232
799449
29816
548333
902826
476085
883449
847456
60520
826165
972936
907685
179469
10083
426774
459530
474088
625973
316631
895023
781985
416228
850695
114928
295823
124394
528895
170363
190978
116600
454098
645292
909899
345993
31503
455033
807850
235225
358428
289767
707981
129691
251502
103211
27901
338948
528296
672082
972468
831704
67938
425586
329894
415741
843319
971045
999130
307300
211683
22004
99189
109153
481793
555487
152793
531989
290980
39160
896152
246547
351314
301352
58280
863421
490365
996739
756800
548954
661241
414094
622782
936360
892446
130103
201242
839718
308367
787385
421142
677786
97283
611408
995994
231648
527205
579333
311659
771299
465604
375370
454632
56401
344736
638057
603710
631674
56644
337000
409271
680513
116056
288344
906902
230320
157185
268555
882815
533649
593497
407117
344579
878320
278876
772766
662301
838307
365972
300902
35689
990963
754207
821050
743378
721159
878294
440115
800434
991758
512471
769493
535352
496652
42475
351877
121740
707756
698133
594901
141185
825914
182315
598640
348200
342646
810869
486158
257618
703831
944374
62864
407644
358336
573382
234905
105454
710811
714341
370921
553919
676711
406067
176658
173561
466910
103714
819373
267266
692267
574920
585273
68716
412338
386282
13425
857980
380641
63383
803366
223661
653766
900865
404571
972019
147566
489273
838315
415153
348957
732133
726123
436490
405359
989645
518762
554380
291655
447667
751622
408644
316414
528975
185012
801155
526529
461273
135035
911760
47968
130984
430770
461616
179363
430065
88359
724411
778326
740283
988458
621894
768237
986289
950643
249605
165273
388360
591897
628249
740042
89149
835350
547717
858468
194608
427734
887079
379278
50146
753868
189262
514844
718679
2002
11317
518040
329252
510416
846773
430006
782117
819373
982717
400815
228445
384448
830021
597308
954017
401374
23510
714569
74823
626613
14640
951468
662719
573239
696917
119891
294923
622559
721686
258695
745594
568712
117468
879653
855501
497466
43205
655353
612302
843455
20111
790858
613707
962110
704065
546701
622570
761551
334521
568917
6889
229007
152073
883553
827775
959957
657664
975047
823145
535497
534183
43085
817665
313914
691998
42951
60736
458098
311173
757493
684615
283157
8986
974488
906859
943428
380657
40361
745384
31096
234895
393549
60058
10113
819889
278325
798124
684998
446290
810948
166738
143119
640396
638937
679761
608105
775644
422498
390135
825149
166980
367695
317127
88761
400353
296303
506010
884017
809515
687431
747785
136558
672148
334581
311882
587451
823469
842167
301715
125384
809690
202882
866339
881101
158953
170447
192142
743979
887079
397344
526948
492990
638154
242885
373387
1412
105253
601760
836260
479459
73187
563770
291378
612570
681795
591500
421416
664195
630741
567502
230244
386637
205678
945463
714887
263883
860875
250645
246447
8469
107211
658964
509769
468762
193485
822920
952713
212689
876813
549295
302814
854956
199562
822371
695052
836105
997344
339578
483312
409453
403802
983784
832332
819291
70797
563762
979402
553095
747890
821813
174883
592447
994814
632504
971093
208925
556226
991503
513851
262433
288284
766059
399783
618133
963524
633385
369430
346096
161748
880945
63482
137076
682524
704519
857556
418599
84007
465611
334124
837376
699943
983216
266028
235929
313895
718376
89341
220232
455260
658637
151524
183226
665377
937790
973649
165950
707434
561624
378503
470247
252254
621688
21243
359051
658380
737874
456332
53150
874515
230306
865483
658372
888410
537437
11867
375531
431580
332232
173634
109522
647633
246634
397315
338723
57013
306261
215689
245997
425745
314090
260467
219281
399447
428157
980798
112762
799982
949400
503245
63538
139768
91970
604808
663171
907003
262512
330293
454825
445394
760099
419878
711184
359082
331003
94486
250040
386654
770259
664049
810962
919111
904524
646469
624597
165476
859727
927796
929888
110540
680032
450461
165237
331819
730399
78977
21060
479238
924384
735588
134813
692493
708188
415638
220770
109612
541921
598325
192889
471964
837966
58397
385598
563655
952327
902986
68442
599827
662632
223790
465767
648025
2896
286998
323340
507943
447427
475885
59672
889515
536916
200879
11912
975286
47152
18188
532495
166212
762334
819226
886325
79788
982762
787566
974592
695101
406800
18156
836350
681076
793338
721658
427865
285173
285836
370491
816020
183713
157742
505642
618672
885555
527900
953556
736334
54937
842003
106739
979271
874355
828789
319292
78619
582192
821735
765396
951118
721758
965723
745650
39217
995900
39117
684683
418900
334925
594132
524331
805607
864009
747478
765797
532026
706740
890419
745276
493746
912100
836716
348149
128809
363658
776677
327548
151258
637028
269998
172647
186663
160333
720487
21784
72129
410418
162782
824516
392462
43064
119486
784282
973842
342636
39621
622137
235621
177269
909825
934515
922987
163124
325581
331981
773890
148361
660749
448387
304129
269430
143134
244019
371227
848390
409308
226190
750229
69974
567808
662098
261424
704788
760907
611019
363856
956246
700263
609084
961379
339344
767827
434733
818522
427561
897036
364947
715282
452487
301039
990879
623840
213923
235985
555141
807836
214720
766145
885772
646373
371141
743258
380886
633109
846213
480436
30198
89354
818228
391375
853751
179471
162867
271491
376402
669305
362072
452932
594318
522665
905419
42101
881929
694933
747814
572199
464258
786891
527242
144546
369382
575958
305170
829413
280511
362317
782858
424468
486743
383159
744588
801889
809264
668399
79510
249472
586454
153572
192274
65494
520283
998853
998202
72867
270485
929950
922314
702580
428891
532415
398425
9532
940577
304201
725806
305261
592853
93499
689097
761162
837756
461897
839143
895522
480679
945516
909997
103744
756053
746479
656975
398284
180554
399188
343393
280876
470585
835546
959829
100467
489575
467818
756941
960269
782157
276713
178395
603648
103527
550161
708259
365869
973581
713861
265274
557910
989505
350904
478347
452995
417868
420206
832400
585380
571810
110431
136209
386704
431502
900173
721659
148779
673893
669304
134778
970105
815443
282453
756959
977764
95517
931825
151217
524594
245723
624022
273143
149833
488516
213887
282223
523122
751480
549849
307156
685
526386
547502
295829
221197
54295
437069
6932
601810
963679
465865
617802
718779
772115
926147
254591
909068
336108
700731
139810
926746
986005
419286
391647
815213
558453
355577
925108
660825
640369
433833
474505
764517
283259
152457
753266
47857
108590
430344
635745
644164
14879
772034
352997
682671
221154
561581
841218
706353
950179
955147
511206
876131
415153
823073
231012
708396
113117
776000
837451
111808
290431
293264
292009
239165
977837
58766
828404
44707
371992
346488
919639
382827
900442
479408
348869
592738
821348
277806
683000
57522
259479
267372
268724
503842
73246
863116
674610
339632
533449
39999
431276
492060
249118
432938
777048
515559
334491
980741
268664
738810
244361
656914
496444
818609
881498
332206
742848
147589
470721
963469
3634
959887
126545
707137
896838
5759
791395
367366
695797
511253
464196
456561
74631
41235
81029
607092
178488
660554
539937
53122
825477
419909
481045
68861
768096
697377
823867
167532
745001
585479
577301
729395
874107
967076
125070
863207
464505
768667
809089
465045
244351
32370
517198
64596
990770
454224
45458
114440
489336
9801
595804
87237
110485
858603
898564
416991
825972
39189
824529
545391
424289
500489
251526
317998
435683
718575
810591
498516
814964
746651
954361
567517
499424
721592
245953
403364
66958
215552
801893
497760
195846
691994
747188
451176
243514
977370
948745
348555
649286
397789
857482
479582
766421
259937
422894
355514
572680
395810
555464
451520
631580
582827
960770
698153
806747
456561
597967
382151
699399
732381
335581
161463
113969
833481
820727
979820
484336
655400
548556
860355
799898
628598
839916
392657
924197
958729
616042
162822
118074
161423
222423
525501
793271
705758
764881
171601
836929
688432
609843
846697
311750
685998
379034
987847
81935
164160
803815
28974
478957
939670
287698
540011
308799
714385
41744
421350
555452
33213
430813
353009
978524
521453
992323
638247
859702
266206
838609
215988
664587
224773
836460
683117
173599
883827
687927
530325
811634
871388
544031
420580
972789
308267
383590
624047
78599
844843
982585
609677
336510
420394
122589
92307
51959
691921
37972
808666
652602
938388
961029
315232
236800
871364
260226
258207
880821
842642
46243
25621
162085
53269
335877
491570
156582
159854
914628
872831
422635
341664
882825
631528
111585
585184
170988
275356
45171
792398
161176
775796
847785
474953
409972
352954
463704
996161
878509
581206
36878
218383
186282
319386
503868
446696
59696
158919
692860
933292
135104
552888
614977
922076
179276
143809
320476
904636
544085
70705
45830
200661
135764
488506
667565
808701
807936
397897
196644
480236
857508
459965
111610
798999
855539
761816
638545
379889
954842
32898
583824
753182
744903
393577
348348
709646
166673
981505
518979
190005
98113
585204
902925
196601
276504
40917
635438
936297
106959
500026
55031
742017
3568
273410
350900
646364
673267
678771
33362
29972
814183
881743
963334
271920
468160
46136
697388
880983
882804
40987
360847
383407
815206
580643
613581
927158
189966
107259
544255
599267
566177
906581
773920
680120
851108
54027
266808
811098
793244
277304
699532
459600
140314
481412
595067
661441
986690
793859
666062
427787
74530
116490
819636
483953
527882
994446
620197
210402
500123
624301
266249
132293
810636
113782
803039
939390
713722
650049
264168
92068
707262
373788
322367
125139
466175
546113
859948
170822
895078
705847
467865
567862
266372
400220
703173
584764
776147
930170
458810
563286
985677
46699
148264
311305
486132
856546
255761
578525
586464
674903
708581
960057
698438
709850
263163
782440
387542
628305
766990
720310
334757
737367
938649
756373
711577
44728
410855
360456
132868
512954
555705
191471
980716
700926
235444
606639
736720
731746
126805
823637
622088
804984
45403
982217
188553
812123
623282
927125
491461
278894
532941
365568
133129
945144
990799
945178
854112
317233
700238
384429
734515
394467
661044
656330
84669
672871
879518
969260
537664
467818
93251
437690
854220
640282
928275
658458
114187
324252
404113
318097
55127
859713
430557
349617
637404
279406
679727
613768
438929
378451
337576
855898
893010
764069
669025
158172
882740
880920
867844
570942
770490
832451
779355
100164
730942
448469
764414
306718
489744
457186
49504
818390
574726
207618
617036
51435
826430
736622
896802
184023
406111
556983
834059
123615
906711
47094
123859
15535
759964
898062
647024
422110
749726
930584
522086
865238
983155
157956
399925
112397
170423
328371
341042
592556
328026
126684
485629
138369
482481
803919
906630
157210
383642
900441
131361
917884
802930
351522
381871
381326
917355
996739
175367
579405
620880
554295
78440
220953
768646
347946
508015
719202
978495
116290
961772
208185
800681
572945
527780
373399
294479
708516
590892
346635
3645
401035
328265
347256
943183
532110
251437
563501
834973
434793
639289
415662
960269
998656
32821
843147
778756
535872
157583
355909
191927
490072
515289
835336
735114
591011
319261
168243
918522
329630
909471
638956
213676
690573
248130
552120
705847
152722
999041
258568
769247
799939
957662
648370
640203
168968
756859
742099
54723
432909
946246
38196
145509
687907
143746
146177
740822
371974
172603
170447
90239
799593
249257
76001
809259
761530
299069
763274
568265
489791
604506
222918
686451
389777
404351
396152
177931
614913
760902
425365
778398
494474
668940
995699
670419
459137
895522
110654
636448
286144
604489
968763
830865
157342
511539
963087
206851
854182
446749
220326
244981
290035
516215
879010
598077
768885
197703
598174
991180
417368
268785
134252
778537
595675
510271
213677
251911
11842
7597
427353
574897
611058
952627
174537
606888
406705
708930
979104
808612
105927
240166
987470
570435
289775
725501
395043
806076
483444
490355
485195
805531
374907
904393
875325
256116
627224
81734
765014
490697
957255
543439
161853
508521
706248
472803
857344
901319
435134
707621
782250
761567
878361
708453
931284
972483
80299
49131
105900
555288
770719
838241
820273
652516
945814
648883
90390
660537
489165
634035
134823
909008
456085
18720
962128
318996
944415
677839
580894
625508
700316
169382
30692
27914
844279
930645
961539
291867
230340
410576
211359
777521
82355
797736
437589
64982
180631
58481
621224
695714
956661
877045
68394
536188
646287
855495
976133
355735
532130
885410
858121
236404
808313
489791
755483
219678
391934
808928
44778
534011
68427
121607
446185
555528
114467
103480
255904
313923
805996
136318
504936
897389
874129
776147
969317
756747
721268
704158
401836
582095
937622
930930
985551
394308
982879
439979
904210
682316
832424
242511
917776
301022
679737
846271
277065
118648
319196
982994
350795
794719
99382
877386
506514
212243
579488
657353
222820
667917
225960
374716
738506
403233
824450
777253
582601
340182
281205
122712
612431
71656
731728
319338
887860
409681
84575
545404
218522
711216
87487
205656
126330
698699
229231
163000
496652
256085
242089
848585
610177
744876
913307
60773
383444
104619
628096
633125
414632
31754
752245
283717
680565
321481
208373
352122
182685
654274
491937
960023
384287
398567
80075
651855
552054
297419
142398
146043
302049
823725
357593
119922
930465
733488
356631
609138
927380
804948
875490
269005
756152
708484
946442
43730
415947
990938
92326
123155
589553
193876
996670
726958
692055
12335
541498
864241
876794
849914
467536
504648
85123
231527
766691
657608
867125
397399
124720
277963
800211
213027
281322
28466
316597
824560
479371
444424
846323
672100
218127
630802
251153
143242
809580
526478
653234
990448
674858
63449
61635
89341
919117
278674
813389
642567
864781
938877
44840
811821
452429
77319
568181
203062
335537
801168
209747
526599
148394
512995
586044
259004
184597
845041
551068
518209
855001
213293
561368
355900
176658
514399
852644
240921
178601
977634
852239
539708
994575
739790
821943
758031
961529
336451
570496
909991
298420
532114
147982
79510
829175
945884
175744
778139
692563
396585
943464
119303
907422
652925
391162
196571
323719
431180
210628
802309
66913
437584
9276
826087
806180
95504
477778
401864
910035
747356
393870
269668
172479
827373
474913
762719
20673
50664
903740
574315
336719
198069
204890
226063
587745
430622
57516
960513
498581
162261
506815
69918
437942
513038
875388
395679
509907
673787
192998
774106
688179
532776
684360
30979
848575
368824
714961
756597
568876
762793
441040
147371
389822
450578
966930
341191
899418
212758
952079
155780
837548
502427
323700
153499
452438
499528
397729
167314
745963
728052
820818
103375
489146
786269
754792
610419
199593
982946
356457
776488
130683
721437
513679
226142
851068
358990
388508
930803
518101
514659
427933
864092
240325
91044
193819
873500
673539
817657
792325
231932
190772
253889
859411
786444
927125
809856
357850
502465
218299
860774
6648
513856
871803
878859
805216
923942
380641
164283
284824
221396
928049
556282
762345
170387
713445
516787
34468
973684
225651
739832
337760
859096
422316
688472
724678
371746
613707
657103
194007
586175
316886
210278
37265
874134
277872
918902
28373
208127
350232
634423
754361
11378
504087
832724
530224
348256
98073
839061
64430
481689
692531
779500
146021
45300
283888
113782
26868
248866
120923
343012
490580
654925
993451
47801
644907
747700
147243
672570
730340
105994
307097
5458
62689
937785
983615
285446
35339
601668
79186
274141
668775
23453
258761
934900
413000
758796
950202
583252
672082
256793
684318
5933
976499
912942
927373
880787
596302
189903
286408
108775
551247
143308
538697
433784
805835
50038
572762
783791
737573
828554
114700
252375
511147
830439
421710
81024
991359
634423
953877
772653
215125
866522
995263
895151
975932
267292
781145
969200
831020
294188
489791
645125
100212
961401
261148
957968
151228
552535
112097
36461
899403
855520
485418
833539
713644
373099
615975
426390
517906
822674
557422
52220
582154
477710
79984
174830
436233
383636
82308
70883
120191
929755
206763
39573
506832
650508
951622
511320
877973
389275
281356
209621
272021
323043
417368
12630
773720
866103
723745
42067
838579
526944
827065
199105
842198
356456
836118
941020
518800
233945
428482
13306
747786
120723
631382
236482
802079
75877
932758
703943
309894
218201
904279
480774
288834
756693
915602
596609
214318
529053
118527
938123
813694
419715
936428
150526
978477
428116
29615
691893
716796
609016
509951
960269
972883
952007
379839
2424
835693
900972
359847
2304
469310
636720
615310
7101
476071
147684
288659
252273
966008
915456
661569
386168
593196
48189
29816
366321
617819
112144
624297
137621
744644
374658
312424
67651
77425
997189
314445
751143
167212
602818
996375
94219
745872
932703
151316
732771
670462
463628
209187
811222
894405
932825
43671
593762
931293
58022
128440
592579
987677
843788
346247
825623
989211
446406
975141
548894
735413
130665
13076
688840
808837
590628
18783
61035
723028
471543
686033
174749
619372
943212
538491
233247
714462
853286
934173
664496
810035
951643
258954
15841
695848
682309
809569
500796
384870
681383
927545
159313
513481
445818
190386
952106
568023
105993
602758
216070
644803
733672
24609
501500
430829
471466
715889
556727
337974
426719
406479
744644
170435
227296
146633
376589
352956
889532
340847
766605
751352
957659
641841
7979
151984
389174
231529
601430
487779
448217
609063
460446
242395
814483
345600
618077
750975
893372
524470
342388
417036
195739
914610
945633
96417
532502
371012
219450
137329
503730
396178
782028
737663
450044
472499
17298
881703
329302
959090
15124
678557
432182
580290
989029
432439
50032
828875
657801
215753
161364
813765
582973
261470
726555
975776
599160
102359
493366
548242
489378
169262
933867
132551
565299
167488
257204
846019
213165
173878
109739
138075
169696
968050
628068
380027
629421
831986
853054
824229
933346
698912
117574
870191
149830
410358
237090
273800
317150
787136
742874
491300
87810
307718
638338
84992
539937
51114
4004
615930
716047
382845
699787
596631
87254
705872
465888
958140
561320
165513
316735
533074
81779
11002
145475
961059
598536
606598
465114
253324
196127
878128
512518
509803
670114
941877
76653
129410
617036
967912
660227
922481
750734
965861
557500
349926
933366
254128
107866
909429
642688
303117
718023
847189
985044
316704
532145
190873
741771
953637
26535
25306
914176
198685
82644
339618
43551
296195
354704
889194
10432
144441
828644
802989
19765
867835
352869
212503
721881
706429
408450
522739
126039
98365
353962
152153
115144
935194
646909
945581
542061
221293
483588
295861
795248
275449
879224
390787
309247
339192
346341
311854
200515
693160
497045
334457
652469
564244
787243
253846
703470
704205
117033
898592
821460
320413
732955
565084
70527
342746
951090
56582
245413
72549
518661
948833
590543
309853
610851
833678
443523
368923
979918
973964
971973
661150
396782
555763
550581
496848
451582
768453
208808
418900
733219
381899
606121
783508
76822
231529
624843
472374
499182
166509
536471
861721
129175
240603
757053
852390
797489
728751
296001
592379
196294
937829
869259
522696
495615
611716
853299
930275
757592
57785
218144
266274
860078
278959
140491
555328
474857
709580
97866
260420
286526
72867
196366
163827
706954
276347
622690
187149
854450
678428
972624
298072
236149
267195
243565
467785
958970
836426
553401
413755
576924
572116
602352
381058
299963
816449
480237
906509
510795
660759
345920
687215
604400
191471
584135
215039
753749
280985
577689
775462
893852
557557
296977
774569
502571
751146
977696
889869
801850
453360
517935
346370
521897
399665
686128
911307
366908
542997
185091
488510
775568
877104
326894
944019
985425
499874
865294
324834
238709
974651
216334
357593
632436
998066
975455
797219
489369
654280
443969
983889
21019
618060
497825
957441
809980
614460
356205
96526
251061
657798
389375
552745
443188
937215
174744
630494
482784
895998
404334
121340
358058
573406
263736
74014
761611
404999
354582
160662
634527
48979
418599
410091
302262
472903
909973
590665
597133
96907
501455
871038
194073
611046
3498
261470
800211
898171
704692
66137
637564
258614
706184
116719
619996
137953
583252
553014
398057
538734
232007
2642
529213
74816
206082
419334
106995
164582
223039
873863
297565
326137
464301
700402
966779
303107
590499
192641
982686
270957
791978
178528
944488
823906
176353
172623
312557
865678
97303
111990
395381
686707
934729
801405
483584
93131
428635
398913
633863
72341
389004
850210
516034
921862
602359
141864
817870
797467
326747
46535
43849
264097
624188
727169
244462
961146
310411
965433
864430
433998
704692
99660
681581
519781
565959
78195
718679
593335
516645
366723
288387
938345
533781
582662
64004
362305
470512
24340
618226
377795
