479255
391525
889248
337566
892930
541838
165829
970708
424799
926481
308067
898554
734201
681853
935590
290837
340222
954913
789885
650602
297196
513115
904838
34740
46678
533341
439725
745344
670890
605509
427306
459378
25050
358381
60518
708891
689807
807498
783349
373155
871600
428158
395577
47053
968170
126318
999643
79724
725742
246902
487587
5741
876492
725742
47951
386700
125514
130432
691796
462708
909380
941883
191684
814341
637306
364931
275201
212427
600788
923832
237938
367134
957784
216951
354923
538428
183501
460935
433775
393161
62010
224542
742167
972386
692138
578592
687976
91396
915472
265912
395856
161934
787422
523302
871749
625936
708142
59654
262563
531595
345603
231379
141941
110778
471478
795798
589949
811271
626786
499191
868627
953244
193052
861670
63381
462765
462927
886120
754790
242080
365141
984879
761726
970559
961897
368882
985948
59694
106837
355466
584718
340175
202838
181549
755447
559296
276933
522103
637858
830450
243882
77130
202992
718499
459769
299950
50863
827636
975237
393076
888994
904562
991733
380160
25181
125589
44491
911395
558211
210581
533954
662625
336723
479544
902875
843360
614764
20327
417490
119322
244119
13378
169868
130189
293446
737519
414868
111342
645969
626925
576114
444655
990864
521565
191884
502381
568880
590110
179935
994332
718340
140286
499439
331762
966468
528129
952613
305739
834365
839619
768727
883028
242539
90284
951668
349762
178854
4496
792736
553189
523169
877851
771889
875503
208232
705091
12709
281483
171679
367212
209429
317346
824541
987287
202400
180759
837265
5046
126291
805646
58124
259304
654834
748109
533708
743225
341557
190247
494950
781206
270095
317772
218415
437869
200849
608733
291117
39428
98399
953840
369528
141908
78099
230213
197286
352808
31808
20561
412574
655201
427723
436517
614101
266429
592044
811687
496065
892421
696036
703731
648615
77491
406433
680255
239093
642672
390411
167824
186420
574045
844965
965404
936224
991171
462349
81926
584298
999103
365413
265088
470355
729213
985046
618875
500336
215775
598922
514050
633089
143501
131534
961285
263288
275043
194446
679741
590664
987135
691151
323385
27930
685280
80055
804601
817895
390666
832537
172357
730857
93257
619544
478981
92494
179843
63836
723568
24551
184683
209608
671531
954598
803746
663673
769337
172598
994869
261807
776838
725541
502275
487204
215781
965188
428352
443148
978336
675070
605849
633333
840536
679812
915081
143755
207164
315795
753770
248703
116362
996527
767867
767143
762521
81966
432801
155933
399243
88224
528775
332008
943274
879031
393144
172677
973906
241467
882464
411522
365634
732790
683394
181150
269070
971931
754792
438553
944390
408740
893202
93081
309130
324161
631257
776500
27027
740496
133758
749122
122165
54030
100652
177225
270135
53480
755839
892040
523446
31207
183788
467848
578882
794282
333775
721543
841049
237762
56334
422569
116659
440508
150702
505663
434534
55442
791545
98551
310635
908133
224014
471913
791019
265034
202636
208243
794588
543973
286327
988315
523723
937968
291943
528761
67419
124281
831649
891633
91067
281250
621362
152333
910884
822065
798370
237543
261020
331149
751751
432653
607362
19802
295943
904080
358305
750022
728218
597388
9779
328381
67500
276817
113051
405810
292552
426326
369494
939777
526616
471431
713743
701367
798853
664503
749704
536070
654394
252583
516591
766662
684982
667384
706532
178100
464195
804434
389091
765357
242440
789984
70995
195027
105276
824993
668163
298575
173163
640128
683754
177660
747979
625873
818969
728676
367618
860004
68278
218566
67329
609316
537671
160374
571896
74775
10512
772028
740932
221642
260338
533409
853251
300916
623847
66140
746002
954966
260051
239991
517167
191354
738869
232480
869439
449097
854058
50931
662291
395430
767625
841029
714657
864702
969563
325254
730650
543330
388434
663132
511440
677751
401639
69318
614800
614799
286452
643424
348475
550835
896071
399974
188464
661355
78495
156801
184236
233300
659998
898763
841522
748839
852439
877550
396463
124875
521886
587113
387826
842590
331985
809130
487085
511779
73408
880993
939773
772794
88307
543984
503204
448066
299211
144085
44330
411110
86841
16214
17817
861403
79834
279348
856291
313622
634746
590799
258170
116489
923417
281119
940205
917014
211966
833046
833271
22251
826205
704207
653799
601887
214417
248906
681123
276197
740208
953755
349793
859928
369267
713063
27407
802886
814181
285534
190055
289524
570143
610699
926989
594913
885668
243194
848638
932326
548811
523624
132726
694653
100245
428969
822086
930285
174928
830401
682846
267339
607704
921922
88815
552602
83894
901764
871144
371300
944892
77366
366454
467300
41214
883831
291456
791244
118251
676062
19171
944888
695187
962394
265777
579605
938788
398138
740695
677504
962932
495274
219222
430842
764369
613290
396339
868039
669851
914720
749286
588394
643662
559129
529367
180972
415319
982465
374987
657237
137022
974032
980435
552995
314610
703943
108772
804131
107954
868627
467395
983651
964270
295049
234845
16595
909823
814106
990852
275276
206921
298400
565560
713630
397386
208243
284492
761722
13156
132603
61201
249442
522473
115737
811591
351292
976674
981168
97117
638115
734167
884237
810866
534485
860702
859755
867515
88214
426165
156297
125307
478464
93789
896929
412878
183961
624529
239577
734511
560771
644312
598807
413265
86455
854736
571441
323246
546970
940519
586894
561656
984221
458285
355243
985714
797893
325544
88261
121787
284997
410244
320298
997071
373207
478449
645224
818387
884339
810856
24865
237953
647912
284585
837832
361420
853681
780139
158756
982365
6130
799264
391919
533724
796269
299618
464062
948855
60851
786269
446665
633150
19985
767813
842183
427151
993947
939732
828758
409655
158664
571926
856198
816356
634281
33229
625974
464998
122349
523804
97302
628747
615080
226764
299828
402976
19019
36871
457318
58197
551438
544885
290836
373052
747520
301623
400723
86998
995927
227340
248483
72039
483724
895995
460787
714133
218883
376152
970046
733546
94012
911767
165561
653619
634533
797758
828166
731222
331563
726843
965822
859664
390461
119591
244282
438108
111766
100432
480453
82695
246268
472660
889670
234845
50324
165441
569966
960966
561585
911261
921424
140482
97217
733005
148109
158953
943393
35227
58160
373652
138472
363714
982623
332980
257718
470337
924803
507299
691391
846777
60919
991549
10915
471234
882418
464134
912039
17273
79827
52942
440624
611522
28620
962414
227634
562003
512306
488220
93731
381108
315715
925962
131377
179259
610562
674557
173169
278008
407435
913800
491894
444723
453561
334150
669105
153
949336
967021
560737
148501
775509
152038
525911
728898
252533
378596
638487
119362
626557
95982
822266
551186
68681
128950
633738
529126
530020
202119
246003
486628
627619
538490
430237
55255
30593
96917
432530
27051
838812
585887
5459
613494
550651
635268
838563
579286
229700
669153
942272
28199
868725
390489
935114
314304
48757
747782
485739
500700
836998
350622
900557
43113
14065
106376
856380
702067
791294
287374
221551
432600
79630
13880
565707
307935
335392
840139
795413
374851
397464
858948
769762
766434
440247
883049
379955
38276
301958
837066
90886
767499
314474
650234
673198
699171
283480
425310
247395
823246
391116
255410
115649
771782
248947
251145
780725
376539
7672
522277
849200
332975
35446
535707
104587
191888
350894
338283
766056
844222
195223
430252
664206
228295
279136
171301
609736
947373
771182
955051
882059
110673
921813
405511
159154
760948
632409
689610
650646
220115
574605
807693
671464
555740
178825
60232
83484
291045
998228
277553
470218
931731
674844
376025
717103
310544
327002
427942
506109
786003
495312
428842
241829
783629
618804
790426
812195
307195
534903
737798
887379
592633
315207
721172
553012
897541
795703
270660
87431
554555
93780
714268
964155
567740
528329
963948
429588
851420
545116
774442
526445
227433
594804
85218
471583
700251
401366
522980
853554
777639
70522
876589
657233
897928
564751
14824
630258
717072
547912
271801
197456
934294
781553
264059
622037
752737
223349
234974
539117
299676
529686
488430
952021
999075
922580
934838
126006
788149
975134
925740
380705
952332
58067
753335
57480
687616
510558
449532
201517
206921
964723
679158
326050
960474
321108
156465
146765
986210
453008
749745
881372
458344
255290
430237
628736
438646
332014
215015
989837
356745
298893
209546
280258
943159
231379
722658
41664
884237
710400
343248
469539
13618
168673
750689
687849
294210
959123
298251
79613
143746
215546
214194
704838
925925
364963
385856
357486
682738
512948
517839
201139
24997
372061
170949
897670
232848
111922
415189
42749
579562
339557
712853
585426
853865
864334
599500
444747
99805
109954
721020
68614
726916
190211
438789
615869
92407
120530
58394
709188
572421
326611
568017
855754
805791
171778
618681
25212
863307
140713
499568
406313
773492
59285
710088
195950
79809
314443
38414
423151
67906
226766
581892
171015
716847
730959
306049
940839
840185
838528
581273
541768
751160
977691
678565
451834
703130
580336
826205
692725
349700
50908
319792
47693
623851
867867
459398
806969
919016
687291
470017
74050
85255
100088
599944
836379
451893
428991
155833
107822
79510
953047
717236
365042
397791
48412
803775
248663
278265
800749
575841
898346
763082
872247
219935
839480
126120
187791
887812
379623
937503
532540
634837
387537
93369
928477
438559
657056
802162
126055
16763
805130
924954
450572
323683
235866
264110
976992
825727
889529
432464
862066
36107
634364
544778
400487
370139
842298
267756
566365
730762
946766
650835
447008
224886
107262
72116
990987
465252
259398
987697
122796
591862
379290
31685
343137
669968
618529
728460
479804
308530
809054
406312
50059
611353
548760
309418
666123
676979
572757
166085
389254
313058
992667
696197
395744
854354
938235
741086
672955
294838
928908
626249
821831
144438
220004
102071
144922
509371
841432
235445
767386
392990
694280
364919
312981
212974
831464
202933
619267
979370
588840
875757
907344
870391
301153
489713
877115
319736
797713
559734
445728
890990
653292
914021
687948
897038
259632
8527
409696
75969
221502
131621
503748
163697
767053
845966
23661
650707
5397
254643
813470
973369
25968
540932
542800
369139
5452
620359
74526
815852
186442
961897
731307
566228
8684
120541
891215
23530
841057
749963
896855
955621
76364
144138
843600
917874
895022
285800
912430
860067
147686
139628
525929
829319
970075
914767
332377
504187
661758
229614
763642
56055
620740
705801
68425
434404
311829
860147
236111
921484
149034
226712
445939
805023
634281
77840
831754
393370
41266
155880
893674
40315
729172
509055
703002
732709
95853
398427
355079
430767
865972
909348
694831
65099
403788
440472
242475
154859
470533
556455
829211
936076
801826
310210
449343
660357
168058
289179
126062
147439
345742
963380
219140
216838
33895
526042
542802
395798
49287
758979
27336
394356
108118
180611
385981
983018
357855
512749
196027
466715
495023
807379
991549
152507
93091
633192
576420
911729
396318
483329
368975
7453
457442
973477
879769
344483
676217
782354
190736
706455
999290
141929
639337
112551
66216
596831
158030
625216
26647
255988
443097
316982
602374
232990
678743
156007
170662
546603
450927
556202
252385
767246
460293
929234
767625
118987
791245
438553
334920
414713
166554
588623
90940
392899
365419
652851
1461
561847
116907
650136
706401
376338
250627
125937
188
260708
37997
782026
523557
467600
737073
262901
305364
703698
554451
371640
531896
670900
76598
484302
590051
977568
566611
194985
586166
827035
546604
519022
586695
193385
810023
851287
659839
875497
601938
835291
216871
695868
262242
503884
933933
590327
447581
872859
587977
936471
744850
198936
487890
77756
633837
645810
318397
123437
221426
940394
384329
863217
109173
474703
457338
376011
103999
122373
261996
252483
955057
648169
658310
965555
671671
380285
841108
565824
569048
459011
82218
232844
531866
712476
640637
363300
748976
325646
462091
6095
16415
626576
840536
459055
659089
456220
851366
792614
716510
9330
507193
397898
431539
374207
893625
631854
486341
139320
575392
865382
597610
172374
928979
299700
900211
480941
810917
284407
209913
483315
620313
724345
422254
687613
805923
65399
639755
206712
660034
27329
688418
444100
334809
315346
437345
596466
397386
751165
974879
529718
153218
408668
373661
916892
684470
373548
287843
826532
96428
227713
195438
607132
514783
784675
216793
653086
382818
239408
608311
875304
966449
553600
206465
442963
72645
401391
925507
145719
764099
511310
915195
997002
359148
741951
556843
75548
578917
673645
916987
216240
686777
717043
42711
412315
836605
772096
992328
476874
679736
717799
667243
854413
572178
624451
714235
916015
146123
803131
746891
685003
209214
784948
780026
990436
274935
611134
973282
371446
849200
21373
749082
656467
334954
940425
426756
66169
961250
412112
31865
515956
498362
56880
941697
153339
600013
836903
82118
195651
991149
748988
373525
665471
41844
385381
423043
748994
451004
226363
454214
724970
428633
161874
234039
530964
656330
892650
86242
207390
976257
776211
769464
607876
447031
395660
366819
809636
384932
868795
105691
120103
379985
724387
205568
70258
851157
263609
895925
532056
556410
156659
439835
501974
532672
906333
134845
981150
157785
159728
976979
638693
945212
813867
880347
71626
853596
231450
932724
988670
985624
955065
293711
776311
396833
730557
807597
492909
533144
684937
995407
776635
794239
166381
216958
822631
886676
925286
495348
303537
105029
993993
14824
282179
124619
555262
487424
974758
70338
787771
95308
449083
567373
527411
96501
517709
176727
432719
675039
506561
173389
906496
878278
923121
733546
249750
482652
822281
60824
462215
139008
663049
37452
770743
664686
974556
587436
95457
948827
404656
785633
553506
827838
594468
844805
580628
982335
942732
902286
22231
327079
257431
469911
971964
140835
200637
916277
204829
263029
146570
102292
527747
673574
70047
212092
146326
720928
833881
972874
636130
236460
796981
459171
130453
610670
595154
199863
240572
78408
949957
543456
428001
691708
373012
459735
97357
815623
889727
455694
378580
527996
582739
850719
775658
649552
324556
110434
394929
730684
961393
960427
48020
6065
778474
611513
941412
873373
651783
828138
215954
5068
862129
592040
790105
386758
622400
960986
654973
441996
973612
244354
293667
462793
713520
41986
377345
595278
344619
472889
997827
655869
734601
105008
571888
278226
793375
694488
693150
135992
137257
933013
178396
515328
238890
263810
551657
136896
528512
175594
489874
987096
766379
383679
236371
115555
775803
799774
893133
448967
640545
879488
336191
849059
888736
944059
313831
473229
584203
685705
357010
10626
358649
146869
559691
766068
246832
887133
452941
283553
970738
348930
588199
34182
881413
631196
666679
127664
927908
433918
294978
266373
302954
172598
835692
129492
881031
816551
267673
203399
265806
569009
369715
208376
68459
841994
938944
848063
138894
214069
997285
955990
509599
313423
728792
293620
742672
614800
73880
16074
718134
229067
436894
715135
930674
323298
307206
612594
448583
234141
631017
998591
265695
581949
546416
846318
173777
375481
932341
758700
184098
13517
197878
566600
17531
192615
739484
288484
749740
535654
715514
473374
74801
288483
629126
189169
439831
93110
643035
829893
71005
325607
764175
923080
611008
716199
761938
657850
552021
965826
614497
280542
742397
339418
608101
504125
48123
934854
790496
361252
73411
716924
252671
330157
269331
254812
75840
913325
692929
748109
112629
950037
473018
723608
687409
534401
894233
975841
897245
770124
304294
658799
49984
349552
480609
570347
678873
484629
542222
983650
985433
886286
464499
800300
815743
713176
674945
228884
845908
202547
472902
597665
228059
140863
930477
338930
400718
679975
766540
787380
583872
75355
664491
959104
981954
579735
977678
473394
222266
25755
292129
71594
123239
754194
307318
550657
430608
987925
763752
120320
456159
918870
767499
155705
929455
231160
516721
580638
899273
592986
746302
912710
297389
210170
117085
314454
616893
891636
411278
35982
607568
105950
550639
826196
270454
685420
441164
460268
475505
645260
737573
561917
560041
85854
231326
733587
390487
980135
980500
878924
105093
234849
581251
402660
915077
421833
502629
2462
622422
927066
342490
736653
220785
190635
763062
185464
752352
636403
367663
161341
620976
511468
745128
938964
28889
205733
500776
983353
908945
134744
217299
838612
437209
171677
892858
634856
894118
119420
34740
668473
467920
814094
348342
393146
412550
544872
880864
971849
763074
165621
270890
693217
24551
375369
958186
472090
434206
287168
253024
202619
506278
867362
779544
739582
201741
529891
447331
319637
4224
407092
376152
134972
477910
81331
572047
924054
257748
939478
806432
797778
219391
844998
185036
76443
138878
223785
510621
434680
951140
640279
163394
956965
308369
752051
818459
26002
412020
276408
676117
507307
117539
597185
317175
471162
635839
174009
106183
608928
2533
592025
8350
125998
300432
40077
721172
895239
464138
701741
933185
124041
38595
414073
769292
729408
994562
871591
135341
688935
399519
764074
784391
618430
229975
760695
224054
919999
10454
407085
976651
37450
765397
358180
138894
669673
461957
64570
208920
29064
59206
846662
691853
159448
993232
547857
834508
708132
51391
820121
618699
850217
104640
62781
375549
826268
454063
693305
540225
857639
733550
275368
171343
172049
545684
70573
451442
442323
582330
816775
342782
426787
183659
103349
205935
35674
57032
878963
484988
405714
868347
598746
18224
104642
613513
50024
919812
541651
625910
28145
582919
679805
506507
78857
542018
259374
196812
558393
755350
763809
635729
579200
123910
687578
878513
703650
357027
828791
337056
930486
867406
616908
777894
236916
153401
159011
45632
101840
169879
432094
174877
704756
785083
743781
899701
677823
477537
696145
15039
424196
571215
629105
249933
21337
462449
941662
549370
288460
20564
198064
773215
364258
737338
235056
618861
165131
336339
915081
155231
16865
671410
560446
455991
583937
525151
785174
457547
560743
975532
463020
35984
491494
914262
754091
268
678890
113278
971296
426424
617500
881516
948717
854097
515954
76642
643822
13532
447650
383932
825206
175019
148720
57203
416693
263402
589605
273916
356531
900094
101389
87751
110688
864886
502631
87542
940604
799753
665489
292634
637070
661989
489426
99735
506635
951820
224577
689710
383773
740668
295279
596099
807064
745998
285247
147141
368142
570405
636283
523703
280256
130593
615812
300284
260840
107500
51664
281405
763531
872422
385894
814866
926985
385189
728898
541729
740713
157167
311761
809596
396992
338641
76645
865380
571114
308682
14491
758483
839786
538161
838174
960148
318207
442815
731688
235756
898477
76097
234110
12057
473203
452981
692980
392065
789275
273527
136079
960762
127513
522415
790975
26907
974269
312987
609351
609483
402501
149811
992646
916725
206796
671639
878678
699187
44526
52550
181535
663565
482716
81336
718115
569165
731949
967437
752403
827174
536856
776477
540312
421137
379393
515482
10249
407163
567627
861617
527093
563881
485629
285671
584441
738722
888575
902353
707392
64166
169635
195404
641376
196539
933614
939832
350098
797965
320317
380664
562223
854797
529569
312626
328574
825405
871500
628882
590437
326090
624945
630010
843606
287817
74370
525024
395707
481044
454719
627439
804086
225385
100524
670474
536346
79121
77237
252292
73455
171593
593122
257727
380145
719287
286508
442179
446772
879097
199512
255146
879669
362673
187521
270682
555297
87228
201850
682737
672234
415680
748853
393960
88869
874300
84403
502234
92014
930761
774569
538328
320998
865236
879457
811240
553803
114467
292333
881967
909389
311279
619590
754078
659211
38891
589067
97115
726528
53235
455031
143782
617137
21997
909635
918152
67536
602668
388595
202687
615659
6139
503643
677822
526060
89741
135390
663504
869240
221498
522029
789680
753910
333790
651211
851420
238899
735713
227006
791959
376998
194625
348088
289729
175349
698867
34723
927586
288874
672235
619284
425925
656283
411620
918746
834610
45234
740275
188661
763763
626277
126737
181531
383544
279173
210719
160925
785925
170534
580079
799191
966491
906454
209690
26554
975864
198750
623396
589076
787026
374542
698671
49696
559887
787703
676472
241208
188312
6742
78731
100958
63106
853695
216029
632159
728330
685561
770916
876471
573470
421097
18175
324019
979588
374659
226671
79337
254719
136256
578812
943763
532709
928406
592633
301203
181234
398260
833375
273180
87360
828235
750005
286257
807506
533551
705268
260582
129323
451287
683916
608749
260270
457680
921677
152985
601043
569786
602577
516167
686553
927478
210460
955028
838512
247477
85263
712302
332954
748170
1027
823518
708614
492502
654818
487331
922173
411692
616781
930396
742146
313622
733025
178065
572868
116425
581622
935971
825466
894706
621818
672810
81831
961640
947968
563586
405935
684370
769989
402366
450632
520066
929762
424433
990316
296367
779008
165906
153583
125793
215898
478759
314996
753480
99607
309095
205742
187842
63809
175469
226700
209764
313082
310663
301405
51642
248659
972264
681969
633089
215966
913974
987886
595515
922979
185891
580738
287896
859117
24449
703686
284078
631100
250911
432244
684779
230785
633768
146589
622769
958065
777632
238572
94674
846628
442534
422690
85933
75115
962314
182725
454081
392644
652401
329737
887035
436885
281285
152498
206199
302661
944611
679664
740932
343326
894703
772348
812376
233580
659639
322151
903335
418730
712617
644677
587666
622055
551657
456741
480814
300881
375403
779904
403928
543596
166519
943253
769883
663940
628419
16006
791185
121310
218505
31070
899967
617334
942202
687072
454103
248212
386830
598969
848362
362794
59049
669255
815619
179044
61
217620
393651
659464
664784
681508
134917
683178
323718
18957
172692
366090
715194
3806
707569
517109
922435
498740
882385
102721
680407
201522
290857
514264
593906
601956
346249
194213
640648
959039
336769
57764
814808
574221
624924
712017
316116
602662
732162
971472
858503
337854
791386
504261
73206
306436
709020
621136
162230
144326
828496
780985
764465
458442
339691
650241
549376
658760
878115
868859
384223
738797
534903
935402
193315
316685
288727
123406
833765
221087
683097
376834
571872
63446
234256
673879
423080
737807
644031
695316
685825
145698
270038
55529
745372
64887
933933
558188
513395
313578
422980
534311
740353
192589
508848
410892
515461
307994
83930
749851
432644
679484
255757
209184
445295
920313
832887
95977
64188
25030
46967
94080
413996
936889
220476
875183
611245
242849
260277
856678
725875
265603
102826
690914
663913
425674
206107
438156
679055
767397
495746
275888
89908
472431
814841
313693
43248
628761
17455
180870
643082
114687
178320
770460
623526
567549
944196
885752
300926
559129
108016
785495
625974
621672
935590
175392
747852
104295
400533
811564
462783
593111
977944
561128
633771
152371
636285
67347
424075
968746
463043
830009
498681
28186
440653
796030
660787
975856
675594
262794
281312
718821
552244
317162
684097
219645
11107
984066
264924
277433
537418
933529
658314
901098
191545
364367
318249
438927
614879
690930
931030
254236
782740
948526
302615
531257
287136
173227
671032
451709
930330
522014
660034
83958
225857
104674
550438
264373
440451
414106
500110
743114
886724
723714
635778
833071
665513
466522
199363
623396
958855
925614
776790
470407
659456
227468
810613
709015
560133
592760
870157
46223
229132
714419
32389
282273
713330
827871
720625
864428
707308
479664
994688
959346
516584
668233
783512
723347
730161
792416
815753
765813
708646
508639
962841
379403
495256
954027
820373
361959
120140
579946
201327
820810
244822
851690
434720
361823
323190
473829
481733
567006
919505
910657
390383
124179
970838
990073
32581
220794
924076
797833
647259
656096
444295
529564
848847
139834
807513
304831
180590
258401
196710
70986
768933
633394
961106
536705
766939
283495
448199
851840
52433
376151
758166
930013
477249
550324
247431
44429
859312
573824
415454
485864
788368
63719
615091
851460
71766
707773
293078
207793
179814
439685
340893
523404
519891
548817
716505
537939
550142
344317
737892
890900
782416
137964
282065
642487
404677
828107
412756
534139
8900
317162
953577
449170
879669
463852
290427
73097
77028
202904
348954
494583
656496
174604
665148
303191
200137
862918
115225
371231
521912
908303
188877
788498
136468
618951
889972
215825
183228
782518
248601
708132
776174
340891
161933
836033
546994
1409
175050
383519
40371
977869
12272
783996
455859
993228
729404
742014
974595
444394
303460
970075
267512
162873
803785
702867
336733
144729
577424
24025
601032
77336
94768
379575
851997
802823
217901
900130
866607
518182
410450
176272
188578
925602
837184
890775
578978
239117
555046
535021
847702
480552
109359
107203
349369
37936
560896
649587
323096
41450
298170
223439
978644
980877
875259
189714
884852
788179
473581
630417
865965
220608
40021
65250
132527
828581
808174
696632
564259
822975
145172
187670
155864
818659
50470
725781
867939
654665
416371
352658
31388
393834
223909
904994
450609
662385
999565
750972
409984
18596
227488
910935
2154
470231
564009
191701
51860
840307
211977
351899
663874
527624
181601
831558
410989
877076
41222
338968
892550
492483
286863
142368
571177
784836
496698
728324
719068
12107
990613
698562
771275
848429
500572
819190
65549
573177
357763
461056
238274
887023
845135
622903
725499
325195
32559
978141
242581
596794
652407
699812
179253
909298
370660
919511
321950
126996
297296
463346
915788
691699
306323
123710
688160
113680
366878
63024
375394
758308
801273
284593
659079
895822
343770
622849
110827
573324
441446
336458
736032
446322
318529
743158
452121
831290
741157
149160
426454
445240
938604
716828
838489
458906
637646
935988
613513
253017
283021
730901
734167
681732
730426
273628
230806
532054
195454
995300
600899
32465
54808
374150
149925
864994
482412
26258
483267
31229
523262
227145
940632
405239
299726
627489
488657
180648
896863
864994
920566
282442
978345
870161
455688
76177
115581
713492
495985
881098
198692
416927
29990
319686
410397
993588
985659
11756
693056
446805
280306
396376
604931
353078
311159
249579
572597
330545
560466
871655
253726
693562
798312
500121
162120
844739
432771
295617
717887
630713
539319
282065
476638
713143
239279
754155
793251
715976
191823
690841
607358
902472
187885
632561
540395
247336
562263
675697
224112
916724
35286
504233
420895
222678
856901
790359
481995
14633
778776
374961
805541
187913
108973
46829
431654
682473
202935
86508
652283
580748
439141
650100
890013
804601
699115
37445
669094
262767
435896
329296
49698
352717
865867
64927
697700
709924
224067
724836
621236
413559
679504
944892
890419
356080
330405
949632
536348
833101
773815
369677
153717
164349
471939
812281
435007
634412
432731
808469
305902
386692
790503
261281
729199
811458
203796
992084
387742
469153
592269
895868
486289
445292
413950
39104
320665
53223
640720
269070
807442
164184
167122
827493
967728
571831
76398
43276
607949
837600
673840
425879
961972
985781
284740
66026
84203
361416
313820
251903
549045
741485
293082
963139
444718
737817
459871
710340
925234
320217
93683
354367
780924
589207
503685
921789
417053
187842
442606
271218
388303
572134
762775
220555
935088
409347
673521
581769
136938
674815
709652
92964
679027
777711
131813
445776
124985
912971
420963
27585
239304
372248
635839
446794
650853
499874
754377
234874
285721
716223
257830
409170
990990
549667
586648
380863
812566
332439
755255
4838
619696
585462
179222
231376
685202
24129
269768
70666
830291
653792
313807
645153
97680
429065
237993
394223
980427
316337
55118
116315
928755
906080
579082
382148
529581
433029
701895
167269
785002
564879
844174
572757
395887
348652
585434
342227
79613
100345
80456
675597
299928
190635
778752
466751
513604
64410
132696
933735
6095
543422
964544
173465
810608
351773
460302
124279
226865
108081
700127
867943
241165
927785
611526
269885
581750
594889
298990
215931
569493
657966
945144
992757
550085
116513
205435
539528
90671
504404
79044
574371
444810
927681
435054
568854
744501
520661
737672
147969
542736
808965
68994
649300
302487
18347
590372
528930
387620
517206
548875
694263
197501
126204
28728
589156
69663
903299
124439
561368
956512
830722
64254
864473
175595
70617
977527
975377
622568
520526
88688
446882
961495
297093
200468
919791
723043
401175
322037
554865
16214
152393
124471
976479
696208
348480
263809
246080
531341
90365
938043
243956
923845
130554
470412
676385
367458
765989
772273
666706
740774
568199
254781
32699
606850
348006
77507
214610
82475
578665
691293
331504
625828
369391
976896
580821
713206
364976
991133
547157
213398
490791
65983
919418
67595
226263
817086
6368
875341
659329
717909
274509
456504
27678
950193
824583
400082
505039
329195
463587
658359
973874
215774
588702
609511
436803
293970
105370
849367
409280
73890
541449
391116
941704
189865
61373
304190
275445
71968
601079
726329
120699
316736
96954
543905
250855
300373
815604
531478
187909
875286
932212
275544
949661
257841
138471
870983
1482
158768
608294
992503
578729
312828
550313
340565
909125
229683
243735
239442
617988
298216
552188
844429
491502
528323
334555
494348
935783
732895
664778
985337
449037
622890
143306
116995
40228
994570
739424
954001
790950
651670
985505
368793
911468
333468
266408
338666
659327
774014
732197
546610
244354
71618
518028
994743
380283
549306
888174
379623
757795
271253
123679
487563
358674
739922
136797
418340
984536
88519
916151
218798
188097
986200
25937
475694
209635
930297
310674
885261
651064
234593
375666
121356
972787
244809
671024
161529
241061
215031
25903
748289
126151
8608
664392
489507
536507
556875
973127
972874
331508
27882
998324
595218
607628
490293
839463
451697
770644
345649
538193
568822
879390
190791
393102
531279
330523
320607
605973
670232
249315
590093
636283
732677
902934
436252
519466
2944
249341
671722
166644
790249
440193
45685
209749
89648
769722
434253
676978
862530
267653
412548
56232
859353
420120
994207
493167
828104
740792
513757
566290
209357
754617
820048
156304
375864
53132
606258
604553
484022
281639
732863
332946
890513
989082
357302
235923
925045
903059
835618
558795
398521
511044
427484
915195
319445
486069
925446
579307
980217
596800
538096
843755
139229
546838
377447
279892
845686
946234
517677
972533
584037
8380
447365
620712
182735
967176
350760
368717
749122
975394
331080
688940
73266
471719
707739
783913
498446
321051
903287
912039
112284
119206
86508
96929
96384
466427
108638
554230
193018
829364
241160
963819
324668
894731
901790
903310
274799
648195
365483
761207
708938
675318
376986
638368
654559
813007
609483
670413
172539
103196
712025
560957
254607
617605
155584
175530
8362
96253
408505
927477
219744
247395
366054
98170
905244
532801
943148
777654
286502
244653
726336
387715
938786
871113
46736
426362
407504
110621
823382
661132
25429
631340
591274
970057
261652
922699
497246
9470
106479
857205
23371
248278
195904
684011
614035
263789
329883
961101
735516
62585
333125
972235
19899
259988
924936
301104
399202
688263
224288
242855
623442
296271
277691
332081
519541
773402
431557
456034
199203
51783
670980
294028
994665
740226
548982
697065
48907
986925
354372
769035
750753
470859
984804
513290
109556
790832
146675
55335
332021
356013
236910
542677
222173
844489
664148
441389
301849
795798
838215
576658
609556
998921
162842
446667
410637
332980
994906
256368
463640
366287
368688
705960
122094
99095
679167
765695
444317
820543
372446
955673
640483
28117
586784
908303
920740
305507
67235
38217
176710
579343
928694
921524
522904
176808
742783
633360
321801
926060
358045
720809
218780
825546
591486
509443
689271
835217
995760
412063
916277
858893
560088
544402
121526
497933
79430
265957
64809
824094
542194
830450
246167
110441
541493
360846
828707
411125
919594
536388
370882
453792
68317
73277
168675
959768
307205
708505
619377
824915
616826
671011
169686
562442
841669
769299
609958
867845
31041
748149
63072
225637
572340
416514
536539
432504
613274
242445
487153
217141
806082
613359
252930
235168
983990
666123
809789
945441
1612
515754
233191
107969
186540
727956
967223
582300
763284
901671
799371
373909
835059
152340
403405
48203
387436
11193
724846
68945
691248
150090
253463
601177
716345
545911
833675
139553
315958
917453
353540
530336
652
375885
632525
155500
175296
345546
313763
899795
287261
166420
131835
899694
485602
853609
289719
128397
77608
57803
340456
194028
45542
900890
324190
282035
772477
653254
957308
920555
684953
967082
37324
323025
83983
874986
258004
431400
491026
160992
980833
404166
8466
969822
463721
247594
316784
540302
236854
287967
808720
222199
896569
207656
405935
919553
470815
721543
13979
928321
117632
735544
346959
862897
251096
154222
576931
794261
914903
399589
13398
308354
626618
588113
264219
127093
821855
741537
588949
635306
319664
803500
961719
430692
3175
970932
56693
918796
567004
706053
616233
642807
549624
579635
36871
625373
382161
652892
386869
687480
313566
577230
549429
595744
876149
159952
34618
443953
169045
479195
215775
127304
507629
773292
986318
673247
429131
910641
509310
936284
618723
706328
367143
151856
165220
281729
901051
213608
1186
155525
773959
749625
23251
411139
342572
714664
808335
326153
365261
26528
63770
278970
624921
904749
390167
344910
487956
783634
603214
150665
832939
85213
873302
433069
451505
990493
485883
492564
826822
764589
514779
480006
305337
199789
321111
960250
661228
980839
707298
782309
337232
551638
367841
2417
950084
449655
377065
153724
441389
420737
757663
372567
576045
595652
422793
192146
185014
164519
632075
890117
580036
222777
508548
321428
742167
367842
805847
318181
141437
880222
175198
78096
961277
431647
370232
473733
99871
872697
952749
78233
406190
438438
249824
153677
811731
316640
860518
287435
64655
612443
638959
601161
924154
427151
392167
398640
587061
269021
40689
199500
324479
773254
736681
521118
476361
126890
288220
927915
170572
603953
260338
559209
690831
874739
792113
636105
945430
448805
447365
394912
656019
50452
414248
52476
211880
382737
668523
486631
480219
218893
312627
351135
632418
504997
406881
19730
249088
737279
583020
447414
604556
212173
173465
715528
288461
24796
893752
466713
63847
556581
699345
708861
647315
243936
637779
348295
519872
740317
243071
266717
764669
168051
641537
78267
596186
287411
486026
528230
910801
955967
993112
461779
651212
280865
758020
412047
565995
685461
761139
559890
799150
616699
563972
748171
494970
172455
427311
819633
156653
920713
780196
46452
376967
430596
528293
79987
306869
685598
854881
897408
631684
981310
142631
381642
185956
504301
502700
468838
372521
396027
388974
904620
969084
544365
183244
495509
81293
411596
845608
363189
969728
809743
602794
453561
632961
378144
387452
872851
692029
817740
242140
794885
69755
669525
671666
102485
343967
197220
976598
822177
960911
30478
628566
633538
515945
243726
976465
654155
116593
130222
801619
218133
928845
597860
9423
920545
604278
179974
386777
303528
522802
1535
190059
256011
543311
499060
541818
935222
640572
854918
684838
105507
431556
272652
308348
995138
806515
575897
230214
141281
160169
865978
656531
511961
783065
947880
713536
308389
204956
975134
907143
393592
795082
600141
154554
586825
785982
739997
516549
585050
460035
257562
954356
995409
666671
311603
848648
762657
161299
431509
393209
603726
359526
104319
155170
466981
38518
613583
669481
592157
415902
375912
787303
200936
207540
350800
972961
626592
784403
20454
431557
538685
867107
990945
929369
633583
601587
585311
660459
91262
753227
85776
970436
871919
743771
695632
498801
868823
2137
307875
944800
639820
599036
944160
760089
186212
767488
808435
10045
516000
624388
367701
270150
629101
732743
575840
8450
235461
321360
165458
139862
711116
106556
591784
122076
413381
487521
924803
662182
71941
626648
455969
988150
994512
233570
455019
410696
706469
794207
851849
9969
255875
465765
530855
849626
627993
84518
213022
836432
624318
227145
240572
193427
21534
334290
476402
287379
637909
500683
920713
281609
351107
508731
487889
379221
557418
769136
535226
893834
956155
228824
845295
649257
65674
663939
616959
692661
766792
115419
731660
884773
165727
150613
67224
23916
242342
197254
446338
927823
477488
162521
9589
135361
300211
58625
21884
454624
280920
583482
747049
68456
480586
3709
9703
159679
843
717799
952626
60863
602913
261158
58777
210928
795420
436735
325800
714577
493540
925830
197296
131585
58483
772860
257470
791533
750100
981093
456130
388066
396526
235103
554610
918756
93731
251064
754922
4415
852165
630569
431628
975794
516685
42325
571414
631017
571630
947382
685320
420518
990410
631657
786650
421647
96489
655185
197001
868577
837210
487381
96759
421833
597345
939835
698410
808024
555523
269316
207371
962952
966044
789076
438903
569165
180611
535506
559691
697143
801645
677444
843365
766099
668178
13360
551465
611497
781359
300352
483628
827597
849466
34740
663824
651434
401285
336688
877589
506958
710770
733897
660370
976253
599918
590047
618229
282271
838911
226379
292972
120977
408446
747422
668401
258560
724064
794226
648015
895872
647864
601177
846426
81261
288874
97136
63431
112105
966396
394498
970905
492680
162600
131372
182405
439505
554068
644044
392119
174860
85376
321761
116844
25281
58229
579891
196013
960521
165230
334043
454081
226696
55145
562234
185767
317338
913424
714364
179701
213022
152445
326443
887257
631236
126610
16266
692917
656158
164925
784995
126318
150392
600673
721110
872833
112323
666922
299335
669019
655126
717702
89429
218833
862896
814714
803105
316959
176185
985420
479396
506941
925381
20286
685289
472409
39575
43052
795996
75355
710230
71962
970577
134238
60901
885539
615932
894491
694272
90071
781550
849065
968232
172419
96759
105386
64254
323448
931412
882469
773076
528959
870763
639674
106357
242770
606285
147188
911683
184473
307247
504814
630809
629568
554130
842727
352189
289156
508731
9751
722309
828683
810268
461635
537430
719236
611986
134701
115654
235523
457393
719184
429809
38621
144040
360873
390882
415836
224142
206709
250194
462931
946342
75617
903425
624497
546819
528814
477814
16221
170468
626741
808613
825889
363628
850395
353890
989199
368782
102947
13652
555430
101593
834247
776133
603898
138471
28145
829039
726944
46393
6742
537819
82199
724419
692994
46050
951339
514149
823108
120474
854684
172490
798905
99266
625098
963796
302475
838326
486223
28239
131331
217577
794234
92177
189708
453422
670725
315172
167280
326738
566514
533324
890731
305430
12949
350946
822296
77410
481296
801548
800765
448882
709252
200300
217549
584931
671528
796731
728033
602816
72450
240111
726610
801682
472294
997618
420736
965280
477781
279626
314304
247239
591303
547437
693009
180014
902668
171708
870444
259457
143052
213129
275057
656632
866487
219833
594155
757275
750799
749546
611765
778580
154128
920061
690276
329363
560545
617252
912755
886062
568388
273808
292823
610139
908379
905727
665785
743878
916780
644287
5452
507405
404461
907449
538828
344778
453265
190956
433849
173238
58914
953836
942289
66321
866352
249996
461742
457776
644433
663447
534480
635009
617441
643425
951441
176904
197033
389583
859183
708898
134774
811617
355812
820872
645671
640492
13687
6203
368609
801930
180977
870521
314773
378602
834126
987285
411692
145867
179212
948936
149063
46991
966167
798775
363063
304362
784047
911382
611911
535104
487198
632806
783369
197889
583115
938
266411
695194
541386
510810
733302
792452
837832
201741
618585
604840
662966
486562
810784
952374
918993
865972
811876
993859
325567
151414
300685
282674
223438
210976
77552
910321
106934
655124
870803
466870
497762
274058
22398
208844
652085
706602
643218
293100
438952
613254
982233
34739
490504
667471
221983
410963
899726
157429
46145
278460
959274
396634
811601
372322
343823
950268
528024
632513
379699
578364
618911
544571
191724
881102
764208
749966
432094
81726
326240
843848
680467
784996
571431
890572
862801
495837
840600
507
464421
953447
936786
635156
534562
814999
280174
300365
759945
598771
990828
75881
863291
763623
214636
843907
539535
37284
558583
697931
825682
744892
419567
954856
292748
298170
325254
133167
345819
427513
120068
432444
185053
988628
506554
592452
186567
231495
478016
839395
849550
627625
836068
852283
809633
336699
748640
292502
522014
149811
649081
917726
900702
778537
291355
91996
197871
890123
252166
181293
728554
201792
516883
962314
809220
373043
189996
268255
650809
730958
664145
317434
576281
404508
930523
260218
75087
931147
298733
749073
70016
356843
137624
608951
631544
746275
657525
848871
907001
315172
286807
152593
126151
528112
579946
629191
649081
359453
248482
72000
816696
914878
225777
419318
633215
68813
763019
195629
356447
874515
309393
868882
44373
8233
281758
994989
981162
429654
452105
137624
331534
957727
646871
664134
996601
173779
559893
890631
752326
344121
772096
119848
455113
439074
67667
416279
529168
541121
826930
577044
294028
465380
708256
968501
610158
941959
145100
751775
617992
458045
861999
189008
360859
153215
781468
256493
58812
779226
195861
254098
592189
204205
707915
535104
279739
694804
394473
307496
252858
70479
865803
355175
522757
344395
814599
45249
593560
861570
771019
12494
505585
577948
545492
130950
791051
447104
443027
155005
284254
121172
344086
919042
444976
546626
197001
60444
171478
670890
353160
34574
733545
409728
348764
66592
575945
221580
278343
129753
276648
926403
589645
152152
225450
713492
193009
76395
92426
30109
122991
784909
412598
524654
466882
754617
170485
366804
995513
36931
959119
829893
747768
824815
451975
134625
503583
275164
240341
931147
164444
493159
964296
332551
779776
70751
158181
750879
92215
222681
549159
820288
101423
309704
352482
487204
610421
794455
765111
968892
507
115021
170061
583238
102034
759973
27149
711514
394863
224700
814612
612869
727796
418026
691338
989371
640416
867031
979049
39619
785714
659144
609901
608224
697393
477886
875169
721060
183030
977146
542277
835683
956233
720578
490512
502747
591273
810973
11195
641775
761146
240582
657894
658250
478293
66146
418907
116584
746830
174080
428486
882102
822677
97561
27807
262320
998984
748674
793237
108892
127992
219227
884177
671289
265895
717692
503471
478158
507274
37284
844485
818426
359972
913174
393391
354456
142999
803938
553102
109346
631086
493482
904431
743294
20080
627407
23372
721996
718385
388637
902158
218377
791595
546943
599856
455899
655706
947297
883646
248860
385809
49591
711952
119765
898534
779040
135390
180036
727045
583795
540190
466997
990974
741441
355438
589586
931828
351306
368952
201526
584897
490200
420970
528623
416547
423007
716793
235288
636133
847143
193653
982007
4826
724849
633006
781881
566261
396992
599989
688307
674383
237097
815092
135795
157696
630609
524814
479744
623332
735733
733359
165964
159019
780589
741809
622467
757292
320103
782669
137445
952230
378523
674001
627689
698370
799562
372758
277814
849850
902046
800359
738251
481356
755379
311753
594164
961972
167310
700712
889739
377202
674481
686302
908782
335949
55145
676567
317485
799078
332954
365383
602805
274371
643448
740778
676423
297645
587511
493511
712973
771890
518905
13430
995099
220909
236033
182976
164335
412287
872969
547609
784122
430952
38278
653086
79862
130107
95967
62104
851350
384984
429460
613628
111224
148878
649431
847122
570092
835641
998333
438887
57872
843192
267350
885378
354616
482446
843681
831432
41313
342836
890875
271585
317850
799191
201514
455981
674962
808056
171548
119902
486172
926631
40225
624529
560662
267700
13812
570094
347119
699365
369470
143688
121255
332943
384611
341367
107357
50966
987334
555368
412628
295972
440742
876173
178037
699154
921524
935482
928172
69460
229616
645017
659290
84160
20906
543628
387351
914567
75969
1347
694695
660539
814049
709963
887726
973685
975582
118044
666629
312525
64333
653884
137564
12233
8940
991949
953778
996878
870688
664900
36211
932623
12370
776111
483122
129577
185060
923558
313037
73731
591723
156320
302647
688361
901062
490493
945468
671205
172143
309589
288068
604837
352084
598650
41333
655349
618585
522623
585342
453442
753933
594442
193861
234051
485018
812395
876289
869168
490312
288667
939597
429999
756184
367579
600251
450212
955618
167444
280516
632949
808616
566330
247731
784442
587447
465001
970708
345708
921451
631657
670286
58223
904141
843363
406818
127093
606163
302928
915363
755358
796763
703355
130361
752301
762456
849265
730875
771204
876723
503161
375368
249380
442666
523501
31163
497225
560172
32112
133415
183425
166932
751646
961627
664460
80516
762873
824978
95758
912438
27591
792606
168518
74870
918668
282859
144171
509466
577562
740375
168396
766718
929810
708586
887081
234946
766386
255080
174564
406105
847658
797389
253463
615480
220987
865764
493159
139306
373395
712816
604077
245795
349531
957713
935882
422989
707037
219744
402823
386842
640230
100903
223041
940569
352294
218280
915818
601166
180715
140168
328464
772860
329737
63295
364567
16368
655632
743038
836911
481919
37954
5502
713724
463475
509185
906896
530924
72405
241103
850459
576813
113008
530251
98037
933015
829635
302033
701034
564370
789840
805346
74340
606890
889314
16362
96489
763693
152815
915516
796036
900706
676848
717413
980354
885573
755952
417803
841067
545492
94216
809544
217492
178680
435663
238105
819982
624632
970424
106480
368834
327995
262364
656804
181929
121070
5258
758090
810983
918987
499342
526374
892306
140674
686258
882415
849247
220568
3870
544609
148830
487521
272627
156848
303191
212185
604249
674974
828625
960813
516476
475126
488332
449886
188226
129347
678017
530517
926626
468045
866811
336412
452981
249966
160868
859422
842293
522535
426557
803862
790907
173011
737178
551844
671343
517687
874816
973245
148087
618758
381904
435544
51618
186560
346897
314516
14046
359731
779720
565896
702324
434091
371541
122052
203796
439548
584016
622467
721962
876386
501950
422629
182632
488996
832152
354010
985865
744913
636285
363774
273841
6983
75620
18412
765042
269596
195247
686384
400792
320755
595275
240654
370797
34011
618910
234020
575219
263954
669516
736230
916780
346225
801948
560795
337111
450670
582751
148387
138101
721464
308118
355175
161933
561710
70201
270383
295087
840560
842282
913110
64604
301868
676416
911321
726677
653756
215596
84864
648856
590673
385056
693801
203078
228143
42117
205490
705156
789907
753139
430095
579287
550632
415740
532866
944070
590753
436248
285274
155891
909868
210954
457255
167429
689272
998383
773206
467346
521277
131851
951244
611757
481557
700988
897072
420445
215954
111128
123188
586405
311078
998654
890054
261579
539707
768135
845645
685631
665473
329686
943265
604881
277704
381804
694693
393250
832334
749086
221959
238354
962831
140780
376117
712025
498794
614364
911031
243882
48799
430030
979970
948688
5467
284823
707369
803777
639811
487759
211774
430635
947112
361873
979061
971252
289612
560431
535271
829691
522964
822333
573809
105610
328438
500430
158097
433202
539300
988243
213430
534515
84999
618654
62536
47226
840443
848868
746675
9423
6675
88446
261900
300967
376610
497115
920973
646395
561769
182122
700072
442735
588497
620760
364134
289528
553498
725484
533637
921457
856979
618488
760406
594354
285139
567146
998854
500297
336559
536990
917437
92953
252234
510326
127564
624857
811219
970934
466447
554359
619515
751088
224499
888017
740317
580047
473238
707430
371635
869854
946363
972096
960217
545785
79724
131863
789033
220095
915837
335
233181
476868
254161
947360
270499
330084
575952
812302
339444
799775
303794
999663
106880
524560
296634
964044
825487
188384
195529
522399
52160
539524
181720
544985
784315
35307
234019
975417
56571
136425
285328
719211
985805
900200
637969
735419
394053
702703
637135
722790
334097
100671
72614
139536
626006
927203
701470
905078
802866
67027
55950
869140
583949
825775
534755
314304
205997
638841
35686
280505
469801
727941
492808
901345
308354
65813
702953
544634
21165
536175
702166
718665
455299
669812
299411
794239
987904
912695
709680
255529
310078
188813
980264
297747
323014
633803
918162
79151
457694
327089
844976
126409
394495
82157
53288
396300
30867
245576
608243
951077
795391
111797
671917
942411
941965
339428
674222
473150
68325
623372
163161
134440
331653
493423
838844
545439
976626
105320
436347
973589
574771
594647
516590
22382
411948
994765
815692
487884
906049
630616
782818
766046
401225
523125
748254
180304
216414
563761
211317
955368
403662
243185
343248
281115
595494
339160
743098
367565
867939
776211
622716
549098
503673
750000
979098
524657
437393
62639
423066
82770
109895
365028
326016
195310
867718
579162
758411
869981
665177
481026
8504
155133
437287
3401
242913
611552
123586
999801
789230
129176
373873
673
574758
513213
452474
657144
255940
424061
513425
627254
754783
730422
35146
275479
275055
253051
399036
124041
364313
472230
709052
286696
793989
667840
837992
8427
732197
787076
611746
641862
267392
747063
337741
464379
457085
517677
304031
533281
918602
768265
282642
537698
105159
168737
229221
60847
290066
6510
536725
129896
76528
778117
984634
544990
956512
875246
772939
935327
63304
893107
78421
309300
2231
582069
730768
490976
763623
969731
656884
857155
160491
350011
942600
848592
111766
284492
923027
519667
23530
465456
884126
666920
212707
594425
384356
849775
521650
877184
398046
577764
252641
240240
459773
34723
811043
123776
46906
570501
746498
578647
847939
817889
15312
349187
295987
66288
592204
138286
133529
852566
741499
628695
166636
914405
704172
898271
378490
677077
405726
229554
632866
326480
403378
435457
225329
752290
165173
222162
113019
324943
990186
770983
401950
748939
7129
356292
961250
667843
799753
952091
568077
540393
867568
527338
235888
823946
505088
222452
681293
48213
386944
383600
475201
736272
383335
191273
607750
371816
626336
690681
947238
477356
299572
962831
909125
889828
8450
296374
812564
482120
523973
773816
600488
456158
35657
565579
975989
405677
921583
602156
171924
777179
121073
833389
56637
369794
455755
726349
937220
270657
465211
665263
567833
956813
645771
815610
352681
618530
382311
3983
170365
540358
100923
65582
634019
419773
70402
915313
926096
486295
718731
510638
395518
320688
65959
109686
982052
968197
842374
948478
783368
211474
902286
445679
614976
521812
644548
20196
650850
644040
215656
35458
187902
860139
403422
274144
247140
870531
401919
891495
345371
972746
537976
167750
659227
750176
758777
859752
50950
335596
40108
126363
547681
638482
74297
232906
633477
433936
404508
70188
286460
296480
780457
358486
341404
149700
896574
321900
489109
854947
966854
852346
299615
859674
385354
46715
158749
40752
904828
398262
942471
410701
19270
66406
157962
571774
599260
414236
737672
447521
10751
817361
105094
702192
324280
491347
35984
125551
185682
75195
843109
200325
466475
217577
842934
368995
150538
848270
204946
703651
272117
452171
949056
3270
535416
555372
379152
589775
384677
144387
316248
346355
82400
367710
682056
772920
36378
601887
955215
876396
272243
269203
645983
544662
148559
970441
491498
158220
764696
184421
840075
443455
894695
249453
584851
480082
118840
953548
477871
787129
175020
336306
515926
553471
512774
639632
233649
125931
207135
355912
542371
143286
980277
959984
975545
43779
639422
351751
248163
130735
805130
700025
19555
354345
480696
5005
3178
896493
644139
703879
652252
80061
574360
630307
792785
798911
357671
12112
901751
979041
129829
545547
893770
76246
3056
347926
142354
93588
285274
662034
535272
148595
337383
507307
522479
634031
678588
828820
817896
261851
301038
192668
839988
687808
36571
137089
534401
85524
682347
264398
171039
810213
515588
526752
283967
770860
916725
803906
49814
326905
707354
738303
463954
813470
683375
265469
954758
796105
750100
161194
926944
376219
300879
999830
438859
208882
80212
466295
786685
444706
169268
93528
639604
146344
507949
511777
998088
920209
232084
235429
263857
702613
544640
915285
831992
571449
22611
225257
689745
785810
221329
463438
196916
368793
207224
655382
925179
235103
903632
272179
807600
282384
996400
867967
665114
22949
582313
940237
593221
556558
101850
673776
821189
260972
742203
653878
439836
6457
620650
846972
884287
499269
232877
250039
903067
581511
932365
951981
398718
663733
639755
737289
403544
809047
721704
38341
380358
557419
837058
107851
7423
441979
548792
870546
798995
275897
134278
833681
770645
283027
603953
500327
402883
199798
865867
469091
296534
439453
381216
355338
34618
549306
190714
905616
134980
663293
53038
393144
799159
197612
98711
492927
214961
300335
471772
533454
926591
2225
239056
406858
937809
559157
830455
976536
111081
662623
716856
697134
791006
657166
149475
842694
455902
131662
264371
80318
600304
447850
172253
386330
990269
534401
874685
471510
150793
384842
295357
551623
814882
477432
909418
619524
532743
905928
438548
619159
865022
300725
613468
261189
761306
661134
210125
879303
382345
340219
121566
802192
30856
530235
354105
487024
562376
334166
362588
914906
520661
758973
883342
68438
299006
673247
511165
289327
935851
269752
661626
606101
265786
928260
913544
55393
123133
520070
655447
68609
690804
855360
136686
499735
547408
626858
332470
22008
868548
223924
978612
683300
596030
243522
832536
941292
744639
178419
364362
694840
148751
905829
779168
962405
298872
131009
997540
3873
791358
617605
818332
980443
688459
885407
244746
47971
69326
799176
422047
64188
131857
933484
994942
756203
615686
272304
592401
947934
397489
290811
751348
294739
79414
614646
823312
432009
281940
895090
750402
811623
856627
135390
549410
520417
578735
882415
932231
77138
434132
676324
43851
118878
473513
598807
690804
158489
296127
521958
198140
659457
642007
64130
29536
903484
276679
110202
814981
335758
160916
356713
371988
615052
291840
808435
971491
434908
329368
556073
463486
708421
626131
309604
243433
228574
962741
185260
819849
752627
867636
734164
96593
37697
601502
362980
16442
471617
207639
720033
436165
852731
447530
381881
822973
183230
932085
865651
308173
816072
310470
505465
823127
658820
845951
598231
976411
565776
343930
708838
710112
363714
487835
865526
657163
392357
592449
654947
364967
389259
916084
972095
356227
489045
655250
443565
754404
485979
133882
433270
341532
260604
929990
665164
59589
908860
979201
819083
336524
496040
145126
318679
270181
380470
836577
820429
596809
61145
889846
117851
972467
626268
652401
415626
915810
742167
616071
683433
818220
854323
691655
598972
319331
193846
737894
2332
39292
69785
948400
748925
286273
323916
10264
41394
931994
904099
188861
854965
101286
537044
470321
299215
610986
921484
38990
877508
869552
671927
850447
412370
645817
455416
897515
25215
445200
818900
274559
585017
117121
205407
404545
573225
959778
817051
774219
963611
714910
493751
469153
859544
180108
459382
434350
846751
57422
464713
86632
136727
326555
623961
803423
970497
159878
601047
641814
646988
735067
579937
896823
538890
440917
76626
971671
678032
4191
542429
19351
49588
526742
93684
818327
64532
53568
418604
829570
965417
33468
536138
203387
476318
690382
763292
585450
475199
444368
91633
587275
755269
36507
19723
689715
784166
9036
585550
274412
259422
59073
117442
169590
333897
513861
463160
964437
51789
919928
239441
182773
182957
986743
319908
918031
10694
815924
266253
442176
461213
160124
600013
764239
767039
136287
852334
432403
43531
503468
500584
878186
264760
553590
249247
767459
346315
719362
435696
868551
225728
254607
541954
724758
897991
907199
7453
490408
645723
421439
295252
578084
244258
615609
602338
469269
198660
801036
119931
563214
717484
298537
880704
227925
33229
262913
929585
294749
679895
731890
662994
48826
313734
877923
15967
664462
204662
964731
666497
24163
773838
873114
694833
59861
868449
862526
44808
63147
46950
439615
702696
208468
364650
166644
879327
889369
320281
708810
961984
458710
639598
783766
85736
993750
282358
558630
422790
905554
521282
627625
307862
491555
918268
915220
793182
627731
942136
432243
328628
291921
921400
932962
502359
872576
300579
104233
499226
647469
649658
978023
660597
145246
89023
671628
798845
93089
623400
154689
72763
109216
171302
157663
513728
805154
15715
663898
744032
717863
870548
970315
480501
951526
832235
834460
939277
970708
228820
994512
9394
763455
138907
253508
906209
681259
433576
842075
755139
182638
703064
147480
62553
859064
619951
442900
537435
139735
174727
65395
765444
10713
113902
933057
746193
154968
357449
94511
90572
83292
679648
352051
529980
503988
670390
460135
526916
415814
665107
206660
688911
370323
596930
308167
841687
685121
935926
141451
985592
387212
800675
819390
622869
904553
158189
984287
317433
29887
817310
178584
274692
883955
733306
311080
91831
574030
730875
118323
385751
276505
527968
808859
855534
297951
260134
235923
515558
696263
320440
225089
139722
142262
882628
817336
567352
420343
538844
493798
413850
438346
524355
948375
791925
2940
654747
930430
276684
66294
348770
106991
926902
348641
275452
806644
257570
692367
662022
317571
74770
42197
817184
168536
1218
466899
564272
331106
875360
305901
166059
352822
615884
484400
539902
359500
374460
406109
964860
687948
812155
864160
888736
851146
239348
303301
987276
632509
384825
887148
524132
261807
383801
637924
311942
629333
563408
827068
53699
515518
872116
791873
74020
40678
835015
579316
736563
643881
930490
492460
309520
570955
790655
146350
833445
501207
150948
85657
610248
857114
684857
803568
832992
189607
368829
95714
315391
868538
518275
900811
39468
77413
722972
287235
434150
352372
354540
340326
988674
965808
51082
135659
52690
357242
555080
102188
309876
806598
389018
646286
989031
743361
227017
492185
459475
840358
191131
647002
256635
730650
36509
523885
422996
29127
653075
957813
747470
964754
850261
290975
487481
839291
424303
965970
663824
277974
219557
540780
658774
625053
799519
855900
569529
240252
331571
312322
80505
542318
574960
571884
391525
681258
204619
986657
596545
796530
183788
88946
86570
913293
824573
517035
302532
755955
87206
689531
974868
830661
55350
722227
101743
405488
949466
88742
583189
928265
510710
930803
845134
707037
849510
697228
131679
140504
295784
61536
315940
39641
388650
130288
740215
771637
756304
192668
337079
722506
511387
592829
27602
920741
600266
571515
995581
834647
502081
29367
537470
74488
692067
612245
685106
912956
839467
238216
15615
910360
570484
902505
974610
844616
353034
957271
197889
132845
374620
139862
596686
841003
261326
38453
821806
345815
249612
728330
432497
674392
35256
824328
468739
460
321279
199315
701533
404897
299136
342066
797723
931634
620605
125831
764743
128120
665790
565462
798323
827996
916725
772457
119835
641237
265434
149705
803359
458480
533123
486638
591698
56593
765751
986166
846662
587012
139155
562830
947701
720474
380660
201400
629374
805299
267260
342438
916290
358945
711603
247277
598662
66226
398468
590613
376698
190237
430309
582216
994705
876608
54173
490902
892008
925870
167269
527165
770604
923105
978239
901174
382082
592513
559651
861463
626377
75918
863158
775246
508806
123384
807051
23749
979453
238587
884877
357676
596497
21211
416012
532540
35298
310501
19315
435239
156678
571204
560803
244448
910641
913545
779914
888588
620940
560363
232762
188581
179765
841410
63293
814664
645753
649629
914342
41986
983779
81480
372890
385436
677995
127518
507175
675516
215266
754509
981346
492526
306938
97576
590327
347896
711722
68425
119072
771937
528316
610248
135821
231474
548637
948291
696759
6833
871911
764563
344395
342782
176628
795061
45703
761455
583375
590632
127274
692131
490025
545448
863719
390031
317403
152371
848971
223408
516710
696329
795670
986079
644623
416612
680803
187136
490436
828343
479163
402047
102721
16872
557117
635906
59733
387452
26609
701795
17326
114364
272883
768886
514099
132362
89614
925821
329517
37894
504610
479024
358358
476743
136811
851139
943842
236883
600729
274707
97210
956544
382431
6368
846298
262671
17048
286452
878493
98804
134610
98775
692717
853943
314672
683171
527310
68126
706785
157625
761774
651490
98551
822512
655067
465520
196227
594296
740596
631765
680174
881303
795979
710476
576520
133625
975157
223114
623810
418522
983089
197176
725583
755893
21588
857673
612818
195231
806586
758127
581148
516900
431765
710813
481275
370933
850719
617226
211441
616852
569399
42996
765216
880861
799284
835898
419235
358984
217657
929551
519489
872201
985564
282842
85938
8203
419260
851975
981778
217558
982790
254670
65317
834599
611274
394161
621575
770877
657144
526557
831518
680365
73202
91562
807087
534221
407958
801073
991879
239383
689541
413138
189071
365623
789298
39497
59216
28046
519665
601044
923558
287480
650113
398131
375361
88883
555579
459806
280920
936618
435704
54010
564709
617221
948754
215011
897713
989223
765206
540076
530579
444435
609203
349171
488003
302779
723593
16987
578254
207793
328431
232268
350141
204667
363924
570779
813167
557667
669934
743098
767246
373988
508855
465484
244414
951995
305198
683105
645588
258792
450503
175479
816796
13438
654261
352208
686764
827403
761359
180027
711319
627197
254678
582138
544581
464863
620441
216746
625820
282707
520032
934206
551835
342119
426594
64468
691733
777630
214692
692418
884769
634326
60757
606030
896282
105938
720263
706222
17966
956551
346197
911911
585235
891399
712441
807751
496349
267870
440863
265957
239951
641865
872920
78915
907187
576156
930827
310635
776607
536739
672443
231707
561394
106409
734591
442176
364487
962070
475316
712170
61460
952238
189404
198153
107176
275710
620043
501380
398933
31807
465617
811337
419341
800653
436829
719406
332988
754722
611629
821828
777200
717302
817408
960199
309007
872160
219664
221121
388043
40429
473908
459676
942502
681084
847726
602834
542125
931139
729650
803964
955065
800471
547852
384256
479216
645140
855795
345997
407028
553409
38696
420237
626390
754747
262003
146765
860452
28631
600240
187320
436527
291049
48982
580020
950707
239466
624084
19039
590372
445024
728582
367770
606591
780570
798953
792584
373341
235501
886638
934465
316728
245992
873600
547323
553147
416205
573176
940409
780242
51184
695382
456020
2798
632945
488097
498425
342076
159432
527811
579783
949289
619941
606499
763861
40446
560215
240911
425061
396563
472265
605381
248261
396136
301239
100314
347705
459319
664015
142824
508877
856950
420860
670571
331940
176663
570565
511691
426554
981328
160595
1315
523079
784967
502133
549738
629903
240663
443308
869465
852484
885020
555080
701661
967812
996612
973213
837728
778474
78393
411625
474511
117689
385056
776918
935074
738757
997441
814964
357528
870024
287091
719317
948638
575584
812810
459440
802318
594233
73013
973483
718785
117216
206302
75195
154322
88361
939989
193748
369889
474649
386431
528070
429586
682876
298307
617732
162984
451461
791728
254212
517728
894565
882860
345603
702830
293261
846056
476348
856901
694119
628779
743437
195525
579964
704555
254212
853101
383
621605
471165
493397
781195
808886
398149
591528
993192
824552
279987
967997
80684
255661
12448
517264
970690
130870
809773
762828
950944
47708
862458
14116
536354
216833
490025
919101
301868
495315
462985
163582
921019
622890
237664
419785
717631
841812
171976
875218
408742
809924
832602
980590
232328
390813
457171
534827
787344
547393
543854
246709
107058
891633
268769
723347
973847
392077
55123
332495
242622
944939
461151
582171
107738
808855
21502
262732
346108
628905
609209
66554
596313
825887
638506
956051
758209
953201
775372
851247
120945
805140
487936
828864
469354
408435
113580
35025
876791
778995
692196
316842
286663
738085
239863
597781
583510
383305
916262
439026
633538
885820
62553
234133
613607
241901
989341
30719
25917
594883
387382
443943
441725
422767
973282
289467
897662
10264
485213
69913
421926
640880
53262
358561
65108
114814
411131
196802
115542
577045
400635
349500
3599
62597
333817
194820
573298
687514
734452
323374
247076
857827
956314
336581
704770
867134
620550
463739
319371
15384
210550
678607
859183
135467
972286
708516
525659
574398
565074
579462
777655
788071
443943
773902
353814
336137
259727
202409
619212
413672
891108
734374
391876
80055
30260
669044
730650
136515
639889
327552
269427
953579
195604
740030
624327
567021
459440
962542
188600
789555
787948
459214
276283
549327
665361
989398
841192
69204
414060
440826
271651
251121
657690
761495
355573
443144
615659
254691
707141
243105
993843
583872
455806
493258
648797
685043
541513
228447
289178
810206
559218
991133
834218
25551
512080
216971
676102
720218
9009
178745
162740
797994
599008
855472
631192
796409
598868
719160
802863
158374
167663
665796
846451
366707
243293
830376
334598
301879
900508
23814
986318
865280
365206
116777
445191
397786
209054
599201
825770
800359
847186
436896
112663
937403
501545
696748
417630
878163
68283
326643
645036
300586
21301
809915
271129
848040
935979
498923
273245
120874
142968
104795
785633
140631
916268
308637
184889
117235
814074
879227
94696
800562
354058
882443
450632
404501
140100
768208
268769
997002
496854
860697
889888
657384
895017
344374
198124
622669
625343
55400
561823
854445
296267
991971
866497
517573
610063
745982
763664
225450
280685
224713
161947
795703
283159
498664
759936
621457
914897
550737
850263
390248
495720
473970
759232
573736
207805
240492
207231
509422
680827
55254
142547
881827
963760
802212
78810
260081
6795
288573
46401
471534
625810
41501
41813
90735
711256
45646
686278
770718
761938
925408
3429
500121
989171
699617
992566
670831
479820
509393
294111
810272
888860
828782
186181
266582
615880
129275
748485
272782
319082
231547
33457
255235
322074
393780
815123
600985
404655
873713
152474
461090
200325
516241
979024
449305
413146
454857
198762
775622
611153
16872
399036
510411
166898
62783
628180
932979
259015
182926
139663
782700
311995
564485
152835
74033
416120
422752
237275
293401
70252
170003
831540
970708
556283
710619
962607
549735
873495
509668
175654
848262
993852
28454
999613
323691
757936
456144
366917
298531
722964
135507
555805
111367
975092
428930
199171
20537
931250
39669
207875
996087
492578
157489
509193
425191
608843
801556
554455
73368
44006
484706
968028
452013
444857
956262
249521
448199
492271
183403
506601
819920
621100
647176
473078
305145
23199
374195
329097
26630
388606
780173
445697
105091
25957
575537
644623
828558
337037
37689
435007
24741
440015
337149
215077
717362
255932
565662
748320
925384
666901
493698
23358
735433
24283
27041
883838
350737
122711
295564
96141
714764
633477
254719
632067
260762
423695
455321
769136
811616
779245
220129
210694
797318
235056
505031
570240
526662
553600
673681
237499
767940
620188
34363
28267
117457
563641
555110
536768
904268
754003
641901
191128
459938
90162
979404
466700
633829
246339
731616
656001
659643
901999
946123
518574
168080
932997
259019
935126
334811
242640
292823
906932
433880
925289
207075
133447
380094
284407
477107
873197
300507
10454
873783
824757
766495
102077
235865
854186
580036
586481
293749
207875
273291
514193
872972
661902
947445
255624
980203
553674
175002
861798
92759
739923
442460
679851
999871
22153
34574
167182
497110
983096
221551
874973
139205
847467
86715
403644
905916
200835
291451
703451
626675
784307
584492
716166
632834
25833
64221
907492
115410
779831
52628
347701
892397
300791
903044
715060
484383
648294
374432
924933
657440
79980
810889
344173
820164
727587
13214
58739
108378
289687
370702
396981
585333
420828
569419
90162
509851
75379
446413
229006
709485
741232
953363
433801
185729
957303
135425
60910
223771
461296
367047
806844
140327
511545
23195
521354
561341
53288
175995
107320
42056
7528
896954
570360
292502
170853
289687
690805
319492
10997
803714
404091
567387
756226
128397
648928
