241901
611073
505601
5203
523828
306439
166333
650016
540047
636359
255733
212597
906540
563916
974306
204159
298992
794211
722053
885609
757507
59769
709708
173762
994723
781115
403246
405054
8892
968760
794190
665062
879280
572036
875167
142667
500340
95834
641969
770267
377631
107150
378318
481888
688798
719326
726650
470454
314849
414850
460650
218602
940763
775308
985472
834426
430667
15864
675718
774823
918575
203578
815768
235870
335898
583215
715398
959674
911227
122744
691149
434505
203134
752653
184941
734340
302185
880898
517459
383354
81889
895047
56276
577980
788390
740726
695039
277449
174605
150090
396929
657730
763004
830668
949951
974444
47162
267763
742888
176212
95061
280795
878727
775258
913581
313351
210134
590605
235963
648882
408442
119453
489495
774861
665119
676017
732876
70679
289116
524813
220467
606911
196168
626664
542566
103824
477884
97867
502794
326991
385357
502040
713036
516791
618127
82039
250446
509286
46669
96102
884208
820972
152616
50739
785235
298091
672566
448342
43032
329506
4182
442925
714961
195198
304721
671770
305187
299548
335741
899170
994185
795475
105623
641254
761959
169478
792364
546795
361804
736150
295078
257383
650538
266725
351094
735900
270548
270410
618501
296077
577502
883998
787124
973989
615671
352097
625638
955429
437239
407969
88121
153554
304186
508657
701677
210015
871055
953871
437389
371537
292617
922185
334689
175756
341812
535641
225754
261964
974653
603779
147165
65478
968184
650900
214235
743953
39124
228329
393063
748358
5752
968123
32262
229561
630738
941509
663602
614146
722419
96070
574300
773961
238603
374272
349419
424259
446380
666562
107024
798556
113609
908857
214599
318215
842319
87649
118864
960391
285055
379185
505601
415970
636467
752059
26139
603795
658365
554150
130801
230292
338806
187890
157716
390935
292050
485550
389852
808882
915345
676811
397852
29108
712621
239384
358611
654095
232568
898453
247199
46430
826534
217519
972258
533442
161954
82639
165552
492813
589541
977363
369334
602580
48421
469037
315082
633929
492765
667527
356132
769408
867947
717052
924992
71725
947636
167621
441626
102475
552675
258836
753849
781177
422317
755064
142422
385780
994836
222157
974810
391789
501288
895713
344684
665004
232508
956285
340959
288255
354132
137291
991728
667117
471587
757368
498857
461072
102300
21881
827827
970086
68
243667
105844
960062
263409
259337
256980
461276
239364
829028
148714
333567
478323
950036
272628
573180
207309
38389
113922
159382
116452
382287
48883
511581
954396
211419
743736
361969
490630
683665
641552
958336
7160
565518
23111
335179
691785
977283
87578
753408
772201
153418
588091
103730
1471
119381
646924
406656
879237
421410
200227
36639
572988
968459
820799
991393
758975
189159
921740
584414
34131
826922
682747
322426
764491
458715
319187
193487
325626
307637
268431
943910
882537
121260
365854
898122
972885
698037
899135
826320
166791
969095
864268
368713
189189
647894
322663
733944
822652
493655
742940
744940
141616
837384
683675
837198
928631
648084
588264
711572
857826
585513
737107
549289
949657
73607
859974
802882
13648
373885
673109
319687
345464
168681
555763
876477
789309
442270
257776
533491
228331
410731
17733
62217
63984
686333
815925
311224
364893
31324
683481
562611
980909
772979
629066
873142
822347
778591
520487
96803
541093
856681
409950
467440
140834
461528
735818
214019
458176
975845
626558
603337
894667
357843
324866
813459
383659
246794
204341
442527
613986
138332
474798
935614
512427
333193
494727
643973
329917
491734
522493
617471
609997
278562
517565
602567
104557
426480
330514
672394
485228
950454
639570
441086
524069
58756
339351
773898
150327
826862
846805
826716
146273
658795
619158
523334
668593
912307
690839
577560
836401
112891
706077
520995
959885
378740
39108
827251
201486
835276
325298
735818
344656
518939
336447
151613
641338
776959
41623
426256
8567
726047
167363
54493
926129
252019
196185
787783
380280
222874
422256
579584
511356
815768
880636
800845
15184
285690
66932
98181
656636
275107
46803
767673
365441
474738
982245
743664
978107
174427
243018
606695
726557
495711
692619
943148
977188
989165
142125
718004
953873
771273
759409
513885
796396
4997
144127
298278
660847
777787
568702
292507
778591
634891
375111
114476
676286
807676
709173
322905
769478
536545
117979
511765
292588
411318
841739
519488
934833
546281
436540
663562
277061
728053
423988
759354
955391
588053
676776
938302
790006
539615
629277
940816
754740
322553
867991
746893
385560
731650
934527
244707
739687
565352
831227
506224
362644
385661
848311
585441
157656
983743
460852
974621
981691
966504
314785
86213
881820
968923
746183
348880
393818
435294
814078
582817
460621
45219
959331
26281
664253
353443
703910
360004
389813
239281
327909
74877
596341
555148
79580
815721
8892
306418
18632
168681
432994
420931
822221
962395
344679
23701
721238
381350
616684
436395
570750
894670
897119
242060
463065
194893
712157
333657
6594
536750
25416
154099
152841
246394
673403
563093
220031
259723
368255
638619
567665
518465
281420
912439
317691
472262
162851
651674
483840
754142
108651
193584
4126
530190
586493
549297
777982
213389
468413
555845
229939
890993
564414
251307
531944
294096
403785
235734
347345
604532
473086
693300
174908
287310
407481
281987
226297
61617
230414
153268
786053
81061
163206
255325
733083
679153
840259
703086
893149
409444
145306
134386
145587
540212
569300
981141
530740
232919
856811
269377
52146
819277
400132
474356
343658
322044
566728
340179
882707
76058
396794
73115
23017
295336
879115
899235
723073
73352
119969
670785
818085
406438
820841
855716
382846
731758
382639
538443
509367
207123
191588
747166
861461
294712
160773
672456
9214
39956
869410
221508
428077
432586
15147
100106
719876
164221
995612
438003
646225
755754
829435
133469
972970
970901
841361
478032
556976
806507
66880
926056
54238
414553
206864
413451
696336
213801
778847
550574
465754
987805
388441
152226
359065
342044
73607
79565
32262
827240
68096
770946
947509
859436
438561
455541
565568
896544
664550
389224
795060
224631
677884
248978
383159
293579
466592
277178
466592
663030
188322
624065
107854
286288
99510
130897
997126
513215
978633
557935
902265
410249
566002
516239
296914
171788
330690
853336
120582
59748
816821
669984
658360
417749
956238
858579
74369
543870
521471
414219
586283
957240
785554
147001
460748
82836
420806
674294
551991
77082
484231
353769
577897
175781
275962
132544
176150
751550
76406
544712
940989
419789
738595
356283
489783
483889
104752
678762
660586
349894
799658
335262
642500
740957
932640
544915
980447
620979
985109
801777
880330
548913
62552
695081
487280
414472
39951
779718
106973
301716
302653
451739
488456
154098
995515
81734
354215
255200
374921
48776
797798
758173
975560
12371
879559
500526
895317
610570
208381
309549
313900
989927
954147
247149
247335
719267
833525
772653
905099
851854
774677
73100
942077
518126
253523
377524
456276
404935
343511
755297
542878
465526
926489
432069
290307
691343
360676
520282
563967
162133
926280
332219
679455
281597
235196
423013
534269
489465
195643
220507
796611
606550
523443
120580
918046
829988
410233
916267
355044
767027
68214
418362
611840
845806
519331
862782
580838
514679
927015
862067
551159
743359
331313
162521
75643
985124
608956
161552
171219
283976
982649
40713
407255
548114
582624
201526
628696
424854
707794
902343
204487
718641
981189
390645
371730
580448
334810
221156
958153
911189
783928
896801
935258
389666
770031
163793
686270
626939
479532
265414
728360
861086
793506
273551
68620
830169
769811
971644
719512
339081
165636
65187
931869
189528
546572
73585
891605
553630
491771
397152
125445
6933
440548
490241
218026
987936
162397
70588
933276
895526
357704
568205
184254
484361
367406
454176
861939
562101
105433
374041
427686
698893
336821
776873
899170
954220
847001
96212
835711
931528
918261
451739
318444
516825
8901
559590
305591
202350
514431
307160
723691
998913
45338
879884
109145
755024
281705
515336
257190
118815
796250
185300
600267
42236
889177
578472
274291
86547
850327
347940
516605
214682
939514
187501
709333
145673
157616
777453
282152
360887
146802
228595
745912
48673
596354
797580
159936
671048
878900
343924
588495
813183
78725
594218
505773
282478
231913
738993
201788
715922
736840
504120
245661
690669
443595
599655
279255
528787
801654
174723
628307
891782
775513
563375
76448
708270
449304
903156
724995
56517
769372
342575
237883
256951
214128
25843
799181
631062
793206
764738
70501
774204
123064
691780
519320
983520
452852
548902
307795
112281
99598
408230
262565
978794
5010
625570
117803
123354
444838
585681
150105
582820
121744
572259
696816
222936
237375
227453
227218
46508
501472
755147
125703
989798
648394
136242
733967
229989
746234
787068
84241
5114
96579
604057
551174
235183
149244
146141
868694
562939
590564
325786
632712
462445
554692
511650
868570
853968
775376
578323
147170
491706
174961
134931
280015
136120
160998
958799
329056
84849
654187
703267
724805
729882
390559
66934
633659
616965
150459
33291
989626
584955
906093
287670
121868
670943
788832
980082
901408
658816
542700
312162
923640
613375
132391
791830
962702
865934
791902
227388
374702
114488
128234
937437
898421
372174
704977
224749
258449
645826
540106
160653
9033
892677
31554
904727
478752
957911
292527
265946
963541
184733
425110
202561
675984
899483
741490
384532
647423
713646
206393
318897
171601
409144
831567
975203
860876
52894
985688
582366
485109
865302
957850
725109
599517
600440
274336
723234
458259
987160
73643
929226
679259
321595
314438
523053
434775
644639
459478
491054
201238
194426
438821
654940
725730
569979
109378
347668
164231
394929
768388
101476
449351
635890
965141
336168
667999
632391
899483
466132
645642
78588
190465
944589
233248
706818
702585
936227
957849
630515
813406
941405
808985
198444
967048
253083
552483
251384
203521
485887
388225
499631
801392
875862
564149
701176
759385
25276
381110
225754
464778
831398
321586
706042
396715
303095
837255
366147
983767
825552
653553
598311
183652
280866
327360
382071
841445
441662
81981
775209
4259
852914
153721
663055
94495
311692
429256
42912
501039
743389
633802
103589
56342
5925
584103
302113
622371
972319
252593
359746
352890
795436
313221
205316
619602
745888
257633
351593
563469
248169
899431
14744
525776
119250
734343
161879
791784
888791
725724
230198
145165
70178
913273
230693
748066
983526
183373
200844
692331
609408
178896
516520
55630
396589
999836
767990
101080
664390
446394
645346
431635
117857
750879
323462
106225
553168
536041
140544
912309
140258
102134
155687
977034
421795
476020
614919
263018
303526
145603
196449
674482
729882
358858
343036
171615
876424
30496
31897
701631
40899
887629
131671
768577
336225
600562
101176
667219
807301
576484
751207
186711
961251
925771
352803
796642
610435
191227
886775
469191
997597
373783
656190
773003
953484
257521
109608
61115
722447
563115
381371
733801
489375
996156
446836
264258
897409
736698
909780
419292
783274
681659
107420
576000
62376
669763
26391
875027
175970
20263
413019
661735
524265
754462
659594
91656
168180
922975
957114
433732
221830
327766
746966
353655
598149
244831
66664
23787
473643
973816
287705
169159
655255
911444
657327
940025
960051
688577
382784
722214
497857
854666
139997
349480
880847
974082
524210
233957
460741
348217
826364
320987
869724
869616
646924
840965
186435
521027
185814
552310
385437
408794
365007
633053
886995
661665
958493
70525
547668
193794
647079
992923
16162
314909
889562
468409
754130
810743
169288
809667
935954
153175
893335
779657
878419
914590
34136
616698
42541
249253
457835
311295
385657
644094
496348
531911
256693
996959
433956
684125
928706
368878
510802
376061
480693
418344
861595
748042
767111
435099
109466
88101
154239
806484
256988
263942
567495
931773
595263
541450
187759
56182
932973
677433
155143
326726
653544
161143
143711
738673
91257
990821
184103
529266
727946
328812
189810
301423
910262
764966
628708
549457
707625
966645
502580
650791
386589
74606
829705
700369
27238
277828
867844
671630
947965
29916
836542
298087
759613
41915
45623
871938
766266
676849
971515
912943
855845
631101
276102
826455
165365
264924
363122
755861
88483
727213
176491
716157
771144
215268
247985
21376
798580
617309
154124
387576
597632
10457
131036
662006
135004
434536
374682
438052
21735
779141
812938
712276
223870
326360
178197
98290
581742
413579
999921
841194
932851
894042
394657
360887
970059
25061
210946
116568
68214
587250
808243
453672
710117
85320
830032
164098
70240
451019
120266
259737
828918
518763
631290
937958
267193
201744
339661
861817
450775
673435
413924
497340
57840
967202
639068
170942
577586
952763
22885
845851
878742
273154
488666
171508
524925
856658
817181
997988
433585
752798
690342
29423
561306
154475
551405
221007
635472
742350
254656
835100
56789
579205
599544
213788
323647
268086
728375
101409
60636
230190
849722
637581
166129
937672
934968
667363
989007
864581
262486
678378
521161
43593
907920
622207
531609
465826
843645
752743
817551
605468
535985
9560
889431
785165
832839
562101
907588
183509
900707
411113
475760
545254
466984
97134
804931
212034
595629
183042
230802
677487
786316
303063
108409
199926
488952
492382
804732
504540
85370
696114
556846
216101
254179
837788
222549
937656
391675
770363
173691
741294
938131
191948
935486
388443
71705
11203
220226
956968
172830
451881
782218
307490
580376
142369
870666
872404
210292
333471
772924
37820
204544
689184
568215
738055
492010
531011
111375
80697
755654
346159
222306
552668
175074
435430
251224
551747
950471
243071
261705
390551
248448
143006
537723
786634
198448
131113
226480
458517
91838
494936
27513
52301
504751
137370
186024
435469
908989
560511
409452
852365
463160
472631
922384
211223
997838
335885
166170
413698
70504
593077
308784
603369
430081
314228
349595
198489
131857
765895
133365
869057
836145
26002
754077
753191
668935
770051
329383
497673
990809
722344
426569
116852
981903
291639
593321
484463
554519
645734
748062
617446
107630
155841
551760
118459
928459
573598
852092
440417
652426
399888
305858
891044
493187
889930
837397
340144
216249
102649
637393
567108
347122
781483
644240
473837
939349
124621
710433
91512
635085
460365
111491
658365
759903
600706
952935
820598
767249
639340
190475
687311
858602
556936
772270
150405
21184
562479
208068
421057
144008
758291
451897
612216
808354
693016
376669
835225
540057
321763
891373
930620
325261
387970
179873
347729
777755
729856
187995
23544
503538
728896
278743
317105
34845
926777
917434
500727
292916
825107
839066
512613
600464
342097
310906
710780
436359
971766
196338
246627
495819
541960
685265
764355
274596
375529
531679
462410
271669
995613
691753
938985
322696
623298
344361
678782
89983
580085
5478
896015
203438
168862
556552
321567
549407
575860
960813
898722
508657
462550
729833
957242
549656
334145
618819
441347
871696
894484
87631
794974
50652
644307
63069
69895
357252
885771
13612
705739
330953
922449
187852
764243
358542
607560
988254
705866
150408
911917
4968
203765
471626
781007
919359
502394
211511
266972
39440
596172
567870
807568
7586
306259
61499
745792
345276
244285
361226
57538
10437
92686
667038
395220
688613
891623
201502
886173
189371
438522
830298
687614
847786
571916
851770
131723
958966
2655
646082
591917
755141
864728
894461
130485
798157
492603
310380
992959
632217
31239
531277
657600
898595
779686
980340
16658
683776
956259
765836
951048
964521
595085
890642
489718
314018
69861
977418
564385
191380
785437
762977
629530
436160
942638
384374
456433
690426
687130
708737
559946
935662
958868
551034
769373
85516
915939
47412
69225
435138
366187
978731
406029
948930
694328
639221
175740
391710
542845
257771
197153
532631
209213
255701
216953
838533
889976
658839
62810
503304
202075
594916
780775
194356
248046
393479
677657
721264
694951
760757
907295
76866
261202
19595
183014
738860
380974
20473
565456
634565
44954
202831
352308
920515
676524
901749
796203
809808
926673
910659
438213
623037
716767
828315
624620
612149
700313
501762
253057
637106
944260
333190
478654
936611
894282
578225
182004
88233
403858
310300
299937
416651
499480
596835
327669
455316
527731
293273
67058
667753
300570
857536
76785
349934
728448
466155
874822
96567
441598
853802
459726
484268
563185
337745
542784
379683
216528
98365
677422
657690
470009
565423
325093
44418
793090
741571
165961
524826
942986
702174
547883
377576
669591
840762
598005
535145
836262
676405
43534
497836
162230
948637
962093
832034
20489
194835
615790
993835
570338
125839
321334
344239
656095
584795
2957
698163
237130
35347
581322
828129
837922
379829
684844
443487
53509
489767
827194
4951
700805
269228
425841
27272
358174
480870
37085
250161
151037
231189
599819
574737
105382
650471
906566
810499
794611
330264
265034
819198
150299
264212
372199
764893
206252
576959
317135
507696
16663
759388
360250
104937
87601
563067
239133
671377
143851
743816
419873
594117
874293
583329
578210
661657
510359
895238
634146
766194
18632
412533
17475
41712
978682
878880
311395
852917
88585
686407
394916
446239
797664
655067
488564
850181
510305
702058
707000
705169
492328
407038
733016
258176
474323
517213
859172
857257
358592
76836
821377
454245
377524
89701
199049
785671
233438
728016
691149
595995
615908
929464
695397
355434
69716
625178
12392
972114
331572
608577
612740
752950
953239
104124
45419
324545
65218
31489
161454
312597
675259
658746
485018
260720
909002
109152
387756
588408
283712
377511
501949
675843
810420
311508
460136
642614
705107
479873
984301
764526
377939
649466
217312
959674
166349
143657
136001
355291
423716
512340
47962
328950
734153
144676
263432
829599
969607
210623
722214
997709
412094
561512
541469
475268
131091
665729
235292
772959
951216
833928
487986
347263
790565
426096
100044
688751
831154
926604
131299
168244
238097
774311
102393
45263
776201
142199
174734
839038
627604
797696
165490
123970
273068
982399
712085
110149
793904
561592
721751
939348
562375
804092
604631
93213
664286
693057
469690
349743
519463
951565
516061
601484
301613
424547
928422
330505
433320
598471
473496
168639
272537
334855
519674
994533
469625
808000
915012
138477
781549
553607
612414
362207
956383
923640
132356
126817
845814
180169
256901
777870
986144
838478
796431
970563
318544
78443
56847
577258
470453
614798
725930
500062
927105
939053
909828
8134
997711
33618
227130
490715
46551
251529
559793
952547
918010
387891
96019
332747
822104
276668
792958
287733
511724
700971
733946
315678
845720
61405
35240
913296
900721
822173
554019
735161
553697
145292
283016
57538
507401
639721
851614
550858
671030
291604
447506
335697
941747
930102
415184
473642
906511
553403
895667
943910
842123
951411
736346
81476
335123
724546
31863
490476
641508
896112
683783
641237
133801
944776
756900
621159
282850
658465
882690
980744
624409
267801
858953
232816
784235
242729
559689
320328
974333
964554
866555
455811
387864
550589
608196
264950
982920
287481
260813
301547
697087
915264
555625
993254
133053
849118
891703
46729
276059
137561
40631
488406
615843
254670
591599
893064
189911
12940
116122
107083
204548
719417
842134
300431
495968
231925
95453
713002
656974
416446
787548
547513
814585
453517
977701
346666
728677
598648
866412
13329
538888
98439
635901
669249
96407
126609
236391
925198
88909
99879
999697
293039
657984
700805
995314
786432
283006
513342
297850
67360
171585
479709
348922
602626
235230
692616
284233
327882
385806
967868
68508
333056
88677
5069
537941
501598
10684
27037
893665
760691
360678
917231
862862
15314
735578
969563
440548
521748
525613
211129
459905
274876
898061
352102
980761
506155
793712
628930
25913
397050
751236
460755
601643
473987
817861
81229
100156
987164
318039
150987
210714
349205
246990
787655
539309
860606
906356
454498
14575
460445
443486
70739
6500
954498
463847
734015
726733
440378
800078
364878
774671
350125
705807
746894
574461
620706
672194
54352
695573
411375
235257
421627
539572
707490
367738
170892
90355
318374
404640
320579
757365
123383
88852
156283
177616
813747
64220
552234
660549
685399
481210
951027
71830
469603
693320
507401
490574
839836
93113
549029
514073
770640
594787
276723
316034
961481
6975
597214
503727
502785
831502
170685
95991
420364
403336
957568
446129
137286
946938
370803
106374
859216
993507
205448
563200
480396
22724
53022
516218
459548
801559
292794
341001
913552
178563
770445
668426
955954
127758
168295
903660
590041
230292
888758
387532
532187
574248
305583
602266
785900
572977
366163
288969
463153
597216
696521
249942
471226
811456
423215
56273
538652
700804
257896
403262
55084
903515
15510
786909
66297
159612
440292
125469
443387
645420
774656
297104
793126
886497
318531
364075
30044
41955
963168
928351
95210
535908
465589
683565
106945
553680
639807
990307
479501
419349
308706
853701
775558
756997
940360
317961
151072
882514
794580
682143
841927
749723
972817
774586
593895
619432
809077
831113
79578
141655
249036
785065
704459
414624
258528
977884
25526
160482
216200
402615
519097
421116
781001
894300
672396
184636
237678
208653
964659
8760
824181
488928
334304
275486
231066
667328
403972
505069
327793
579809
99303
893234
414029
210548
290949
998021
152033
797334
468068
946718
695573
148918
22388
79697
852656
431008
10821
886745
356514
886873
329488
485746
332236
379775
968083
785165
293191
689760
949940
990080
502681
437959
671947
132111
197748
783494
724836
9308
710257
802101
679700
103490
106182
390995
700011
803318
406315
406733
177134
716355
571410
646927
359773
472885
837802
238097
381214
195297
486168
939209
906186
433446
463078
45275
912409
322593
349559
407754
442010
966184
10961
510028
587786
7753
701785
702424
660370
920822
600961
835972
59320
507954
237411
686054
664261
996255
484769
924981
306173
379035
514679
239385
976735
464558
27032
415184
409512
838448
758911
255235
597280
703708
25699
141332
195673
829520
793352
818714
139975
746727
770414
511282
939330
812542
731936
899426
307019
53669
744189
279913
66688
936966
113053
994033
423210
905789
924197
26539
457617
205652
321594
232026
775524
573198
425830
693277
290630
109164
747629
905027
734397
344335
829203
623970
868348
268021
684597
296172
141433
414929
659714
375355
285256
804926
949588
843328
840781
636462
325891
810690
983020
819815
514679
505820
830949
414491
47830
552678
93771
649786
184103
590224
674581
236547
407554
637510
989355
400923
984560
926662
797120
161552
720578
677556
117076
237794
217406
593497
65849
149142
220884
867441
441417
648490
996368
553834
269410
531089
199335
368622
761270
183954
444996
294593
25526
853143
913795
83548
259969
941447
900519
213675
738756
911945
491842
868680
232561
719774
747619
104329
639564
772448
900088
403014
948310
117706
580839
850275
735671
423011
202980
94861
239382
707354
906188
768149
222778
785358
890836
595466
902379
712869
4079
64633
55914
208770
303516
382830
742492
666874
76439
473614
323285
541609
332279
458541
779587
976350
618837
204887
779657
640699
47294
48424
867851
573256
270361
753841
996667
295244
208847
498732
832358
466169
923536
378517
900919
355272
887982
937433
52706
246642
729485
81982
359309
932189
353962
550409
500288
615610
841607
230172
112689
139141
757909
36419
286856
515930
582804
788027
326644
680482
701339
116778
431158
877609
777501
30269
150868
130224
822082
615246
426157
144568
805682
447176
870074
89243
729910
738707
334569
112006
677912
919956
269806
892372
949448
409061
783007
672814
750895
794158
116940
809867
889287
548606
150220
264527
118935
604813
825589
191588
353429
593097
688302
455464
278366
149460
17300
399789
802841
436037
966132
479266
461702
967686
113219
969335
309466
273880
305917
471513
455577
989333
4278
534984
265121
241442
180184
198230
848549
52678
314974
919434
863459
585031
74
777541
657354
646079
556113
241535
984867
822686
113950
434275
843643
731617
494037
59235
321416
318804
47791
536107
59034
133703
731448
380335
112281
755395
774178
264220
850925
670472
874792
525530
712676
636169
35596
391733
783978
802090
798292
68315
620044
411248
527072
863754
393650
680025
354468
540536
86341
461871
732819
182537
972953
765409
378542
737666
188108
198770
584998
199323
538579
798336
873402
131375
402262
195663
573001
5844
578880
471965
157519
471561
844833
697892
678387
680706
817988
284226
449740
673967
473468
938441
84742
851493
283413
754076
292967
751725
572865
446322
963472
159032
807117
471690
246749
145050
222267
642496
327943
749131
864497
35768
424600
364913
696890
387772
175341
384111
613484
634192
440474
214199
765269
136190
338194
322321
535529
814203
751676
610496
120733
889199
830418
55377
537112
516567
399749
672032
399046
902597
382132
514378
739013
421436
486291
934421
982013
363345
894149
802203
627352
530867
784019
323918
242978
948229
316353
989042
927401
548872
527741
292394
199614
118622
277484
920417
43385
488221
318646
72358
486848
336817
749982
11217
718771
80884
723133
536756
294028
213968
818622
530625
626158
333380
241510
443631
717607
675331
714999
823403
613013
940854
500170
813796
313907
804830
608611
199609
821101
327959
656678
146293
859254
85733
761853
453713
621066
51255
478521
259571
314719
364785
95862
349469
585920
391867
670929
213187
596779
305151
8340
263405
903980
576251
88784
173577
224652
639627
156635
516848
577152
795017
387842
656624
54589
893683
877581
21478
987965
330283
192266
612370
901749
593576
787394
852236
823125
859538
91086
740462
285182
174677
116934
923905
303223
269055
222764
703885
713950
323849
732082
69727
510700
556742
120686
863287
454972
745407
15111
426818
665409
135272
277731
206594
63968
817002
445907
592769
237575
531956
558901
470877
880986
340930
212597
754763
746965
7564
944767
664344
408983
756255
477213
813206
970611
919068
822686
113160
311973
899913
495244
714380
994054
748102
375111
682863
569202
823661
694004
770338
107189
390868
691441
729968
378359
153678
364468
577161
219246
105005
129892
185691
643659
804825
475306
753520
823070
179495
192247
421677
441936
525726
522600
251725
819093
763004
968911
264329
581611
610238
876372
505382
387000
906188
191768
469959
192035
176849
385067
334603
877807
581514
161463
977418
371108
817189
192410
505242
259973
490459
799580
782405
298786
757614
822293
432551
655314
384044
295451
598450
146846
775044
397543
766177
536608
919923
335227
50847
245166
550307
244782
6323
121762
545336
583397
254189
775769
177975
986559
336972
526655
164385
150882
101584
367008
778285
680726
587356
7917
78849
362457
947023
594090
124314
532337
430642
81977
632574
26932
162645
351729
327709
674287
599953
396825
147737
839247
77791
182004
904050
538371
671572
959319
605170
67820
901036
947522
83821
760011
35324
54547
125268
337257
680121
441513
389390
494294
903728
529465
323023
757137
323993
628512
62627
904291
70588
721971
170712
496195
292222
183296
367513
606550
740989
268467
833413
239485
959513
189228
256951
179402
2662
740152
763653
987027
555695
463714
842647
760050
745608
42976
352421
674680
74869
851769
655309
649605
85726
883997
926828
970059
692291
662474
485252
736150
675984
125040
49218
492722
101064
484543
669431
255999
153941
270113
857392
260126
268914
93269
77925
406098
370800
126576
969189
624972
498975
745068
726642
689774
216736
229663
572950
830087
674294
394467
527248
191588
76094
645776
594916
334262
764417
304283
693680
233052
168089
546799
279660
2655
426543
762891
166991
94835
436752
138524
786417
315663
354093
918927
645564
58829
228656
253846
628001
55786
758275
207057
510719
29473
658746
669012
537026
723469
386717
725713
311905
519747
62374
504394
719126
206274
603610
819867
895861
917979
912394
711795
176820
483502
186373
414243
546969
833703
665029
847488
731272
674583
587616
606664
811978
608179
862846
495945
136524
498342
642676
827054
373359
387771
82432
126887
953428
246094
779714
286635
61832
866556
643813
690781
334633
583824
922135
787628
374933
776754
371748
132181
198489
679205
405188
496891
477172
245450
763094
185000
545647
88992
413562
304172
838143
584905
846322
24464
165450
820214
16879
717729
648848
923329
529226
272016
148132
76569
312955
232781
59131
251495
445471
252351
120649
356831
517064
814332
800241
162755
777562
72521
776112
836497
151089
349863
705866
2554
627604
22580
382204
921267
221345
695701
676724
348034
423642
715857
169934
361148
775087
755526
153925
713574
967351
855006
845283
505125
785363
367131
760123
197267
252173
152090
337889
791618
444145
49875
688558
891098
220970
700397
638838
728604
640582
891728
163397
112953
568572
878654
119826
420380
334380
41372
699884
265891
660593
77229
797130
645863
126294
214334
156983
880683
101430
365169
804983
781209
517157
686509
791917
756233
570830
588966
532096
468971
806791
379625
188218
423622
875250
838678
349478
318392
937035
944198
334380
121198
723378
7203
421469
214044
303705
586551
488488
150027
793472
542878
99599
887375
435873
850206
396743
945918
171672
161927
767085
672748
819421
956019
685929
986006
291024
822347
735196
250933
298621
588328
629881
997409
308759
621117
243743
481938
516907
606773
292809
176466
669524
531817
802302
363930
716433
378564
752971
598553
328194
412243
551112
837684
884539
223728
149909
804936
77563
835064
798160
638466
327232
360239
695022
830832
210257
627350
157072
284597
834333
407851
100029
830449
443138
646722
68425
139316
585174
854063
664891
713112
206987
803626
89065
62557
981103
186289
577325
773003
956263
622645
228069
194245
932497
408060
550982
215342
208430
165861
692251
566791
596211
987248
117868
51261
575079
141330
382556
861941
454451
327669
932102
524644
666353
420282
284858
677626
837406
286487
295800
963045
882795
475110
564385
976369
325261
117197
994877
611918
691677
919379
616914
317682
66267
267487
983340
1102
247937
343073
910616
303465
882467
724281
988747
639046
582214
402750
849955
363353
35372
190465
600105
472450
591578
795526
310716
32123
6608
282726
856852
868202
85757
335697
363618
302142
86985
203229
614784
59944
302994
25921
709744
333629
807101
691332
358219
159290
211511
712638
796976
837468
61725
802974
43042
895118
320
560832
270962
100047
715872
779560
892959
961394
401254
990225
790348
316250
442852
37763
236853
716118
973660
950632
739053
195921
810464
144529
936069
330146
488934
184674
114586
249288
228360
577398
883347
10608
505868
362872
415394
977228
288514
61499
233336
607024
530326
433558
437800
848818
130788
181489
740333
747326
973937
672601
195938
484021
165184
849192
892055
788760
830404
385726
639127
417242
524129
220774
4757
345914
134307
341948
72830
134131
224212
260362
533293
936466
710497
269699
504068
696147
527228
349820
788278
524658
870609
523611
333227
760143
162961
421787
915745
134216
883997
622638
569948
267181
739153
822885
162542
534340
974218
646181
128560
788126
976756
579678
827868
211678
2026
300651
625777
840433
364438
594454
988699
433885
954013
560680
805542
520282
840246
300397
56042
884138
910167
949808
611246
802375
768913
854270
856689
297607
465102
875700
20089
592015
467323
814907
471252
206936
150205
690391
285327
723485
607158
146659
945554
302500
838538
765795
687213
602230
374890
383299
349048
372831
118621
521138
860461
974653
754826
298198
235192
1026
840218
37663
249405
686278
506135
620950
390317
994139
843576
623128
372060
887109
160482
479437
578323
155202
880330
945675
325141
44675
128984
315802
466932
206543
470072
399946
661299
684178
792489
864438
260114
553866
983197
924461
526234
790860
497159
412218
800934
422850
366708
48933
559750
776914
101977
142699
159415
627590
725075
722983
276740
995385
641872
888184
573872
192483
2683
730876
237279
88004
175719
414681
554167
788164
743543
561818
657686
645971
550858
226154
466565
673873
958684
125168
123629
30723
696471
290398
352620
447813
453956
948094
364757
617903
813633
367721
945815
461732
709715
131477
385524
556727
648524
940846
460108
806174
56621
991987
223020
139889
585107
968190
844240
381937
198235
648296
633833
210863
337248
136433
630872
983249
771385
161469
244289
923161
432286
297605
421140
358190
434446
720739
657902
498050
640725
226115
321693
676132
572303
363050
423971
971083
377590
389390
993500
525052
869862
392749
17429
550637
596297
773704
30769
114063
945974
33187
512843
832960
973441
219621
978574
909383
255064
580938
184058
937035
973962
783047
14486
714439
196016
404766
411115
584267
174266
972048
61964
120373
912377
567573
349315
321663
41275
584616
302998
72087
944913
778967
526463
860020
425732
568484
182527
476477
899703
792312
91155
28000
522302
531277
294041
907709
300817
687780
4061
440985
276061
135707
927088
184421
540122
296415
785459
526746
480968
254989
427825
20168
738984
470899
720727
945427
527378
605034
727084
964319
879300
868732
956316
793667
333165
446124
688819
515035
236029
49777
302767
213258
864919
72749
51890
696219
575617
575905
802255
498638
341140
396186
342367
33617
938367
981739
292423
870504
347857
375761
481081
692755
405948
560034
519813
52814
111311
930086
424693
664991
294275
135368
402123
536521
380519
48676
245803
444841
604695
690966
550391
65849
442547
569147
607129
584882
507420
772761
482346
239804
299948
389667
620040
304321
693373
302084
419661
78607
851770
895047
78945
123556
826174
61865
961538
496921
91920
743139
223536
758467
401520
729045
223844
22901
271445
623559
974531
991727
147981
52416
266164
708293
992786
455078
382169
198486
462361
35266
261341
789399
401691
541501
355257
679506
761331
951769
286930
711633
406638
424475
862369
900397
377855
908355
203518
184313
315289
602821
273045
564149
654310
719041
198158
970156
444721
921201
904980
342862
382646
171429
379115
591951
682615
396606
698496
249125
937470
642036
765836
855140
812362
845705
279579
655217
847827
948559
882402
646000
452318
442701
26943
15314
470610
31345
628151
111506
550144
455376
214334
119579
779591
26581
621376
658567
383581
21721
522900
634083
533480
272714
166433
625881
308048
640384
146264
531107
622719
294236
507014
133874
518357
692812
438763
911596
109562
50095
343714
439915
355096
917284
12843
501726
894262
926806
571381
478521
530121
916344
373110
952114
692670
51060
145599
54356
755958
739250
351023
532379
52405
126883
711574
218833
959486
188726
889818
372978
340229
428390
183953
70550
329059
600359
640369
927880
868586
694964
802841
56139
815802
616507
399865
136728
728452
345678
895638
5531
59299
734452
314060
672066
611689
535817
413465
734654
746623
670472
757637
577108
125339
273808
296392
183960
518060
665025
506026
695217
921075
485402
580325
799316
242998
237685
680692
125890
658795
521748
121301
32412
105552
552581
556979
460202
297931
474877
907334
264649
300427
462799
345168
544184
700613
157154
922899
792348
997320
601438
452111
176102
58915
643967
297043
924181
499584
349238
114063
567495
566723
572137
238663
167045
277901
248129
741812
775431
769104
457913
885499
739408
116947
395011
984587
488773
914760
421230
302522
158220
88161
183635
984576
20763
409070
396837
815750
289058
660664
479901
610218
561918
467412
127385
383189
552268
536476
713928
471086
296790
148127
335211
559897
989503
92613
989468
953750
477159
41808
641217
288128
383962
185164
925424
650379
506096
37626
431781
844628
290583
880042
104250
752996
875494
789684
576444
562880
835072
421929
167721
421572
856438
513137
523704
585752
444365
263814
327588
428196
546677
474217
974281
836654
784853
161644
949171
113476
76173
16658
843665
284971
846550
4030
568501
546277
240019
891220
172991
997827
493649
876535
849075
818050
817845
343511
523816
778760
215231
649195
786621
92046
653441
245966
192317
188236
939961
880704
306098
419644
565453
430218
284656
281422
309220
768327
433242
235221
252174
133032
256304
980568
283921
23030
124711
681961
241325
853037
976012
972707
3771
362929
93727
387865
919546
265797
160579
382204
45515
204706
566770
556156
594598
84629
790307
587732
997806
113420
46764
980221
755977
935167
46598
902304
674238
299631
847488
89596
153254
83024
563834
789655
956130
918631
623583
29486
120037
677710
945098
650227
948396
88889
19806
919956
767049
827017
932219
436703
976698
851890
487732
465205
65839
15314
435031
542703
61025
282852
218397
236217
268089
920263
224411
481420
734885
389036
682762
386284
976077
975458
32298
834939
718220
307518
16116
717265
469166
316151
427156
809163
947863
922184
575687
310664
884365
61159
333231
378827
346190
786449
609971
200174
792281
79531
878117
87984
581869
254790
353866
949748
126254
88480
643102
880843
97336
193267
365571
91148
912270
457617
981024
397108
875667
39061
761119
950544
252656
399842
693314
86151
267090
961627
971365
968051
417412
398077
754811
133504
706557
827518
159472
422109
220392
306338
95981
416244
17894
106010
12375
255384
961723
98662
97463
239059
384630
183398
463869
748912
197310
368983
880150
1296
307744
167363
349436
779089
550466
5954
479414
395300
737261
120150
580008
828929
363337
119966
864557
189168
439649
275038
915138
99391
926552
864247
232932
95886
315006
192922
23474
957833
712109
351692
317675
837679
96912
872799
575430
831949
507575
715599
508574
138626
58634
65478
992996
345174
625584
82633
416889
814214
994461
356443
810377
396407
516406
218541
153076
275799
386228
65436
599651
882680
166390
297299
603341
225644
188047
560527
697839
396018
284211
560028
691122
135001
164100
624534
118890
518580
660380
353571
201230
576279
694189
869571
406370
2026
769711
43213
359093
70849
415444
906890
966235
270589
663058
839135
886995
524644
941990
513884
547238
632915
142545
829601
195575
476923
297679
890385
239997
497295
230114
301356
37861
835235
950882
38648
540888
46452
384384
693993
452111
182810
425059
116961
327777
624285
866196
280189
370471
249481
742057
962169
562363
837875
725879
74346
562394
701485
824372
166973
648186
504338
133567
611977
460081
719342
3780
277716
157783
374294
626552
150882
489790
649969
687859
412200
711977
744895
301255
464312
232945
392581
976410
875643
51362
640961
6225
677902
726311
370253
174808
708789
753058
120654
5947
512988
193993
380628
851825
396317
781958
890580
258118
200754
6565
799954
334554
784997
674613
240598
382303
335285
765774
474649
810483
795412
646368
949749
531911
475997
407481
905135
564681
54637
119271
597253
130428
960551
873956
512541
42579
160479
698081
351589
439869
704187
554519
81688
770373
466891
537897
81602
171075
475268
674183
48188
308173
380347
786214
156983
828590
368910
465786
424387
731008
491434
409562
919507
907900
552554
392679
2289
512614
16191
279770
955891
782911
343759
115776
206030
90437
507620
758522
69005
732014
801008
799883
864435
902751
163966
549152
511631
859319
373532
698623
83330
395362
100580
159397
29447
66091
921353
329294
543608
168710
460728
775578
485903
965586
490710
517346
359237
707032
200156
727729
923702
529530
151411
14256
794127
41051
570867
725813
321979
305060
101647
471531
898023
258604
716085
340525
12180
361676
200619
618453
686901
997409
383350
746451
581011
173217
528500
870757
990193
765383
845165
558270
626097
137269
265172
228385
300818
538522
247852
49437
641872
787400
860884
374262
580134
3399
439525
197946
233732
708840
622976
935663
892488
478385
311069
995314
397505
602985
910424
193782
508457
54477
642486
442196
660079
365869
577162
204207
892887
794686
211734
56092
413057
336578
891926
397853
608391
834573
39676
504359
301602
81467
64310
584476
85383
916066
450150
927570
410138
590486
866440
21657
740740
53212
546277
949291
173877
664196
974170
506790
813993
453748
675585
108165
844880
166713
324281
365039
349766
88133
362457
234254
934414
598113
824097
793471
150591
736643
791535
565702
325937
224204
213774
326647
848263
487557
259843
686758
991296
833312
726193
293332
459619
131235
134848
174041
518839
648426
708270
262245
49632
704620
329550
157207
569944
666884
30732
291136
704025
468683
65852
717225
633139
625587
905743
621332
803244
743631
642811
312233
638172
710105
596423
348649
113681
414243
997205
698915
256560
421014
123007
204816
70398
524476
470280
995166
724360
56273
655932
816486
879750
310407
362229
685961
321431
13037
461731
922303
70148
315679
578011
371960
33974
601230
914403
188008
18508
201663
785717
992485
25091
527107
264066
693073
735176
908355
964561
188300
862369
648879
779280
616838
599891
988658
36448
280657
737898
569202
478202
372843
677535
818342
682496
298260
497885
606979
123681
580353
882402
765530
147481
612920
131305
68817
93512
511393
795349
346119
107122
479000
223045
984720
537429
65220
336472
446798
759638
210057
902379
603232
683725
734637
777933
754535
345015
443855
738074
671183
134574
562538
437135
551693
733297
380265
113609
381303
634085
960464
37067
927227
409650
2488
568759
977658
373829
569709
821501
615440
278920
228046
697618
446226
648605
979643
508114
43756
276780
454414
276879
371379
768903
757653
433840
935460
283841
562081
772506
992418
759933
400175
120948
85042
519554
355646
687556
75643
69329
686678
237685
782719
733740
592112
296517
491164
145292
951470
176336
129047
100775
845673
754420
729819
107103
54974
331425
307518
823321
282685
794974
976541
44891
532199
664967
448307
328645
904514
21660
877769
946504
101562
358928
54477
124414
847825
99035
993404
822410
929697
86344
615890
6746
93764
691960
516242
620524
807869
620353
535430
878691
251270
378912
197210
837069
156357
911522
723579
682112
266532
925338
671210
80941
335697
435503
22161
743736
83914
357865
346658
928980
475281
348582
717729
617997
815588
164184
22183
537201
681621
79315
225954
577159
791387
245939
60324
958500
153137
593704
495902
982540
45747
464456
902857
975677
557278
303155
997597
918633
331126
917623
970662
523063
36150
103060
631690
200844
655679
759353
372551
532473
136557
421152
844240
610695
658732
87401
226923
448182
577915
519155
906391
312447
992026
508539
702355
490671
278743
227544
829534
667062
54425
301313
963472
458024
479033
171305
62558
796108
159284
344322
518759
581458
390437
453238
300857
421920
170107
934667
699399
407340
308506
398520
927794
27229
282377
287762
492258
766540
873453
500585
67927
14345
378032
427022
423934
979232
317347
943873
323364
955319
392752
287575
754752
66091
569511
764058
972269
752836
522569
778385
565796
745054
836718
105746
398673
249083
776284
585128
461732
315416
570290
293595
660021
864583
90000
171575
552649
445106
646082
649284
405533
394746
968455
568847
472485
156357
197650
798987
928195
469743
275224
15661
448774
927118
483133
570087
399313
256108
751727
302368
883220
682028
868915
471640
63271
128548
547319
404192
245060
808579
396794
472607
343705
862784
212943
761343
835498
930830
985428
486704
781645
471535
819756
42037
949256
147994
472098
623958
378559
576257
256072
370061
838489
568763
268974
288310
814206
234522
987805
881983
742019
492000
248881
728053
407048
118609
780950
32226
299878
96784
114753
935911
394156
97815
194484
501606
395343
430703
47161
693308
21109
299756
938663
996395
995475
914277
813435
683901
626002
52080
162369
917550
354764
667249
665775
651417
956022
987301
177916
62557
914766
24884
594713
56952
699323
484736
605137
504982
149952
11519
984086
162023
110905
462988
946106
551112
772683
168668
870329
830917
547562
44846
10670
42236
521237
489307
12515
136066
19744
817454
438499
962782
807775
541783
539262
719342
89744
463477
80425
162994
627359
810464
220101
896121
120557
118458
780657
264340
991630
636068
195028
490998
289874
953454
29038
134592
387900
553939
953907
144805
515829
603888
828876
960231
782146
775254
877611
202521
827011
389988
342335
777209
920462
740744
172470
973279
186711
396310
7158
296434
92686
528548
945083
682040
269666
689775
684899
43895
692397
203723
665502
88035
732013
352954
806820
183226
248093
549790
988386
973404
210565
87362
694828
149007
428663
151823
519294
937958
84304
309238
207391
91614
117100
565806
962812
676849
994266
284745
594122
834714
189787
321427
998026
701325
977805
400250
147601
218066
469074
329051
557221
347122
535817
41952
656339
917580
318278
363633
37946
742880
654456
548669
11184
135807
710919
507622
310380
895796
278554
321228
101690
676928
592928
230576
897720
238327
124303
900782
169903
456374
651562
439975
624529
700222
850614
13859
775288
460766
725754
284226
623782
603337
645428
594923
162967
293106
579812
956238
508692
393883
606523
159714
240337
866743
23175
884159
568618
945387
919029
834800
284413
653584
487959
685140
168413
749458
847218
168027
641040
211067
574123
478297
397117
13243
492784
894032
144358
700440
803986
531074
812453
259610
761425
221934
955061
105124
727544
428118
923897
975007
731172
180315
404860
225049
279978
733064
85725
655290
414292
130258
357196
726394
127837
808331
358849
676081
706307
332594
141347
918565
440764
624899
300838
861119
471082
98457
554884
904824
117328
628819
537399
473741
827899
345555
504521
769327
461922
536775
683280
32099
793277
894020
207130
52666
388568
210236
921982
403795
982981
400170
46581
899125
308672
290535
33847
866813
713571
26618
751028
28300
1488
209982
913896
759762
544742
733694
991352
705645
750692
209302
811947
189050
149972
159397
104759
34683
797563
677002
827418
693230
397001
901221
195851
57681
3897
443641
660207
754183
337559
760962
226059
49590
497766
610936
243870
409832
870044
920439
131336
864503
175766
44900
965282
882804
809740
583559
446836
603293
384803
825076
46932
614842
428402
368835
696042
435227
493406
86117
685093
518758
729142
839108
400069
63781
902292
485252
492410
147814
693497
512381
890261
583244
745037
930883
116318
239113
438060
171469
115845
611396
63504
171362
798184
417786
720016
524036
482381
590933
954472
787119
60046
144781
712141
989865
78867
448217
735217
973871
833120
929436
15046
314565
210460
564535
790850
504300
210062
822312
270034
12102
271798
737490
966352
235680
708636
824847
239341
24890
345444
445978
47406
593108
270646
965638
889199
902730
727433
958714
114228
767780
488038
574056
917823
912249
223944
922449
678594
508102
687719
112986
732462
711595
144249
965220
348698
275111
214278
150006
915720
695457
244541
616286
176538
979058
363221
301309
160650
774313
257187
849605
290522
425276
92116
527056
21922
595521
169680
801502
919553
255993
272076
647841
854645
320905
359763
617088
304927
467821
561086
927872
909189
67799
160795
264892
113193
721829
864821
476805
35347
584664
618310
162623
732688
180632
200394
269184
958936
324781
755809
113115
966082
967535
277150
528164
716990
918888
605187
798938
373517
158227
364989
642008
389852
769460
31554
576461
994833
872210
44033
711144
161096
882123
299927
936563
78532
907580
912689
577109
871294
402203
497234
733514
18007
854370
99288
978144
861782
182039
92686
567735
113110
400502
921226
707090
25868
793863
663399
208779
825609
414583
297623
26823
89703
374557
207949
95615
618785
494752
333474
829
773520
256896
276746
213148
705223
456809
69682
578088
945444
957934
678702
592112
177596
94441
148896
661219
91512
680498
648765
360264
474167
363836
748678
439875
402804
369372
689065
509193
458665
148228
763592
146929
738454
627261
687014
618752
302000
260673
443840
895210
961196
123970
81977
756654
802688
701136
336915
501671
340964
20666
891216
617756
273237
96077
702332
706920
761719
119966
353443
264693
347901
56383
765503
533945
911736
873889
572131
699466
391137
789507
715693
287105
295800
237542
241610
594483
942146
515220
766285
597697
772300
215145
407907
516542
864522
246676
848183
944610
126708
734055
214935
977529
892653
109263
954369
269588
913309
622271
463847
520463
669390
565821
184635
984800
191867
523034
454456
60998
138947
577165
900877
75910
352029
932428
327965
512453
827527
579809
279243
691200
23750
702240
516371
841445
772025
199279
859927
976103
486288
461936
690316
18707
835264
75405
271339
591597
184149
405040
486146
68
460483
351418
476808
965036
501000
375869
344372
407594
571924
883493
891204
142880
753985
767818
870135
545291
982344
380708
458489
576349
725870
681249
25267
638739
612138
505250
869706
866826
596988
899426
474588
210972
181370
763777
534845
748952
221337
280403
759394
652779
800741
711977
725477
484539
791732
617384
699530
277548
307221
133533
537089
101522
946288
836598
942455
479689
447093
225829
224570
415911
395499
432787
260347
797026
927150
235924
307988
171043
682839
376383
251880
638952
300822
335080
381664
702185
687396
935345
348440
166065
637444
818885
449680
789706
147866
888025
428651
676187
711394
273028
562448
817536
773344
549043
353441
628480
790560
350653
181192
311137
862782
497386
258307
845594
506658
496162
257013
43339
800233
382595
453837
184272
681606
193565
505167
619755
204207
352157
106753
940657
958487
989443
502775
908694
430734
305011
42811
620786
132276
525898
742081
571982
924197
819602
735178
24942
431380
24901
870135
109617
97754
679289
349439
676690
302795
594256
721446
832807
529118
91493
746986
617108
448677
984073
587016
989626
477354
23867
459522
620483
872350
318952
315788
890757
349559
329731
152129
705955
348465
690327
29945
233788
362381
606951
761239
930691
255019
433506
9616
588832
97711
747982
938553
292712
984157
463139
467501
124831
711572
166686
715554
823587
840916
902144
400059
466157
115743
839881
119956
46288
600289
791901
478437
357808
844838
874162
915345
46944
843891
959664
383299
154984
403588
820982
799108
64353
32709
892542
828179
379309
526464
879386
96064
338785
140944
642354
277489
579383
110087
869298
325988
886916
318306
144578
171100
983834
419593
447764
273646
32662
887752
391480
481357
390555
180934
733316
35240
978844
377719
280334
655841
640084
800396
294256
764274
753605
936682
89433
989634
308808
613223
704775
351351
995735
174890
860028
734777
765989
282685
701550
7454
447896
415436
614838
696056
642461
697735
153944
435747
438676
637923
981475
701489
155074
491054
350643
215780
37810
345150
79536
898023
905747
982399
908866
38359
664044
766118
677743
683882
630926
419067
48745
421620
986266
854114
30023
748263
329051
344210
753579
523581
331848
900530
439352
660835
670933
933070
624050
912215
268507
617835
874935
729058
79404
791965
147012
523699
513520
542716
13688
860256
709744
263176
424344
586629
912663
109066
685870
137639
990883
213759
311063
901052
149437
979662
485480
333851
864843
934457
536429
639862
504643
561224
895667
289330
94827
188931
72479
317911
550568
287575
449828
278709
79520
522060
543755
563017
568379
843018
269333
999697
995772
160017
120091
264890
878324
822547
337431
717462
652968
148318
169276
82837
968565
432639
869631
214915
731754
7701
663702
398359
374951
115570
811563
77865
466591
14315
200153
393642
889484
534750
269333
30132
704214
878668
663450
856347
144781
455983
626033
451662
576907
186696
445108
580085
290315
341854
978218
436887
378553
136786
649682
534875
165826
691383
433148
625663
475920
686436
689217
441493
989314
443508
911181
438389
259618
486271
79077
187412
808826
843641
428306
941321
363394
989657
336843
837496
813829
519196
992769
37809
375535
370285
484111
850275
997597
973137
361003
168099
990169
893237
292811
520704
723532
631150
535521
104817
553935
46291
568869
437417
674612
454946
416772
350615
140292
618573
473240
560474
503768
954413
973694
455781
944737
472791
918486
226645
726417
824013
530492
385868
772709
343185
306710
887482
977724
869319
963565
298317
696273
349564
997226
504588
326939
968666
178261
864432
576034
229495
290731
593110
48550
275399
326743
49221
283153
396354
504543
863777
819581
71353
866736
775593
356167
844535
438792
588509
322351
374052
834631
194714
537756
688256
880683
775429
399729
111713
519813
795273
561512
839209
524508
692921
980047
435629
674294
316016
648718
235431
77633
707584
466949
704292
385436
387099
685987
853468
376789
136445
423314
533190
219992
456656
279362
299629
989524
751683
426972
67105
608771
600335
884347
699421
163692
738889
704664
819198
343223
493499
431898
706275
614353
30416
606777
166624
453516
178637
757452
990578
572129
194
668270
622645
814235
670334
836696
716297
208079
301694
346099
850784
922994
872468
999544
43856
569491
470341
659912
654716
172176
1344
752857
224496
431155
74044
600070
147403
570247
325493
871322
828756
713560
818795
654056
339916
150656
685624
148205
480826
176442
182874
871388
231450
865250
424489
279153
740844
318053
795500
355628
347605
82513
382518
568922
567495
141214
488120
681717
600171
49437
410956
923344
951938
139045
473197
961723
790285
317270
924374
535116
599560
927845
619766
679538
48093
927184
811522
634823
416726
319325
97330
102230
444531
372722
550709
5120
150284
977444
17175
998096
522579
179985
994816
557309
448428
813006
487151
563820
699634
266935
257989
507425
508430
394475
74852
473660
739053
753794
121998
297991
719463
124405
548848
156983
64983
314702
814413
392275
478653
201874
44644
991983
711388
681581
136120
956550
455854
561346
944735
582572
92625
497007
127837
607769
575881
833709
133276
625721
841264
84159
550988
997419
317645
881343
888388
139045
804601
211531
261753
677049
40648
399794
427927
386599
998564
368969
922773
361404
213156
657072
220723
218033
783100
347212
322547
999014
794494
280515
320263
931154
840175
39367
845223
761299
208146
934155
326736
430042
290223
802548
222324
585367
251270
933295
924900
67125
490576
773696
317600
659251
808690
150334
684604
788671
101667
672289
477111
930151
234051
315319
787700
38345
280508
558622
893382
310752
834376
899651
421669
888818
930602
73515
691169
427481
209767
247577
549005
161873
197846
801015
776166
503289
519594
962302
753291
602032
138845
405824
828451
431423
934832
889198
264197
543977
324103
992613
789270
660671
698645
412308
38624
943401
726624
168152
153080
552282
519635
510597
911454
763848
68198
961627
66241
200881
266064
170588
542791
433052
202734
94576
615116
968508
32787
905526
926529
987801
613298
867684
814234
861682
468002
19468
386836
943934
12969
846362
982896
278675
577563
445044
694452
805861
630756
715339
225397
939876
327207
714715
411816
953584
291582
929469
117260
382679
548281
39377
586025
108452
625811
696566
33683
775296
964146
975196
765187
418086
954602
379258
1930
840293
660305
808491
401049
212933
918952
767512
94176
369318
785475
229495
350902
354255
17439
802268
636655
989820
217944
311638
770878
464129
340134
465079
236545
89326
358787
91375
98223
155780
915815
527713
580280
302133
31187
191541
492850
949657
550004
963686
129974
270472
3451
615383
287710
471509
613120
666354
338565
571173
531725
143823
415394
693020
614022
117971
914511
415816
625763
236065
899376
418414
967514
958031
761621
977724
773351
220132
755870
444959
592722
260819
36779
232788
684268
37903
172535
67886
679769
671036
579765
181696
760349
171543
450002
61547
566233
831763
689887
389615
144532
742144
188532
404338
998822
73269
936200
784743
462355
96803
856190
273088
150051
285663
709622
691287
272962
719334
168710
478864
886832
252054
439236
398966
840702
650829
746072
163788
603563
8444
553554
735194
342358
206036
889260
804940
639818
781416
175120
383986
212747
32652
765794
131273
28863
877951
366086
324523
581836
936824
293458
540857
46022
504202
669033
507612
202074
839558
572577
794193
899846
173422
844250
589901
760053
834440
583246
257614
12118
85479
767178
326140
547161
895945
776506
27459
700462
384908
993651
48089
914563
967082
787300
182834
316413
241476
407459
430313
994876
786684
656925
357110
577026
547364
562393
398664
980586
965493
660674
783761
820582
987592
775195
443563
755658
655368
495429
234864
182250
84152
6139
845812
355207
396637
985380
599523
653610
748851
195006
832768
320194
65147
370465
246235
599188
848231
213064
613683
615799
242683
141701
318316
192396
603639
861726
93938
927299
292228
343089
507014
980002
652091
416739
372443
853301
668189
574046
556534
252593
764153
179164
216515
367464
388290
761162
335268
687626
906900
540599
648111
912198
400923
766971
131603
872264
780575
173096
357513
98712
267193
860498
572035
851687
779991
995849
644642
638663
769460
333178
4430
95133
189776
635205
148970
622773
898607
549987
630463
45357
810734
295897
823824
583060
771484
649682
755720
830448
833542
498909
540475
632044
116727
82861
99709
261392
532386
966147
284350
629013
81496
464321
609724
207673
709443
643339
370330
400923
989468
246278
342012
568326
5652
527823
476385
34318
918044
375451
220964
245048
735930
545127
426684
422934
250
25420
813918
801916
147491
195297
425327
826370
50869
115595
365582
123668
147196
281613
310488
978924
247138
137899
138386
992420
91665
395457
228413
894928
477028
653915
927644
62373
533190
230116
992486
232903
291877
324895
662832
551760
326454
848301
68643
515221
708236
759933
297090
857399
544893
738671
404188
153803
55496
840433
559678
400723
413383
83542
943416
133348
393136
403221
483567
58650
576765
20344
714741
562537
6175
615116
539788
11157
574028
928845
997931
183719
318586
371801
577677
695397
966403
201756
563218
948452
643916
637171
558119
463820
278342
645971
20225
627604
26300
951714
173476
458025
702009
853367
219061
391911
458024
898924
973772
755593
552633
509388
876227
187200
338290
602153
127409
751599
507158
104751
519159
549802
758642
980915
737065
57567
992630
279478
212358
66037
244616
189129
150021
587356
224726
869118
28676
528868
420188
531178
689379
914274
298234
542543
648436
376552
471327
614053
302596
341765
127840
525621
990136
601990
698552
837653
638935
543616
421932
663840
92825
597908
499252
694022
569114
333189
182314
828847
874018
973441
547259
990906
769251
94777
408517
209385
492561
350199
874736
658888
887107
619867
785756
455135
278314
923159
575498
500340
130173
123668
523608
371255
376834
817439
413714
192160
185579
920243
914541
57325
529209
32588
445192
310645
624139
435456
453255
531478
755929
875674
962318
38396
771035
719512
474995
439059
9048
316881
318579
892941
600097
222230
937668
809049
314860
398938
651234
675398
144453
644254
832720
852444
734397
141333
428465
806745
602977
159867
854610
519384
105023
684125
109314
616522
173004
753077
98712
953987
683064
978397
866349
941589
612994
54309
851112
875009
792537
810482
747271
693846
394738
318871
746838
323407
144058
807856
209909
754791
928953
616862
895936
843184
995974
833305
568955
325496
451304
428432
749996
35150
836555
446071
233889
671577
423815
218306
997886
722457
156158
973340
315054
44925
523655
917200
648805
952114
990666
849737
285898
949647
501299
427581
321155
158785
521452
87461
690053
70016
207118
707146
81288
274781
717985
524735
659298
875648
375973
830418
492396
848193
617310
407247
318561
489249
643200
118856
444130
189063
754298
22541
604351
294186
682749
131688
534466
238467
965949
996691
890345
738650
519454
105217
515636
953346
55161
558664
982827
49421
740270
960541
173728
846994
999660
871704
717493
963834
895902
916556
910548
771275
568906
725364
76106
368610
4459
109806
25903
905357
729041
114062
940989
100302
855840
815475
190414
379165
591954
801284
76061
470870
841130
144545
544415
11259
658536
745139
256249
322837
533696
886692
128643
473947
994351
604110
539226
19921
564202
650223
910740
469737
484316
917394
385334
89714
862067
78034
384800
661466
168863
103830
72169
17447
451172
584681
581393
756411
923164
3780
234398
39402
695115
607166
293432
544244
882983
669338
815736
967322
936811
461456
428638
456239
547272
494468
784162
427073
932514
10270
58383
325500
961753
115970
686111
11243
402713
7031
830075
858369
214011
130022
569421
615748
458778
555502
967084
853374
409821
52814
674108
109056
397298
98140
27611
128911
753520
483408
180542
38712
747296
953460
289127
563350
444205
701682
472013
293517
956334
935603
911975
753080
316775
659256
392993
378430
697277
109419
214088
478695
87584
744137
463521
437000
736559
266818
390664
834348
518228
71798
927257
741984
604000
755501
874018
931503
45892
340050
306511
147398
113165
189052
516608
187385
909414
568384
354265
414076
82844
711692
390440
411115
273135
31135
332956
662487
53994
197446
403460
418562
793907
555408
702411
373430
779715
676123
957432
907932
758658
401982
936108
768304
718422
899351
452024
424625
271264
23121
369689
462007
713274
587448
243832
559727
332197
183955
448701
853608
112063
477560
993316
900966
285344
14509
677002
44365
324275
343575
897252
314819
365432
160937
319578
731326
568107
148917
194251
883345
331523
81827
786938
934187
944076
280190
427317
632722
369924
339525
972012
178563
2133
325689
443225
353866
201308
950471
418546
131577
530163
14927
993254
764269
971111
406012
89057
319781
950469
774485
812684
836977
101782
458241
788211
129072
555414
897792
548997
40118
725813
994443
386122
776442
825986
760060
361662
443220
348196
406000
26214
290265
255414
642703
307795
108645
655360
845635
71706
704998
657382
610805
494494
107081
709742
405759
183932
367393
276602
506825
345572
186731
489955
517990
156874
564094
250082
597250
691993
935910
452487
576589
200297
893162
675555
264013
740157
164211
772889
993871
210342
413584
822364
873585
821140
146870
872988
329543
746262
435994
184455
65371
257614
669809
647605
576553
752255
377717
388528
742444
1136
228758
909952
125343
930289
117190
137552
677239
449102
333779
412987
264616
236065
64682
991707
232476
719132
459534
40373
387375
489364
963863
318560
123558
774206
252593
893094
123749
400987
358418
382873
525887
38233
95026
321727
972424
805580
583296
198870
561723
251157
477915
35281
633320
726689
246605
626727
24178
681106
601116
674627
368863
85528
862749
466611
4331
143466
916507
261363
793085
810377
52485
272408
621105
581754
60445
193918
905744
146212
992287
131361
746360
165726
408608
34237
801469
368558
144171
754017
318827
499779
824527
571912
823073
590360
480999
485181
219490
983185
403468
639180
771674
988160
602409
835064
819581
877008
240652
678146
113656
535987
166814
13336
524177
169687
682157
286253
826164
413572
153320
268293
440726
858347
941723
966052
563927
720777
38147
782728
742430
289448
688034
518433
621519
249481
611811
284759
682646
15932
953013
564105
174812
151283
233322
530356
109561
366919
893355
364598
146085
561733
725545
44711
107303
74101
94118
595155
547867
472942
774123
187407
689421
514508
668368
467834
151872
461596
491290
356779
299384
15865
961065
65775
918525
162935
316370
689206
999319
568062
276511
856969
906440
360612
245738
342679
403441
670633
909274
658379
631915
606324
62017
236852
672905
623559
321254
361804
921711
868285
63273
413026
992833
338921
784656
611246
260720
394984
766540
585937
896480
71103
525491
887328
740906
578359
832958
72127
492467
870135
218702
929352
862018
116957
232408
331704
16087
293760
211279
805692
540182
974496
448648
961483
192060
56275
248277
404992
174525
451861
681496
647514
400480
947392
441640
503189
26943
425970
78134
736900
211306
73260
630509
798126
394979
748851
629268
294203
616082
804421
288407
403287
568807
709951
790735
311905
256531
573044
761546
885447
489580
604577
429054
55960
408060
713365
788836
527069
812786
379233
695555
476849
24507
725428
673403
699041
280316
789100
462682
694770
208182
776754
571912
958936
109609
935993
913561
134636
681170
147443
964951
121526
485765
998937
686361
629268
257750
836602
25342
797326
613164
829821
558358
379083
379582
721844
287317
815251
505993
131268
338692
556912
270812
979856
51659
965505
807431
955191
622052
589276
439279
448694
454298
618527
954013
622392
313218
324720
341469
255296
983764
557148
413749
872177
734376
445862
139134
475521
659386
903363
636117
761026
939610
459781
327573
920746
642532
986202
414035
725605
776127
137703
671498
440455
318278
559191
314827
403169
313461
655371
839589
640990
574080
702773
79418
984551
304471
752958
435813
788366
927374
617940
560233
49599
636359
210709
70268
172702
884450
355003
350546
884470
972658
227328
504593
640749
471234
692086
69820
93732
849022
539230
998630
934449
455608
219106
823913
968123
863
939052
263272
487878
736933
148566
236549
229970
445118
79002
912307
246364
198173
350871
721576
699233
857117
213693
561728
65924
127539
650982
636898
699144
129931
836675
301130
653733
588385
809609
368899
540350
259559
306060
795770
769047
732033
845252
551405
773797
419267
231906
280878
865934
485643
237812
800744
288550
912453
188339
317809
582122
953535
911236
128156
291488
811025
150297
450427
159212
835324
552352
30653
909353
678186
547553
335262
731443
633431
696869
865790
942416
707542
496210
129055
137583
825503
30984
105712
5612
374944
194240
352443
2616
422211
158378
910164
980045
237094
558150
498430
340824
715311
590961
396523
123174
630239
141193
871511
466048
441643
327635
561722
337318
161611
338570
744226
701456
929251
710724
96652
893504
382730
297617
174020
615746
169412
324003
799460
325540
556754
399982
166061
676426
838564
119229
584652
658316
92933
894977
360888
742501
30316
184394
579222
988141
366609
56654
494821
338534
486271
970050
804494
552093
714827
700672
177454
413353
487184
353299
740325
234273
837951
70487
152845
94173
854725
146787
641915
199323
992949
537558
592132
551195
568812
344783
771220
804573
317145
248870
990707
832147
926368
748139
284858
299560
794049
457175
623320
551725
345995
67035
361810
705246
117361
89756
780325
222989
169595
319990
802336
17020
543704
756324
139268
425541
610262
569030
347781
747308
445319
33361
251543
672336
301801
241930
571963
19769
790282
306617
254918
229277
608166
845034
541733
841772
335468
150244
701820
405155
841281
530539
160908
746850
501386
884388
911743
736324
565187
534007
809428
788304
819221
983962
545788
454498
307294
152202
424916
216856
87523
702939
704991
197748
887277
81493
461686
339872
551747
123382
90782
781483
763976
753939
22534
741059
882697
277763
927271
173805
39736
544377
725486
58552
129016
785114
604532
786053
384201
422394
938720
298436
741751
931620
284838
600961
955463
894957
742492
290070
335425
531140
184270
39743
639062
819723
52939
720057
742770
283771
607978
14514
299591
912184
831588
883379
950363
320579
148649
910629
506335
877355
810141
916636
325348
663946
140561
161536
979392
665793
344045
966925
843453
954241
989165
264432
905616
778355
157302
359878
140713
491861
201849
38935
486600
975208
627181
286170
845547
785879
650846
297114
662489
763264
911277
361883
146988
895592
672213
867950
326982
471965
871388
920064
682432
10702
812525
396877
89365
653106
475084
274107
777541
871616
259383
528625
444641
719641
499068
718393
412687
288009
174650
605408
700017
266260
986839
142255
758656
564237
269836
638390
853850
428791
384781
374108
648288
520000
830135
978942
986365
509928
573121
491720
374705
616914
756569
352959
468256
509888
230477
525890
990070
328654
811204
983813
106194
832995
235178
147319
379683
548242
599832
466463
380689
242256
431516
724154
802293
710210
363001
699573
89897
397894
359697
496443
545127
131273
905462
713002
767882
124627
837245
397925
403948
944764
312922
317246
972081
537112
861235
567289
158507
774579
719326
443947
574136
640361
27328
869426
893256
741189
766941
79758
505093
954934
608801
279849
903637
342868
720029
634010
738266
251506
68341
648664
637559
959270
776456
182981
169969
181899
776653
937386
331803
619714
656070
783310
683859
298671
626337
326478
135626
580046
443182
213017
429054
410374
207064
928827
27583
676560
844576
250319
585737
334718
16795
497768
335387
237589
956343
568354
33149
418593
304641
878144
434158
444402
742811
427777
277772
674237
838234
706059
573115
243021
321174
908206
756948
105216
649121
128559
252999
408487
305683
159501
754034
437551
807767
259949
430026
597682
32534
855568
752752
11968
853244
894950
642008
536493
671142
493723
12938
486974
572192
403609
811498
377070
214892
637612
908545
941482
788832
949975
535928
400434
216306
492382
67260
166031
314923
59600
747905
429060
922089
852169
100371
742003
161740
410322
438561
478449
875953
270921
496
719712
971740
301772
914776
822827
566258
656612
700842
912232
107842
308922
525677
238642
495663
792429
32708
176820
531725
331225
721751
730083
152154
890220
894032
670580
546812
627680
753453
323416
58604
371465
859341
138219
896782
264630
689833
764759
147299
235959
613997
52883
52496
160676
62622
291096
451596
867457
433747
867467
338491
579718
305683
4399
965185
819022
866761
440456
264146
691731
983573
38720
352702
582817
741816
320075
116449
128983
378392
62903
774005
334636
819823
609951
309002
308815
422686
420618
856704
487128
3615
139264
425487
794494
622806
364397
178097
923959
179577
537394
777766
938256
721844
899057
78299
687052
742183
830241
173994
35660
373663
32290
502386
319395
157281
77275
114439
672460
111333
816976
239511
77835
393527
70119
815601
41382
187479
923103
411164
803726
566412
527178
78916
803796
476407
442310
490816
985158
920053
358346
324224
680907
906836
139039
774565
53888
65379
745857
762226
446160
26891
658244
281053
413069
333047
510204
955982
854952
338079
847132
614111
876463
271857
240384
939169
786423
106687
447597
229513
190484
554048
266187
431538
665620
996814
162863
534269
865404
65431
519538
935370
263286
670707
414250
187538
653459
519734
367570
489167
543932
797270
615752
623992
901658
612785
786166
157107
421534
163371
582919
228091
428651
909543
676552
103419
881854
216204
554024
221791
371821
214044
655503
786449
51770
834845
302643
307497
331749
802960
694474
630515
515934
627745
22944
775424
600885
498699
871896
525857
869725
173805
515794
160505
977699
319103
501414
372272
691585
768279
582118
183242
11029
898290
330642
75395
628464
292611
467460
816031
728984
179242
144715
848538
378320
121888
569467
638390
684858
619719
677832
635336
549415
812322
327055
145058
115556
257076
426842
617981
525559
131416
619283
403997
46354
168175
81680
68377
773987
585749
112063
952507
237786
50051
388192
717884
688270
753058
349479
724070
355611
652817
500020
164225
329890
338406
222470
724289
252120
922540
56268
243611
659245
924053
460613
117274
743102
351699
195428
803751
932290
54649
858476
236993
91526
317458
671083
240213
31122
760411
680506
549790
339647
309407
819961
17887
785661
985994
604962
673956
72570
602778
563397
602815
354265
70502
110786
306455
106834
429021
920285
61641
809292
840836
875893
765744
321300
754798
802491
247083
349514
962966
568204
416726
485781
681530
506501
100072
446368
504769
413850
251645
191010
704814
110345
172833
140756
654115
400285
147745
528375
878174
479516
835714
86509
761331
401171
115743
380455
259133
737993
657158
24831
992758
39401
396526
656270
787782
712792
552275
334541
800826
265158
650862
624837
810811
12975
891718
196450
29303
310620
133135
391523
81678
283152
228187
966504
548421
183042
994156
197554
718091
228112
331138
726116
541997
76394
108282
439135
454419
886243
177410
581222
402047
587098
410321
461916
194138
220442
757441
169744
822809
594369
809557
638214
975886
488456
659422
413485
544844
708758
253373
250888
903778
964351
206092
524389
856228
379739
993267
535831
882514
408319
168277
22784
843710
12197
895526
85051
668148
217727
62034
353216
626882
604813
213690
442547
834346
810418
309617
463280
310753
111973
965808
374272
496183
219499
635628
408379
819878
495497
404935
556477
433017
201080
896721
87226
649069
402984
953036
48673
4030
165398
241478
368863
327299
691960
79892
766652
595714
730021
857561
925480
468061
798690
547076
370026
308076
62910
750380
265602
662485
547219
343923
112032
352176
31187
193292
133014
499515
428600
723899
230162
770124
775258
515540
345627
926425
340180
504313
457737
518773
99188
702934
297039
292465
7738
687014
356811
477482
190112
618453
543378
341613
912786
146939
122862
9072
772265
616298
105038
691224
279751
965810
732510
764860
181015
556125
336972
82432
890385
237642
87444
862449
55556
420282
438918
319998
451713
64947
524048
464139
144980
966210
492423
132700
108331
694074
788162
121262
300867
331021
592944
960964
713973
919375
637003
120242
489926
292603
501083
311254
848608
470401
384221
118363
243578
222528
951589
300133
342037
743479
129994
660347
197112
847784
529226
46190
622201
871541
668052
822694
731290
655445
545811
490294
603539
404027
338171
991363
925969
414648
190654
797092
160429
859102
983730
999953
252930
29082
830571
613808
822895
856792
6378
602932
152775
995711
931810
2697
623471
120157
572597
579591
513890
604175
189836
169453
374954
10608
442592
818345
429111
663579
370823
859923
319545
697110
115552
562445
341517
705744
929089
820679
387350
411983
620788
992599
663916
732853
119654
137517
248949
406140
966908
456103
259662
517213
166002
252654
740755
914323
687920
784648
632476
776687
887362
305134
808491
349735
155025
970791
701578
285814
398828
845277
785868
62116
423118
411640
194586
206393
340915
359842
249680
34338
586437
20836
343337
255681
725730
141085
892662
779141
58980
285525
26932
933070
302338
514903
803960
126422
505846
132439
749991
382071
936480
228861
358555
230105
541969
584359
52249
661495
815943
653106
785339
96236
765701
487878
270209
477159
89025
313908
897726
634316
521238
186205
233808
40683
123519
111986
955656
694969
276318
125519
485327
939149
997700
243899
117333
382235
196057
568828
558764
594819
970746
743441
879387
132036
48610
811627
875636
218945
379879
495382
92538
800088
108211
946883
572950
551826
623287
47864
548951
427197
409667
332511
99178
639448
726916
458100
527107
365496
295849
448911
289355
833220
244977
137270
562029
538195
518641
525890
235687
808867
5188
228716
476117
153420
558603
167480
147151
264762
471561
890436
29101
856171
856897
45248
751097
820987
953967
289243
317440
81997
501094
259020
668011
794233
868753
14716
164173
973626
869983
650380
934306
459522
587558
36471
301797
485347
257201
578023
138829
841519
921077
586925
523622
421265
922150
198386
527678
976829
497641
864222
72019
473024
958754
414350
751897
180197
626336
562701
879239
411776
717225
403532
444977
767704
741912
811600
284327
976233
976659
165172
209154
182938
840845
554498
232170
97657
573720
562225
734422
351974
926586
805242
887329
803072
176754
478648
571792
192516
985320
97826
235192
251650
588993
509437
884388
192616
588341
313433
999773
557213
231200
