574867
987758
698234
673314
161346
88520
184350
92692
989753
514091
44498
775907
277928
614395
300209
118453
960058
665661
391513
294944
788362
829435
863926
383215
873348
763122
231506
153760
728110
536800
710149
2237
927361
988867
726001
263692
610386
756317
112262
79472
111710
980366
10817
491578
551434
467749
435171
521441
706407
551579
271388
190795
633243
309424
366550
460512
495421
625843
631173
687470
847538
363548
491142
786316
42326
207461
37619
698626
258887
69645
661905
181763
61943
132825
580632
898876
494624
335134
983888
681039
377937
855779
858846
620859
416290
504898
461484
498495
130810
122525
967611
651372
562800
29351
689230
247737
506858
425706
503004
258024
371354
955798
982876
809305
902437
625863
68795
997365
97857
438550
839525
96546
163114
5689
796641
375860
726460
61739
513880
569358
732245
700609
930644
688192
375263
240617
690888
260876
73615
526814
422661
643365
437337
610983
762905
701407
504433
484735
466601
203690
396999
462226
381416
403416
950726
498634
741077
414490
391486
613819
720692
648493
77692
541309
944635
687113
600326
566059
400280
681564
169081
39385
614930
483138
365905
805807
59770
229879
592289
544229
361633
136183
439063
890458
399949
355727
671713
54767
59665
660268
529838
789994
838511
411975
989537
123964
788084
48971
791551
586078
872512
312888
490684
788999
806685
463593
89076
823926
905835
538027
494025
989873
995976
269548
35567
762257
28187
513737
68921
642734
89900
600886
483642
34237
313565
32911
105605
616985
394715
97095
409805
285250
701563
265862
171893
900564
850860
105589
777166
428445
40052
909870
216577
66790
180381
213211
20093
555953
154909
395814
694381
893002
565674
413338
472242
216596
347595
624281
568223
702920
321792
66284
761871
209618
130398
653614
196862
749056
816771
716853
915857
736836
366807
285510
340919
124991
445705
340863
55181
755182
505832
704731
284021
264768
273808
51782
687675
16038
912520
505413
23046
839436
340863
201712
225641
771966
838574
547147
864737
97386
682196
678358
669076
526392
534786
424973
61655
70633
600366
42381
236032
455244
538100
443294
510504
504433
975729
689755
64375
731145
898429
945454
929701
79863
681739
162295
626026
102263
116478
496216
417374
798761
119118
409521
862628
48189
722182
692301
341353
688534
563901
374570
812824
886139
577195
282502
576190
988980
923169
196989
343920
757799
902679
367806
325568
261828
421712
13237
973468
348065
555021
805383
349830
217192
57473
740134
459288
341572
699189
163604
9854
875558
269047
844999
13195
541211
885527
682755
131844
54920
564341
283922
928450
992983
26546
160187
611387
961299
253094
476882
388661
853907
814438
295649
278712
723856
504597
679642
985626
781751
686738
47845
813893
527478
359623
925556
471846
14293
11939
549639
286822
954103
947263
257064
382838
860572
903471
973442
438829
65799
510331
18486
977320
953382
418136
715114
770243
757597
608031
461180
804404
39183
325804
71267
705055
312275
782018
688181
445516
705702
117634
366645
965278
236302
276646
592978
630229
154545
66091
257768
352555
260257
269823
51160
968358
777828
551345
294670
931119
745340
991989
208466
6395
117569
18535
481598
521716
822093
326343
48637
893463
179073
511297
753424
604517
244427
952863
485242
247167
669934
403643
35824
982079
264172
808347
165073
712915
876117
925550
245960
446265
318852
306711
129527
429914
694248
656178
172575
983498
899774
535156
554976
908088
609881
896408
850438
966924
144365
922154
661206
683437
195447
712538
489616
242775
920747
731965
925074
342164
606520
508850
705732
534971
939983
840524
985695
609922
44976
30021
707063
915882
932457
848761
182269
682309
407034
35354
627415
206137
651118
519950
303036
945725
810983
97095
133526
336265
568165
771357
928067
699633
925601
656140
229586
644438
547906
123809
723879
638189
470205
153059
649708
238491
465704
868443
82335
881303
354018
215695
488725
372663
805518
629092
964779
641632
619392
326883
959028
830101
336657
213659
964511
575602
63276
646607
203688
485822
141987
628266
35336
852002
533934
451460
111348
18780
964782
623291
806704
411620
539824
875481
811022
489410
617530
460651
265107
710159
443809
714091
393110
912584
729418
311261
377249
604965
390356
210879
874002
943886
598595
887312
567950
854554
843374
277707
140359
748424
495924
960992
623606
1903
71448
128329
7351
826672
837228
832366
559734
499242
217710
554508
139173
142506
785189
936918
843414
503889
588236
597641
982099
959440
102649
735750
787954
873539
369685
512907
690392
722123
437576
566826
735314
823150
980877
187111
79826
984682
815890
628657
430118
177845
235529
943336
916417
256133
758029
400343
741113
473014
949897
313938
74282
439414
565314
630304
198870
75956
794273
539509
215061
816452
619507
642238
637384
499358
932290
196162
536000
364736
899322
820547
224015
739983
209936
219854
733306
549981
255020
962861
61951
583431
514007
861938
566876
969448
697201
813731
472501
740579
160492
562138
456965
434322
859532
939140
448638
19293
122193
964955
150785
34357
575529
553699
46396
171980
103380
703898
71873
693978
456827
296284
676585
195526
32681
138010
463014
638850
724537
999172
891945
853897
829804
910565
431744
20230
571996
615605
237870
913173
883423
254686
623203
578600
741484
996463
502740
608819
498967
159412
582860
243083
414081
913800
836407
638627
143635
669424
18500
834225
520048
831618
886406
692370
125064
29765
199703
105285
539152
877534
732879
189593
851145
704194
855272
226166
394922
789530
358586
713609
433008
413019
681283
530688
334099
749047
902455
770897
978693
168513
57948
652895
406163
704505
670239
463149
232798
220231
855580
933983
152663
871101
965493
479005
540524
344040
705485
857796
530096
208840
309078
147189
403618
394460
279990
310803
7036
383605
766842
48192
755861
89206
580686
693970
621470
364576
595282
175731
15393
916936
948756
581006
908565
11959
893656
501531
56034
410079
613401
160593
263799
159329
21235
144812
28741
429863
921594
274649
384643
457083
442083
913661
847513
424990
948697
351009
280789
821284
726197
341953
676326
557334
781385
539178
343209
738224
716031
69810
504383
352619
824762
529133
331000
706564
349284
809176
642251
876527
250658
422309
610480
833978
317419
782030
22381
793739
915665
846214
800667
434988
953515
763783
386512
748908
432506
498167
853605
478231
774964
7986
411713
766546
411505
917807
594944
992129
93290
836654
734943
119113
295396
223091
242930
347998
136515
524920
195992
94650
830101
209256
260074
378340
877422
132400
134655
574042
892965
849338
296757
962310
854950
882024
515530
876968
595722
225959
654396
960808
227410
873970
383118
915889
377847
527140
550506
216634
669307
572650
472235
904275
188199
388921
90156
766179
634403
906046
918175
774885
156476
902897
284018
50622
899162
739489
242850
346742
183641
997540
306276
131450
459681
971200
328172
796016
357558
951190
130876
19571
780980
502292
63465
873475
803763
707403
173055
527701
566998
983706
384122
672971
836896
838153
746046
962101
510497
225396
851702
17705
366516
739058
943419
371495
516442
867169
921408
907420
654968
541112
19688
48954
223970
785404
508406
986974
837405
581908
636780
610303
741489
101203
222772
582121
925047
235763
535135
576867
123819
835236
602918
937297
725404
853751
548199
113872
389201
89024
475469
630177
933755
243952
270069
370018
568025
756747
384366
450249
937337
990505
869199
236302
485042
547248
311001
606881
923502
332406
573856
1083
717285
583235
217804
565168
747387
33362
645152
630753
630730
420566
462459
983589
827208
947378
573382
927234
76938
580162
922148
560287
585260
963989
881696
139912
2843
926963
865790
110165
985577
548259
205546
562864
465452
757406
445117
317505
184242
627612
131724
297545
785508
97409
175475
589744
582536
244054
50777
594527
781991
143555
924514
98735
614364
520557
771528
143236
752770
675850
908092
422379
66523
636696
429536
690878
936007
142008
133974
693866
560488
408784
536486
808216
925295
808979
70757
977398
829436
990781
75308
356101
115511
890712
305073
503204
856351
908088
776026
663437
205263
980759
652021
315840
243847
337191
69130
340638
773419
136250
874801
146278
702727
44089
532499
537297
322704
767096
798307
413448
937903
866071
968843
89168
822517
638316
181179
426601
177838
940682
529039
625227
233447
714050
777646
375994
368579
555788
473357
602971
583230
269814
50184
375361
673980
571925
995596
495066
601920
332557
535732
69130
374814
82086
452861
536261
714151
175151
681086
796284
405893
106779
648079
545356
943621
834681
130570
537701
377819
984753
566298
67194
52251
919859
776126
36400
176896
917039
853966
683342
866046
900744
686021
566854
876535
481971
758826
920562
180816
444196
322000
589277
432292
810104
104005
47564
407034
49950
451720
275003
665661
888892
278492
623003
834284
772367
613199
977548
126007
619769
786509
892467
972231
314694
449477
646320
556580
204583
893928
418965
430207
307789
72227
433837
154954
565296
276852
178028
81724
306148
677606
825118
420349
371278
931358
103936
714615
668913
125709
614437
645154
141433
862213
155033
835404
142587
133024
635867
116815
226598
631936
249705
228698
201483
29397
454923
600198
400745
103223
534434
858623
824113
785527
771517
504599
492020
795752
647661
940273
939461
259415
314567
963820
457018
665510
425111
427612
432338
308116
117329
33117
565498
238624
368135
863982
355782
992447
969604
315576
950918
561422
739648
525351
788647
421314
18283
8022
449423
963862
111703
533449
383449
437801
646677
593155
384937
34975
460964
157199
169307
968726
733007
841357
538008
466405
252664
851095
81436
959483
22962
397647
14132
672971
92058
277028
64591
766895
936987
924678
550915
229458
999388
775184
44147
969096
745167
128521
368080
42961
849775
249791
844712
416061
701623
880107
751380
580098
698611
436632
613703
206664
372859
878730
4669
465395
870337
195469
788133
946518
587629
289598
826833
119469
473226
341171
790820
261642
509597
754735
21271
151321
435796
614908
949369
898276
120808
795117
493912
309221
943864
737429
19873
306722
339860
441585
128346
564383
391020
268440
906265
433795
980681
644439
134016
793264
508183
219691
578305
124464
119374
563426
257815
297414
899631
551517
97107
471676
856531
996380
390060
246168
122287
421703
952820
35471
36952
685094
506738
742318
7164
453863
699133
786113
540399
462846
461127
217811
810784
331650
163030
760604
492313
183840
481196
17352
640662
360320
904619
651983
963838
249596
473022
730039
663466
63240
224274
741338
859375
174644
433733
434895
521437
816398
370573
135752
371740
124302
816107
615185
397447
888373
512033
781043
278742
970121
304065
582681
40882
771206
866268
814516
406943
670068
24730
352084
952977
375700
776044
524920
355342
714382
616873
655084
939800
35272
517688
346688
378687
484970
455210
914531
215017
124010
931017
252021
436528
330904
610207
802248
675138
293922
674942
830962
459576
905705
762836
385753
599204
219791
388851
424065
212623
247473
441138
500832
101069
74768
927818
872628
76920
992903
550996
314448
192314
495081
755421
392722
179837
697861
892156
66790
26016
96396
650488
814696
176673
258510
644188
906903
139875
49271
139710
482381
713085
278594
982316
76962
141127
357493
628688
823937
32534
549555
673954
213065
415625
765412
692574
116653
445144
984204
306722
913927
675393
667893
315903
652706
832069
360059
185573
727309
491997
537501
278620
594134
259165
534025
332453
10360
976646
303161
49058
609672
704496
218183
675401
811734
371126
240232
516310
515306
592428
930522
246099
161822
235393
4923
671516
419198
369388
491539
224097
396877
468685
295763
379606
363020
361629
405847
747292
318535
490277
160389
454971
650687
396480
502892
267064
954708
285351
958293
216034
321885
876171
352894
947710
17816
781300
488660
864837
200278
8811
417374
303924
993929
412648
69466
880100
798679
531079
450998
13962
797097
667999
321099
65607
865854
828987
747597
342109
797930
783461
347842
966008
837996
290843
424855
943007
311710
642954
856975
10564
907713
840715
325220
331900
130229
398805
144843
287745
645194
82944
871873
141726
562812
502526
561184
493609
895825
475767
367485
131245
14911
952419
625362
554251
504635
958046
669743
241669
11595
263644
36200
713510
745524
264356
841570
159389
335959
297071
383934
812091
39127
564921
5587
444417
801276
158925
317639
222907
575602
945491
608976
844837
913381
190282
392945
190435
585876
447841
893689
446446
473294
435205
607628
867169
511455
651905
723956
991780
661776
22123
24139
198321
542471
141101
320799
446064
248341
723652
243059
607865
458050
570468
20136
544021
357399
200123
738259
936503
992057
209978
115457
533978
880435
842008
488671
91579
259830
60572
338643
248519
839978
808088
825205
922803
326869
858674
557126
231889
240247
664446
706167
366653
220859
666082
898124
513606
710941
231451
178337
683012
340414
163022
399717
441699
346823
218796
415396
557280
326869
333746
748053
745115
617812
177381
201577
801959
450008
362188
94398
781796
59685
126768
333564
321291
763293
224966
664628
728579
594419
196876
503354
297590
423536
348099
6411
471466
368572
793740
908338
599300
938080
262298
679919
850091
453548
436720
414156
665774
821929
524613
340370
541843
727190
471380
523075
748868
663101
843230
909771
84335
519645
904017
815753
777601
442276
819790
750085
149831
917300
283308
809722
155593
509535
225463
124055
971016
912300
689951
504476
829373
289359
303064
532807
578052
331791
105868
141055
840274
916448
819579
973392
40593
833633
707681
176854
109628
519930
703530
403536
93402
55428
2728
655359
172890
117277
83479
280952
439924
951678
829188
416732
725867
425408
833265
166158
116488
287378
404173
936704
730334
162975
411292
57418
800051
177468
998003
244204
459479
577684
846279
372239
750318
271856
299049
225696
404429
421829
728948
380080
912
911152
682213
273738
370144
602591
651763
356338
278353
5013
712663
901462
133311
312999
707216
635666
595369
471403
305998
241184
458518
965275
3846
21517
445808
567552
432434
948104
727858
204987
784562
298345
45569
148740
381996
111430
905587
604628
190615
35258
404475
673343
773547
966963
207547
951245
605940
389259
484705
440510
388001
725997
376435
171798
85416
279980
630083
603119
651615
789710
475021
717940
977588
441724
481708
39132
658792
624733
956650
32984
204746
582957
431279
238730
281004
662744
937903
557218
723789
879291
431625
576619
815955
542440
944812
62952
59132
59580
85846
784234
311129
680501
726346
762790
917512
471388
737322
898138
449646
105879
425900
784481
870242
430488
633624
528970
917304
999035
567726
431025
285257
989106
888969
436824
244865
576607
522262
829813
79863
856580
68264
302408
592467
96140
311745
229420
315227
21441
773825
815394
927265
668985
133979
700775
428183
90854
757232
334076
514061
107713
773411
329964
714344
99244
311864
106227
103863
622939
176802
24744
185446
824046
935924
447343
250194
138969
789071
61765
602709
718536
744034
210109
799424
521468
117597
477716
38804
118520
180605
832761
352895
697883
603288
108361
56326
355342
906117
359303
779114
544796
998726
786387
503000
622122
7639
29789
346558
260759
619657
927849
74217
6608
474154
339050
235685
930666
650500
122721
224522
390507
724719
932126
839563
636475
554866
903319
824610
28135
130658
351978
805392
307541
493665
208891
212208
282535
956046
536784
374099
100487
71383
821285
983497
173828
487616
560463
296723
876061
937908
799761
708972
295464
668004
79257
539901
251433
826213
843186
119843
941033
838885
435585
687132
181677
629033
265057
159029
520961
799259
60138
699241
554550
253988
649674
996927
52205
514520
115686
878310
979335
120545
246442
81056
36707
939454
576425
182489
627518
875337
584120
264942
124036
939248
474150
491928
412323
721604
998793
309166
567554
971242
589862
6003
931277
66375
211577
10921
682645
161359
279481
912341
196645
40361
364352
764250
132670
924180
302402
86519
552671
689949
188977
370379
987990
975326
363217
829044
961168
252799
819229
89594
844924
823746
811693
388529
622709
705665
21960
768379
750684
528701
78647
393646
727163
403096
77958
125626
141310
32750
780437
149060
860739
60130
208769
882805
889541
761278
134215
398770
499752
907366
621654
45568
431255
751280
524245
964285
440722
136699
846451
918162
653630
903802
303950
523255
632776
110159
53502
717053
688074
105644
432861
982916
742803
160389
223202
581520
298392
384201
359909
800508
787317
484513
236403
908716
199508
670068
131507
306380
474076
556519
805985
108141
522619
548200
968793
613834
912396
167326
636720
936760
867396
652384
695288
731946
110454
279323
596590
782052
213079
536758
302520
722250
423953
729574
654217
337818
672724
261662
913188
8800
814397
416123
956979
676393
797040
785414
778504
333720
344170
545857
27765
770945
692028
654681
50800
234220
145741
774964
22292
212490
529811
545873
531436
387699
713181
72177
884303
26333
81048
355812
762257
486272
27084
629582
411519
517866
933504
421288
695316
372932
502877
796030
104729
107900
458337
856823
766588
176191
366361
58444
817671
60394
256016
307321
664064
982329
669785
481799
102799
863779
728511
988937
109584
970319
338318
782122
578094
146900
773756
219725
912113
886907
989919
832681
928458
947419
261396
448940
904505
990966
174021
348092
642074
644127
283257
869079
389911
576924
708199
333453
773618
208524
45133
557222
135232
952820
505136
480774
48073
386203
548850
294749
694144
169285
491840
180185
806655
741849
25037
458181
352190
567948
24139
579576
650167
330821
758415
547054
867858
18650
404217
228698
37929
602098
459729
942643
200970
158660
34346
268358
458189
25881
776207
437283
510444
111635
118295
325851
391315
108329
577257
99949
688335
587860
101986
220583
436520
679881
419429
365836
477054
906610
974588
722557
883903
723074
918607
322608
930070
459566
20842
717009
922014
642071
818282
939950
445001
171859
708624
87536
752754
35841
417523
828234
699804
149477
617346
267059
443937
70484
889783
104638
747170
529150
822464
810259
249444
904970
987907
883798
158946
374045
190667
579302
680130
168363
505570
824854
366350
732662
723712
32686
362675
911723
45447
475878
640842
912396
130655
216488
397214
872528
163284
92095
204891
131317
375789
294577
908237
803578
464810
350080
494257
641417
819091
166747
90612
725555
709918
228439
159020
281047
328047
995892
363434
551936
195330
332470
713525
425949
979032
73791
175511
668807
698917
205025
571815
27223
52166
560541
223387
649907
144667
724458
341606
513297
579576
188557
922474
22766
446402
339830
423207
286998
294631
998355
356823
997579
124619
717427
879383
274740
598827
556927
501256
331444
775071
266522
994342
274707
961777
659871
194444
65122
579465
399324
243439
226755
213902
85103
828370
384980
6184
935730
978261
671475
869686
201605
536690
171330
408656
74488
794409
9200
416537
342393
239710
481493
924646
37832
454226
85430
151371
716309
546324
466896
28686
717624
700692
251317
831586
537582
400202
334937
563900
377951
52604
940839
996064
891988
699234
943886
74689
73274
486311
727496
572287
766192
429180
585959
242245
982079
435760
70237
625088
688458
147829
35272
866961
540099
245475
817782
650523
514267
211177
292705
898203
985981
816168
747767
179034
970421
37007
807967
662183
300580
689602
198542
622899
598039
179504
15705
21564
924182
545860
445334
520169
453575
900168
586986
385215
573030
854538
723535
742506
268210
169092
748486
393732
19452
765814
343261
105868
802724
638368
375062
698293
48520
808695
434618
59755
602978
349327
971860
133115
422751
320956
40418
997054
922497
317493
963283
521488
273164
456169
398982
515190
219157
114892
691125
874241
783234
159672
666602
78851
762544
603122
211813
165082
452779
733265
619214
950467
488705
825441
471641
888565
809659
244644
84559
584553
711201
229585
468964
744591
524127
846550
143705
588635
721128
41631
823347
905388
609881
734563
44170
321003
955076
305485
52169
561290
713249
968589
882227
485415
583171
892616
663597
366135
345057
452856
47756
36221
75748
494129
463978
996940
68566
162199
224642
724311
68928
714899
198577
546193
60188
850568
424392
571369
300695
773759
567739
180941
702651
461905
210895
727805
226953
951517
702835
799915
837568
373151
1626
430102
786875
802811
64052
729574
623726
718691
438550
778514
2097
663320
926062
662739
337871
683395
368776
621512
453304
124403
165288
105751
524127
325209
750959
159913
223389
103768
487248
267233
132604
636898
426969
713365
191749
305447
293923
777908
788935
781085
986560
898463
485209
690494
166523
221369
531757
103380
311443
353230
844620
308510
775213
780068
249097
243083
658058
838437
252579
819003
143408
422496
538045
831661
205481
116593
807704
956603
228733
683506
811417
490880
83171
42713
691676
179366
149681
398508
492959
887035
14793
929356
475087
595757
842785
574027
117284
968603
899162
975649
676906
378741
707348
73771
280248
860001
826092
572481
872082
23402
666602
547461
408315
536944
173210
955433
616466
657887
868628
412448
927479
289598
270438
725183
320725
375040
792208
371549
557168
334366
224215
756024
111564
45286
762037
650921
274
33218
186455
266296
601068
328054
706920
305312
422650
175667
907881
749752
699676
244142
934150
122978
788837
550469
621210
720071
185103
378254
190137
853988
261197
321550
424057
181305
454864
890192
558574
647217
396438
133782
239768
457093
129215
793578
125373
18908
781308
960228
983006
656569
598661
223452
672876
805212
675655
414312
792653
786700
193845
321096
532189
616330
117393
230276
507459
915623
449423
833265
617195
19727
825477
909681
750296
824843
93392
857354
743449
228349
444211
761766
500814
462876
924652
819845
330859
982086
236089
838921
767673
279552
132400
264792
117892
899702
501109
731181
595266
191605
597968
751519
921552
242067
993885
146354
47048
258887
15191
217811
95833
939442
478090
750702
66856
418823
523869
28013
64049
148408
955149
74648
214271
723386
706212
967939
167574
528715
914742
283670
572798
568433
749265
336415
300575
318150
124009
848952
230740
698072
770751
284416
246411
549639
597318
305540
782484
829551
9941
21551
973393
17030
16505
506682
576511
6270
753640
1626
866126
947407
31070
661843
306344
516442
811220
370144
10629
833491
848280
700754
825357
140992
213091
535963
548088
701799
162305
20007
938903
775363
595369
646426
148786
677792
472638
666218
229208
350684
224549
92715
692911
195715
221545
451408
623606
750943
776338
730566
917995
779411
718594
950267
422056
614649
864969
598890
795703
516603
246436
675175
526709
359933
52944
424584
520963
286943
816447
787110
78422
867754
243282
137304
746361
93346
489082
117908
463105
580118
184993
431625
977682
397464
313170
742608
260609
635080
659446
170169
423551
166210
359202
432267
668100
975203
100609
103625
261037
123527
380358
37026
812985
289779
692220
121325
361401
667049
125268
317558
898091
131411
685400
528413
129665
479029
656116
919794
243572
25271
842528
127136
766142
858745
163891
754666
660022
999493
525001
623606
426782
853057
40992
737291
669707
60582
524134
21104
501434
89206
324918
610778
185788
550279
100168
692166
112400
933464
531167
61450
503159
689432
806017
90022
823378
256649
137945
203552
943183
610476
403597
956575
375170
50922
716344
58935
794905
735220
729978
547751
298326
744828
786557
976639
89564
143122
888178
104585
432760
132494
959298
886266
963806
259009
247404
454400
306629
885163
382877
320859
336844
942308
732930
226407
777834
11841
267404
455155
772372
281967
13540
481140
733376
206673
776430
687290
282947
853086
767430
315636
989900
173895
417697
650047
149389
380588
932612
266073
180623
953559
349224
76556
492197
654703
126126
607623
834476
379630
935145
59836
887638
309571
198379
51847
62901
506172
626389
78517
959337
28786
536533
921905
145090
744261
645646
898060
525281
417948
612494
72151
58295
655611
871066
598783
609985
190529
605604
524020
421366
100831
748199
986467
614695
951089
209266
198660
413125
719528
214863
242905
373700
82395
39084
71774
712200
65485
394711
107818
657757
416097
986330
289930
282447
278343
684063
624883
740304
399460
805492
458500
335855
168404
856903
601191
38114
464911
575379
828501
534870
438274
694026
79968
479986
568881
216831
173520
725758
875567
629920
462780
784034
450369
380936
55291
904120
9493
645703
19448
144115
242850
805216
538003
272527
65488
601122
560738
699274
80176
572541
442147
918878
41429
994825
730382
833888
388621
742471
95844
872796
762015
808914
305857
628762
276530
973691
376724
372445
91573
54900
591000
854130
765977
609289
950582
8215
219949
895644
57948
639469
978275
855828
380987
447944
184994
754038
809694
970739
293923
112943
366748
646607
974577
84540
334029
223975
716318
640026
417902
612916
436031
462956
456416
93126
969209
590987
522620
637763
148213
278400
643694
645542
255067
176713
357171
726351
891807
541884
795613
589959
594522
579023
50894
609147
575519
302777
612015
156188
835236
895571
292053
584222
103624
198457
733981
461468
138837
939918
11371
709594
289759
230439
696917
506582
646305
38071
269548
697281
779273
144365
809849
386679
801164
229150
664696
2237
758246
868193
835223
14685
263210
816599
220977
435238
895825
314735
157226
759092
800625
322447
957550
548694
214865
92715
610654
553639
664568
788692
193651
856823
724733
926789
122885
719402
311497
753348
924180
844612
993310
695297
858473
745060
939159
241287
185242
727887
227908
258791
456752
924392
210676
701042
429687
894267
64170
886137
301810
858560
337937
751192
961655
788816
881704
78651
301316
643015
268915
228392
103544
686612
848024
704354
162776
473097
748711
900352
194155
177709
454057
479004
170927
27700
180629
872519
44574
141597
780139
939939
40628
583235
575722
490580
81239
996338
964277
400319
93114
154891
476551
669099
377494
159669
176868
331719
581213
913236
238898
580909
763816
614187
362282
341657
728079
919648
243847
443992
997171
881661
177339
597849
410781
398569
78022
460519
277562
259255
564309
250910
715836
304774
37167
637759
56838
953756
475042
943840
895093
965294
195866
781914
440746
378441
384045
238009
984904
70847
325902
354736
744206
379634
678161
260074
469447
851658
992591
342733
882657
304772
215178
631803
498216
771634
727294
333334
887358
189593
930153
794634
449455
209256
233766
406264
191210
823517
419361
978838
829602
287572
579664
986566
968324
748120
265562
711206
665613
133215
22239
320121
396865
325349
679264
536002
76906
187239
346872
294297
741994
754038
89900
13003
3017
377555
459225
444211
287068
653232
914387
852558
767239
561178
226398
322098
857283
799338
525867
201208
864713
942861
475379
968295
391333
363151
497938
678358
907213
859244
656600
753322
232050
919297
247590
315329
314071
259874
32363
674048
71563
849895
605202
87597
767249
462188
292343
372155
298620
295504
789938
534530
474416
285822
452468
739776
251398
588342
25865
744732
397060
639220
294520
695118
519258
342456
992114
427876
788173
374417
116366
408294
443576
159188
92348
672465
802787
328921
915211
297751
834376
648762
239389
797402
397492
219631
114334
135916
397166
856597
227889
280238
778884
774489
135465
8645
738830
483305
318192
895003
149315
124077
809694
588573
655074
449613
974570
767972
606564
806037
507658
440400
790108
860583
891516
556886
153403
695432
381753
441950
146776
158484
745979
139141
96552
567494
84862
311352
533173
288129
362519
707521
790108
650201
274889
723221
702657
291845
136634
842220
137559
993735
204543
40126
94241
608330
978304
199364
839154
875634
480484
716028
909011
402904
886366
375871
964567
859509
780839
916004
712287
169431
143950
78488
451808
154181
238779
628083
424591
264331
77484
738760
549285
657293
40854
286673
478626
470698
98978
390175
737289
553431
605805
879615
561903
628786
69236
822053
668004
97568
693858
6479
610832
39503
65520
797851
927059
960384
681973
534815
792714
107387
886501
686462
659683
534691
986683
748053
992589
528014
474940
884153
730119
667388
700972
179034
343931
537474
8811
480193
979185
835101
464547
926551
963997
121804
986974
598834
785450
881919
394169
41429
997051
302533
964181
689602
363931
847609
613186
729915
194811
176654
29389
757230
930271
875012
47291
316292
761821
785182
105789
196078
176172
394815
650921
265898
722847
9056
907901
95527
349565
131657
447343
540584
173787
359276
908781
87562
838861
307642
480584
809238
581693
522431
19873
157351
660258
280421
445406
54493
264918
626549
12474
21611
641848
228223
466588
604282
436919
97751
705176
110114
238061
76838
466806
563624
707993
995410
125330
801422
555372
602085
39214
755445
36451
4129
223082
81339
739301
578815
367126
977878
276629
546097
45717
333123
225806
138868
614920
37933
326978
521295
269007
447955
600212
31841
567247
597656
842049
191567
326833
195609
186744
254070
656070
390380
683898
260484
458328
304145
939887
183428
248100
390224
804650
569534
796641
227886
184240
717651
566880
410473
420839
220185
370498
935454
551970
77609
740921
511818
52189
198499
221975
155403
865214
705542
474647
872591
899671
313401
418800
141694
217192
928687
410396
461000
108732
132485
967917
206794
885736
913094
352190
603145
808104
593087
578353
374627
735286
605365
108579
686294
251366
876845
992798
693807
507889
394575
870741
269571
382054
846897
45992
438569
321761
783038
493107
499696
164844
641417
225840
195290
371103
122029
597828
834730
805367
336359
121022
943621
540516
393351
727789
531293
72368
836689
975840
456080
143078
719312
444390
394491
469912
956472
645354
597630
748073
131080
171533
906481
754888
993210
380573
654902
480869
75748
738812
328658
615181
274410
613155
474227
911237
538519
867985
490378
722031
708613
306246
281932
744232
326462
600319
368931
75199
202801
630144
131080
321411
71980
132896
31598
65179
629830
239317
60229
800039
146872
328054
498918
708361
23826
264999
10094
274919
59501
284804
312568
55870
103936
748961
678738
267671
686256
790305
107818
971175
402327
31164
555599
960895
30143
72468
205593
300827
813053
372653
569047
397525
692974
41357
692710
55870
605690
489014
220859
162407
173987
383100
903570
995604
329081
838791
642674
454939
774732
139910
427194
937466
445964
537471
536604
976821
555643
908871
635627
661045
365552
435180
755474
907665
405913
711703
761933
132696
247167
147478
490269
786922
913470
566602
8800
242672
800954
434317
427389
79277
373610
13539
26563
953008
262960
404594
133066
31531
762615
265402
594178
284707
204428
328027
194450
978071
929476
522867
743660
262087
537419
357525
260787
321486
580483
723395
222202
734932
537204
534246
585676
789445
398445
308678
639667
532322
718125
915949
573654
783219
733392
712028
125697
504933
288899
50634
584763
841231
842818
874222
105551
806454
552074
657984
594692
67922
135575
483325
373542
93939
325544
351606
186764
466810
983318
994867
170757
407533
171139
512604
138879
149508
304036
447780
330575
103168
209570
377229
514199
703354
64372
607809
628762
56348
883568
882592
563077
222587
83699
127285
327448
121463
538252
975775
285593
71754
784591
902711
361158
124903
289154
707831
679142
567671
802138
181958
809954
521795
246315
833745
861139
407237
890701
809637
116034
218688
663218
475638
164220
413578
305398
199956
80578
880406
458653
214412
489849
225290
178199
820966
121625
67271
646335
115779
178424
722977
418212
690368
806499
568771
501079
596694
217759
581572
993037
893390
34283
427276
197921
880722
738361
629078
245539
122568
973279
907870
233599
616150
677005
27970
738424
503101
115543
929691
30541
794399
943698
325518
912456
528971
194408
184697
365187
498576
94250
526314
78021
51580
559735
435966
919354
845974
603598
929407
669739
780114
387548
31956
201127
159492
162800
370888
836777
373488
258566
939620
25509
295939
243558
116653
558378
650848
497267
865854
631386
805917
630301
914502
798820
208547
511517
949197
238748
427176
206023
661636
170641
349054
529233
130211
541582
953384
677699
204070
98487
406133
413148
110012
32299
258919
106119
756398
374677
384045
308866
562879
580664
264313
667571
145196
724311
273266
463127
699491
140850
504710
671055
166841
738767
998279
257001
906879
625431
682402
169431
581175
493646
106784
761695
715117
706702
902133
190216
596662
223300
774724
583306
657961
622861
300741
431987
205269
592330
477082
511960
275257
310994
426774
540756
692215
4077
601138
395344
423193
158610
195503
560459
311207
381306
308824
466266
812153
503452
535961
164600
660994
123360
92492
336285
235999
581724
617222
321867
987635
624734
295850
759593
23749
678284
605757
897518
82184
59748
516522
427333
383863
671370
867761
370487
612478
806345
397723
191783
377897
347039
791563
301384
235199
755198
259410
551575
607592
276194
158935
951736
333377
799833
229590
323457
319716
531139
208940
153840
829151
134223
6983
63780
905807
835357
662872
334778
273193
685524
687135
547937
428826
66725
783201
867459
116151
861842
686744
730764
101739
78511
807437
776270
285655
958890
713621
522329
873364
715899
71223
634434
595975
724132
495258
463908
20797
284401
710343
476533
853957
89863
441091
598408
125134
740718
671257
626709
446184
142004
445919
222400
78431
725994
208162
721677
384844
855602
801384
521170
241529
940949
923466
481411
102761
387430
919435
587295
43809
704127
1903
313977
187302
411883
675967
243353
609616
937627
246056
305217
433970
217729
899917
824645
897143
424135
675039
114743
190615
648244
613485
285855
22775
742042
456416
753891
678753
281851
814570
675990
825795
49992
113679
334708
581798
173648
106802
847826
965266
953303
375075
719371
504017
392106
130965
451471
196642
834937
651985
214453
614000
863549
895090
595343
509926
471104
127273
347116
760590
447751
487539
719206
426946
861763
567701
764005
852570
738611
625637
406053
944183
888072
26646
252448
886482
125796
524569
506371
487157
630237
53027
707162
819542
352461
70121
110751
547350
8008
349606
263588
791275
266208
680525
228707
675199
731946
475558
755658
683156
882637
133109
979619
974338
621490
198131
912621
541973
928656
553747
244447
777033
