247947
862615
595090
242566
254264
258273
191286
599965
232372
414811
108531
336938
131339
769920
566743
919932
863899
783023
490958
661516
193388
620601
258625
705048
967633
309315
54375
897979
212232
44171
85316
83098
926575
491439
166506
253550
746502
668496
348400
678308
156828
480472
222081
905570
463125
861905
345538
9548
140455
794313
397488
679365
414154
683174
219464
95553
89
612095
329603
931776
936093
10456
361821
444289
367612
593397
977292
91595
584105
303844
654222
166529
945522
112506
276341
692373
382461
79493
128444
717903
404286
304134
347834
11095
677256
513927
812303
961408
250419
9777
818589
160534
677522
893308
77291
232866
698840
245028
538231
674247
217826
598082
950340
319150
787511
258581
453584
6748
129973
306192
541842
903607
569416
343763
305019
300077
445475
28747
557765
81693
351431
363413
785472
973167
302828
768987
806129
229843
516428
565417
989516
3818
966248
201425
225199
281924
92557
878549
752654
320804
190561
832537
411697
798343
145661
580638
149329
324422
204219
387214
64
332684
201680
207861
162518
933217
382277
762092
76147
775272
903579
627304
424060
299500
86534
811374
673255
776874
345035
624786
734325
898518
815841
511699
528639
343080
258829
819547
315160
491315
529574
656726
211642
520204
307703
802477
411766
311766
250910
198829
998708
3657
569557
915599
78873
115391
704323
111962
690724
42873
427015
393140
34659
315550
136889
202071
40143
339660
371969
991525
275737
722913
604063
989430
423349
609876
997641
405437
732793
922620
631794
553705
467135
598045
733508
72845
906804
363674
719638
338050
691199
850048
756986
215978
166301
770853
430553
929844
697388
152580
42066
430329
232883
353978
997971
844487
794402
30355
811804
391421
338324
68893
668653
299315
621965
267865
670262
290456
56939
749710
62857
102939
460710
199562
705033
971772
690085
277915
956419
579134
273381
784624
261833
200475
448447
231370
68883
366154
523394
945857
866465
431407
268827
489996
866143
397298
923045
118197
788130
102658
833119
560576
692864
295542
432434
541453
63066
656744
152492
677344
105767
336208
38789
725375
343119
811583
20950
795692
440127
151148
692955
612445
716180
170677
602364
338492
758132
805277
975077
129868
599686
538415
918039
290138
456888
430005
994321
932188
42442
275458
712507
489008
49679
634955
820797
72111
709901
216968
193927
979590
692864
358898
754902
767274
806082
410823
763149
330528
48497
780575
328459
899718
602365
810416
696304
380007
216076
190205
246629
547344
301549
823745
520838
75679
841404
219089
109808
12645
518292
147877
32034
777454
481764
207466
512727
588933
432987
526879
909501
617767
878770
306407
3110
436137
510161
160119
951349
688487
2935
729923
15076
440366
461315
902820
314966
281267
150802
193919
421020
603419
616039
451163
59410
347928
637042
50850
265984
439434
896881
973420
344460
401003
612468
684195
379244
459733
711092
221781
685337
992477
675400
271308
515512
815671
566431
264809
699845
73501
797826
605687
640304
57443
522302
271192
615741
843930
753694
497371
258230
614074
756492
738433
426630
981775
634665
519483
198550
92691
246327
761043
648418
448874
262522
706583
713278
367794
916604
805272
553596
442098
754276
589029
8890
703944
95182
208079
179505
334530
529396
868786
243688
879189
180205
921829
595931
90969
435927
992172
903375
411301
47008
329303
49686
463945
378564
453333
820517
481133
163467
430717
185225
954744
364083
271727
447805
140450
878869
20817
657467
167942
941962
764126
979484
225124
954103
15872
743405
46282
227529
119558
451857
602736
624136
484206
907095
673279
510444
535270
818418
609985
3675
856336
364544
206578
647720
529992
170611
229437
125920
640129
443679
274985
472130
628536
621241
440897
384987
829980
94372
836095
319523
140566
168002
853949
951160
53132
259762
205607
677028
253667
921270
635489
932615
834529
522471
622603
689829
564627
783043
357635
601167
670487
771446
896942
213382
294331
412655
364045
485290
646324
632506
188909
162693
135455
12206
542617
309054
508089
431245
656796
576676
759941
270302
999084
128703
269910
66694
85523
763514
952495
237461
618585
104062
888247
149581
107409
810034
587253
778576
481265
679414
693229
734091
52124
878117
503501
143120
142332
74372
954995
711006
395504
236844
705006
291077
159089
475328
359864
275229
282523
607893
821653
700630
666647
30747
45091
850137
969080
608456
368855
107142
696349
987642
725558
72111
249479
182692
920678
152721
666932
625076
50664
337
556612
767392
496925
189252
285140
389001
869943
348040
155978
177828
56809
860164
44781
798936
51636
104568
63158
684951
44467
47380
243628
985743
87990
405953
67696
686648
238452
323894
6667
986945
51694
969915
677459
582772
64236
237806
481637
294533
174962
775067
908129
94505
459423
361932
474986
848757
717577
465181
47888
38820
556281
686738
199174
283227
732800
401804
898080
619440
911902
586346
700686
882172
957267
387260
525537
562296
620071
304805
171908
449843
179065
673549
362983
338176
261247
112922
618014
179963
660222
276748
377645
586784
147032
256296
864900
220113
247665
228150
135441
138540
951851
41185
135136
901145
38746
861084
867240
620049
797808
212637
493011
989154
88183
295842
860274
881816
809772
392437
905261
334313
60278
592420
680694
511919
495530
376425
791763
869919
423446
646352
311604
113243
753572
443160
968892
966665
477772
321737
599965
870236
36078
397409
339491
469591
528443
25916
113190
80759
294488
717611
300620
624537
104669
695429
65703
386386
87061
681375
680229
548264
389962
691393
642923
678339
790775
974682
245745
870777
525311
869815
659003
847718
598304
412338
159873
812884
380275
421444
810381
287551
343173
475157
64505
997641
23231
14025
434449
466062
948908
147765
507916
140295
217077
480908
281856
186019
904616
393958
173241
798944
893158
277708
81411
993106
967306
880745
352097
105137
5256
890205
795256
744317
104147
695614
983309
71138
986247
40409
298416
3659
237419
376323
174085
228039
699887
699184
358859
519592
878076
215344
229478
38238
528156
839790
802154
891127
779369
260942
123140
696638
911892
852118
613560
657775
875863
111355
122671
915107
658675
885485
608031
989025
132717
41351
439591
572279
312328
510841
614869
118392
28070
890529
348852
131891
504130
969184
96975
490225
542873
468841
959431
948053
312637
856578
507084
647120
549555
414520
387588
961258
80966
962754
482762
348831
71926
86926
28341
54124
694981
511014
922891
354726
716330
182120
969385
436953
656965
225016
660561
226597
465049
273421
918944
26756
742488
388622
168362
802755
371969
361248
840602
181957
415085
309117
963471
240618
599466
598534
137480
695825
869955
962614
367281
672891
613239
754368
290090
768376
520900
856441
338975
81131
120482
995738
584299
747515
159901
864388
579224
569634
835369
159578
838444
12906
992653
535334
666447
207611
71485
506237
595356
591988
747332
497586
798969
899155
961211
360715
345247
513577
802351
556506
84403
415820
980124
36730
150865
982704
223189
989234
33217
763808
909005
463206
841043
670822
580802
872082
728055
158330
294924
175048
327098
746581
133429
523556
665583
951445
754558
642100
968799
241971
502575
818106
493638
123409
615645
949577
694288
11364
659139
905261
912514
727688
435343
411379
697697
953559
399385
243416
435345
334267
110350
399173
130372
294434
906737
422104
790029
876451
627801
918784
448166
718026
224552
767729
846702
169613
933520
235512
476860
160280
314506
335044
312494
51375
609682
554672
660535
317561
6075
474133
186759
147022
419706
659400
751394
413427
515148
81968
228920
62557
598186
623062
617484
364386
227567
235893
827085
364556
341071
504430
926510
513100
726275
425330
920425
754221
625903
784202
181402
639575
43580
433484
850209
183583
275872
986642
36072
510151
113843
803363
779705
813755
709191
397696
991330
225136
348809
141535
877011
202002
521537
842962
611582
229852
564503
20617
907160
352167
27681
638668
757990
739204
951838
453087
716862
898168
865366
765360
205970
841882
351201
198699
28463
769424
179704
501977
160619
290111
201277
50715
715822
969917
753570
419230
349933
91400
711594
679938
675854
126109
860641
699312
68635
557977
154760
702394
26697
258273
354876
479443
195277
640361
760810
541047
535897
492420
500362
483662
704239
511919
611759
526346
512352
662132
184755
641634
854283
892687
510353
842974
821579
109840
186767
864009
166255
460251
386432
77279
718764
818955
774195
137601
513609
810128
952282
507713
523360
434985
791476
387751
495108
485078
553488
557610
393339
216424
800856
465414
617404
850877
746339
761532
619180
612820
281205
502972
565129
532760
666951
283564
517951
482333
445105
808354
687897
944491
548293
348453
508990
384359
978487
593504
226132
826905
806782
555864
795287
61891
738116
499960
962670
347562
389523
216804
756365
379701
944797
784144
430968
452520
808462
667405
426353
125922
756127
247091
403088
288203
410810
157951
94360
808305
366961
540394
145674
246450
871288
500269
941108
522503
730674
389180
166635
219861
174649
962399
863559
394750
252889
815993
315951
921678
922972
396208
641719
571992
242660
819046
187875
73026
6056
623671
275931
268198
822711
862720
899356
592363
570776
408863
899658
546632
455706
337616
778697
776118
796842
310906
80402
254108
580951
591391
476865
945765
30740
76416
340197
214929
533917
378804
911602
552350
211300
431782
935409
510511
299833
962156
328070
338935
505974
17345
217652
10858
831202
584764
243686
293675
285622
466873
205810
121200
18983
183846
657398
764485
813693
731269
713155
518023
414503
115697
136752
153044
588178
812173
423114
322720
837647
900662
254813
484209
63567
339917
535851
468409
16610
856536
500233
563718
670556
261569
887345
931305
211252
305681
814072
961639
556293
360033
555828
333914
415495
841991
350797
532948
623969
819416
87997
932552
834824
809056
82214
818011
793527
778503
963566
982292
134780
747691
320831
177768
643197
907309
830240
370939
410691
527053
592395
713343
377959
458971
339842
270190
87568
581238
898530
809717
534781
491630
707882
101654
910546
555014
914801
844857
392180
759444
380433
929215
747847
377959
802637
874475
905047
724974
706930
420179
303432
196854
184607
414505
55555
60040
457230
838402
323632
692634
398802
39807
171170
115051
465535
15127
688154
109787
736436
479765
113992
20469
596101
477477
698477
477510
159427
326706
486063
961293
112127
861498
290564
37963
988555
129818
532984
820883
692781
964178
329496
563558
786489
928674
550068
219126
370129
545842
458872
120989
253471
270086
894275
439173
744872
581600
274009
256115
267753
449322
519690
425861
855665
917623
522315
681321
305662
621543
891939
507318
586193
633419
59775
963304
412433
233940
23695
97560
993192
385600
157184
492372
730862
155282
884381
605835
470761
739548
845135
103240
320131
915599
350262
358415
404388
203544
767885
160640
977596
743405
337341
112619
125329
859644
574262
150940
558474
971483
883197
302560
126315
961451
740109
747023
638461
800605
362971
105704
901194
216734
727752
105362
839929
469858
751509
739322
198461
524775
546231
229225
404664
220212
633201
346959
423902
863248
442326
753381
374721
286454
55492
49798
231794
889633
539143
756918
847197
402703
452529
806255
922748
644568
693554
239642
264477
863923
448269
44849
395196
343784
185263
993700
396435
238646
76005
438052
539358
540161
759234
330340
43717
75311
870142
117114
768391
814341
38398
966405
688229
343398
340467
833652
826605
752748
22346
502728
919038
636159
715727
180281
235401
871770
603828
218334
569753
85081
241024
143916
998521
539930
334880
407454
106088
821238
620547
616925
406026
510795
671446
447996
446816
164014
344262
619831
252455
195005
216428
536286
819733
579739
158263
558076
919143
284284
430203
748639
337055
699409
356249
962470
267223
395674
81090
171223
684503
555856
660949
202717
331279
435122
327082
683068
291909
722259
674731
547242
195017
771046
334237
919822
569966
807655
413811
950971
867652
735558
413965
910541
488412
741532
134233
612893
548781
632559
422319
374717
340896
205294
664358
837173
851104
73943
139279
315416
10012
77835
671687
135838
111382
950126
754080
508461
958424
777280
207764
3674
288019
648692
744995
347938
8995
262854
23683
697368
817511
809157
399632
932969
948911
972104
284861
213492
908641
425865
465810
927650
900359
375852
454288
456713
67718
814433
186980
800836
888403
248083
241337
164157
368375
764065
79351
937966
725537
74474
551734
404028
87895
855042
969918
975646
873212
11612
562769
369301
662155
175721
752854
240046
276704
730566
660698
793427
508267
779204
13590
189640
617742
172052
699141
275301
799933
560543
148304
740455
156676
161556
763564
122687
449449
622130
155754
628898
353979
94726
392266
640241
998906
466699
190114
61817
138504
567025
315587
396392
806582
855401
327736
820027
780863
780640
511644
586497
757946
908146
870274
754578
454330
768836
281235
399531
892703
289446
303956
565650
685313
928994
825297
169540
186031
212275
926847
179007
18140
676397
372572
59984
956238
905133
62349
714768
732753
907417
52124
500269
747757
21036
304201
591585
770816
548032
918146
404128
818364
944528
955659
475017
705486
885275
207739
706298
165307
789946
91482
64345
238670
125011
233828
176448
676830
429146
371971
748440
776865
846082
343462
58910
317526
629257
872712
479865
138385
306936
970743
94731
615425
168821
829762
865831
472516
988738
438887
628006
428348
571813
928032
62653
995910
640073
104992
743050
830235
635867
271703
988196
858369
863209
321506
718813
461286
681665
17434
877037
781498
742259
250165
569566
142372
424675
35200
860924
833688
551963
227911
791231
261833
676511
194750
68683
806739
406331
743500
205997
101719
977896
959245
894881
366811
627128
732832
372179
427955
19275
880209
535475
82911
783156
312351
29671
504093
576282
810979
273002
61718
118315
797462
727936
298998
673818
291287
879504
279651
570638
122262
56890
657776
904152
374832
545559
908881
381150
607348
697243
472473
802468
646877
660682
935663
962049
838081
391527
301802
861770
928420
901162
350497
794864
65965
733764
394878
920530
867410
677492
990605
814369
91943
516584
994266
848510
48425
995296
681590
517381
88895
969932
532471
300368
957674
460767
239779
499328
794871
938695
411238
869577
538206
140899
940854
457367
962902
456719
325861
818106
344905
825509
228958
628635
722222
197196
915330
805795
545544
372539
577046
447393
262059
816378
150262
787035
430553
703952
98849
56823
449002
724628
68069
649325
590148
66306
771560
751052
673862
790542
234445
601615
830327
315890
277127
662479
974819
560677
543430
413179
398765
23890
464141
635249
289079
494657
565375
825412
41072
424438
623811
406486
254290
91661
890322
74999
477610
704584
904496
846081
861401
39121
764728
947183
156056
492573
726925
324070
847802
314595
671095
469989
53578
577967
941014
532373
420069
967192
707727
654892
801679
57279
443201
567288
548809
690834
73773
644951
352640
216009
695188
586188
660107
764209
202332
913458
544438
827411
858760
964780
538297
678223
743544
536506
339041
104830
963857
326393
968112
93537
354057
280577
213652
296609
225736
29304
822303
864560
338641
406916
348787
626867
300900
42186
73220
114787
972266
811977
231062
67489
589249
602804
878466
937800
674604
643521
360833
253367
863761
402383
863923
503356
291928
326224
971842
494332
300196
851651
540492
660638
331392
767211
350363
83085
372694
218932
95369
90429
22071
418787
683317
1087
574148
289910
628655
13419
616532
267711
235008
877942
619519
19365
865030
412445
606202
56229
331354
270041
406283
906611
510685
47551
645641
158106
800997
10469
468556
44686
748188
421165
267899
881197
954450
132730
881633
519769
164978
996628
124810
694066
323132
760305
361442
984148
913244
865474
340896
217856
560192
327161
172342
313284
472320
347366
726805
652708
705563
872710
882812
515445
733106
395729
118740
654877
180994
308822
861040
706187
946741
646477
515059
88473
54065
852215
251313
528126
852510
401665
781235
768792
804934
920468
751237
837075
132734
505467
53555
313418
151829
869038
273381
912598
576413
548250
217015
197735
460764
852510
420623
62557
14534
771872
851767
701582
462464
661283
955529
511357
212666
869828
454055
139510
327343
807760
210910
765914
630778
469081
712398
763123
388645
259844
485650
42785
751222
323869
662568
932815
244887
554323
400956
701905
417114
709450
454662
767026
379635
293326
874310
600949
123682
99836
358180
16306
644760
274071
70245
247302
597755
995409
932634
41886
292338
58566
327200
854177
405110
546867
683934
199271
156915
334531
69639
805111
83500
995193
362226
937568
908546
335837
742488
552400
631368
568508
604130
359530
883197
558745
424341
521005
574553
285256
296855
161281
337341
706984
957246
656181
139765
671387
679143
791817
930286
8968
578111
483801
655985
530033
377187
704232
10214
694652
257732
453857
274400
817750
900305
275878
742413
615762
386769
837974
522292
677448
434461
981578
203055
774159
648521
197743
227235
459505
581111
889177
92369
96908
810787
858728
256730
223311
817165
969680
549142
982324
377776
711734
124997
739825
922148
548356
724484
906062
44300
309517
697131
279715
643694
664537
609876
282465
507572
705266
784429
370570
852387
988816
860466
336231
592997
755935
670484
799380
856823
374392
64128
381307
755342
998211
917847
989600
566929
715717
75488
565227
668725
392584
55874
168564
449120
33460
697228
39013
202209
538242
812598
735356
777659
59566
718913
376080
419044
46685
96962
508498
392137
414607
93252
221326
326034
656303
107359
634994
802668
980600
109833
101162
545106
782283
432619
979672
295427
408458
551021
795301
757193
623441
770459
173956
823996
554788
175822
444808
181434
706704
800191
935727
518957
908799
790970
262852
730965
647079
907000
150320
613612
83541
372570
477917
451247
301730
742258
348799
127465
763842
36041
603174
80064
690425
332096
267001
520519
247091
178687
147215
204334
608718
978637
90822
467839
467362
457256
307647
262248
426757
115538
69069
870055
279300
820234
251066
305667
187088
936865
188524
870172
20136
148132
183756
792585
85565
811274
480679
605795
498133
504339
873339
846830
247177
542198
512991
276017
326448
746440
376242
770399
845874
735333
820692
140189
218071
18862
738403
662625
52236
583510
929582
720398
904272
135440
491448
489747
4181
613781
98849
175341
550331
659369
584236
80094
633869
78335
120068
826555
593862
505436
156835
850986
327407
504941
3863
873878
626613
807696
788759
281371
789568
137886
162311
831997
415759
609098
136007
128979
941962
495014
592672
285182
729956
862268
605165
209052
38626
869018
935345
114751
534163
689679
621097
561754
208798
537110
436800
173510
685588
39075
779204
822039
54647
428830
902108
231826
49448
985231
100462
32566
367593
697038
353490
949786
953802
421181
768881
10312
490407
195015
437497
235500
453053
597675
714675
749801
90458
313137
315373
626289
422081
541603
558239
747467
967406
277818
109344
951583
138704
222035
530228
880549
159424
213107
928629
704204
567046
335655
694134
215961
560635
268028
506163
513577
958972
60105
961416
283506
990644
339872
484021
329096
612762
232089
420111
481815
360512
33633
996761
907964
85241
916540
634362
92061
480597
463866
372915
343856
281714
473721
662030
154801
371477
532387
135205
809714
704975
410960
431221
630361
853157
392651
662906
953593
972642
764735
117407
96892
636006
40406
372968
37308
282541
528003
193653
918901
298915
819329
854905
136171
610325
381457
418852
789977
232648
25010
792631
192105
366363
207472
29276
725214
821802
278508
725172
590351
75570
462533
341432
232830
65316
503065
834457
27886
973541
540978
64990
699750
355372
604858
925712
667896
988358
446892
461255
655861
285709
316610
314664
318449
647106
946863
361412
182984
331007
714173
577443
270039
753997
535505
568733
610200
242113
256894
16412
973209
49
363104
456202
779395
333161
966529
845348
298416
927814
128188
821394
593186
904475
602291
611634
376632
384162
302386
443187
945274
947389
229381
346728
376695
69573
369796
174649
214188
294075
70419
736581
856738
732744
696178
735684
962321
402276
979540
746795
451689
73862
548360
232035
526110
38211
311390
378913
566477
115429
103953
474336
783339
955853
299694
930299
397522
458625
429385
659929
764161
535628
616390
407026
341420
293265
58572
765026
471874
422965
380866
116690
578006
77891
437060
313334
598652
818240
581731
488319
716855
645630
11615
903491
753599
544275
715622
38323
714156
226108
97521
8695
278956
721126
586524
162740
937654
799774
40891
259373
584252
754080
117691
460656
418752
669361
459544
793249
254813
859089
400071
860849
899365
144784
71652
118984
122378
691430
600936
812235
568095
102836
316582
671054
962016
683021
337129
818296
148217
68497
642910
905558
2980
983065
106416
379359
832878
855478
774806
977795
47266
328667
670346
278145
557765
110412
421780
741988
33644
678224
148941
742413
564001
868165
627832
294681
55330
362523
384085
3210
582695
739200
16678
504292
33105
416378
515859
184715
63418
720723
839034
338869
52333
283113
195988
908933
705724
778336
60745
203861
702358
437053
539012
48028
62305
574794
939580
295055
22172
870427
458274
131131
191883
580276
471105
640825
323956
389869
564138
487729
709819
270157
298194
192128
754744
73779
117097
721121
738398
511059
998363
426736
20764
999144
460033
55803
115533
533201
490495
382203
107158
252301
118791
525150
136783
799757
370129
65792
138273
343408
753669
399460
801972
356928
155040
383993
845810
169535
442548
759057
522141
827608
626774
19010
176351
488076
111655
389734
424344
206981
118339
561263
332404
831385
65848
486867
98359
258968
788755
642523
716054
143377
21948
437241
768246
277387
110393
602866
587253
713112
233507
23071
671026
391087
336360
108099
621863
819249
222846
650620
338617
611469
867337
928825
704353
970998
178583
412492
441211
952842
329541
852187
617228
55109
167575
409378
929634
538242
721477
958509
341855
370729
826254
169800
233457
378749
226143
832447
75469
167776
553346
429963
92112
18206
615741
33799
431870
12717
687196
732031
244434
808351
887431
459167
741013
975787
139049
31908
904494
780663
72426
889591
154136
338692
679719
238780
684647
883782
762682
465482
976576
32757
215237
139256
147953
770994
817466
205997
840772
325151
210035
229863
833842
217533
730880
611309
568663
468361
818455
913462
719668
661258
151044
132873
346320
862632
287260
986070
551850
727275
204430
878370
205152
545767
738475
507171
21509
767769
641527
94876
59624
283843
22476
190847
59225
839236
622708
993850
720906
333161
729466
77472
530096
371769
963540
842628
48473
855401
868384
541765
975429
252078
586730
752495
643929
1595
41267
511164
696672
934834
648629
506311
604786
348413
51788
282144
716895
809927
558774
726802
965858
662762
676414
398526
816080
674866
447529
765934
215960
83196
923634
377127
213032
923199
727473
140497
712398
504252
26401
754844
326306
405127
261515
452542
400404
139673
294373
222504
793739
965945
984258
420488
78901
811870
622651
290583
514170
704768
107787
482445
179133
858829
531970
569478
66459
389599
699425
898567
80772
406620
835377
571779
156213
992849
737111
44034
444300
458554
763632
428102
9646
507791
542078
579344
363960
800693
246883
20830
705586
472780
50250
349478
657677
840328
975910
546837
798608
374598
957374
32425
843001
49067
845203
456180
772027
222117
526278
90623
386877
530215
797118
596017
104066
423677
412421
41751
747148
454726
452059
702301
886611
529337
742139
764014
137295
925034
997438
41467
42178
72816
500422
332061
543522
246026
611452
292755
269660
849430
641722
185763
285146
199599
307286
936304
532301
890189
507916
368896
716165
671237
128621
680296
163392
124874
390091
301156
608880
995592
719398
921063
671668
101032
182420
821684
190503
823689
965675
928936
151392
308583
583340
723657
825337
64499
322877
221959
144900
194773
253233
991508
343398
541062
237925
670222
476914
85423
509735
745561
375460
220033
967075
595209
787292
931987
511973
612068
812683
381226
500570
136761
464118
303491
55362
542581
750081
667045
117092
85774
101187
502845
170333
966918
572391
611634
104614
945720
893938
973483
913462
633825
464744
876346
744471
694143
841518
791481
898168
83258
31764
969832
185964
225563
62277
297465
459317
368962
889369
262399
89130
950543
143907
582956
836921
316886
656683
649733
902106
394911
510427
974932
220576
637773
40212
918006
835627
678380
772352
529945
308725
573037
798618
779902
29633
255002
615132
876722
182422
491361
791184
105617
931429
273179
479134
718668
32713
635843
627897
423681
440961
476482
558187
311431
398893
62351
436912
413351
92672
789968
757760
702102
42382
39425
760072
839469
583883
663094
486276
67644
303294
796884
38616
572103
474013
475131
839248
353560
919743
880368
614733
978196
399553
298057
679848
223012
111429
185185
114966
749104
800997
93342
677956
253798
328779
58617
109784
626067
499583
240788
208157
397690
587309
833271
378168
335462
3262
530765
999260
641486
907823
395657
528017
751285
391118
921381
439173
200542
975599
928664
364983
377677
794637
432707
811410
35665
200064
415838
12983
461972
251578
338396
219725
818240
818855
906686
432559
149832
365396
650725
950881
830337
692604
339480
764096
700962
252359
607623
933243
768111
958775
988368
806255
585976
42633
893914
743828
364150
147450
18274
320990
701395
73497
414594
786155
171601
259306
184755
872293
941052
861905
751921
390020
397070
53933
975935
822298
260913
312025
873582
360708
71340
100401
906499
617268
549673
655887
251940
336163
551237
176995
254665
628651
811125
192116
365159
353574
919992
620743
903123
40781
256448
544416
229192
767114
127484
26050
92459
734196
753788
971012
435592
904829
495200
208075
263165
725860
779328
755711
337260
471959
599733
817298
2585
508886
132488
533310
72395
633535
78612
26532
869
709534
275490
186900
599827
118836
14409
683019
628536
935345
782144
955377
487486
881177
533347
520844
834529
552780
285306
751248
208786
759536
41167
253815
963485
673207
231891
133276
769244
991410
981598
990686
830637
785063
119294
944624
444300
638807
208770
624255
370129
785001
979410
120619
912076
657081
217809
448744
365508
419013
48347
498550
368354
152351
429791
653664
135147
610919
621478
476395
534754
277168
398868
115387
724742
885920
320175
781713
810634
190598
157593
895190
641487
525014
226583
401760
596569
787994
368572
133986
336480
49778
204682
511934
468974
141154
108768
380635
570566
598031
467467
400444
582450
262011
342351
333134
867559
633696
239240
387093
588321
278956
243338
162365
878474
848533
238351
159163
297738
557152
624493
20522
234606
908146
620582
991718
220710
3783
719331
506111
290371
430772
764507
613789
456570
708798
209109
728558
621376
334065
464049
305131
442154
260981
120423
146233
497035
206208
142223
156979
847077
354534
609670
928059
35448
114281
854264
698479
137624
205185
641798
689228
263535
268993
258874
548652
51273
173871
309288
91689
344191
608729
666498
764708
521871
310460
916957
639475
135869
360952
479149
56951
252298
536103
56136
476267
579593
280818
791891
398615
988144
774294
98491
456481
767124
694020
700836
778118
536006
124947
502252
766539
897064
413799
780040
896176
702594
610528
45824
273795
792769
800983
992603
697426
483346
109088
484046
942691
602324
473551
677254
130453
230879
984993
595011
675410
775630
617552
435279
954974
787683
621134
730675
137846
774081
994587
796585
897334
528380
323608
52841
536583
390198
724011
908842
805650
350298
398002
583172
118740
253992
636959
305520
772300
89869
611190
199444
268044
388719
401144
331708
569570
241555
353470
253367
995805
759193
935652
219233
308483
326640
140826
746713
142885
247409
57639
139886
698901
54845
130520
98057
983925
445357
868359
282423
588352
912583
332949
636820
507676
319365
925606
448242
85811
229849
873736
537930
629395
347256
374832
222872
535682
211683
93242
133917
304378
934483
823514
176267
554426
862242
986454
537549
639554
710460
336384
339016
608396
878117
706798
277779
472137
173099
516158
415482
393320
155881
385124
185722
292199
350078
665000
72580
991968
691205
156266
405204
439592
957784
556387
872515
628215
334802
680402
38887
301533
886227
213549
780694
470479
340726
69786
60547
321243
796348
516193
220161
16647
809352
18766
237925
490467
139232
826726
189309
437789
248269
837930
635249
214052
672062
596389
225232
458003
62368
314951
149918
365219
320057
465657
168787
134501
509554
439128
7508
343604
849128
617347
389496
424449
550171
646196
151472
724524
435592
893552
789536
192280
677492
42500
412286
689075
780889
346320
860708
43409
413641
782596
758451
605027
483358
604573
293127
57966
653133
312898
808898
347462
904987
992345
920469
41897
841807
448201
487036
875752
236677
588730
847513
729365
721821
36858
238303
669976
115366
776113
982687
196154
432272
401254
917790
251407
570167
372881
67311
21831
137846
571163
402243
590656
789897
140384
750726
360723
912638
163608
615057
336102
362455
356090
518975
481211
452070
27658
543466
257861
612582
378976
18469
716299
904540
929634
252613
377084
957770
882608
397473
309473
456180
870848
780191
692303
943660
432615
189478
801776
482112
114448
245404
327359
703397
803612
541812
183230
747234
71469
196572
291090
678519
956222
748688
598304
839721
633886
810006
477185
233369
557696
720371
62655
436866
97072
439909
322448
585147
795157
533650
833535
656656
22124
919538
465900
802276
462885
260232
243559
105819
984833
72234
743629
786939
725775
512093
181411
572760
405992
62151
54812
863761
134044
744488
344187
285215
220710
706620
431500
562099
855233
144593
421731
532552
349543
754276
43476
344161
203100
797642
450449
472330
456272
345369
605390
762508
298780
5127
399950
760171
260662
140439
938696
531948
676010
20147
281879
229594
540676
604504
52054
325374
487146
879915
66489
742318
75415
115196
438526
512541
951811
344839
106828
542939
173943
305888
803609
761085
919701
847397
335368
957251
597491
539083
60257
542513
860429
365581
674293
170137
626900
593648
267625
940015
282866
653257
38590
979753
18530
677288
381572
90384
172390
436813
351896
974645
771714
781578
890957
602132
711099
92423
987719
42182
776728
719950
126217
362748
347592
429551
563294
50780
30061
525181
66433
596679
345536
372901
534364
289150
256247
697453
481611
493606
240262
238012
481265
915755
716877
36784
175596
50370
233822
568242
172638
556709
7207
975102
209303
981301
434342
534778
752593
65316
886284
521159
471902
16955
739728
586853
122356
630192
936819
307950
230212
212931
79988
167469
555198
848380
734353
574060
471470
148152
816267
588455
230216
126081
936408
815425
112127
115519
326486
156492
261307
643521
490431
841992
931918
527526
210788
934059
524632
541058
631089
925230
636611
854430
518937
124230
625741
417297
767534
317526
462175
684012
421123
328208
504824
445899
768929
381307
950746
438286
750694
415355
19798
35163
477059
132039
77641
254912
977057
115738
59357
838909
498300
717542
793117
533665
733069
217780
34828
824549
292998
507082
1127
966509
305323
966107
781057
963171
871346
397341
747607
282930
985920
280818
757339
529800
213645
459066
599998
465297
658507
89539
784208
810571
454202
475103
453647
450599
988198
581041
611580
759444
356779
578704
848298
496717
657207
184661
681222
910264
228213
843396
724297
114371
893964
522949
876459
208036
267265
43177
61048
524692
163822
484340
908751
949642
258459
42847
450812
308815
916431
360490
64192
741027
253884
188218
598526
817082
756821
438660
952614
921859
889622
504412
40377
546218
229849
930682
919918
311066
615545
294918
691343
429097
255707
316341
591239
276405
275550
620489
806959
482242
663106
213042
476299
574969
700439
33846
248705
753861
884227
570238
773956
940350
434265
67819
475172
586873
3863
690110
8534
861863
201567
887328
114491
820752
161978
237981
573240
244873
208060
823235
412921
150
535647
523261
418727
724335
278834
205261
313660
545863
793343
795356
302712
249630
829567
610291
27596
787664
297563
335686
406451
859123
450268
193978
466536
167997
310615
492331
299718
929390
293077
162623
717122
333388
968257
804369
910
736697
959206
116942
709037
310069
751692
331099
16794
569629
552205
445704
905873
409988
508001
54131
575319
305277
981835
995616
996936
212820
50971
870055
344926
390183
228665
943355
212420
984954
981860
737661
349326
787874
969843
439671
175496
409533
162243
335442
651102
486182
670624
151506
207216
720165
851171
560168
110716
250144
901507
606591
574106
853041
781566
785672
131822
618338
917967
74817
959913
771618
49589
548929
18425
602639
872309
751486
687881
266214
210125
177215
841003
660915
679483
219152
291919
478955
90024
61652
431655
819453
861132
343924
138469
685324
486821
970050
488396
905855
216837
761837
313006
83314
429391
371531
80185
397564
778938
449404
27696
717265
380402
988032
990179
40350
908450
876324
237411
785916
233220
131771
925930
29151
183218
133446
592567
354629
750696
424898
263865
296569
842282
800783
820829
743750
661628
165764
511592
289634
411397
345870
381306
229125
455769
649920
508808
64674
384871
136230
789126
135431
971638
796902
729070
294778
119107
517381
316153
314769
164987
907609
96244
961017
967628
325141
473588
215936
664135
566883
655954
528915
681581
230389
282155
993550
964071
770995
227430
380987
919467
587533
896073
107183
414308
917568
285276
886914
65125
566299
359752
329925
545889
986881
687732
925318
437971
833298
758049
848185
699196
323670
654953
445820
783604
739875
439196
668662
709979
66272
788084
337682
586261
674091
155089
754744
279036
563637
96628
157291
502225
201063
884429
521544
843115
996599
144413
179335
671213
302822
847983
569461
423936
836779
689582
286918
553465
127872
487754
765138
497863
916062
636629
434162
541366
482943
810734
452174
508498
622422
36139
931921
965219
291521
514766
632923
56419
50320
362760
960216
176935
40232
614034
410616
809359
545252
644199
937187
630313
596294
347078
484177
479445
575536
43491
596101
935205
363735
724276
56438
82699
395212
785651
933216
145372
826162
562753
94562
743058
543681
699559
920040
435885
38953
807161
207321
990535
675593
176671
517776
249758
612428
57053
228512
8928
853361
290456
483793
436986
376335
171980
688234
460428
942657
778887
426481
747025
391231
421286
484218
465584
683734
294742
448745
666346
687792
211097
41580
46202
749547
476620
27806
492428
928997
570792
246761
126664
16359
41885
21934
149691
281490
58531
18938
118362
203501
703423
968122
130195
92630
59332
280711
420165
23689
124071
412152
773966
273673
454835
138487
19277
727192
531470
693083
467192
781203
128236
590233
560235
216931
156876
140560
777192
212570
101397
831335
584551
846136
15904
990205
239051
465068
586640
838869
579070
153056
81818
226038
26141
349470
247827
103662
729253
507314
816342
995637
324623
207441
161324
85930
307302
274800
488470
604540
235512
73779
993850
500269
514873
852385
703301
95703
221775
791448
247172
510991
298808
666448
586940
653983
873936
417178
32799
484727
810319
100568
669053
118342
216768
304550
817050
628224
139656
959212
475153
234023
719105
492790
721673
700452
641513
316471
535221
348933
982615
768891
609059
531970
96320
61350
337172
229120
713453
682241
258517
859617
421268
179007
878978
21247
477893
461517
745997
964923
333856
273218
454104
598636
121588
68470
845216
786142
652472
416616
180846
779398
149676
386035
643879
313058
923607
677256
640151
509725
296595
242124
494240
37248
307229
701627
614928
376565
685671
526854
552740
395276
394347
256678
585469
895767
59947
976361
583638
135771
527348
765893
746426
543168
451409
464369
607410
927603
500742
999195
34296
494579
620780
386223
18662
340860
817788
680757
160344
571635
962941
273138
718976
114048
139589
846436
467906
475846
197772
414934
484596
502931
16142
650594
625221
163491
826085
493483
601621
944849
485352
904730
377153
505234
86840
512397
829000
536615
74059
277492
523327
250404
57280
647576
277613
362586
16965
321445
903605
419702
861869
254347
805628
400970
776335
445761
982254
221015
566431
365165
685695
464993
880993
575130
318132
118242
930170
667480
784622
125008
956479
537850
888129
283717
907349
180107
340103
872971
183797
979705
826331
311581
302246
648044
422405
473699
682767
998796
75194
978794
765419
206609
264048
676762
686371
495464
587222
364688
355350
738433
276546
687637
894932
53956
404813
471384
252036
709047
329926
432476
130031
330214
21155
945474
978971
47450
517904
751157
28709
998695
155529
454502
98470
372871
642014
126837
431762
852187
209928
505220
168260
759194
834892
758761
791001
969225
81985
907818
613060
855007
888238
411177
729340
507829
793021
719509
212192
607250
552723
771346
514301
790731
298279
311183
874272
696715
171101
475078
553874
518285
222900
67078
150514
242749
651337
147283
928438
313362
158184
928276
963409
558023
600757
103312
990954
613592
620567
921819
29404
903781
411555
125002
80463
111574
875087
438743
83363
183326
782395
287103
467138
456327
377160
485220
107179
656073
687371
230893
166373
182250
404717
693929
348608
888118
161724
623792
481211
123386
556290
817254
662189
250859
795100
650356
16242
169402
303076
652012
778685
823970
645999
292195
245858
245028
128979
132234
864614
296531
877724
783047
908470
945911
969277
573185
859246
790288
910713
348849
19219
659775
463326
695602
448385
345426
222863
741247
470418
32944
444406
255843
207117
445207
548687
441830
926550
504643
849118
266191
961866
907672
490614
18170
660190
541925
708540
170334
497363
904489
965158
798367
18633
930688
704620
971268
111009
14925
757830
511012
762756
201688
147761
679820
560962
957784
368091
309306
878557
444016
991410
993807
373930
207295
951024
644397
242056
29207
454964
62351
776108
75412
322381
194509
206612
957230
862487
368359
662056
698770
167873
102514
619506
979296
915436
540371
950383
699332
705408
908681
548688
500755
487692
198823
759089
683553
623902
980647
239240
837
878576
2045
430453
100754
305980
29195
838515
528263
687955
569432
486597
710658
16647
402939
360604
504321
232666
45602
969732
409160
580615
908578
281804
252982
603450
420673
332340
870348
877198
667405
755663
142177
583844
635547
443095
226255
891033
62739
371939
397696
927147
358898
638344
312090
871457
37824
171798
227430
513052
862017
201506
834632
500709
509391
29390
249506
126543
939936
400390
14697
367013
620354
107158
823803
612095
888369
490296
250725
907161
261632
873216
8375
793861
609539
245285
108268
603580
56652
79656
551858
900913
411397
902064
117805
241010
31252
667969
970399
769743
799632
25168
511354
191277
204113
533482
290875
269689
548962
237947
426161
291425
273935
483602
386048
306767
351029
715216
853067
47787
228591
805590
90735
591929
888851
689753
322381
942157
208211
961712
616454
769940
523407
384663
720547
487010
565632
743828
425491
376577
10326
172721
268956
965773
353076
510795
638995
10680
10529
331977
762437
751485
209496
731918
253184
518661
85369
410607
790585
387611
229891
362569
355141
453322
977869
709670
960711
243937
241921
795649
310495
757030
348865
148990
150700
994543
422380
710396
155128
463013
121569
209167
388637
876118
325482
649461
55432
73410
738519
202516
51964
740560
729801
179618
598287
557309
870597
290247
253559
305315
290875
743861
394008
412293
176810
774591
757226
520572
575055
267901
119336
559244
330346
419618
531548
610749
702002
568283
976591
63720
945652
692452
125294
119303
12428
479664
144937
825821
237512
64080
841381
181751
486334
67818
348464
891789
362797
798892
100532
636941
36819
890906
428021
942643
37122
246221
123138
541090
94788
101207
100716
679362
350064
785455
550633
182367
130130
636006
326749
84386
389057
852779
555800
216012
749011
158536
916466
958179
731969
412787
776101
356788
793394
135785
756218
38276
545791
940320
617723
642284
517269
798477
920631
16306
639554
922336
684467
189309
808087
176595
335401
627808
213932
997087
928186
446714
416528
731652
632678
613380
618803
853808
321584
516309
239739
725033
146625
140434
273641
132292
419590
518850
371819
526636
412730
619326
395209
83771
515802
770670
448662
576245
798359
694068
307974
218335
344930
108436
207901
699957
896748
152657
270394
166871
691436
422455
107183
681662
866274
247678
685514
96329
416001
73527
56341
153593
678636
100135
325003
305106
61403
597418
881787
394274
854223
232653
944893
97112
112336
93633
630185
713366
903290
626038
119542
195939
785122
204174
774856
273490
831873
776530
866908
643467
190346
351119
955242
956953
487698
849455
69315
330528
532459
540710
681523
285306
542294
135466
175128
786507
357872
398449
669243
668126
21529
273891
715228
248753
293505
739242
605249
141722
968788
339327
204035
465150
147327
688772
216795
255946
910737
877830
852087
525676
689959
572898
516423
253541
980600
219632
523946
236540
29059
767650
222868
890931
979997
753430
109833
917090
58506
713155
454649
230017
298346
47198
875765
402103
419684
983732
485134
202225
472563
68472
158178
780271
242113
127239
344849
249813
716048
882716
973036
311847
437694
229685
286248
90829
619299
455804
978175
201754
170815
38678
458190
599752
706958
292529
236221
245783
749016
685273
600407
434248
75700
102481
45197
27116
73820
870942
795946
71619
559152
864303
3714
251119
396670
62980
520278
744422
143438
603208
948231
744740
354885
600447
678030
149191
956566
394380
681245
280301
728105
966810
753510
610487
80596
822318
647398
596830
391124
471989
366240
180240
367769
392588
119883
657893
76920
796730
240331
981200
51400
233197
799449
672386
976379
525786
259920
497362
244907
457045
479317
199674
710576
831175
773418
334458
111717
364654
753252
35010
391595
304800
907484
675078
762615
970865
259945
168335
914674
907950
275806
639763
572875
483302
662792
7578
260907
674519
485004
794388
356394
215740
582556
524605
880312
115003
634414
701627
814129
201754
325328
715676
177522
340720
847237
784090
859270
500362
570209
11837
466767
305187
604504
788904
935429
966914
530704
390198
501613
449642
26684
708609
148425
96009
880053
101269
278593
253238
309679
857707
516023
339502
361255
188362
167472
55026
648289
946528
339128
458933
513232
960251
935936
81287
906726
621928
53995
7158
408087
4239
822213
786100
270766
363902
296064
726162
324139
929104
470325
96588
703397
9424
902959
961787
699316
52827
439909
295563
197449
311333
564921
528718
775175
111916
982015
10145
107551
603098
261534
497362
177408
944505
670950
363007
518866
628446
886484
683052
205413
172931
475157
505838
985180
698797
464593
467001
916505
81763
418193
782415
449497
699873
241766
21317
921596
700192
68687
690602
727440
69050
62655
390378
17054
563413
241298
521760
386541
19556
478411
470851
944987
27716
377642
770490
192562
843017
27340
184154
234502
359943
850204
220321
49434
832699
73778
985979
523018
955625
930519
35111
916117
532148
823791
754480
805896
116901
511995
350892
959397
558499
498403
825128
853116
416927
988838
865821
641918
271308
301947
175798
298279
918039
998906
72817
952057
630384
376885
421663
632081
749102
917398
502042
398134
498376
814303
963566
406574
847233
849520
226949
293424
149969
469335
310981
727000
547401
852500
284261
6018
983513
332195
719724
819416
416527
152866
281524
324567
159266
56501
413500
667727
169231
697078
387645
104600
993366
438475
544423
231235
868889
997247
751224
5090
483503
125296
972928
865214
613924
463348
148956
981387
907542
560883
849450
173499
271110
635913
643312
275753
81408
506032
36199
744556
493134
85504
117276
992639
68485
666370
525293
541062
916059
726637
91903
921010
156873
713048
233316
337682
116751
65200
911478
211544
317172
717265
615154
864852
142504
399978
481924
975077
844225
543323
692074
247763
356180
997402
416155
100300
302797
391888
125620
940390
721493
264435
909238
972190
854331
444028
994462
831752
940320
706471
67718
23644
971949
702025
373819
111547
60355
186759
301605
21227
744804
250467
762432
487805
379327
446273
176760
256652
507380
330617
235157
685278
64
396951
418187
974517
841548
257424
73509
723780
653646
282628
229319
504412
912977
307235
752599
118405
317162
999956
612516
874959
176560
986424
967905
222480
343289
692523
901674
590715
94795
657962
965939
94559
892390
168437
48468
532086
591006
487253
168286
67422
533917
191480
663131
446876
863762
407486
521760
972912
969459
78516
696799
268883
111989
73589
769948
12281
323558
626152
315496
929751
732
843606
387878
381193
781930
409804
465414
243625
350436
239458
273241
13770
574581
482623
149449
518793
47395
869323
177917
818834
426280
698843
301973
115387
903162
623560
416395
800540
608193
426849
446595
58461
573768
588321
565294
560337
904912
16306
482921
593563
20308
188376
263681
997
538043
918488
729030
303650
380614
383467
579373
212931
112840
872381
94397
847680
828610
563539
952683
749153
190451
23844
451120
226078
630098
390695
546672
427155
664358
786687
691045
549578
455462
944893
436282
414561
442441
171788
379547
861309
93752
742139
90294
212966
217288
237806
672199
54275
862601
204306
481799
711186
627024
996851
822519
187838
373941
151330
575249
826377
862901
785236
174702
154827
395806
41181
834689
402291
112702
926847
162619
527665
154948
599491
734327
609210
892405
301048
769922
512641
900709
153788
205152
987180
231794
375817
333134
609249
587940
716623
733832
385124
392148
702372
706986
673517
944914
401479
858949
748927
637675
445814
483288
117468
599359
174558
788269
849824
179496
833091
571984
925773
67762
853641
607410
263040
752447
642052
716661
41945
505223
29276
654334
409084
562615
189311
405913
149626
372163
242011
37167
902605
934391
980514
18054
524400
800594
690095
49402
17387
517941
207466
726220
648770
908735
952803
312090
755526
596320
544650
804247
264159
12293
653730
740554
566957
724654
132983
586156
407684
154197
914028
820835
316959
709239
367446
230916
544865
882069
696363
940443
906053
735196
117675
112466
8913
645214
117754
893637
203502
603236
146549
314340
666778
690618
66357
800102
414177
614074
893537
904808
637334
876451
387712
383078
293687
580100
578842
700192
809241
816267
899988
124829
62046
728823
215972
869969
212677
791162
275269
997009
652876
458637
427857
955743
171835
278193
272200
987039
95288
916527
204697
849294
655679
497873
315852
170406
23071
293420
731127
299733
959287
301597
392777
441003
586873
594674
261928
624903
64653
203274
314961
998420
535260
579945
845674
332069
637785
172995
663898
876195
556154
220139
349246
690185
883449
866828
167669
763386
97995
364044
72640
258766
592920
555252
413035
644049
176535
804398
626604
882946
912576
408648
712403
511307
493308
467904
877070
750303
849981
82360
739994
917873
648538
34351
993139
102060
122443
910484
403969
222781
339887
798163
825897
776804
840648
405965
315203
913355
189478
418313
979731
323807
641966
339163
874388
442171
106828
912330
960501
549311
382654
520244
317450
189698
735961
923638
514472
463748
824701
461074
810640
300792
732731
892530
562856
124946
32070
35368
342162
552810
371461
917218
678879
589120
3491
490740
59991
92709
114601
596612
780969
804112
931510
409151
350724
785069
254513
293202
31291
252887
831490
471758
901507
895913
909152
595240
219909
577133
85223
295079
989150
451720
36469
768674
450901
295528
332448
389734
695897
634529
80889
699236
441834
651804
630839
216696
896404
255369
754457
74527
793713
184792
475050
411766
865107
915650
28341
718064
999106
841694
53578
62621
192469
891503
603621
969819
668926
687328
952210
507696
46736
384320
781724
861402
65389
835573
899165
23364
798671
176393
351151
276326
194394
311859
543629
428841
338345
436207
214667
628605
849753
485466
607287
756369
885371
653209
849150
86043
575402
380779
490730
443964
180557
199175
607008
7635
831977
367097
602372
725527
271922
50891
529416
710459
750683
205348
229738
12575
488678
52159
757201
958044
696959
130586
223032
974779
479462
212342
394316
933624
319116
535878
144606
824794
901176
165335
244984
258414
706109
548024
127661
562034
558845
572539
630404
35206
691698
728048
169699
98036
658419
522208
74375
945626
49682
809101
647554
529006
948386
693406
728355
141857
918522
856190
404286
86221
292184
691668
62738
61402
807245
602079
129017
872667
892013
527541
607994
52294
752979
777519
910910
804504
673098
697157
112289
814629
354990
75862
397757
329188
967537
230519
452210
83142
432476
210355
514150
871532
612353
340724
325963
82814
80443
613322
284539
162332
525707
245913
579524
555763
39765
181387
555425
262070
527001
438496
871444
304269
971925
894060
815138
330718
629098
581737
968477
652573
862609
424461
897621
277206
373171
340600
770846
551631
671869
592383
808496
771233
152460
544723
780308
54003
641232
557174
72607
613176
937736
767825
293273
283728
420309
72098
267563
595259
551470
685813
702712
848511
290654
438002
429034
778708
608662
895076
399493
15019
508443
53932
700254
918391
362849
577582
826014
841794
891720
197196
274398
586563
211076
450171
878785
667966
817603
12615
714757
993102
18274
354043
604460
428259
995210
461972
319305
370525
790325
902605
370135
902521
547499
568436
429249
531942
408470
670434
319532
574599
724186
967397
12497
838774
316404
952547
203797
328512
928298
252436
626289
125144
848902
919176
867927
597574
416528
284104
594118
146358
644367
106720
740548
772007
933988
673140
586118
961949
562009
429790
13632
69420
628608
87788
603574
910300
840204
771595
601779
630355
290071
241309
323168
68951
266524
573986
229594
50138
973483
999890
795592
553405
404671
655789
367805
897138
56771
498695
39540
721190
546951
200271
335825
411397
137219
826798
384353
337455
251850
774588
590575
427717
835887
65423
119198
829844
814784
693309
472697
259961
961674
22087
445475
306934
326243
514372
962129
936231
638679
913403
647480
693600
286389
553523
23357
400482
118445
315518
106581
619456
54034
215001
832840
413449
340024
869125
110494
862616
819192
584981
521490
907079
151085
595746
911269
718161
914444
918333
716447
8676
182737
46308
545236
461011
452878
353038
239642
733331
90386
53502
815554
963009
532992
271748
674398
849803
134407
388375
929588
274901
292072
491984
316218
660161
569715
345487
925834
448274
483268
766688
73497
619607
928728
215012
541202
483646
362899
480807
680299
527286
980010
403357
747793
795170
64648
646352
286705
672201
739425
727669
330324
668994
860272
153657
537861
837872
516489
796422
287052
355991
587427
4260
132034
378857
24103
203001
743050
708133
293267
888427
440519
423283
890920
585799
420119
484280
682893
480579
24039
485220
203798
5324
187466
562941
452241
249692
171515
651957
647925
674028
924762
315183
15923
408927
906900
642835
331561
31796
171735
688189
37971
962368
580243
914047
255430
699559
56870
192305
259779
170451
278416
8424
733227
57716
101168
324631
601572
649164
111003
448420
716247
457256
839790
425861
47237
287499
356249
44441
681598
605688
668527
561114
872808
612807
773432
397513
121777
733722
305560
23038
310430
139889
111847
271615
510949
284860
954085
224343
135869
332229
904989
568371
489887
367753
518648
2876
972109
614626
175537
500702
269434
349197
347538
676789
478118
333598
700928
138435
343567
103743
364391
164216
854539
160731
965452
368090
267836
50349
614585
603812
870587
782256
394139
480077
191132
291618
748639
896046
642156
305739
714952
976591
514751
221264
577880
722291
686051
763291
394207
800717
438730
628164
451976
417835
810438
148588
715906
582978
668117
787820
528417
898879
263071
871968
668027
742697
834107
472765
807407
542564
133283
32174
397021
365626
329307
861481
233982
996595
719579
681363
733773
347026
505223
743225
507293
619980
113711
437619
730104
459512
958023
237685
438738
292072
159014
554640
122830
485237
299505
664348
181670
784983
88411
97270
531764
245652
359596
916698
660491
739041
690485
646477
449058
586698
599123
373028
778004
693328
541468
425120
587986
598287
901398
321701
309605
625365
543430
694028
65971
151392
23519
197929
344115
209181
255000
540698
387346
797424
681283
965632
127970
616089
54594
685467
921921
845028
542466
126038
236025
417516
323938
626317
781520
45616
5953
113742
872787
331875
272103
73444
434150
237781
894502
696219
886348
633029
486230
274913
446826
812799
505384
81987
916003
148251
730880
458911
362971
232365
977355
440593
918685
530845
887588
354990
9083
716929
149981
842154
458231
252213
348359
978411
781252
38097
215374
457634
775849
928724
464359
213948
104565
167657
181559
85316
933426
526340
97929
466844
201140
423299
676954
403465
13713
484001
59403
66172
432131
472473
650301
145686
194629
851102
799306
212910
739222
637890
195975
324454
336106
459071
492031
465218
912691
614169
337089
225427
325222
878331
439038
973817
26430
392443
110021
324820
43717
702187
667738
772842
855587
725023
26575
196366
908025
566188
637810
11989
323723
511070
58354
366006
618992
559694
561055
503900
377009
107743
859028
669112
501072
614663
646371
700846
514192
820035
493380
495690
126763
446148
257857
773475
304257
904258
167042
236631
250000
640457
160751
396045
439168
277351
486285
176136
371513
310722
917131
374602
412200
79250
582132
65173
392485
314297
573540
820457
374783
362705
995590
525080
450538
810403
1248
180569
420747
246206
525041
749104
970463
605688
27593
474918
908572
431912
133225
896404
893055
650557
237153
206086
139467
933291
827558
401425
103086
928969
712954
230680
728213
564398
344785
901462
862937
434629
854475
555371
834040
924534
574931
668195
247277
659864
356291
828779
105999
707170
123503
769184
333538
622823
68932
67753
582608
218154
235409
989395
995410
65776
688052
692854
837749
878417
812282
839034
6928
685648
401976
401795
324593
195120
544182
299541
518599
42190
812353
467533
922493
438401
376511
481695
935077
459387
405260
13801
579453
203958
168703
363052
138399
171788
347558
93252
330117
225050
948361
263088
384018
605399
155316
321430
663786
487772
200949
587466
808438
317306
558720
63513
161216
816684
60496
828969
235532
328585
434364
131672
917477
223478
317646
747967
568884
918136
748246
905133
456888
802943
383216
554931
497532
295573
7503
228594
515738
172274
596896
324892
272711
985929
770810
405476
388198
142313
143778
656834
324567
980592
867275
660034
741772
863214
374984
994516
804274
218941
905765
996448
327333
585000
620897
453939
370543
116306
636706
183537
189931
741344
22457
449422
238544
298268
252804
188362
826036
862143
852286
908543
449149
395430
926665
74900
668721
8883
614910
168847
690970
278333
923199
675834
806097
920711
538633
46151
98637
900258
99467
811843
391848
225205
155985
479299
591608
821626
494271
900285
169842
504333
125699
211956
128731
572892
710684
71619
51691
114216
258158
414269
344428
637930
19437
769529
526446
578457
898518
380241
395857
37549
955646
809628
272602
32013
594685
712581
308252
256489
880485
290374
777263
855959
32414
749905
951719
600581
634830
282353
444208
773574
840867
76808
552088
590624
914826
26750
281958
203941
369846
258486
971297
958283
970183
181387
709165
361662
939236
860727
643880
592718
84418
780174
495690
604080
183823
511641
76349
304154
808996
488513
594211
668452
974297
853764
92492
539130
559397
150300
947511
32054
269863
999110
722291
400517
719058
928330
970364
86467
297906
550942
229254
485701
784145
270839
219277
204247
230500
998410
113444
108175
241554
243574
341235
220167
654152
818376
722806
764694
216301
219547
238668
712388
344443
82987
894242
19748
733274
865538
912168
957267
9637
862342
208187
915805
997952
479925
221976
770513
384368
228586
477148
790159
518518
167080
251587
637810
26248
212125
5546
780892
374041
637886
685610
566943
642964
1057
263630
744868
551703
368236
304721
348654
598281
965565
793586
631404
253510
48395
619885
792619
59091
437234
177189
459821
28314
13644
429766
225876
799633
879058
614507
502028
929735
267686
945848
455181
269383
743318
488807
913630
349072
523961
959663
421885
54918
220829
130770
97540
315883
677868
656486
794087
356387
434272
749777
611775
847187
589555
130842
895668
777125
845056
573288
306994
848511
134166
753390
719950
132289
391198
639900
575949
116619
846925
396206
896666
907042
20183
527320
828821
690365
294453
935730
567258
754368
150448
775603
378168
497341
159137
960532
269896
436640
594001
892084
665777
342415
870012
232630
662467
570595
473287
69604
315047
195479
791778
949203
92896
645529
206147
290604
574060
487588
355561
737007
929751
611957
219472
479690
576776
383728
640951
749648
923408
841126
795601
542594
425269
805392
729923
562339
729759
372468
468088
53550
882711
122692
307887
961026
912111
642099
308200
164775
880689
79266
318533
250733
101042
801206
450425
573082
974940
321464
799680
270663
200668
280532
57966
6623
829214
716324
682085
927814
410413
752420
303379
439728
275556
180673
317170
449044
962345
519920
877046
212575
553802
44197
574626
356291
787366
959940
912982
230270
77743
213016
38668
564365
231311
90098
961677
497030
329830
844074
356314
260319
888719
918522
987024
883568
85534
202260
212570
971230
493119
868369
301973
300199
358621
456441
926146
600963
942768
174607
494175
966784
495220
194271
852115
530727
19177
895322
61648
148251
322967
490977
45817
493225
503329
643892
295555
464408
215961
32143
526890
439251
154337
502645
185551
537075
646980
837937
239327
35924
940990
872989
28708
391075
604048
10264
852030
39806
818308
957621
274782
603735
433801
289171
574963
524296
331393
315469
172669
366522
357000
786878
367238
840297
252959
41026
732755
315841
694559
740443
775316
364928
699910
148493
807052
885976
70898
327406
238898
710763
204893
558410
275470
451825
516489
674342
654790
427635
786428
174595
422147
279842
17004
407369
669211
54689
692221
478198
679431
871087
845051
479875
908561
370128
290194
905997
144816
291362
123729
707584
592318
826415
697893
445425
919123
376903
328694
240768
341644
445967
62641
398775
876680
80806
414044
968877
859422
557496
648129
531022
973356
612650
91594
580429
58104
821518
354689
812326
45649
703290
279018
501151
722796
779451
579526
154300
583563
33970
824027
986083
603256
107984
508918
723583
260176
21237
795691
24431
130209
582297
102087
904469
207784
209742
969465
570472
753433
382900
138819
212218
633697
847948
746565
60948
782256
237047
60835
258746
905304
577803
660903
451945
860492
288673
100589
712881
932948
85324
89696
476961
329666
395352
574862
248831
738403
955338
336790
68958
310896
550776
845932
463084
921772
285709
57226
932712
749596
358984
502314
50477
625110
990684
188028
448120
415095
941558
904258
117092
861170
604365
327417
916174
171091
688473
272560
62707
518367
68243
161652
240823
546742
47295
346457
380777
822478
212430
388603
401086
209546
447725
420660
463945
699037
918122
796593
1501
545936
82670
799204
835047
460523
341686
562952
399063
263125
515248
948911
83404
965512
392027
171663
406626
154521
251660
392794
414839
756441
806097
484309
353410
533988
671478
234089
290243
935381
670162
707996
151944
590606
237866
16305
72436
742353
673202
274085
721493
18407
687414
960457
240690
733573
934829
910148
796219
1057
719411
498779
621564
173499
130218
892651
638410
206224
866695
614869
284750
893344
52214
532552
591675
854553
451104
489982
779478
489579
272585
623889
775144
242584
345849
722342
773996
503478
762182
609964
201277
993563
803054
197623
746931
159460
188764
63803
124912
895199
600845
476406
713931
777809
488546
683255
894888
548120
471911
878017
944164
484766
71655
156653
498200
81045
552959
985380
292122
138228
299530
477315
488838
608840
147510
688258
8402
788914
415314
117982
316610
780028
25327
38984
535264
828658
649097
392662
593441
607188
440015
597319
273143
437171
793405
247593
818011
515511
150910
698378
64192
872416
712330
684524
506870
4667
223345
81287
279148
229215
691082
641155
153078
299047
744635
456062
462490
457493
633952
46772
491632
889012
82189
982483
625882
326461
828564
386928
613324
570113
962193
182984
623575
220321
561102
617484
178306
566031
829682
446369
659139
502056
171125
698510
164958
555856
745527
233648
343265
52441
211161
336495
327289
331209
789959
205483
883980
670354
365807
949847
110412
279801
192886
58416
117866
542568
365632
310441
73530
44074
282562
535652
338531
936679
180465
885919
682097
541366
641173
612772
49067
610210
191076
81544
111629
10425
439106
714263
939612
549633
642923
277799
589139
299865
877142
9255
346392
757609
379071
765523
698732
562055
27599
902657
64989
959462
359668
710249
331733
427992
937079
891990
922491
596107
378664
69265
13807
629245
373207
94948
872961
899155
469350
874562
500186
6685
343616
274097
814907
904469
345536
457480
748389
220496
89277
357972
75788
227627
918452
323457
292352
87750
793365
989909
196443
382088
39992
559370
544423
917253
454503
409970
356701
44437
502220
870550
775573
937183
340832
936231
548694
675349
325767
571572
842220
377018
18161
