297942
824818
541654
333603
627182
913789
242199
707567
779162
32696
575182
678515
763193
657315
996578
725437
770822
239362
113491
247497
601615
44772
10658
244402
34517
133300
594077
754664
253795
803238
316337
877890
938432
811852
428505
8925
508216
400030
691448
633294
293047
246270
102243
809904
231711
58260
567532
712957
671062
631829
899031
112254
118492
690256
555025
835835
885655
106310
477828
487779
282464
309376
442830
657852
472033
109625
43256
306690
487591
867046
113618
723167
981288
904237
98056
673999
108645
570389
796207
757516
316392
751752
794883
236299
419173
449305
865369
207138
213532
676193
909366
12039
949142
79109
402901
32984
160763
583116
524814
855040
476655
449870
423722
294876
511894
613772
649434
638064
884281
728074
942111
755481
130076
911364
644996
733095
890236
573592
485147
685116
504085
840107
952539
243373
954090
579121
785390
835215
321010
818797
506252
988066
390740
616206
536103
558167
981993
603292
28544
738228
124730
658714
939395
654718
118568
291008
408223
978380
835425
392326
239259
102846
740286
547032
322149
215061
95037
140632
201685
400864
420712
751570
411972
955527
513397
786103
714962
453887
906616
263774
169639
965816
987075
926420
14205
361453
70870
562223
400357
96654
733619
301483
373343
644135
583155
740991
834606
34969
324916
716775
578400
785078
757162
271830
961176
595426
295049
245821
289883
388819
170643
991214
493011
358022
664616
314150
637032
932972
848505
469668
55734
229129
815011
416132
220996
974574
369654
163860
411927
393008
741593
610497
841705
734515
844525
530054
975089
663263
970977
715411
571281
764804
619245
358883
372557
458629
718880
643088
731734
25016
99209
296338
976530
888301
810718
18060
643015
886414
23764
463749
763036
936942
873749
886152
490812
425881
211964
275497
49138
798419
345650
674438
56424
17498
446387
538307
731716
387382
967564
389149
534780
837274
911872
473036
578769
941383
603277
462069
763827
9238
337093
890454
745929
800315
255239
364268
524671
673000
797267
140863
201217
37406
198566
499130
939822
692006
508019
915480
353909
93054
773990
153596
67230
692170
199868
969751
661920
85814
658869
896168
742283
969675
386853
417880
306363
657521
844983
655172
722323
825103
482914
899162
24067
926869
288546
156618
943422
195047
251817
840208
441179
343417
483488
900273
895203
75819
209238
387037
175066
66290
773240
596799
768122
531528
951279
247159
407103
440253
528774
381160
676414
225211
797169
21995
785483
493914
722394
582133
153497
199873
718183
552744
141328
997655
103199
51268
140322
992098
908054
379449
621082
840711
520592
143103
835887
642726
210572
529420
401439
701856
413468
912367
730687
115754
301450
545930
648168
860822
230705
180496
192131
465946
605635
77923
60664
31480
297904
53791
623269
611439
173849
368266
258270
643431
891342
892234
230705
77360
124227
605292
447234
612013
944747
326313
909914
157592
219244
578745
767604
832376
898435
978638
650351
340967
896983
178186
378085
458637
910099
982145
539201
811865
851309
438467
138678
324327
453569
746432
564242
432884
871562
956901
912806
854306
763036
796475
819344
526864
309986
255191
504221
740875
722904
570013
281598
190572
363297
711091
685402
508676
235862
354444
777027
998179
745339
962868
249596
2656
938207
76021
512462
859246
480258
372291
911293
925142
267154
747852
509068
593948
292408
284092
636870
355008
212178
777722
17957
979771
665708
676996
119371
53360
960792
244764
16609
618739
675765
51820
23707
829196
852112
41902
360877
264050
988087
824585
133789
638580
160377
930757
279498
787695
536621
454539
113942
90442
754423
372040
644057
386269
102098
655385
916503
380871
743102
61859
841750
762662
508779
36730
389063
214721
191825
996338
191853
358403
795153
438284
528353
118246
317162
317320
227829
707633
707067
459014
181774
645442
753687
233649
813264
555659
781882
653637
827035
313959
695155
8329
759957
823096
462466
572911
855978
152288
550370
661195
833743
371996
364293
610258
717558
109264
862609
138121
846775
119371
686817
242442
189760
255657
639535
67619
600151
738869
860720
750613
478148
586832
353861
738046
125057
171923
598154
771727
587943
702935
853607
319915
224456
720269
584806
84138
464687
760354
994716
212741
5890
136017
791341
525138
472361
109485
455897
776233
155312
641301
78700
432817
125260
8993
488937
550023
314540
973014
366040
797773
476546
162360
154617
455875
339747
33407
225781
825210
278696
543597
228097
834190
33543
289878
808788
415398
662049
472307
452459
474859
810885
970442
354520
308160
973573
528946
160238
746136
7470
276474
31036
340203
472644
478687
361751
410125
977608
63045
651210
894125
384415
585648
175416
531214
756753
536625
200555
660892
476370
137269
479632
175456
934313
951365
435127
20371
745943
125760
584475
89567
116470
387856
107591
547451
394625
597874
673856
162420
959941
736839
86446
539446
938706
481587
657852
984693
968845
868000
369599
686493
234317
89622
992981
777656
713504
78260
450449
899694
193344
984626
828069
412320
471785
426542
870249
555711
736727
642245
690429
471471
160881
253645
80376
304711
527389
521768
329378
954866
509201
676170
138051
519157
733158
291318
441955
638255
591803
69513
893070
661636
615687
523583
651421
600792
44772
197693
799881
952461
947823
835882
440894
739487
476427
768522
333242
546052
511041
623999
585353
896484
398817
669410
933241
458985
681477
472256
766748
793724
673818
757441
313631
967926
642796
880006
886942
482148
464766
605902
40391
980065
724601
355568
521269
718231
902184
561536
164855
931905
260725
580551
196501
655635
343022
80909
17806
861360
224276
538810
15540
250155
178121
211505
978802
189760
573010
974695
821194
996430
690272
802304
642504
90917
48983
503559
496854
261430
831650
883650
820922
44042
509061
718428
202475
962796
286704
425763
766361
522242
28247
746680
22235
795474
226927
524706
796450
209209
751428
277598
52843
974164
855467
109746
567295
286575
509053
101698
694782
73646
508676
776151
613886
674679
372890
200016
70447
621746
566477
986548
902248
934035
102942
243185
752272
968664
143831
433772
18545
974785
656122
422513
621699
242216
426686
515193
783071
659263
813282
652048
904169
470539
454893
815574
484752
41702
250810
798417
20819
163479
173777
260488
983353
670174
959075
822003
314429
862524
317627
392070
358063
165748
655855
171290
616862
539506
886555
502234
821870
323054
679555
302565
106602
933692
645089
569752
843726
170335
602786
571581
186033
424372
414544
177813
232724
209078
498456
248341
687153
880180
27634
332784
121187
117763
579534
135023
953424
131670
592966
598854
419395
56693
369561
492308
541770
579052
85064
721587
962209
695363
506606
863463
806491
547789
383320
674414
551814
345581
892617
122749
952233
583647
351711
788410
636922
709307
509911
80113
965963
875062
916893
70884
81942
560119
932312
505290
275927
873705
913442
671804
638651
568816
798560
577044
27763
703034
151810
575900
903804
879443
857578
44879
308810
715155
657317
213201
533807
336000
699105
429300
524346
517926
109376
872717
414678
389734
910674
337422
6211
803234
55519
360212
326266
696324
251372
308750
301613
50975
336309
335197
166084
312840
176405
78768
104392
735283
258003
372338
985421
474922
749656
471922
795719
4090
23386
786705
489814
322888
19501
459168
613879
744407
41747
975855
643937
874280
261059
520746
629642
804259
293531
356448
304904
158868
616608
8467
318974
767522
623876
626777
167341
913940
284509
325846
898302
170462
908046
471085
981619
981348
718994
344344
366239
38489
288410
456920
234502
905987
886615
232257
860623
439456
632918
210962
552128
71061
668646
483221
118712
22770
956369
795072
932498
181242
594121
438264
156498
729529
91624
980459
134217
53694
526397
517458
197840
481052
813629
569110
338426
432081
342193
722491
743563
458098
729943
330343
244502
982981
651122
526060
43048
186825
813652
731972
636623
27803
679458
381828
998186
659469
103001
142173
826388
160044
488497
179039
645330
218457
696560
888102
748303
753002
811539
883002
334569
406160
681433
945438
334408
745863
968588
554960
86611
385722
920563
33900
287764
438204
20201
397805
631015
808151
22645
212799
388644
789287
429163
663501
453775
303685
219519
307801
281058
98653
491601
789489
775806
597604
605050
237661
6187
65515
475748
525704
407580
9470
335905
763290
441482
380711
927544
471729
451430
701060
922582
218848
315759
677376
660492
332230
217150
269084
358063
473829
897579
893596
854179
336643
489912
515989
647747
146703
923842
741183
788744
274786
407505
636729
736152
867519
324078
79266
806740
637714
316492
531639
723063
188694
694097
933967
474129
510229
452405
17491
136186
280295
447120
206180
491764
102435
750246
76128
286263
957884
398372
49141
221328
635865
90726
528977
907133
166771
848315
241226
447540
429596
416328
557279
37888
606164
730420
134669
659932
699667
943819
105056
649417
916663
34147
606121
693515
506212
516452
516267
220021
329130
224334
686644
114613
58482
334013
986959
933529
998854
696565
601806
352815
416539
895523
646559
509792
373105
232433
595303
274372
237760
451490
605336
328371
906215
143629
718203
805562
374538
942400
83100
384677
752809
905335
340233
570312
749412
950560
627421
261512
362071
657261
586200
292102
77514
92147
158780
481493
655077
328580
468503
451845
136590
273556
158117
945718
772702
668621
183879
238240
551040
613131
849092
61916
559781
262597
835587
423526
698085
173029
945290
92995
169609
951999
454791
176034
544158
353897
276174
503991
593252
188166
215284
311155
952131
3561
360808
570993
749694
969522
135801
466959
945469
205341
232867
38963
653895
567277
314139
687822
858965
847033
309453
751057
108014
423412
62812
322095
538754
443190
812929
126850
910847
77338
617978
508835
663880
534518
17120
360284
248927
231611
655978
399428
447022
620949
901076
988798
58462
240378
946124
416132
310697
372256
109214
380443
315829
591313
911353
543701
598173
812164
630283
384240
260320
906640
768336
871006
584354
587428
890640
424836
342137
232492
296734
105667
220124
284027
486172
663372
423115
541422
501672
278561
791425
242235
732850
308116
901830
402307
673379
399268
770812
423232
95922
760617
180058
47459
343917
475327
130493
444291
852168
964577
900110
965312
218658
136516
893838
127522
261107
736542
929893
98300
404878
850839
105224
703742
919640
626909
807745
742924
808039
122490
986860
135424
77895
2990
79713
563914
320735
805144
825429
416344
551101
857872
195799
916301
264131
198181
804682
898540
707006
716669
924465
761103
166036
955687
236896
319020
768879
171611
883998
142426
392601
713542
637614
583830
850990
517902
724493
868543
778461
155659
37712
951443
372348
801362
952461
425476
926030
189052
65561
800348
623020
994040
392264
883366
192119
893823
689450
182120
516193
710344
282662
467080
392858
73947
198869
527957
43003
477413
259904
833789
85774
115141
406272
77463
490188
965188
423460
433594
434053
890212
839292
984472
731121
232594
497068
71745
215497
548785
550083
794605
29143
736263
841832
271543
264239
660893
964224
826691
956535
302353
249615
429672
934934
505751
189080
221654
997592
920701
898177
953760
266285
916984
567797
996209
439099
967082
919370
68410
646809
874994
187662
488633
812285
121840
114419
315787
645305
174969
113239
429297
712826
93657
59652
882103
147883
753931
946153
720829
631193
959383
916899
315803
442711
822930
113025
618714
760017
479588
813719
946703
806393
417554
499688
847581
819764
838636
685006
668591
421466
133041
148508
565856
838956
575023
852991
739713
771857
256754
189878
903198
39302
333139
505468
941468
643961
533231
433572
975876
332621
955551
231597
117248
528515
887133
971194
407504
589020
508792
720139
270999
36339
56091
933763
720124
354705
511829
647983
240402
399914
275062
237646
271406
463287
68620
384013
951230
465969
330738
701694
50759
657539
30066
182757
513659
630132
279514
389113
763385
520134
434907
63560
409596
638052
482545
348970
208137
157705
292489
497485
578851
124271
925548
488543
870877
280207
33372
857963
51246
691212
264157
46931
314088
958505
165706
718471
318572
674281
726777
836164
735242
609535
552296
934590
719860
580235
669545
232116
30816
415856
826429
491214
149792
652878
403261
755119
295820
711339
192863
685867
285008
49849
981649
910246
195222
810462
656502
342703
349820
630861
469326
214092
825880
26296
907412
516740
429638
1436
946514
840257
144546
982771
174026
634325
888010
931232
843404
62947
454341
445346
362942
475183
608304
176482
39394
47465
936835
541330
892406
658610
261711
652724
320343
70308
521764
480200
644294
331936
712674
101506
802203
921017
730770
585054
882739
366369
324901
732018
371285
916792
608249
828465
938788
692535
989530
212548
326275
336358
704075
930540
619769
802704
35027
392899
4578
212271
571035
627203
264394
13085
323117
619993
294519
36362
358890
546786
552103
984688
45242
993061
444780
118628
139567
169244
703436
284002
94709
45551
128088
591674
361108
264802
401176
256841
626557
32160
461063
688649
341764
384334
977311
654130
160110
106336
988864
176767
921981
721923
606898
139350
651399
157124
476077
442319
577694
17613
778103
220180
483377
627809
392891
705504
925032
727845
762906
728315
301513
192271
610320
320690
871424
926350
44982
267232
956017
158991
364293
177186
198749
770915
34691
167883
690443
59240
723986
482211
689717
715155
668986
221663
304499
722935
451061
750062
642146
842581
54268
920739
169467
342257
480088
381996
437801
347801
734441
854682
71426
252575
166300
134238
23119
747355
856903
632651
165116
144357
595063
590213
762657
662912
961384
434961
815092
220112
443422
614558
174966
769984
902599
885851
817668
888231
277724
279571
390399
851426
489016
826444
42018
51876
437018
882178
230295
95962
716669
901503
393013
119981
702533
83462
521823
350908
820612
861744
497947
958658
8630
767497
836545
94114
567261
222650
950192
425551
235348
127021
92852
853101
540165
162936
72960
181792
29191
698343
209436
145227
967498
708919
827597
157856
813494
969614
698171
112791
566941
515538
483401
382031
277683
38478
932749
582024
719180
750613
830076
305217
363058
738798
330566
653075
766167
754260
539570
434987
100488
713739
684115
452342
260731
220268
690230
941318
964955
105897
715562
91577
373174
202701
177486
554631
877194
636623
476546
238595
954357
166666
924425
247397
174743
118051
210913
51398
793963
570640
149664
73670
666891
180719
176824
886028
253698
790867
389111
518316
602179
908679
587211
967865
26759
551608
448857
374587
340442
443563
193394
902898
875265
973389
544484
502847
789555
851087
835218
442670
256309
714110
885489
266863
58283
327032
517283
808212
133438
769577
604414
408772
975718
20301
868579
270649
509372
444082
803553
336087
921140
444506
59903
232444
220001
995766
29458
208458
660176
462942
507306
656058
552418
644277
60250
850246
236983
184023
525113
403031
74825
670626
754959
557720
511942
379789
683636
654142
505051
173444
471042
315047
246807
41198
449079
394778
66542
787976
609704
57936
564595
273728
103336
449907
15220
651438
764670
489264
467460
781978
205962
781705
352899
964050
905118
618970
753023
801710
790126
295168
205786
683245
836694
315906
910766
775850
690760
958568
412388
943443
173048
54647
446831
492427
412277
314850
440371
992990
672117
883083
154615
319313
340145
633586
889004
776175
804648
92948
369855
301409
43321
652741
831131
460869
45490
813236
916251
571181
246545
539586
704520
783417
443169
407878
842630
85387
852034
846932
594917
576820
491016
66741
24103
580284
671477
863281
555775
957388
369606
297806
233703
721156
162786
599628
303782
205317
662780
733166
806955
721105
173832
537535
840183
485830
967400
903998
837934
966914
474186
315690
99924
548869
501594
713706
721305
164705
822588
309232
497184
9801
528932
221088
70728
659944
90599
615462
35707
576810
224180
493244
128871
342496
599516
944507
770915
653498
530855
292235
950788
90949
602029
658405
874802
427327
272132
399934
174764
853695
627121
391925
696717
520208
216535
407201
451571
218989
821580
315458
920957
626964
504059
173195
761355
798081
881283
680792
467551
427872
586505
846138
529457
126919
327875
808703
693691
278836
929915
145629
139933
401977
742393
598696
942202
499579
460355
919701
543603
765129
463662
537499
410984
534649
7277
769458
624698
645560
384650
354389
889965
419386
980049
822830
61883
772923
878236
91026
902043
497540
957084
312458
230212
946620
632985
178426
812699
334943
687174
567017
781922
923884
38018
567351
317585
673757
667078
169732
762089
717321
210677
157258
864242
770313
535254
182367
820693
991008
75199
38599
662076
173780
350552
668109
168050
838079
834952
932255
613335
344060
965708
734514
110660
951458
175745
75341
38488
378903
376940
803309
266944
599067
8819
878834
451520
143519
284773
533373
835123
463006
479111
114452
713608
158742
492341
515741
853323
510025
95742
203683
12823
859531
313437
525148
687213
734730
761347
314915
687627
863827
663311
816371
337690
143632
797802
160040
886765
18336
78255
646878
608115
736195
807271
658310
215319
941665
717141
726930
232594
322470
128522
842991
218512
624043
838298
334307
685620
664325
22942
926334
900110
193801
620833
788329
613565
154268
94400
618706
906480
133988
132466
497865
154309
130238
354822
151231
44756
301900
130269
913594
751417
19977
281184
551139
705033
289409
16
936911
148393
654298
573197
634243
913290
776996
437303
223812
128157
568916
805209
878229
982914
502234
971915
23035
789417
1585
111506
473535
440776
810463
235962
951207
101644
308119
452073
876001
780934
773363
303547
997282
592812
484392
602211
65868
989598
102094
706814
63530
300856
347412
317095
914086
674316
851102
684138
639811
13052
697568
378957
447120
64667
295102
189316
2
654922
26591
51246
528227
231422
186875
149534
66686
354687
385027
111658
936511
60969
371582
726325
305904
18003
353939
527870
153326
185658
359730
118124
778351
457049
276701
460215
241087
756358
591284
46408
154232
125084
116707
25399
333452
138758
895534
278054
444940
958927
720977
852019
75296
309588
218690
609884
189708
787728
975625
543696
869642
76128
542634
127999
515982
312790
809928
196970
560755
467373
936979
274234
711154
622874
746791
156397
636339
209238
695260
905118
665352
983131
555708
543607
267728
411947
515322
781580
982487
137679
633244
635819
511610
90685
626424
877224
626312
613153
702531
411118
3434
438574
749117
394408
726152
913464
772401
945318
794681
942454
587211
408987
382384
852089
219123
310697
73445
928395
89458
894854
148678
526311
279518
691867
739090
98458
968774
554357
619796
905781
669495
526467
704828
758673
817972
740892
480382
874431
164425
419661
777431
408799
585172
855214
227829
23355
502387
240785
43824
117270
394197
533559
576388
710111
739604
801968
581352
562223
786827
495881
257590
263800
504781
304515
321036
201523
373457
336177
36593
219910
808945
533717
173787
858816
282695
859591
342336
102102
331880
130826
226567
511477
700217
728746
68413
659271
657023
6490
640006
256327
334439
365963
67928
187242
963268
147288
834922
203261
563048
152567
804774
948377
207343
462484
971958
639731
996159
742225
600582
290664
207361
524741
372532
354250
268375
442569
602082
515358
542136
117331
415531
447514
712596
9099
649500
706987
695032
772684
730782
183491
771328
781645
13221
44057
367934
695125
554464
669471
164528
132140
241203
981578
247077
521672
153553
261389
514555
986919
942100
211800
984075
804730
618382
389241
547911
259550
587308
996722
327650
676929
330594
120202
72781
899289
138758
86202
128564
963407
629181
886061
913387
750102
299080
459255
835859
948564
672160
457205
887194
622164
194352
629236
489290
746831
980449
180873
366212
188521
957713
677376
156160
182491
936519
594404
451499
979833
439031
228850
955107
493236
575317
251005
606289
908950
671321
386794
339103
931453
320618
390175
306053
407943
30186
394070
224762
307640
957035
453926
914239
333361
712448
654925
241812
55317
275746
932409
652118
275325
568518
922146
207872
560412
321973
530225
744674
389360
666316
739777
797714
308901
533091
306319
702139
805066
397578
129427
67685
138678
637631
686135
368900
153389
470319
793658
154846
347274
532176
156606
26849
876626
625084
606429
788383
73450
117368
581613
452951
699499
900310
597220
44382
392651
464481
633769
672679
743178
929967
493240
584959
757147
539805
2949
644783
204630
881170
158126
35886
41351
619738
91341
484493
595474
689585
818709
304930
199181
414210
427651
401268
426892
331357
463724
263841
217086
19716
375189
918575
853166
855674
45268
775439
915663
373293
286164
201127
153999
653294
6401
854933
263602
876211
460413
343009
762458
382180
645418
568438
516643
745263
393779
307901
641416
293968
578164
680540
576184
832184
264914
779403
156162
239893
774502
708064
795451
526981
743284
559602
519465
206642
908707
789152
697861
460919
313313
150826
326695
285265
6116
92885
813716
32881
42197
422307
711091
629810
918949
937796
983326
498846
15507
112959
932255
716146
247761
377744
964626
887159
896804
677665
996902
36247
613683
578290
75090
586754
776672
962533
626149
438197
299065
133088
973062
702546
235978
451085
95941
486840
413512
550035
892807
335311
899320
112245
837704
376975
684629
775804
201379
367899
227291
147671
214744
456344
378404
571657
524328
934107
315690
646154
693460
982093
436272
190862
898728
275232
607552
722683
540102
875
469014
574004
511373
23545
950300
741133
971466
541450
827767
610742
865640
638711
451268
996035
730611
607470
297477
560685
443965
673864
359774
985107
784210
642240
579036
83128
880059
164776
824517
27466
909675
412829
633036
590702
100003
717701
250665
792340
325070
910192
294066
811907
944743
32027
712376
411402
130311
679136
72131
267071
19721
93035
752304
548455
545917
557304
587088
798321
474769
193383
629015
514710
630361
901956
507915
274569
865315
677902
501864
5973
774660
487528
334000
526830
332172
298179
291510
641774
598595
467651
636938
597361
113375
614327
984972
943561
844120
857436
133429
806498
266644
889565
46662
741668
493323
686709
833406
11368
470462
308397
995682
935791
406407
202212
256566
999898
892850
299319
610994
847861
665708
735693
204552
379416
589484
702927
539638
566851
584055
232240
602297
429013
841302
398562
504189
914409
263939
954669
127330
713064
394020
632797
290240
937722
626662
255651
51739
515331
727196
946115
568151
754485
704988
787370
67922
106732
640253
639429
478809
81722
794734
38434
34444
771265
317257
671004
182842
717007
435773
706448
381911
136964
796111
802569
331925
343519
863082
683931
133042
990949
800753
587617
332490
164380
197456
896504
650525
301041
577427
467837
102014
576388
791924
997697
668562
234997
203048
362466
329534
402618
776671
422800
657058
807331
275381
960606
83477
439875
582422
100188
125974
678989
334856
201587
89108
981491
692074
192342
496361
327582
827565
859062
935781
906822
317916
913542
447025
877522
12591
791693
349957
391071
895522
873497
232257
330631
579364
409681
514410
917455
820827
320415
852405
149021
441237
314143
650145
199748
851517
615368
677484
788360
377929
65350
594772
877270
402342
632428
754977
249221
157651
626611
631453
766151
504823
904310
674697
306042
434864
588873
733261
967702
235607
696723
677502
289839
28999
74986
164616
36938
689476
986974
255229
810263
876635
409573
44937
193529
539885
301925
15278
940308
688492
801484
778405
745505
69841
867210
70949
350298
581745
750625
462742
576656
758606
167987
176584
826274
423499
358751
777912
888197
129468
184152
467405
93817
423451
553004
613690
364151
642504
545463
265574
40797
412400
754396
853607
206685
855232
64638
370169
934034
877563
822823
772262
327927
689015
127483
751416
844231
168127
91026
37640
950922
295841
261405
543243
522060
929121
786224
136966
373709
213669
929006
755301
246457
222407
345793
798201
373203
904464
670525
11110
504566
333928
895941
940292
76165
783418
708275
875685
701391
222770
438040
46751
708348
39354
564094
646216
329879
999020
733945
538739
815730
88168
128996
73906
725456
535720
269965
518683
977406
203493
130493
360501
782979
268167
236241
847941
443687
922669
29401
498134
324175
771539
620108
126339
82150
887817
276619
68106
267695
370056
729039
295873
287634
738400
881666
944440
524686
977404
877794
97314
981943
866632
428173
174943
442617
467128
332148
950849
944561
364523
325949
303547
626206
489186
893661
621174
223271
66097
652965
283833
229314
384069
577584
736819
887139
705848
955831
495531
926904
272412
515364
551248
46716
877170
876782
875102
47857
14743
949270
728024
449305
536624
743552
397245
482114
40902
625469
213670
821798
840183
931151
787049
601301
285359
472352
174213
417561
247013
705026
757306
178390
822352
637738
27157
691375
871085
426529
544286
891632
178897
505071
599364
476728
417609
32511
983323
200174
644855
433613
62946
718166
493607
311781
197113
716064
980070
603081
372987
170374
694338
180001
288241
331550
437897
342511
228667
449119
103174
414429
532905
667871
136326
574651
56141
529876
614033
585021
699698
740377
911905
753308
425348
171482
34854
735447
15387
261003
96149
165035
508188
143989
38024
455257
655231
107875
924877
599397
862139
917430
711031
980511
359603
651112
519248
549969
446145
848632
505708
320052
897351
920215
806707
662142
431005
533424
725874
683569
71222
542594
604195
273747
618150
756482
324587
378701
452730
291790
876970
928233
33962
384217
153082
855327
200111
462510
272412
43032
600395
45307
424498
854920
318376
955923
209579
447004
352676
12834
271664
889679
106355
71991
19063
586574
245620
399931
581168
880714
59907
923293
399228
430
868920
395606
676139
112508
232364
227500
834907
228850
644395
973113
332335
741063
182249
743660
948178
722562
615774
773516
788400
144194
223863
759692
58715
648011
880076
5792
440208
666362
63861
805013
638651
882564
892885
254758
567774
990489
914727
569645
589255
15541
999951
826401
311016
361334
916258
853363
379339
937223
28844
33185
324728
859567
632154
634069
998428
58127
777976
741763
829710
756464
582615
218405
639605
958529
145058
510824
970273
398236
860080
821614
605608
980372
926811
272117
760277
925645
9774
788742
156984
457465
947908
818444
195670
110950
595681
510403
80771
952376
720127
755997
880671
283830
546607
449368
517150
375811
870594
970815
61964
282984
823830
858238
345747
618065
472109
103647
876933
668771
940848
803390
349726
38302
393976
445721
121924
771308
166211
329704
434252
122688
15838
819984
580941
367363
2763
970575
445916
886338
987587
439330
726311
532603
199181
614316
340352
739066
922594
874202
185889
889117
624924
66920
602184
220124
96537
459385
893159
712948
898342
183238
919090
413661
550079
292888
105715
256908
958539
943946
578723
20963
72934
786729
911662
493193
641266
465402
891798
559398
164886
869715
261563
26759
437527
815087
407284
127757
722377
517476
900370
129224
209181
897867
682929
558213
119145
578072
353432
705922
968631
584475
325609
615951
121314
780151
52124
108264
818521
33323
441948
29154
519433
541582
151514
271830
456197
67506
294066
696565
918533
74424
957168
129331
931344
791546
986038
246335
145635
666313
946497
450304
111874
593759
643230
324916
12549
732944
95046
635342
327943
524580
956212
642171
456050
346030
644798
920584
276731
397578
716869
493415
74630
776151
224691
170251
286089
408449
442605
504098
579284
110720
671548
532332
447011
499947
871158
6060
550460
149195
172197
259992
595802
813830
845449
500835
895163
176169
948795
91662
694462
12274
966680
16876
682548
392046
824728
19651
895759
649473
265606
11627
339654
467817
462553
625635
968693
986709
504341
90737
699923
103035
83578
440253
459702
543257
546710
514990
612425
455257
817977
285098
402201
773911
708676
215947
136303
709130
444725
377059
938942
743420
270675
6752
175089
3400
577415
862650
806038
81950
250501
588355
450683
38896
350138
90932
894856
8152
782177
423590
609730
382107
610889
496866
347798
815524
68628
252735
863663
818430
448517
815823
537949
625053
373427
198967
705487
320526
344804
98163
755855
676097
381220
834161
577745
827331
859636
268975
633294
92479
4816
639616
594772
800401
334939
660612
9412
809948
275866
56242
362706
526010
875994
991437
852929
494252
34718
334176
86982
912355
824187
102846
528428
312231
552024
637320
99941
667871
789654
748546
472069
620871
15675
53733
946653
594416
670915
352374
575707
20862
87004
308775
936115
247221
612676
341542
192273
767693
792316
347010
281444
355557
376729
883905
687091
227379
221849
23583
582502
9297
627472
925446
923139
480460
348686
566378
734163
843246
100950
238136
29940
138825
851610
396934
44406
137036
133550
614127
176884
190207
755636
54354
443754
371403
360046
532719
231549
765736
405951
715317
235537
475914
591595
943624
881629
715519
110147
892748
601071
129946
718110
927299
322557
543382
919638
968934
915207
233048
554933
596622
771127
595133
852629
844822
263495
471449
968196
941342
693597
634783
508597
334687
450099
704904
282803
280145
67003
690293
391623
824903
777170
432852
459981
592129
199500
77482
510474
300127
894297
56618
661291
795178
398653
740978
940061
832190
766932
420914
665961
450314
781866
888195
642472
378534
663948
802253
305750
394738
436052
474235
468286
87543
352104
323318
586884
704158
442557
907677
906626
118285
440850
3449
574043
954389
601107
10381
910399
108303
950236
445311
493440
258443
187863
369480
347811
226521
168436
507728
621862
366370
835635
227266
873647
655085
2196
690768
457859
4372
428397
218779
475280
425477
458446
774258
486638
832583
72233
360559
622477
419189
127508
830580
855066
550497
607382
124626
133277
712649
297037
345936
817450
550699
81766
531944
317585
307958
606191
128006
460016
789555
865364
447480
580766
53336
40681
941033
298862
775456
473230
551011
859942
206558
984871
647272
302020
261433
43571
257826
22524
468545
577745
296113
212404
668882
439497
548256
6670
445655
329070
185685
752946
326225
729011
130348
461042
356777
869639
128418
94431
616446
708821
227291
762908
142257
630526
563019
46714
461048
440224
479779
458097
258798
755943
73083
546330
809205
505205
216230
632207
813049
172359
884768
790177
810307
457446
280702
54366
629239
716772
941664
108489
456033
916002
213887
826103
757212
600768
970618
123637
414665
448860
748605
840738
514665
235179
357303
127295
253517
466834
441396
977958
876301
848903
7927
168001
489550
259195
991668
916893
990210
626527
845366
2176
36124
262602
206069
60217
224984
388422
133039
469447
965844
514062
785755
635315
809547
153947
252064
184243
479571
399746
708250
233211
616160
149223
18687
390091
841215
224500
178121
443955
300038
72924
567077
50097
173381
267197
340972
730684
220141
20196
476995
308171
465176
971581
695655
861313
346551
703959
398806
16703
494362
694558
421150
935966
83549
361696
391944
630329
915432
879901
536030
645521
855118
571238
253696
512814
549656
137287
479057
88991
899827
633483
643774
671691
281665
899710
207839
556239
168904
913509
515298
364189
738520
608048
65776
555266
315759
844114
11047
543163
730103
209818
319940
414791
615572
511894
844780
49309
809288
464111
570447
433586
546596
636776
351987
866778
551414
246224
526331
968680
465477
685961
201667
902265
538673
263869
820034
292806
2044
107109
888042
86673
405183
508188
636821
347016
908494
185305
960201
802600
3917
109040
825819
203764
844286
760016
622222
981219
61618
959755
868597
251698
560663
886643
949090
867736
605242
825391
441353
880636
590099
447220
679334
48305
937765
248647
392547
909914
460768
298635
967606
61771
797648
128979
568417
225917
545178
594252
321501
682239
567077
65825
753910
344932
923097
554739
981638
917455
240020
904912
561379
435076
762173
610330
293519
278369
513800
125044
215361
748643
333507
360532
239508
46714
558306
398710
956079
562433
406168
2567
701530
447118
586679
217580
19382
304579
953564
112775
981847
96568
986033
589618
937990
369694
169007
763428
605675
169271
530975
308313
886456
242696
462809
350889
593063
841334
354586
201749
398066
119045
16304
866258
41711
628898
971134
588331
514853
988516
940194
870388
531350
491356
612082
801157
678505
819745
309846
217612
228483
648968
652104
29975
662728
804995
453750
386250
429373
897448
859106
611006
678886
700840
497349
718218
811722
666445
760250
826727
229411
940874
127303
838189
29556
988017
479617
215682
712582
118586
443750
878225
607661
369480
268045
935353
905785
694771
67870
3827
541607
922552
571324
465100
196287
949819
363900
450319
853661
562045
217787
327346
22531
313151
53986
328031
717297
763417
664783
554086
224816
384780
46967
478803
690956
89710
540040
856869
807802
522501
414851
732930
550666
962535
553033
6769
624320
891642
802592
494792
534921
396547
862047
629139
578025
760007
491993
768844
653905
720447
132920
295287
728980
731918
219185
677435
795542
712649
767081
90255
231271
954621
451700
45200
921686
765045
202673
336091
67822
396095
533135
920441
955425
736772
306420
4963
679181
773596
680618
866343
100069
674932
649760
250814
632355
137051
474097
673765
705360
842767
782832
863494
506084
204171
661321
940331
618082
564057
386858
643236
368089
785784
53262
343574
617368
615135
659648
930193
809742
97306
611959
448560
260831
142751
766115
602020
521193
702544
683813
405703
63961
631602
994174
733975
561749
322378
123711
770904
434447
163723
921222
238238
357429
457026
705113
39136
809398
704320
168358
409070
582974
545216
468880
351708
911687
843938
646912
639991
977151
305256
777189
611246
982481
47991
211056
524541
987698
178299
760855
690295
980655
119384
927683
453125
138229
64809
497046
306023
940238
360449
959766
348309
988636
428717
435541
844291
542852
31663
238366
973311
738744
95400
815982
289997
477576
296908
542865
487742
556436
844506
540324
854330
215981
282242
413700
808085
906543
334149
883582
186479
244442
125533
277094
68004
844615
353284
832599
451422
961466
122463
438262
773602
199712
566598
923914
787790
834834
388487
128069
153010
16804
475518
44912
282841
779595
208985
477828
287196
927683
47081
407884
668719
756482
977971
434577
947754
555958
512264
848636
702207
555646
358441
795551
647953
508739
715922
102095
474211
158532
788545
588916
492187
12551
103104
600497
108993
439082
943294
953132
214452
228839
819994
831802
617416
273230
294056
332040
20223
766361
966085
157681
510412
732416
883837
888043
60602
544345
812081
204219
842046
943043
291957
539085
213156
162373
222009
358646
553607
354326
431411
564446
775716
849599
109040
535550
362867
933835
564383
928526
406584
887346
550374
40914
812609
423589
806018
537619
398176
94489
759053
64285
701485
372341
808710
96432
942111
726765
959315
697326
225259
357029
432470
540965
660492
438875
67281
504984
101309
645046
332433
985590
982744
389354
677149
351743
485970
537593
746048
14082
402463
346880
968928
590895
964465
64667
719463
219393
704831
745968
125524
740474
459531
201662
986895
965400
160391
932341
755176
311955
537067
137780
265905
388756
596918
621087
495952
558343
85245
834773
319534
981604
977427
43296
499982
487090
846786
111950
392331
961342
996808
416744
260058
335988
753361
628706
693754
392593
601107
186431
904524
253696
705983
474406
506470
56205
868662
814075
806739
476157
338705
161174
922276
215986
472096
725665
903703
677142
140594
637089
885763
516406
138906
357860
930606
59259
208561
980401
430904
748777
101127
959283
327790
429031
853595
555804
599098
457442
2641
413335
133026
52410
828377
374565
438040
510318
835606
418685
964720
643932
39004
826055
752101
727286
33673
517084
703343
755015
559173
601270
207771
436319
693917
784694
345634
449185
288144
607880
969314
995871
307146
610068
555787
537536
220100
253943
998555
593851
912347
183818
440517
168670
844321
163139
785575
167634
157045
300809
209933
330958
196991
675184
916506
279730
477072
646192
425202
937991
281332
533554
589987
249465
748262
405869
610421
615991
376840
260396
978711
583174
473373
7635
8062
22986
399903
60901
886502
675062
690443
263316
950047
719860
23618
909032
281367
292899
694761
742367
998340
754788
150912
673142
412441
955392
782167
171713
253665
161762
716781
162686
601671
883071
28434
103212
409927
574142
446637
374471
676436
136558
808202
987764
457388
251026
222976
13172
830548
674776
231333
333852
557927
386064
95351
981427
861469
840272
469874
464214
866182
293915
439523
844960
344827
781175
273799
358645
464257
657593
210932
857020
504821
648701
117915
417747
726598
434343
937297
3847
521234
508057
655264
420392
459252
376014
446188
849782
725728
423913
227268
788026
344992
207208
442435
217042
207145
764770
946163
272062
342136
4273
616495
58659
608218
830423
943650
835168
640633
71697
814771
120336
195259
709831
872004
130311
466866
628584
805132
262127
525491
564881
196574
483630
858913
120294
194242
760173
990974
176948
787330
45185
655342
950742
683712
70909
704451
570754
668
518683
176947
281370
326391
246465
15348
43066
288740
735105
538827
609052
916257
248534
803423
793114
791469
777528
886472
499542
713608
625332
714278
342517
90872
208370
942405
61890
171649
571366
169632
46486
255246
957239
433598
156666
393395
257833
995548
485563
980050
798795
480846
765260
769896
887442
968450
807526
124139
227389
913221
954971
914308
625754
665025
578769
901232
375187
419039
882920
834170
936389
743551
315256
475258
364014
936064
399763
85036
950359
483965
92209
824664
965433
925143
860720
418307
147995
868252
56473
836727
497261
306690
844324
454490
966143
914313
675055
14840
602769
882241
711339
925114
779517
641643
473274
79649
201804
726426
415398
969475
654934
347200
997022
521137
236880
777091
921470
195258
595073
767153
960093
365758
11492
715473
430596
556614
148722
824282
155290
939832
991437
873826
593587
869365
438869
452359
645358
541565
52207
848240
324017
334483
475163
104947
166337
168617
223172
864118
97489
41811
277318
154406
429119
578025
844708
466844
153281
209258
132879
402170
811672
556491
532690
868517
955676
652789
212517
354389
180507
410508
386619
615624
293430
834508
109509
517874
232149
852435
583054
142860
128929
510719
944507
906616
538424
195115
687954
918575
141753
810927
459936
469874
723825
628417
958517
206389
136326
413081
348599
46662
571648
73854
592920
212345
432402
875077
277598
119045
300590
292909
520342
207062
888284
920424
115177
26698
702165
672834
123193
497349
166266
424615
605336
831369
995379
107875
317873
73114
519782
405539
303581
701280
250953
277606
746316
140016
285763
794801
735151
498796
617716
386799
554590
151895
246349
212102
294971
468658
538368
610068
362888
952149
734243
546137
831914
402953
965600
488678
366595
118464
489724
447330
974881
348123
264834
840183
55230
797527
437198
610092
505747
136261
845039
759344
414076
926496
942498
456308
23790
553607
821769
215492
483320
686826
931474
559255
344309
469447
308213
901577
589464
702764
31304
638046
885154
938535
88048
253844
323376
224301
326345
943078
707678
560180
861285
531516
803304
906601
222900
504561
953200
953754
362085
958218
943998
756822
714394
563048
485384
81794
653824
632723
275135
505242
876415
857860
244910
252296
780044
490834
429655
365227
122514
985662
157124
96384
911361
341540
973213
16522
841776
196689
577250
243949
298971
617084
918754
740920
517320
617113
439176
734838
489314
604893
180065
837358
345124
261977
962048
858710
140560
922964
246822
239433
767665
354000
308973
17218
749350
59117
293214
417139
251637
953167
458539
333961
9049
368479
546738
999067
48379
293870
130154
716569
23927
701867
408037
887635
265537
989947
997620
998352
471544
408673
922181
282841
471146
517683
188854
108719
849552
473701
114575
339508
683825
239668
789241
837116
983191
811100
658827
365704
521647
754676
60696
279867
751749
239818
362494
741513
833944
154824
565769
603956
214044
674405
932329
251103
559655
774550
438271
696267
14106
848714
232882
373466
920763
324104
844689
469611
379399
541977
626457
745971
597354
176120
31917
991930
243683
732930
457158
977824
92743
528339
947291
668236
772879
467849
999112
460986
728205
810140
24502
204985
697009
296465
569391
161371
16922
41478
19838
915453
289839
373659
585976
62683
663700
377493
97089
125533
804539
521304
465243
185529
28727
657753
310798
465947
955160
217646
613265
368501
384707
993184
271042
669781
270125
671655
816055
606013
718179
464435
239797
265439
783388
515427
804448
539994
172145
868507
482209
370387
72232
959290
2700
810678
822073
317720
278994
919052
753590
708245
128316
531735
655411
182696
537206
740862
763300
284091
412906
135202
942459
28474
522630
229129
517213
319134
827507
53926
17355
929881
599422
164670
905116
9297
695320
898453
852548
709709
490511
668608
713727
356979
214716
515427
178764
377141
510381
958448
864075
612929
786576
415993
635858
201371
394770
297080
454281
655810
454029
531050
435575
570126
635054
849967
229173
977608
537933
711802
470598
358309
664168
247475
367504
251469
672000
854950
457282
155581
86346
638008
777764
183864
112066
358912
50170
141816
757134
279477
770915
151595
402767
733923
566940
974191
583828
220515
478739
898316
580715
948259
773035
650848
169081
864414
316684
502142
556803
852085
627267
170461
896105
128433
789717
5973
95015
497737
934482
257419
798830
626039
900598
710255
931912
201675
528114
53361
754977
40355
822621
255642
821505
56013
856140
305582
961084
955412
523718
774599
266808
639908
620855
978058
515958
844844
698623
461825
593546
972089
460200
957750
365152
71278
71062
81931
938135
992819
621346
948156
645526
542531
255346
482055
813982
893304
88154
137700
698284
950385
744899
750700
666430
526678
714010
599312
815313
841996
727344
133035
128919
887346
406939
700546
38727
70717
416405
733019
506019
44657
550992
889604
545808
22631
215700
115780
888664
875708
457153
163723
551669
44608
617981
974963
324599
410305
744406
706572
871595
694271
74019
225604
310588
915151
85981
456927
384747
808194
13515
926693
682477
141753
100599
263396
273046
944571
793687
282580
439824
238035
419828
408484
897579
210248
44857
543597
658952
784154
705307
145319
231550
7778
662569
297348
349126
106830
573438
303764
989710
255700
221962
437343
112848
27913
38371
629142
118483
13081
874006
433913
722670
722596
498126
363664
898195
835102
470193
649431
383731
613424
410532
432852
832861
435565
504179
785500
381082
424505
444506
615213
360024
626709
657013
978387
730179
35779
201110
963261
236286
74316
411091
49556
412331
630108
290921
278162
503325
508312
223271
572014
915834
85670
657446
108997
502827
661450
389764
124183
263848
421875
1176
865968
992769
339780
89010
497068
546448
749058
229425
687364
724895
768879
651270
199432
973854
455766
278166
965542
686757
647283
91662
108565
50379
137211
684539
659342
520420
717252
555260
999073
814096
172879
929894
358313
475757
517320
325561
738673
183826
609373
925539
73575
206540
931981
308763
710429
903962
436187
748851
387026
87307
218744
505750
443965
624474
162420
475477
742135
652878
232373
117265
772820
65436
891375
625892
337377
31788
969019
879433
555051
98001
410560
848875
884775
960129
320369
708978
530309
840333
878509
248241
922933
37458
615951
514547
440590
526892
478410
182669
820820
139038
547699
685774
674687
84250
215165
202866
994776
594915
711801
757863
40932
391060
621195
725540
713067
690727
430976
434433
615356
66090
627821
480139
694199
915818
874733
757072
597389
219875
59382
58532
973951
556621
232521
477334
811397
455875
637678
520837
358422
220519
900951
697577
407614
769387
756174
355653
153363
982853
750927
41575
29448
579721
501068
647863
547663
719015
173042
379518
233033
477547
60200
868252
62989
691816
878381
142159
773925
140528
603406
28702
217524
765231
270477
656037
113325
328174
930875
473369
528434
326534
452047
965844
646195
502350
512128
558685
40989
957398
377011
604612
430646
500112
334000
742675
17120
252419
849258
500389
5871
227335
273556
356348
311227
261969
336421
55759
408296
559303
442358
110720
304072
777882
246567
129205
626523
576960
11415
823164
892555
752878
596922
933318
3766
633538
336371
194976
220029
202294
801334
77413
968955
136446
814253
400164
679916
717962
602032
74175
129595
807697
702437
887365
336522
534050
384701
521740
991279
914727
995502
108956
823962
603549
421943
384521
363098
252094
156274
183445
636239
669789
737680
385928
320549
830490
448742
365232
148618
669699
607883
250832
471395
149810
813363
826281
241812
970298
90778
216030
385980
789310
42839
21065
568885
347007
27674
351187
733445
293525
801967
686535
837301
821162
891297
730753
558813
627504
668569
633510
185524
186025
225262
917113
687097
58210
221382
472406
588913
3518
225904
817087
417827
117331
208628
638216
224309
221132
859611
501172
404467
379399
125410
630848
742198
467521
112340
821716
842410
939870
277057
486008
249451
845299
469648
630822
952455
4449
376143
734677
463712
187212
988743
426204
465089
694496
872444
630991
117396
499062
686713
19666
265562
887530
198667
505852
218657
727071
601904
859063
285323
404391
632918
750322
448131
192454
243117
357250
823072
133311
163508
89202
335389
437612
712436
674869
684179
107696
744091
520673
199344
936349
345105
195240
967322
524623
474288
827460
175180
51068
517506
384199
765779
1415
265313
153502
740727
259959
694208
438710
509317
441319
138935
317013
914662
187960
822445
426494
338077
281707
268593
20829
452977
385430
690643
119979
546293
391347
974531
699269
897690
121908
816825
977110
955405
63505
228733
958007
179747
919074
393711
171681
527891
34373
162102
927054
82242
596755
596751
895477
510824
821923
531440
475579
976633
152219
654725
152879
985558
763264
557520
262140
658192
578045
252192
969824
258291
754112
530905
390221
538987
642376
674320
571683
297463
814347
221849
272381
830480
628372
637822
873374
257166
43970
182415
415878
510642
139060
834372
395834
144824
563283
383075
741267
94742
853418
54433
410737
371646
618714
847714
528318
452343
177725
472855
455170
610742
548835
896320
752304
280682
369612
442336
566916
804703
710778
351107
680212
197436
157224
660097
869894
967959
358620
278086
292903
992020
13342
114452
475961
342280
148558
703547
116110
923981
152772
400383
706448
885520
130886
496224
598212
813016
934233
900762
672834
680422
923454
182815
52157
43812
174190
415718
697089
516320
510160
375494
76158
997747
622384
648660
391482
258598
634191
747871
521740
928584
904231
970536
965721
835425
707896
134864
404350
576367
202170
853627
494519
812426
102693
739190
35404
970730
623296
902041
556390
151219
635045
627605
807594
676880
692544
564486
745964
276270
870748
19977
46248
94489
9588
49056
264639
811940
866741
958218
250733
939251
968747
184320
275212
343096
92065
451310
291661
646322
413877
628006
819401
491510
703203
929128
824732
594465
214061
679815
458777
806670
810462
710111
159333
134316
465611
682999
704769
494
493966
791523
441725
44020
241839
311530
626513
679408
741505
824523
585808
407505
78982
421513
96911
236083
691395
498367
788938
827472
997478
771445
38710
467953
677940
374824
817084
649943
262673
498851
205005
838684
430362
797845
335905
281997
264565
180774
449888
926049
535512
367161
177363
478155
490348
226866
370718
404115
29143
192508
531404
212599
504961
898213
666406
354586
375254
623456
426443
533597
318018
223795
500475
564383
200609
700413
299467
389149
988745
805820
302284
231570
716023
453494
4479
652769
751884
65084
299433
80137
708859
110248
674874
748932
819679
661908
235147
717671
38202
899945
394583
299799
564164
349818
508148
256706
760045
686363
207843
513486
24875
825415
979698
396388
681484
327070
483579
49339
484604
659890
323756
249202
569208
49375
211499
613423
737220
865645
171700
633520
410667
737538
245328
114053
780915
585444
979178
212799
81738
925394
617214
870910
864868
84749
613335
513740
130406
53076
400900
460209
101853
277104
958418
900725
62034
865306
632865
512144
345013
531034
858562
303918
362417
464435
870210
144438
684720
720811
135195
867437
591722
404433
518161
325875
39684
982751
621263
221443
762073
688458
712073
714389
426105
183171
828240
974058
533282
554960
575149
524895
783708
921765
22956
533485
15044
63363
213358
956275
686303
402526
871319
344331
626009
140414
667916
964154
117675
351534
93657
700054
31802
350309
153701
770732
773912
458626
153794
226724
116126
884066
405601
822227
584853
301711
536203
708279
906154
711190
29914
892748
53336
651331
875757
95371
246318
481952
182133
275597
808684
385952
447506
60901
90285
26338
480357
646965
81249
116503
673696
344138
322197
320006
740224
146041
999061
505390
790563
864437
245913
52298
672588
746246
961614
310153
645287
698269
572906
447257
870214
942113
21139
82987
80946
66404
457410
365909
607451
516465
747935
917455
783093
741881
228411
577244
139082
888301
210038
809232
967157
572216
61591
166821
31499
260246
743616
282540
580421
962902
727071
644646
40007
393771
977257
918298
255421
859612
569143
180349
1246
232474
351994
710056
508810
567451
899320
398144
287543
751280
105782
616600
31604
126756
578217
891011
963603
367960
681572
48191
513703
274685
285209
592743
243025
319325
530509
921946
669047
498333
54591
700915
669114
784096
44695
349549
201608
797325
943670
611749
130767
314650
145020
147416
89552
993327
942629
81169
843983
136224
182249
383070
15682
176237
724963
422819
133815
31798
337626
49436
894515
662730
954333
125606
170911
406471
498761
220281
62063
904563
559255
220495
837275
977824
194196
209882
110347
17018
507837
810211
107408
920278
337563
321545
410798
378848
849805
287285
287368
796098
612120
150503
692638
564889
801426
677750
468035
763159
691645
627532
634191
40222
460328
952755
762119
865158
264235
134722
861039
648594
57558
681701
200438
887487
154270
618768
350581
756283
853024
725334
44619
274340
941828
872320
645363
364737
126632
708064
902347
838244
556188
969222
321694
546430
27699
69966
447663
505747
104097
569948
432073
248029
487412
447937
107612
163907
213156
440179
225207
806782
24224
31403
776866
918044
598674
157820
43258
280878
275574
993296
257872
75936
307764
565804
732454
690727
56598
573875
439186
41420
398974
363423
835889
24371
467506
551520
632228
565684
255191
900380
203270
148520
494066
756202
304711
559092
918449
628372
776402
813232
484424
645874
408585
229815
203434
650745
480321
644265
80871
263164
718353
360733
366020
306517
159799
417891
592886
385156
466960
566219
301622
133345
404149
975108
648964
982228
744697
572911
38648
293028
564016
337325
313499
522574
165515
376078
539455
510295
595439
26512
967944
991906
135164
90949
523139
873064
705455
60969
72380
19651
761107
883783
979171
757345
203393
648922
619986
954610
55770
147994
446469
767039
500770
635483
422307
83312
965003
560116
793597
489985
498456
610994
192818
143141
31759
463306
440436
161139
815382
736174
234222
16278
774628
340663
352946
395442
665872
950169
519757
321621
263183
159754
349751
859238
696436
540380
533871
890793
166852
323382
695011
23832
981578
330541
540153
374538
331385
816616
601652
869804
243576
382740
555808
745338
297077
706972
957398
45101
48112
64084
386417
474217
713464
448926
359942
196544
183112
809231
63459
431307
88137
391177
299959
745657
674745
507348
246307
866594
941636
440506
277809
626611
582933
542323
736201
580761
534156
832108
295700
816562
514932
210171
775028
821542
613586
401393
928085
713335
868413
272380
109992
863936
573056
151030
13466
886723
420178
781268
567601
358554
228411
776329
915471
436212
287928
642559
369111
652411
835968
859837
642240
406255
98493
291958
842014
179215
608524
705922
215757
886663
198335
715317
363284
670585
95759
770575
794512
424507
759687
539752
346286
403650
754581
897369
242315
388496
493908
912503
429128
6005
72725
486422
972874
250397
507248
378347
580542
413746
917619
932428
951670
431856
500205
696670
40974
653214
811647
316078
278373
156494
422758
956294
445958
947503
662652
472805
305518
492523
634201
522080
619964
267852
912493
947984
609965
35266
537254
120046
412355
264682
413489
441211
656022
826109
930487
185967
833118
945211
255297
626312
117872
952219
78076
485672
750729
580979
852896
488879
565083
196654
415649
689488
126397
889004
241825
127350
951680
186601
264890
505670
127207
695042
508634
444014
195280
277438
826484
111798
438028
386178
112145
730485
975167
920823
881694
948033
36730
99296
580962
206173
591536
531764
852168
933768
542052
871517
370228
224576
891978
543209
382118
483018
819772
205341
466478
911074
411953
700948
901666
836163
716425
384389
141610
466220
691432
969836
159855
811463
758433
238136
228674
229739
116707
663263
621390
821090
210906
92884
372918
294374
453779
329756
24900
816030
104914
185501
783093
392153
283360
150127
277058
748233
55770
615735
622949
492928
601091
148714
19889
442683
1739
396277
300856
212778
10198
696874
99209
628515
504787
266285
536639
669442
467658
948636
473167
742785
209542
480542
360300
636181
416968
618095
266300
905127
375309
875708
9960
123437
341496
363215
881070
37245
999195
707449
563460
149386
836439
43222
515163
719878
994902
343178
752809
221236
844559
331739
880832
370414
113659
666074
608193
264432
721659
368473
630152
501107
190062
396611
449707
76842
718765
737541
543293
327991
774628
314722
990415
370530
902742
142045
148538
349851
268463
669899
873600
44130
858501
266923
643188
409255
588916
706208
445326
277278
321712
130659
958833
403238
509624
574586
410134
930587
666973
663880
157282
622868
681372
674911
372550
939844
382015
746454
194531
899543
636096
498030
490551
563269
350476
619622
367742
292364
538376
223787
667005
213028
370422
160478
914000
898982
842891
941822
137147
678854
201531
736220
534314
414604
615577
490551
561454
943780
561
414330
677869
413582
145083
901711
993822
275411
668569
784655
517900
168625
253110
520736
417227
959387
491168
639433
669653
309533
287652
210299
357789
161736
267690
525366
824422
854236
405436
988208
466822
832794
928241
207510
360300
563884
345049
432344
183462
162318
805384
242902
908854
814311
153744
752289
361439
934213
741886
7376
860701
548573
596372
533576
323727
364151
784831
84100
892898
604071
686536
766698
835895
607877
202247
55531
78049
270900
159099
194593
504458
871674
472482
235210
394496
900298
995339
646897
401081
917949
684918
908612
720373
453474
188547
589202
953946
310555
215424
917280
154268
91370
411308
32976
995409
931340
255651
858786
464691
534696
425360
462512
556585
678750
192559
368697
894204
601093
231747
393015
795005
735067
50837
886732
138873
667209
917701
737985
661093
627747
314234
593495
406765
890302
977612
314882
86760
509481
547699
400186
190918
418274
594168
421405
77128
768271
102889
284013
932688
224145
540172
912196
84902
683054
178889
940373
851781
516520
280155
869493
443988
153497
503756
522428
848575
102093
987350
689665
105493
99756
128213
977894
454414
841485
396209
563387
236506
241161
750807
723546
766869
721777
766066
211708
898867
850904
889742
171609
85188
266675
789321
373351
965284
203814
997802
631169
201221
360561
773034
701296
110012
62094
905018
544627
746112
382877
384073
63876
926066
350282
678473
452875
928750
647266
125853
667620
558279
521779
326564
128311
808935
626776
866338
949572
607168
750982
223372
933835
725443
993995
243576
509981
983969
866155
894805
158036
289988
986396
537746
486306
613278
352440
424642
852931
198990
144272
161201
468030
208641
543870
316924
451405
884679
812730
305739
562033
405919
415475
62422
559636
382820
553216
896263
538987
417979
987134
663263
316564
149280
245296
738787
385487
632723
175869
136379
637340
268496
105759
429896
195052
955637
898994
711191
541311
623180
642400
152189
820496
214546
363007
502003
167769
846817
930299
764869
183743
858014
723469
345037
34635
277064
186055
276201
161541
118611
97184
596533
274648
912867
674051
554728
444909
47857
658366
764598
969780
961690
823158
363332
382363
952472
212147
445581
550992
918461
585709
369910
253872
907093
454032
104610
184269
42085
810500
937231
550004
925144
791203
306134
634515
376237
380555
218779
877626
840161
187156
352111
877455
78093
79404
834973
756582
789194
53524
526097
50412
112426
217308
609819
682403
670597
513203
694833
155694
736387
856666
908822
628963
225095
855305
437454
546921
60647
182351
589453
149954
865627
169636
536272
808653
917286
113105
7546
912846
646847
230191
312840
957270
479861
196590
643311
526911
336015
331735
231558
530064
170228
92340
173775
152672
70327
491997
805329
14385
792752
450748
428695
172635
883793
837909
109832
233681
278561
744015
110346
309792
22197
219772
254329
551710
435237
460897
854962
655426
931238
636084
96928
916536
653565
399384
672000
68980
222069
570665
406656
739141
382803
172388
196233
394846
314093
490919
402193
382343
233659
845234
890189
728445
342868
952519
593307
485768
93989
328387
896118
910693
912694
453035
513397
899032
235802
699569
127728
650872
784656
777141
711813
193922
280801
303781
867316
69325
153541
497935
614429
838272
250108
914630
663019
349729
161468
239708
858992
910077
810059
688847
127823
580628
668162
958686
601107
563588
272130
942633
901023
564779
722335
699974
295949
657028
429128
107639
90064
258763
640149
733472
757143
700925
304704
577443
767198
206635
571808
665931
507748
474531
576563
645909
561255
953934
362334
81554
921256
118521
406584
727417
44569
840655
301488
554490
307266
702133
833079
306697
169311
515795
721256
559848
390604
508810
676617
306017
895141
698152
387519
100633
881579
469644
7421
896673
82134
389127
120778
120134
119143
581973
617282
444181
765940
870850
263040
757090
201217
332044
937311
809970
512405
494366
414894
650801
467757
710499
816570
526775
624309
619626
49468
982237
981860
43425
813059
733776
542641
487338
936911
35729
535141
880331
254343
361826
420127
978205
13624
852849
51797
205494
879612
859591
319757
10865
750247
592297
104414
8177
934761
627605
795702
429971
71640
704312
74753
993639
235771
5703
599333
692046
426732
883267
122971
539734
841593
891265
795686
389881
449701
855213
453934
434581
76687
785959
213496
544143
522776
403220
287800
978307
914351
489678
792997
226395
913352
839659
931179
397435
638754
356616
97229
82165
780349
291621
207159
700916
792432
418516
442569
73668
742077
844390
32635
448545
682598
493093
686798
748406
74491
503055
891864
713969
926983
826484
552537
322875
14044
506348
150236
136273
700871
960774
603008
583464
230362
838229
297904
706465
922012
295332
956532
957069
319856
285108
636564
120081
616444
44745
451085
508537
744484
661145
150826
601065
418644
979042
259165
335708
366000
38253
159467
643732
66374
693322
892405
197546
238809
156770
439935
535888
59346
311750
957873
85219
338980
558076
351229
843865
271700
901601
688247
118818
614855
322861
378207
791704
400627
434938
213073
442098
352396
896662
917123
943745
153194
592382
591764
410505
52851
482726
480166
547159
17380
743300
758855
621217
805497
28852
827694
928573
488033
270080
687698
744918
31107
165419
578155
416424
187913
55065
864617
412192
775951
524402
895504
293384
350091
422886
119665
456894
219120
453241
819739
21832
944473
798833
820000
459634
453798
121326
218798
395223
907900
963745
398365
20028
929450
368844
217897
662416
455331
268636
778958
459376
863087
900741
719563
483810
530689
517003
740918
368716
985546
690859
455944
928474
435146
505188
716636
8819
903136
107658
634874
81438
578706
414190
550052
451628
542393
96096
15954
459878
670734
37274
261672
960829
750695
553166
813490
153497
820833
290250
139060
230272
678606
232114
569452
737280
611448
81938
311522
649368
845928
704149
883195
363480
497063
649618
801841
593815
879492
801334
49688
170455
447452
190685
274266
994716
129770
96432
5949
965441
181936
387655
577250
919529
321174
671774
640268
871215
685777
182593
957827
702823
735236
502474
71063
559079
866770
525401
532306
470422
177927
238418
976521
91035
64841
374407
774787
527202
634223
362181
532090
947105
671252
927955
62485
184334
737682
800419
947002
344750
935389
661519
741455
718529
329070
716519
246378
533412
120828
562934
576824
596649
206540
691132
975137
414819
953417
579409
465100
481052
62721
53168
458899
806194
463925
113108
557920
698266
297109
151143
53668
246999
665049
367467
634151
820045
541850
446478
353401
975316
589464
894083
987350
624200
215368
846400
18745
983146
226810
96899
802835
36068
42698
162449
473669
382444
313359
66770
638053
848371
354922
436706
970298
733240
851544
650975
362169
622300
373365
24322
126547
706679
766811
497852
915565
230203
901005
430955
695409
115563
814356
383737
231624
269291
43200
836968
737915
962929
296723
114830
733923
351124
157681
167750
976628
614653
445617
124155
826655
85779
611417
226210
180364
407815
133355
329466
944522
405708
700916
296045
972924
678606
233693
358266
367644
158783
785657
393444
210462
698804
555653
58998
854946
248811
436305
719758
918577
824650
557647
261115
62826
434326
547216
672677
625651
988094
607128
693724
962342
577415
516799
79602
140397
162947
760891
18334
547614
540550
929111
124931
763006
174869
721478
67956
900310
66268
848429
414153
555582
546735
198154
838482
927887
977773
958868
728773
986216
480460
595122
931271
723984
154912
264299
574700
594547
681265
847691
678073
259828
655391
685566
35714
569852
802604
786258
883776
40208
821421
583574
922883
964500
113814
913479
537521
713979
183762
608901
206617
814535
956186
271410
759826
823772
463071
771960
337331
25412
106446
402471
568326
978333
592677
717507
59314
631218
703833
930679
529293
92980
280915
212730
351969
447663
460005
485941
745803
258151
783476
723284
664997
686811
471212
197151
53694
220593
562967
135851
208174
316848
663746
555711
15745
622292
186570
470641
963032
147239
227936
139086
545840
69876
34373
785045
599197
256668
164989
131500
209665
692156
248664
115698
185361
356532
509704
585721
641348
319631
67230
978111
761504
844718
31346
714558
743285
295630
232370
503961
128035
352754
898260
920903
573415
740725
533289
442661
553917
585227
124386
590452
308927
779745
46808
427955
803197
761119
335870
870818
483797
500512
23198
242873
586807
708252
889555
498502
409346
854763
159372
810944
974312
655054
79394
954850
795446
859948
978564
696795
170843
666061
419789
780254
769688
584684
579165
890570
194797
319401
79775
210387
409418
447787
259220
619161
288009
864853
366531
494245
390960
986052
688579
666822
908478
111046
485384
370143
167156
973838
165988
849125
350863
275072
231298
713303
972774
776402
929038
374807
904940
999524
396437
264057
313719
902197
860434
512899
440813
509981
113395
575534
947419
397847
955425
531192
858560
335988
353541
175092
162934
512746
499498
126034
253276
296975
956199
435631
835532
999751
864118
851517
833409
827667
428521
861361
448768
190544
814080
534108
686101
463940
573970
823091
84833
756916
716271
773237
366312
361719
284023
912901
975165
67010
895094
73841
429854
533371
643255
557417
834061
518778
107121
512939
398806
922705
134294
656290
806976
920772
932949
307963
493990
238966
304108
780085
188176
755081
442664
713187
581424
700926
826564
5031
562895
599636
257970
665114
145496
814346
831942
733025
85764
330463
574339
280552
555758
950397
393762
849539
820742
418111
260198
747039
290250
668977
455324
873448
761437
703506
615967
201134
605744
497198
105739
997268
136264
187787
381716
770313
262153
83789
804940
925148
307851
468100
769863
404930
194497
249817
854109
794797
479941
421253
53524
186710
480822
621362
811684
2803
195568
471906
984612
434534
55970
136912
70785
150842
144503
794809
546082
565303
199411
536379
512746
33516
640191
565702
647384
868831
691212
421517
328677
89767
807707
42213
202866
10974
165932
399731
829603
121716
361871
899107
378740
286435
261976
674097
41711
586587
261807
701253
494293
659799
338109
595529
967636
501361
59113
998521
457575
78239
856853
397508
962151
631818
361210
501212
150503
301372
738009
464361
635413
2657
835215
876576
130740
589487
452203
381176
171920
814055
567931
217370
173287
488520
214895
222744
744716
46502
22931
659117
509027
550105
64653
903258
563048
605147
899827
965229
582952
318921
759890
456994
402506
286256
652169
643867
77048
723337
386499
394197
184002
311857
378811
539881
748303
179415
842896
327582
116584
29918
254336
56915
23548
694939
979825
502786
579766
362035
873734
961522
537293
796587
891978
411477
730316
427856
674124
678501
376014
833365
86202
291155
251404
825810
598876
253194
363277
470124
740451
803881
230003
84003
240540
755773
621309
435257
950958
97780
961084
80017
240001
315832
30111
138309
546849
189755
700628
566775
169751
396786
349026
164167
179565
89297
419003
216846
690272
249556
137841
319127
636732
719584
638823
883676
741655
580216
461047
223424
616768
140761
870212
236839
674178
774641
144312
538450
650851
796409
497286
52209
717317
836918
260691
208040
354991
619595
688700
255232
744632
876790
341766
812477
453159
258082
922913
307704
698149
117024
597785
358372
987890
352725
345250
539258
810059
224278
515344
236034
540802
440729
357942
417605
341510
252575
721336
354286
304268
254180
20543
392849
419996
496900
314272
961850
306764
699269
665737
922269
871186
852074
966992
409705
888084
593422
138110
490705
273287
529999
835081
836421
46595
917159
527139
550993
810861
459317
204489
43139
331842
805104
683460
947517
156914
501794
663308
577464
185910
422000
967891
608664
638481
533032
854131
650292
736775
100357
209237
746611
446642
504775
800406
250567
45259
824038
39984
585517
986860
613951
378321
687270
858129
977455
328755
243610
597195
349096
697114
724762
31260
128956
330456
469339
930766
906490
712740
150390
260525
908336
356556
393466
999513
135796
245715
805066
886729
266998
80422
243430
273637
817401
450355
344049
555105
270286
89330
452572
397784
83382
502870
825103
374298
159367
56733
497184
874888
120711
232068
565249
217331
841485
131657
304341
686321
992076
195991
341377
198414
381699
501103
392826
612641
359512
909897
98520
881789
438284
850059
766187
421831
145337
376014
15689
946826
858443
369979
779426
674178
788822
986540
530065
516554
741247
327957
831657
678588
431619
605598
997162
651743
44257
981948
656408
46349
336167
908660
909230
260447
992251
885013
530790
148742
804058
339873
217049
555725
764394
251213
582118
978050
918761
480749
723169
123951
612641
311016
788509
221347
864854
613465
810680
458704
515175
147848
159724
550641
998257
828896
416543
937759
5107
760017
734157
965555
605453
424918
682004
296853
915506
495749
59034
488663
829766
307599
569141
185023
231076
466298
997617
554374
238092
912975
397224
879900
379395
105395
863751
667117
375377
751570
895759
501994
616275
270983
485235
298568
128497
835318
996646
666965
162484
639335
249194
212778
982408
95579
77930
827702
38720
344830
588494
691395
178009
402220
49312
982093
749702
841518
597908
37894
45980
93335
341261
449122
950976
926090
680287
557480
812719
24322
265379
280386
357058
779472
838408
203304
858375
876576
652795
566136
505780
727833
402349
122539
912478
713033
173460
935236
796395
599745
506168
170966
344901
677795
23915
461332
455218
533748
930928
920584
937485
808464
695185
238463
85369
218420
185090
661340
819492
790614
144260
826146
313209
584693
435842
12426
44683
147710
219753
520484
565233
545013
465855
506465
309302
268912
547727
904829
977767
52574
365299
682929
658075
357058
191930
942079
407359
845334
5972
877304
190270
326704
448071
982568
120697
842046
415338
67117
280803
134754
947823
944489
986849
189017
331168
327692
837671
108014
13052
334674
81016
496241
165320
872050
652763
23364
112988
342225
170157
824599
466969
166512
1104
152557
500022
676926
278504
319835
677009
294017
53802
990626
369791
31981
921140
884216
985168
313147
323699
206711
169375
636176
182974
880135
409472
459191
452575
541137
103274
399477
32720
755466
494085
921284
600463
709494
224861
682574
766053
267332
735932
579498
394874
472835
357477
891876
242972
986378
727913
447038
458173
121950
836702
472033
17058
462414
279184
126578
710734
486087
919653
799279
242581
222407
316336
748199
987697
288689
5489
15087
193340
619339
994694
651124
123370
169774
127620
327291
526915
166673
634336
307579
493914
938539
73394
435672
970776
968693
269604
128676
277260
322165
743001
531981
932436
285053
651921
508571
422709
435246
649229
686827
142477
960919
242993
365704
292909
745981
453839
552146
235822
826148
671967
657906
784206
417640
530033
784443
844321
701867
308656
138919
818753
561124
157790
612672
176072
409399
536475
97685
854063
206950
325893
570740
101711
514212
110082
528446
129386
21336
915270
972864
456784
8833
846955
634324
873238
808733
668737
317627
658081
391431
476445
309306
303769
550517
964954
905179
63637
445448
227788
502144
326442
676015
3741
182609
451725
285668
910233
319463
44686
724801
154641
656010
124416
479984
936283
157258
829140
781570
688121
73083
281458
754550
495733
66569
190409
828570
774801
52373
422140
829234
681612
793808
79952
249203
237348
632983
27575
268424
227208
920442
371329
338605
149334
411570
3354
187743
246108
471539
114542
551528
573493
300613
358743
38478
753081
396318
513603
227798
371680
274053
796382
842085
216746
109279
422151
364867
708368
534652
142921
901792
56347
490645
962335
626399
543442
912925
739889
225282
600867
715692
746439
723722
401662
614444
656452
501243
503486
821647
374369
242993
706026
555266
539970
481010
421537
99271
81058
840151
241136
742478
875594
188479
159382
117136
45454
640626
218517
412302
187466
731970
918940
838095
5901
640809
915124
683613
454911
22238
333423
223078
233975
101333
751955
923498
132701
255876
762540
599894
564707
961085
824384
756864
314336
41485
866900
970815
886501
997617
777702
936814
966499
609799
746417
894587
843955
166774
644611
174592
550948
642206
539210
171508
928576
661399
863281
77836
42759
292573
881828
587109
411623
225581
506100
852564
716664
26698
355361
880878
826281
423647
155955
68908
505727
942629
389871
778461
216526
935488
366808
825228
52564
451258
694213
277399
712026
563438
783826
712348
57629
941742
884798
489616
128676
660595
135846
916043
823419
453937
171655
389691
145576
435319
66604
832531
263063
433026
760205
222650
714977
465187
662281
825415
328826
513790
710271
336093
199280
580251
126689
779040
659991
762448
111950
137013
875848
503984
53189
611656
859394
398460
107257
805510
751342
109500
680906
616067
931034
651008
640343
63838
78280
789319
599628
571005
421782
364849
557864
304507
340417
560882
816295
301142
909165
172688
907113
795265
518051
627971
393815
55795
426234
40540
8697
923062
792054
789133
624735
830901
465593
839863
359613
164442
13089
804523
701056
261624
699768
353383
517570
771999
862214
671829
638889
302903
623323
540195
69845
875062
299901
99448
742925
475021
658213
969364
814602
55431
837392
999819
453061
892200
806953
444486
683597
806563
757034
711138
77385
493232
841939
426175
171782
871519
513641
573530
641089
241306
697395
74888
952299
882872
77627
776401
828024
967086
24093
294885
387126
483370
395625
30163
88825
650600
167792
144050
614538
101286
859348
681857
177690
43118
96119
237735
769008
976820
116110
52220
437239
675586
561474
856342
516631
135590
916508
992261
943217
877933
530046
185622
842875
304577
754108
535363
375092
265577
977063
15092
19979
12197
385142
312839
616126
42340
267730
501800
970520
762311
963600
670444
212907
28576
918053
827556
934377
867877
320618
705317
619919
290437
241267
739278
232834
935754
243948
753870
904079
446448
445047
160155
301135
437955
595723
934909
941772
319653
93104
611050
839957
560868
897532
392832
446028
226723
792016
851981
1561
811487
392285
713556
715558
665494
292039
66092
642198
29754
122162
851416
239826
434606
910674
879140
185790
936342
620301
577386
802489
119402
144623
511594
648812
947366
876552
115253
339733
834356
198901
183808
833731
131491
903258
38099
979279
102358
533903
932962
985689
86443
587275
513591
866421
174943
234778
79436
709087
382410
459955
395529
728846
894400
725858
665460
402433
514980
33645
759261
46330
271085
817771
90307
435693
921933
883267
372345
375136
445476
482768
616967
564363
779781
789654
11835
300923
58319
692409
13122
443656
276308
891635
265519
541097
304520
209248
271541
354400
617322
4013
10682
144887
539586
1365
503025
639117
612189
942777
933557
693847
271300
982922
749081
969800
203485
249632
668706
224438
555682
196654
561545
179440
765287
373796
38222
763115
191978
80936
791226
556098
373714
905335
408364
684921
354082
584968
886872
368696
546849
195608
160731
970597
2967
572056
512453
975402
517926
568703
838408
220063
158734
348796
504414
139751
43358
476138
468686
1972
309133
327551
293384
757774
448057
67132
38777
863042
856899
603984
319871
850409
161702
632985
432018
706572
564585
993740
449394
465878
793676
648486
991779
731417
609968
137679
21121
763127
812869
673741
467129
190572
12925
9271
991447
7823
520586
683213
813716
455188
743402
528229
220317
939541
893036
341951
352899
866579
722827
403665
127360
550864
55392
242318
652974
262841
373306
939370
607105
810318
525616
735932
497108
59671
700854
114068
946194
67371
615669
26481
925473
127729
127239
777541
444136
385487
923746
997801
775604
630022
580991
234417
259287
879606
903058
539805
253337
19588
111707
350779
471723
382023
527659
959969
292428
582608
376121
504630
833546
546327
770682
140509
990670
37604
985135
177682
853024
718547
414958
790614
531169
145956
796920
870283
405183
83601
327497
107927
250108
728679
972862
756005
413298
913598
208029
105461
686865
652368
752955
412153
941978
502378
525118
198916
398562
892641
224250
43388
689833
929110
786092
805871
812958
483784
646152
400206
504882
79647
853170
492614
476761
589788
37639
148321
275552
3766
580015
268912
599327
721279
903496
146178
84405
848281
102999
267447
425418
504875
846678
792971
176766
778188
901752
579715
734682
10567
654326
858265
473747
617452
352741
794402
934514
977155
263809
916727
167178
285774
903788
14426
549256
139539
226877
898104
950665
709766
412462
546339
570880
504817
116737
171191
219165
793071
751643
107591
133477
198960
156684
239902
702193
201355
698221
173974
105897
411515
82390
455460
603279
833414
908660
436029
483633
423191
826388
143790
343287
204993
30883
338064
821635
301316
238124
707433
727148
759520
841688
651532
659423
80655
385386
575658
90344
989630
773669
489433
707856
624420
722769
212562
670580
136658
573728
596785
99668
335904
739963
291401
229379
949178
231920
240226
218524
924850
925412
104178
324967
140288
858538
675099
457007
662158
541032
117030
358108
197849
983450
662444
330098
973228
260178
975577
514590
993690
384043
606383
544433
665927
980702
521097
280155
769893
916078
427304
171508
74507
452665
833023
142690
615680
828785
293454
603045
806896
170867
60969
912720
260731
897386
107577
597088
763771
266495
879953
622089
899522
382295
238636
811194
35513
295873
174572
651945
248390
773297
679642
509169
380539
701479
722296
592731
902338
910775
142593
691914
463071
195009
650694
467985
524375
612547
586313
895748
145196
798939
799503
206022
690290
543084
841763
104122
684267
792561
945004
76918
922181
561500
534108
721948
254069
886376
189297
884531
837193
594304
192500
597559
435654
217977
306522
431792
369965
709943
850621
335591
510160
994348
311753
275342
925830
485059
908632
723976
955124
803048
515713
802123
208207
585256
40875
254179
184611
808489
157344
782635
894795
796449
493147
773023
762032
508848
740518
1739
573297
733425
331756
679524
878791
87546
629238
649674
932546
100543
564403
846770
276846
813381
493913
613428
934621
488175
192120
318751
844371
961060
745263
887228
868276
380539
367547
449574
294313
554729
869190
693946
493750
72340
162353
29924
252380
882286
864575
211597
648317
22009
174919
95594
533874
197097
975618
249950
49291
848687
619752
222079
184533
270829
220915
438409
359476
541354
835816
64084
415933
110323
421537
981111
272093
759810
669899
318799
658242
635816
67010
513822
242323
808130
904924
889616
196980
814866
305662
946145
378862
847958
700853
381868
10391
375191
1305
682618
516348
944447
559167
965367
11787
716836
641130
917693
77836
854353
791005
665696
258211
302447
5885
130347
372167
541635
251723
996389
313215
238916
915231
513531
877645
100951
314201
565455
347007
93077
758877
583765
305732
355185
678232
38646
426649
443954
95504
360692
93840
368470
395181
239754
635330
689985
426443
43356
380955
715840
725021
94315
720291
386071
175088
649165
849642
156148
343903
598902
572782
6143
599809
225561
478657
229948
679884
81215
311592
