651420
932479
302143
374300
52738
102383
495933
256401
910699
684462
736412
711869
171030
506317
949162
50104
693682
802859
175522
2792
769966
420276
765147
169619
491651
251983
332208
978101
211703
127658
288931
256157
45850
410583
917880
854999
985195
412742
682428
13633
501435
861156
591714
140418
985082
342927
633180
63407
323933
295798
108133
634478
735442
217207
34260
159135
204088
285925
496896
28624
948538
60136
119745
789620
508237
336877
521627
391204
910806
321482
701761
198080
741103
514300
390595
200085
268796
512497
932745
310093
672092
661321
827863
807504
521625
782961
491811
857718
359435
278397
760717
246882
918462
172159
470916
190619
208695
957677
201957
951401
598956
740899
565969
354688
579864
23044
296507
791153
602203
870218
839339
766432
997284
426081
752077
397903
802583
226144
206662
863600
839238
248434
640072
22660
881277
224883
68880
290242
804743
72583
391450
375350
433851
98490
886908
138324
366255
148202
280509
273695
97397
297898
282009
493660
281606
171727
526873
476398
432802
879273
587694
971431
931600
337744
733335
108291
54520
219623
883595
303113
555056
433761
289888
18746
131356
751265
879133
467555
991347
343564
268646
234667
536753
983771
191909
743247
467670
93596
581593
377235
327883
635771
39686
110714
37704
465800
956658
593740
337193
152511
740013
956929
561776
460410
802647
958755
376359
402675
824055
754439
476082
683539
184804
887204
335448
445184
992085
170148
630795
47782
719323
580371
19517
420651
580072
75091
905447
570547
445400
150121
563727
313152
772351
557880
889296
216220
625352
142485
966909
119685
290522
52741
640207
252042
73818
193814
323282
758577
148084
501583
378292
640039
374468
183277
902764
680085
216616
309458
657688
636909
112720
794269
979746
27085
957835
895726
427999
175860
873867
996546
657740
424984
364685
565805
164555
826195
321200
168294
773415
206658
712958
198079
520961
201914
114980
487068
707403
820005
720595
508384
782776
941661
342696
618699
842771
208504
752574
964095
529762
26433
307965
374769
668518
445279
585092
960106
356033
901695
310450
148006
782971
432186
13410
92167
349866
662555
738146
816907
746412
983820
581048
537180
477962
542851
819891
570241
596681
818967
705128
3019
417352
88155
462505
856467
587014
240317
475619
186116
432500
513171
36098
859007
77358
847462
763141
638358
203446
364100
35277
56122
701714
439457
185973
302772
70465
407152
548153
895710
41047
119035
515962
287462
433818
795624
786742
280384
154533
962421
511839
443047
584352
296662
961513
418525
439243
328583
93096
638362
359814
584120
81558
633067
749604
985701
337684
312157
941103
351469
417638
24727
744230
320673
290495
874393
350470
410156
948791
967123
244890
540954
841912
685899
556205
374164
632479
522121
197533
976230
856908
959701
6720
59493
980842
691260
134168
78841
246830
599442
316751
766886
330523
509179
42239
354306
5330
292979
687220
867564
730206
329615
894233
672335
857766
904160
527912
92
425852
820365
421068
399367
322014
118837
578979
221444
432058
297198
947348
467988
286844
400565
146687
820357
655410
804831
682863
76321
998890
70957
704973
327059
669828
405303
212312
408966
712317
626002
104166
989756
736691
808972
290713
17225
545627
556293
346441
328715
451677
607418
25448
817020
737742
529347
794904
489061
290771
562293
592609
519219
634316
587768
937441
106018
324629
441270
661787
237579
775379
715668
185590
303482
259474
488121
627311
954809
243535
186470
852740
486315
121870
377850
316902
401388
905398
996949
87001
862141
789742
50057
989799
479221
305740
680885
520589
579231
784147
751326
932787
166983
387676
558591
408351
378742
820873
942275
689544
457378
719214
936623
57739
817358
670944
936533
804904
549773
648568
40625
298551
816392
477556
502678
642667
756228
546831
848951
977078
333978
34599
224898
520797
582892
270300
102728
982055
445460
235183
104601
790957
684509
567572
516864
72088
38008
26282
290856
193057
463868
339315
872873
304691
672753
496004
138123
884088
511932
969045
346360
538289
707661
26762
454549
413422
435847
935433
766340
247893
281701
273921
34364
616312
207743
725361
566828
432900
378629
318146
395919
874229
877248
589763
979143
545169
716311
377359
373096
948118
750953
628930
328954
302011
867816
33687
133021
681600
308238
358046
269230
698689
10575
629794
342349
502682
10515
359814
155316
112145
698424
347699
666024
786598
784691
48003
615938
192764
486126
875957
440998
746967
867470
325484
495604
404569
469888
812201
82691
219064
991958
366103
593246
994470
415605
440011
581703
968053
991866
569273
431021
263372
402404
987057
786205
938257
223953
234419
803876
643783
589798
309119
77870
681140
887904
741283
267557
786371
507821
59684
664096
460517
442575
871980
701385
463491
728480
165371
851642
162144
485506
6449
819891
996657
626357
298424
328965
655229
533785
51023
356653
381656
169537
511990
916556
322034
256974
915974
102084
776709
912265
654299
331191
442496
824084
524952
331529
687481
379884
444140
433340
723759
421912
622963
954163
401846
763410
650275
836075
30824
960150
147091
690842
153985
912964
595682
544086
723615
528845
679310
986998
131398
728912
93448
340456
690292
187776
203665
139339
38163
922202
509676
268077
437721
295704
340169
224700
17970
465072
979151
865603
452019
698816
39880
401178
395915
443833
862183
790760
576997
86981
164955
64323
505615
108971
841542
634782
704232
772707
459323
305875
17473
246744
286934
121954
531098
651964
801458
339627
573336
203270
166359
868031
849602
587419
159832
80258
924977
89267
894260
470686
709476
832609
619080
683423
372107
231290
587155
90828
974769
524540
350968
528507
631768
182165
928657
377883
961382
294692
142959
626159
489613
373822
952202
836375
780258
959554
340240
920924
103996
474540
817376
942912
645427
712602
605284
37857
662459
772839
248598
286564
540557
350403
110558
135081
447934
854050
479536
549311
327375
618918
940417
146475
357400
89806
479722
837311
411837
388654
841505
106468
457025
230428
197224
14086
821734
634920
646201
914913
422853
718844
951527
484717
921664
417303
397731
401724
593126
504684
420811
470378
673755
515575
921798
325605
805401
246318
311553
139634
202877
837178
289805
104840
904722
139606
840082
228239
295962
993765
991821
360142
80881
243116
67243
496606
72305
243695
900128
838690
300604
598501
169568
539689
359541
36755
498478
657260
412819
838038
747286
741851
17929
512185
909703
742238
149333
806086
860584
268432
441333
979799
396697
102011
927725
375643
599723
457054
218924
722128
838001
787692
39424
711082
553348
324602
819758
614147
136122
578725
225753
555846
810571
501029
367535
60045
802000
917623
70173
219386
861931
971436
382329
609781
355448
621285
887988
907820
373472
849170
562409
871044
485582
278999
437969
519289
188140
392675
956538
283238
408381
69785
244296
65150
317320
298278
236458
408498
137246
989291
818487
968388
907172
389717
952051
523949
665810
83884
956177
366753
140587
152946
872737
591996
82235
514309
309323
850990
440258
36754
26985
313625
266712
75855
866304
617389
46905
812624
345164
209146
267853
516626
812662
266658
105636
552562
302413
284317
66496
380466
630037
456243
575954
328507
893948
561847
247488
312683
176048
107743
635249
360618
411336
17115
553488
573048
721715
133877
286919
216720
166096
243609
403863
684065
220526
611209
585254
164218
316362
54267
336656
3776
237893
544068
333343
756692
535566
897239
589429
235936
166843
373669
463423
70661
727136
800631
428941
905724
973954
926744
6952
23829
209494
247637
40123
211609
524317
387995
935703
980613
931028
362195
643027
719689
196306
274250
848412
867709
408090
321714
847416
199530
798644
785332
428283
944651
279753
529003
666512
28687
654558
336717
707287
809262
639121
673787
119422
223390
753080
427188
609540
624341
989878
891251
870097
917341
766845
650425
953509
39547
416988
73811
841318
273581
302332
437218
322823
724333
677880
810790
655954
238470
464474
488036
7959
179490
76144
774652
12748
547309
746142
376825
156395
262068
849200
766340
896809
299020
519398
282400
124146
267058
113546
677077
447087
223333
745113
455368
114568
540461
584088
799306
97489
599732
416901
388742
804348
902751
531114
439158
713078
573363
131031
239351
226190
764316
765062
89113
139733
901301
973877
682479
42098
875742
880719
651205
683505
82683
221282
755998
482955
828829
299865
106297
297261
842210
928430
137646
740301
124423
814668
211459
847671
914295
933004
625447
501863
184974
298582
383392
432217
79001
905256
227463
695805
870846
803055
199083
155280
982109
505584
398082
658679
246356
376926
802150
567205
187426
287217
854726
824387
302652
78635
697246
548351
324955
832563
897018
391902
287838
653564
132137
515503
352160
328646
441009
479015
554344
273912
620514
629100
434335
371723
789102
666823
917609
73247
617880
958161
116217
157078
784118
589404
176214
484623
322053
121367
801639
543241
938228
561783
375078
332378
480597
659140
363442
118450
268100
632697
766211
338234
46594
790520
655905
339196
991539
128867
121930
261315
698185
751159
87802
718305
67859
379118
145528
419672
384513
308099
913212
749212
823143
727897
765933
959965
466031
66386
443659
477211
35115
241152
991370
802623
474373
795975
505066
556582
23768
447100
149064
996022
361131
997608
260316
538875
536022
42537
923394
119924
973824
343380
789655
154988
69152
244704
40918
182086
471900
850134
487212
29844
800101
792758
904439
701731
725691
886350
734093
440768
75867
266888
288453
327940
837930
733369
87474
516868
747224
630669
562741
616323
133259
608231
468725
708527
569368
29945
300545
817034
771506
529498
660462
593477
683338
248858
989533
944366
258871
168038
82828
417567
136857
467250
366973
69842
608165
219386
72828
93222
677502
743788
269504
124144
248784
598021
942656
834102
246744
780284
966937
392320
863258
239517
856118
943447
454376
750681
393583
169354
601276
850297
324498
54957
165571
473984
192228
450819
728481
325439
517234
530559
478025
868624
811190
24721
335517
700143
455763
760736
915089
739171
754835
829168
468955
344286
736286
290483
232518
932359
733416
667389
408905
874642
758157
47881
445182
80301
416177
6040
941364
520262
765820
410311
126838
127040
518275
962014
972077
602335
364526
413023
508691
682951
277656
195093
362172
333093
689043
404061
652038
186507
834785
495331
221841
124871
319038
829959
558068
383173
76001
782818
861347
28704
965793
83498
14128
803056
464496
868078
61256
665702
376747
753898
99850
317815
160200
419232
987609
204426
785492
179080
17707
220380
530473
37676
712951
367527
8862
221282
612399
530242
335110
212021
987594
642514
601414
919672
604768
687673
867297
596455
256773
350892
850186
361230
429239
943126
153468
432044
5631
891087
334614
69752
589271
364105
944044
106555
326137
673862
834445
835789
481005
555534
55111
28095
29015
530601
483078
788845
440607
363184
444962
847985
998336
979125
493034
150298
811404
199903
162779
789620
206228
928490
824035
802277
554074
155712
927484
846928
416806
604383
212858
633398
987069
792190
759570
121629
687698
822434
106274
115010
750822
11491
477218
35109
490607
927771
920808
426356
891671
932318
770923
258474
409231
40355
967900
731314
769182
730419
591745
548838
855536
389801
78020
790110
228923
481298
227898
834596
568442
225524
284977
241926
539266
93423
384369
555431
548902
750148
41310
600967
481298
815126
419417
657768
744832
779994
298642
286114
158199
957013
248081
171590
359602
83571
971231
269660
258881
246110
67602
840630
889236
233947
657852
834888
468166
126118
306841
906102
327204
96980
829909
221310
872088
988296
984717
167039
470841
610529
958864
127486
170392
296982
155760
182660
907453
115846
141942
225169
302717
647273
864352
200947
979588
372375
713358
418460
881076
415810
648561
208620
913036
14783
714679
779835
369500
850048
486771
99640
859965
835209
991020
560977
748944
676774
418482
705453
953697
217579
644423
597751
390956
215079
819932
926020
318396
252558
297399
14393
737448
522857
706971
343107
559293
841589
828128
57937
451588
173994
793641
174268
728684
40023
639476
202131
318791
375986
898399
229583
290253
573603
155738
59949
67563
82654
792884
491594
929458
100877
480666
333033
40680
181023
160748
681067
257882
297841
409588
215591
632475
573628
771909
463919
637869
502904
585441
44103
718154
845894
22896
983867
363963
893110
548827
451129
156039
350641
52566
947399
423301
920479
807781
28522
129624
539321
63501
934798
899891
897017
557570
208465
385125
983950
52846
834785
506950
368353
312907
551978
822914
631173
175301
162110
843943
40892
826438
395882
986498
40663
506248
331380
200961
902859
39651
60389
733977
35218
102858
475392
630715
477333
249400
857214
207706
650204
660788
372164
728705
557701
815230
748742
387559
895370
912795
947767
794771
945171
325451
180549
144044
939775
441647
642887
515502
502963
631948
859625
113264
694902
50584
539806
786290
734318
690850
358450
302011
222809
702099
820855
703719
781708
864703
283327
291248
454093
119428
625756
209082
935945
914379
571084
565375
297762
55807
274115
47874
664623
838374
994958
760627
482549
450054
999295
138190
828820
384384
67634
693936
190565
945197
811048
799751
434501
28847
141124
678112
994113
431858
69396
787940
737231
723489
89214
989210
894170
651633
80443
883517
300461
510424
950552
902997
837797
638853
923251
306221
844894
361248
946200
723755
229825
950880
817047
156946
614131
264360
455827
112221
853235
236710
906448
868504
626232
944658
879196
43767
118132
481648
256391
448043
968156
204879
606281
797154
714023
475437
337628
242792
447722
272114
228843
722170
78957
41736
321150
927069
148627
977777
309258
61761
766409
43150
108787
268077
825924
533055
449359
444309
467334
328266
876643
568236
988969
218983
103986
780432
312040
148323
166595
231478
708568
716794
406234
235997
745068
381125
222136
487256
649366
351519
964325
871250
122408
288258
943017
120535
15753
440535
785234
149630
369591
365291
641525
372737
828932
992627
305144
200163
880088
48452
126319
682008
144227
81826
559773
983351
40574
958629
577948
788027
133527
880458
313411
125087
645419
457605
914840
692733
604535
589736
127094
820133
370061
809757
740527
526752
989082
590941
813360
529128
75884
922351
603371
247665
134330
469949
967539
749924
900813
119852
101260
354377
762591
9786
611122
90387
604629
469213
342568
957280
701469
104772
456247
258158
693770
171614
781868
222213
569577
419696
322181
279822
90432
966630
511296
43283
375149
334116
800267
631295
311824
577319
708327
353180
113847
983899
956793
701081
540386
630411
930322
361805
434195
814033
134294
818776
442441
213739
55646
58973
862375
726534
446769
169484
464298
124939
565306
718303
565969
49161
399791
435642
731589
1303
185919
826445
356630
480821
271175
901834
986040
950678
342403
45839
281641
699105
657102
55810
98719
299596
203569
939236
163660
228284
406126
204095
260985
988120
936371
598670
253891
421244
97547
976018
873726
492762
669607
796652
592274
909958
502757
835389
973714
387826
426352
994332
35742
578552
334148
416614
975376
699954
937376
831590
84666
878560
789396
10304
492496
378368
181002
963922
910082
97955
907580
690850
72929
917308
219651
513515
893782
973557
105253
243921
621041
828066
740291
653319
480472
505555
783081
136606
391010
8532
498409
366351
613725
93731
92843
957118
542593
324215
175139
843725
867530
192308
680112
697103
151079
327444
315262
682377
64473
733496
326407
23951
727473
876722
84220
141601
640254
798959
560333
143620
470293
949530
239913
82654
715812
318094
370795
117391
242157
119836
822719
863783
483938
116557
311880
542369
837228
838841
241882
357378
271932
523012
552437
100087
213969
780518
249508
724888
702539
351124
393742
496571
416964
496516
96146
123846
810178
617391
532037
830177
567021
43999
897274
726940
204108
119961
884756
622473
21457
285459
404425
873958
69725
733737
171059
421571
256974
903677
566138
976139
232908
728105
813031
71893
846829
337151
497078
470001
876389
964077
898760
124645
60312
939116
853794
866984
41914
577243
413059
540320
994356
301401
525384
138410
992860
434177
486154
775392
258508
722276
672041
34247
52831
13999
960994
476883
507534
429603
715848
134227
604005
742893
46191
830857
372329
693324
1008
493581
665713
825206
440792
616023
764316
296217
974788
606550
104872
549311
722146
655690
752001
583285
98931
983394
489364
945698
865985
684207
332280
428899
360100
693212
689639
979890
190416
849007
832982
562615
560096
864571
785951
898402
142789
670218
87835
606872
522921
530952
660432
413829
481781
897225
314041
322158
104134
172677
990054
459125
786987
572361
676357
287837
540909
504526
194474
466917
282295
965189
993653
903837
235369
126802
164651
280474
825491
168961
195138
872430
118839
44672
334540
520615
965117
627899
845442
999817
182509
280075
752236
744895
141121
284756
943690
101535
320550
942799
752633
140582
207528
170783
730206
223306
704731
257712
80869
385130
2785
630462
569940
235312
87080
743442
697488
116562
796428
114997
825500
699702
867495
917822
711498
132832
799042
600352
868876
40624
28428
339044
662428
886256
907641
391046
625666
617812
954452
450263
997737
691863
127665
513652
469887
590611
911456
586016
208059
788521
359727
202612
800863
372536
951750
642033
399132
33398
426067
486163
827574
275808
966834
711700
130260
590690
621660
858465
30975
493553
420823
939421
154892
728259
177162
698121
855225
364468
579559
602198
9475
488548
104687
988065
331361
654073
327904
639318
744556
769650
564151
406157
624402
291335
279526
920924
654362
960136
456106
651593
872735
442284
894465
227270
432247
776586
548947
450781
290210
976169
539274
505130
122914
531920
788135
830072
156277
619819
55860
495341
485544
653555
438418
933485
575500
79952
127003
571790
569838
309034
310495
511449
74658
452226
330457
909105
496838
892154
181735
669432
149616
358950
466467
473619
802851
284919
329736
861136
79560
201176
687908
688798
293147
752437
875351
987311
32518
692342
361013
55029
57344
714235
410852
452553
177667
391220
629388
787642
44718
280920
745671
230411
101419
15149
633025
62854
315722
249232
70247
627976
584343
491764
222944
241924
527370
995072
534842
126055
279271
187665
218442
901090
129742
181749
540523
40158
978082
428996
778285
74313
473831
199689
324482
443089
292902
670077
281959
910679
743043
35774
279166
297034
43806
412698
289732
227071
950179
640607
742516
521831
290039
116283
110308
768528
409544
920985
402498
745929
299661
596945
848003
912060
5328
937326
613722
177045
653533
884178
411964
132038
724122
101767
948883
733820
114120
596722
347449
769091
994930
937355
382824
249924
778531
39793
622473
294027
467674
102599
942658
921835
390341
42903
888245
359144
450171
524693
911011
498387
807064
684829
742691
61755
122479
794321
785070
564071
244389
465921
937453
397628
813864
973714
110207
20705
391035
285911
673238
557692
844096
901811
683442
125177
250126
843280
902232
652662
168562
616953
642360
458318
146809
472142
518743
329459
381098
943648
74404
96812
792040
70966
41890
788176
613315
327799
5576
877102
262088
422534
717483
248668
968349
942940
569097
708192
754634
206720
880117
314928
228555
847179
710874
6128
838904
38254
959035
466526
552845
57871
518762
150405
801520
958497
932180
557077
7295
802156
502839
962165
229938
416776
328486
249937
656327
551693
186013
865713
310651
943310
582236
586975
215978
607037
761201
643330
499080
962111
921073
113956
781037
269913
10273
273976
123488
287004
385793
893051
564680
296786
752360
930596
156492
796574
709532
194673
235983
227561
381656
175959
363799
87585
112330
748210
760608
732917
86002
356613
453313
76669
24564
115779
444148
734715
74115
373133
455814
711440
113510
202753
821079
501656
204604
314514
883928
292448
143939
184150
996824
950987
620221
657523
682945
717971
846611
541540
157489
852925
297686
325590
223128
564497
995949
57831
299774
845318
899245
936409
501669
479766
642033
955196
605162
745533
208141
69893
678831
720176
914680
112503
859883
640943
938651
103593
80812
964593
618627
416823
30955
480184
567926
128847
244178
88832
610430
634042
431151
535093
394157
23012
707563
96289
723382
372454
270421
933924
442869
44328
297094
187608
775512
730371
610883
681551
187634
150577
352268
303440
119167
344291
797519
953181
873933
295364
278133
781823
649868
545447
434773
890432
844414
787796
731915
138617
271285
214248
77111
826838
707541
355421
122463
996613
617129
878715
974712
622481
543648
463462
55364
637306
102237
989173
510513
168909
905466
232754
46691
519193
646904
617039
454414
421024
414544
932669
186496
260847
938148
421639
102184
360235
236788
887216
227581
956146
77954
480887
517014
304818
693243
954900
596605
273331
424567
749037
639437
237135
716475
643191
248710
604594
482300
718765
479170
621881
629878
619756
94341
807795
587155
629228
516744
218914
817381
631439
355961
623404
270620
138543
812245
536727
732429
302413
134968
791432
128236
970547
33775
238520
750276
918925
751749
565140
965519
484860
644673
423707
945213
150548
637405
453506
582141
71180
103460
9886
923223
879199
766215
839420
598449
95733
180085
170188
748034
936616
544894
143935
570704
768817
245808
921992
185635
259750
899115
22965
261516
376008
388240
484632
835242
389094
447727
990791
371982
876705
618918
154374
48021
762034
657180
963571
345951
559994
879163
224014
677331
518506
359492
803029
380350
467703
533924
87639
548895
197802
983376
858004
538246
764489
927708
808361
335744
704100
999639
120594
256150
669285
735590
646940
269988
960643
133399
18518
665123
846607
710101
793942
12074
878409
222504
66413
232291
597337
815712
845812
176273
269364
50057
762887
317577
796214
569884
45591
163435
848484
410370
335244
431980
922536
293242
161620
872869
596662
95002
262878
382904
806502
437735
775267
365853
24870
382086
757328
746037
689449
300233
520725
506908
86844
672477
763852
662872
166243
278133
99807
81913
382958
623496
374127
630557
838469
783717
181689
664550
609625
112172
345734
72284
732212
135506
754620
485860
241259
383196
711555
741875
946373
948561
111953
141178
266012
253106
356114
775065
443274
43545
561565
846873
878978
825765
843363
76609
615944
747266
651697
542853
671148
177792
387212
567830
978691
268536
628357
427115
519085
486682
550225
563326
484608
42704
88210
855636
936007
41603
385233
950844
453232
83568
468612
672849
670992
587151
97412
651935
927860
190494
142258
379547
213938
339341
848493
12973
889259
598118
558280
970281
19095
22282
344627
227910
907242
127167
593569
268979
932255
908102
727643
712955
994782
666798
281807
478620
256727
142807
447464
118811
82164
834181
955530
380762
157529
213907
564946
355320
875133
908131
946712
294570
336554
165343
616991
21337
601002
844768
550924
800849
262796
670466
179579
65820
514850
331135
927917
390214
241907
994219
559293
303390
880647
273171
488299
306462
12379
438716
735176
3047
543648
362851
186801
122265
320066
814644
487703
30874
7096
869767
978574
261315
102685
260406
31980
874024
455339
200114
114218
993715
747226
855179
95675
238424
82154
284023
183567
868624
257712
670882
476170
292427
734934
235205
74118
206630
576211
928730
503119
553753
991990
168374
146428
899302
874210
238420
68237
597790
996815
940432
466972
265088
121092
464691
115233
116638
14725
703426
211344
909277
860628
428218
838321
883950
505209
159028
597608
794139
870555
212166
278348
775646
966219
406912
327231
922455
469751
970185
201953
866196
783088
414331
122492
19139
944634
37031
160237
987557
847259
689698
534282
967113
530408
215175
369663
473563
364241
997835
865805
532079
354155
579149
661746
889535
230784
2289
191703
340320
767661
626058
495825
858208
491850
470937
808629
790941
239680
599476
64476
365303
394837
368338
465460
187296
421703
238703
995601
866984
819197
238878
68988
217586
823734
279795
747686
604692
622968
717924
829193
812116
333978
264916
473526
333620
374300
964205
5949
738890
46463
772237
341923
726323
267196
532648
340388
270788
286034
464309
903257
606477
260533
743354
208071
961661
466311
659170
910555
986793
486475
176302
662744
383196
763914
207248
59418
695378
737172
429143
568612
669481
182248
329029
293187
649426
162892
660999
155352
313605
568491
869597
54333
709580
263788
279020
464309
586711
102124
852057
49439
756643
528972
973085
580962
790262
238946
903011
644503
381175
329207
694366
82349
611553
715981
907787
804557
681778
865979
909418
787692
521529
465415
215195
806652
410275
987398
725306
362261
593049
182286
534160
467215
569661
803386
987404
534931
334364
579374
594895
968229
971909
909156
507473
298544
371517
222808
54946
852479
763811
743880
833440
342362
847433
735398
200617
60496
498568
845714
360898
539919
888079
290940
12584
465895
741500
386895
99393
269309
881121
692971
56820
870742
392193
798042
912474
937376
166722
734954
430423
767731
182548
182781
996084
484518
643248
352939
786078
337691
731787
953769
198123
283125
772228
528859
283398
327957
417368
894258
994635
229878
80826
579226
290491
755428
209759
767703
344385
406108
30693
876296
645965
698712
36765
244745
3084
250368
149097
957241
658033
373685
268553
811144
520332
932413
604618
423889
119200
214180
263762
20415
726524
977092
128415
768643
468315
945882
870033
605566
263772
371390
36219
214790
287617
308834
337799
277044
130467
939327
545067
219838
543597
617316
440504
795494
163531
364561
695462
246217
254602
587591
193764
29295
641647
738905
856214
132002
123629
286176
355748
876927
40922
539291
948232
111437
239522
258315
365614
715197
554611
433151
180762
721593
519511
473819
592392
579672
99084
999588
499072
626123
934090
412335
681483
528221
336908
258828
239987
320177
244821
148646
117677
719489
486315
322114
493769
327522
983770
403633
681640
18210
95332
301377
830760
474194
422011
106646
650547
794569
580262
502850
696054
399987
560848
452773
779556
629237
877093
470764
392535
269993
972460
804802
908839
528455
16592
4051
478125
805993
257458
653555
723371
98260
490511
887513
102724
48512
23729
801156
988946
630536
777951
789396
775473
875860
489473
335508
470854
452802
558623
730154
642180
940539
856839
958424
654073
480421
418570
489648
970305
503999
978998
132303
244389
393058
620041
542584
511563
66903
500382
889115
381320
799417
83699
732697
381712
706435
547472
806893
798213
769688
865016
579801
883112
441266
603343
323860
102059
938083
309743
1899
710209
680290
248512
257943
178694
181547
239517
283618
741561
424585
495852
180311
854999
560318
368640
980723
268858
345101
489501
376030
487441
87560
252332
799916
452142
90144
591208
502681
766561
24348
338224
273169
832680
559095
411347
768167
359147
167318
892218
853019
112325
231098
834289
19373
264671
595400
635486
247415
707079
331274
672388
180311
972227
62153
565834
632966
310826
946465
204510
911613
874393
284809
702468
740248
416334
493273
448196
189814
88308
729298
679875
466719
816973
460167
427225
495632
521600
22902
403828
849359
286732
548286
601661
103278
34666
701243
69047
779427
242648
377258
932635
230811
500086
739507
724412
295512
728582
968105
810582
819486
510104
449400
295459
195109
188041
919189
184648
594376
681646
705271
308290
978372
553805
241110
959150
10735
914518
249563
325953
85334
769970
631342
340503
681156
517313
370626
947907
8876
337450
974425
234160
566692
945567
624405
533638
438038
647523
341087
719617
342282
498774
491850
900648
351118
291187
616187
189217
428256
63019
357933
271901
58176
170047
507464
602068
404854
750286
644867
743636
468461
770915
204386
567484
605926
586324
125945
495011
422941
435927
516697
30810
511723
214110
491282
604644
320914
876261
433789
940514
64445
367317
931131
48735
910104
996208
723200
75229
152823
628785
337909
489537
460317
732636
239519
714226
745271
966070
92470
983771
293842
596229
847147
113450
474620
460616
50856
796634
516981
850186
478433
402876
841800
381422
39921
414983
426243
56349
989088
954254
297542
43443
149419
405920
141611
877651
132178
184436
112506
795948
349412
770462
500389
266800
80706
249418
337097
224196
553398
738756
336538
199434
742817
530269
211013
862470
600398
339971
553827
296961
193598
203064
386183
944352
84689
210348
85142
455636
431134
465557
285358
411430
8550
322751
75832
723460
116016
55793
132880
6434
615002
740947
431095
374950
313564
942355
798043
232654
166081
600638
913387
401640
931490
725356
490808
743658
172423
837091
160961
298373
413627
469385
828423
995001
480667
921657
923652
987251
169470
433414
288474
923693
555213
123235
381952
699690
919127
771495
57516
536401
194279
659723
689121
82533
102402
600918
153581
9541
357588
387341
919111
140967
861405
24427
746665
99572
184475
303127
224996
485221
200663
943126
528346
938637
710384
474220
894130
720280
260847
909725
875351
496346
832923
496646
792755
31504
165438
140641
431825
894022
193944
22085
23631
973714
128200
216685
484948
64799
293343
288168
351301
79560
365195
783140
245534
188925
121499
514552
188166
678118
487563
760903
326521
615757
327883
484447
373982
351996
342739
40023
238640
166286
89312
625609
335336
700210
711062
949879
510998
795927
419369
761567
579353
369709
697065
104858
325396
636966
779240
136273
452924
934878
133521
89380
346803
985595
886629
205310
176315
193929
19261
892639
576022
517889
72997
346524
162167
745676
377458
464356
590596
770408
38318
947332
59522
250909
826008
296935
208518
593210
118082
486438
321363
643037
379391
547665
374945
283939
411933
60389
492300
638559
507914
76097
328583
455631
729990
658602
784205
209222
602674
356404
419686
72963
887911
514292
391466
881587
178250
604629
53369
963793
276230
93447
414833
843492
339273
724944
489967
701068
277407
886107
93464
465972
602777
987263
970621
644314
705023
565078
959108
56835
845698
828994
424929
403362
973189
696249
662912
409839
96166
751493
149367
911690
988280
927115
674884
975406
142412
989140
182010
708951
198564
401299
89695
938011
657669
355466
73443
774308
6831
212442
714592
752158
27059
238656
654531
771751
640971
165065
638958
473063
59113
247742
745019
685771
311166
521627
275345
878337
499050
136654
753898
158611
542759
155272
225887
707811
868179
776566
996818
147105
543259
402400
71686
171598
617673
871782
873858
495105
411605
814961
31222
13411
833227
990634
760790
848162
227848
714160
626709
311248
792626
693573
214022
574729
67182
186011
4842
205757
928539
205770
241808
945807
158328
906131
980885
640645
131947
751718
528568
209994
257928
365726
60070
45027
690285
752600
208418
194372
181339
188694
492513
239913
731849
557097
974475
383428
51460
413634
182509
594546
670395
918551
206879
641193
126599
186192
29231
508165
4594
122334
84532
452470
928618
965835
312178
689290
912679
796135
295245
509849
492389
404964
739909
331579
78428
773299
689901
231270
369588
228860
329766
714023
586480
953489
13545
425208
736281
416009
377850
640594
659145
59210
893386
154533
617162
786643
374076
489238
317015
722258
206512
545311
663898
86434
867975
175870
890701
848219
437197
230520
346343
421235
674087
111089
579486
138280
47900
339175
119836
40621
660204
973818
159277
745772
500496
499593
865979
980062
39829
716382
678776
895571
329164
820977
232455
57726
409425
257481
109515
722641
920510
669646
715241
40902
990276
412530
928228
327168
111615
28651
199352
564770
374580
398988
72728
510898
967108
543476
114876
993331
912970
52876
467035
32649
49520
115589
400598
474080
965613
500652
652049
879346
845939
388138
318704
112541
223640
921094
113135
73425
27449
70289
304924
567419
591130
832356
111691
464551
799916
985608
74138
554110
337107
141196
209433
553473
829328
378754
740729
557871
430009
164963
806490
265907
347225
755560
348515
248774
630015
295131
653037
190664
846344
260659
104402
538655
220386
711797
7400
544384
422538
107462
518145
649120
604077
839055
545590
729232
477202
700358
505910
61680
83083
969791
131646
544383
230622
573545
959856
87273
175517
704935
661373
290543
57544
141244
493404
455297
895029
932304
984622
417195
835191
58559
195622
339936
848662
622639
119314
718765
536492
162838
58904
877866
686676
738387
581597
978570
641914
752600
456922
189902
773458
312339
95435
31842
664509
362556
865491
775568
920209
92269
168320
79066
703218
152869
798324
925727
636126
705884
958026
915410
448196
297686
608512
272632
491453
74844
430086
104927
927551
536106
572451
234099
413308
960786
134441
510094
717337
943959
896076
854845
416387
860828
49536
576297
833311
644020
110391
969097
793334
500726
829879
788098
746004
739914
735144
448968
368735
72299
482391
485749
862941
190953
861039
271166
572845
583065
93469
985793
277664
115509
175964
560194
45303
519865
818956
297882
319306
990853
696941
980369
816073
851737
782556
928306
326039
342565
438475
968156
772863
328571
750446
847501
154024
675333
83209
613152
844921
348574
427299
883001
456657
891188
147345
227259
534522
886954
422516
858963
714888
695674
380407
502046
237652
128926
491785
241116
782955
69085
827811
49531
764416
619887
186304
81539
271367
213005
448195
120823
442193
681263
645085
626945
680424
774201
223333
281820
121929
721893
992873
538696
40739
482971
208209
985523
851671
210052
199274
746485
59454
562787
607181
212877
287837
424646
498059
75884
40320
710323
638291
646851
634422
521651
241719
662544
405538
800051
810046
483839
742691
949139
310059
220149
844691
212195
449593
229660
423089
876725
882673
632194
375412
98779
151000
250440
614318
843555
312708
229801
919119
563313
728595
889563
713103
230289
632198
25269
636255
266873
351455
104411
500576
288825
362061
633180
39483
963065
89529
764610
46029
457106
456509
567667
241822
201518
803608
550330
318860
487826
5480
3730
599278
621820
357389
871219
45987
741835
882007
246110
543739
716296
646877
483603
439793
865529
139541
549863
522897
629723
851491
315982
549831
641314
184106
155873
559923
316763
945496
133332
668611
544408
607748
26007
842223
272583
44642
32651
743876
541634
818219
693394
226267
280277
254087
683365
239440
552965
826048
985447
25358
60303
253106
900186
849885
728337
735927
211665
942728
966187
929775
145227
915328
937863
658264
60136
363267
989090
900668
28339
278575
320774
845470
26426
239362
574934
507569
141593
665695
376104
381761
276847
772493
907617
316251
14918
5426
959738
867895
66274
362833
170076
969107
596908
286614
704734
921521
161862
259424
555036
912879
640050
768506
670034
498821
45433
339300
476017
303127
108495
888240
88308
450106
522
675184
519985
382393
430054
849086
979240
766152
185640
189871
253021
407754
469861
816161
5517
214176
360726
584105
550455
715727
596156
985237
388109
5832
206803
341011
202515
294368
301586
526779
545840
106319
880902
361978
488595
931773
535344
56706
631139
231654
883439
665301
592268
156139
333235
142632
758128
630795
534259
56955
157444
93507
92972
519899
930296
429959
659848
388807
928232
253092
605358
538572
18933
87689
367126
871364
691241
787317
439134
754185
182191
365985
772669
492519
395241
172342
607899
839938
142506
127747
372530
581124
557347
720565
112009
13945
444621
977540
116421
232991
684901
815329
717032
420295
999589
649343
671483
416237
708563
656717
554070
452561
606978
607639
579486
56788
619320
102728
652367
843247
484658
874195
458357
198414
427513
418239
28494
802061
670731
103474
324838
405046
939687
291186
417303
24047
8129
363340
316268
455419
898111
665273
396933
810056
597855
413059
976800
275917
350651
749643
93469
176633
912442
226607
328998
240538
418350
646022
211492
902144
439889
378350
150716
281995
398303
731552
336645
709120
466206
503188
44605
485000
405084
287864
922738
511098
196085
141981
178631
987232
471836
617568
997675
338813
750381
176293
281759
289504
471195
168320
181003
492427
406588
328566
783660
227499
169521
943001
449470
85487
478189
827548
973409
57126
294613
950030
594630
680550
934897
643466
305769
334337
946640
178114
111371
697913
14776
61980
660105
875067
508393
621189
732042
718436
410852
902428
963893
589480
244824
95952
819304
355230
625593
897226
91015
208647
244480
90341
537770
846343
343357
546726
121728
939984
172715
45585
812441
918366
186496
52738
520532
47350
8928
447233
9912
445369
226642
455168
912484
627107
45184
525143
773606
999028
100571
502210
286985
684310
591649
921894
159130
4606
611934
437270
503203
21343
907210
585950
470939
141143
125481
108734
100007
741158
31528
383313
822020
195109
556842
604085
442869
974710
204857
511833
957842
34911
507089
686144
963518
592974
729869
166563
694381
215073
235057
417406
338264
824985
409360
559994
312892
504546
898353
903455
786834
936245
356939
527811
764488
373348
249691
20252
628079
355707
915103
515454
969840
39424
204437
835485
261912
531555
559545
886548
676500
120202
325202
903661
230900
804056
798223
232720
359433
707032
458023
599765
997906
97438
159525
555370
317967
753427
380830
306203
481172
905624
967409
166983
546950
547955
53365
337048
723067
871009
530143
276328
803773
746567
866366
955341
992480
41279
824253
764361
396417
630235
321810
357495
610329
339650
702648
920222
456439
381654
146308
215885
930390
971509
240458
474200
346346
93415
102296
380974
975947
474881
304210
104832
698161
482069
810038
146021
954635
708444
86499
843877
337637
487068
662067
335252
724107
433518
587332
888258
529157
228284
940285
822039
558187
686359
183663
864202
787355
787523
313902
545875
870718
664811
492728
318396
739083
89854
654047
513213
749870
778781
708120
831822
777770
7134
503400
171453
753145
609310
40414
323348
613378
456745
133085
613950
199714
914930
286152
442575
679672
220845
929630
784555
192699
988751
298582
880880
576739
31565
458019
53832
401639
488347
659827
708948
142762
282951
267622
399248
797399
179554
635887
963639
23877
313480
866214
927213
918878
804562
457346
493660
521183
353271
203270
802852
435509
202732
601902
988126
252946
495331
177198
641404
410435
960758
70953
122141
867638
72997
196144
244115
841732
76528
490340
284804
337704
744278
14583
558259
903653
652479
211053
649471
942168
23985
823375
788628
163503
741731
306305
223079
407505
890410
935064
480103
827425
241126
641979
377511
996169
506263
545485
687755
812201
907222
456247
176817
584670
967856
235930
892644
125773
408537
370951
657424
265621
590405
491850
630559
730596
807561
570939
366470
930554
840083
514905
53931
455695
741499
464032
359605
689147
850119
144764
931685
103853
235664
327375
226348
75473
550154
395424
946409
24853
550033
119777
61657
113092
242988
36646
20314
24870
619195
654742
571740
882897
96738
334598
887607
704708
323847
142165
442660
948184
237784
404867
831912
154024
132036
647544
124436
723460
617572
285047
171421
327343
559808
20841
46445
394768
565375
740523
156911
246344
453458
451267
66596
158873
448527
743239
254793
973055
164877
927358
340452
374635
139311
335765
798753
246001
654759
340746
202842
286788
979614
281677
478189
374890
55914
69833
757276
1349
391783
395785
702104
535919
809882
888113
23984
162051
8937
741475
16785
391996
50461
695968
356169
304827
68265
469055
266873
792491
296761
312781
582960
946876
675150
190664
742676
283472
377643
782856
49398
888278
377220
886359
168919
192989
956539
628562
672603
864906
665169
704159
669931
285925
657598
198255
834555
931920
226348
459752
866633
986503
861163
741134
687478
470367
573448
279359
545820
217196
168283
949131
226147
968459
173054
549216
587686
18121
798192
200108
611606
961251
103727
493220
18546
826145
753295
454886
867138
343248
909876
46280
704828
319759
925452
259604
916036
693580
825706
164691
304060
487611
201607
534890
244938
285102
150159
887190
798745
351678
675877
204012
117524
945875
523707
779082
42450
594220
307888
394505
258140
691734
942250
987093
238139
491742
644537
414656
860251
830741
98825
679038
502865
945664
882486
187993
100468
283049
494257
958553
52846
716221
478955
164908
640728
144584
850082
568042
159725
888239
112676
723755
765217
10389
473621
407784
308748
416118
102184
169080
599723
935588
354173
815914
314243
650194
831840
982340
754099
545384
634709
470561
742048
96073
42106
53516
677059
920805
696732
488184
696963
437578
845081
609815
502101
525117
53084
839080
142504
391974
388090
255301
671262
567293
397728
319117
864387
951035
283790
820607
775209
826550
388049
793748
604082
107560
53363
117383
884967
330557
20289
708842
733071
427040
412742
525436
276877
968553
80942
608179
214553
728833
447277
843576
185521
102401
513750
5390
505030
477274
406566
348318
916506
459196
757056
733788
698020
43436
480014
777364
744331
692595
685000
709342
809001
885325
835771
416254
975426
646452
477844
711551
747615
860450
594973
130994
364296
502268
883952
384802
158104
758262
135712
554139
689870
825708
253233
102409
407531
780572
264916
774715
211162
800749
916681
991249
184314
888392
317209
78547
333484
441886
913540
912879
92628
17284
980693
759232
260377
669665
935703
728218
535217
752726
499991
524298
791487
330346
212397
761238
129624
164940
364527
814265
872122
239110
397757
738050
912467
979256
594496
918652
759283
670751
631720
924437
442443
330413
109057
274265
63841
366176
506884
433181
814735
493905
165066
184377
676784
725621
921723
256637
199119
359423
840687
217624
17250
954176
369612
280738
276543
491811
124899
366088
996565
860943
955190
370759
829829
296198
768863
914714
711995
205693
814932
922407
522461
911657
878965
978799
418855
102353
385104
359541
325865
77726
879658
676675
46333
949085
517001
184792
745359
8804
143752
538381
801516
531309
701725
487613
375424
309696
939988
324646
211898
836342
707208
758650
453870
727165
223884
518393
399878
63823
111874
888496
527188
331113
573868
842316
486315
800160
637788
141716
778751
580315
154629
779292
577983
292744
125671
502271
130602
864912
962670
512025
269904
128493
860556
919316
202050
198248
458149
301281
360836
581559
678322
228568
302480
187643
237437
590837
633697
506197
328751
636411
288774
779994
380844
607670
101002
646831
894533
49012
258099
18132
941042
808723
336133
208710
351174
426249
578341
427557
638186
634390
27017
805458
943206
357457
978427
488236
357035
643839
796938
792559
246980
61599
36003
70645
676266
988115
994768
817183
418892
637637
38142
57803
12405
651402
277229
659825
398137
288899
729083
190625
548158
273239
301335
150757
11070
368945
473435
651912
345733
239358
844558
181380
985356
917370
199462
457181
912649
541919
628539
674124
937833
171603
370900
68255
935890
137585
985611
91880
238420
44432
411697
458631
234871
224991
540484
74608
801822
629551
808948
71187
972131
717370
745397
176605
716235
7295
741300
685030
296128
433706
89220
655178
599483
383452
909050
263465
69577
49669
145321
656658
758363
558197
103706
906259
516618
58636
799956
448231
809749
189418
105906
455069
279271
948791
859563
352480
799433
880181
905948
85292
904619
686993
234445
387252
162772
699118
354549
331417
321048
487611
927818
152219
931028
607195
712481
854637
158763
70644
130152
470974
606365
724284
570267
274574
337704
863076
629068
563749
595041
492130
430608
800217
893400
464781
251452
533321
90108
832534
408537
952454
164651
671073
827792
252558
106225
209704
814735
433475
426489
444605
552372
715603
867575
65297
861621
281932
967363
179930
617210
184604
545578
691792
644008
744077
806253
863585
726131
926570
612850
955855
907324
172946
492875
472137
244405
747742
587934
139541
387884
151477
895368
716717
905628
448130
70700
93046
481074
407024
811805
963339
400736
418366
338420
548921
822429
691592
931391
928137
991191
798959
405022
783981
344965
548902
411762
296906
225196
704708
732424
626210
384179
358956
373676
607227
308630
204445
683194
14687
86833
918061
694310
622322
605862
480053
507171
872941
648874
326065
303352
749404
295368
858707
839462
942367
555086
901771
769461
848420
442774
728565
301513
714897
561886
406294
110762
399024
555287
504860
537328
920157
265105
157966
837547
980731
446700
248515
444732
709667
506162
875814
79
462505
577831
731095
234768
516466
171349
793904
909369
811585
515041
168991
93866
93881
399567
665021
982240
59937
758010
832923
561632
122863
206567
370581
388273
616827
465412
301319
592391
611841
45089
555444
348412
209544
798827
889497
361987
999206
32783
754844
131719
553775
71285
341804
666218
83033
834892
442929
385432
922962
784817
621146
794782
286194
890200
96643
875173
307692
949380
574850
477374
425138
652207
635002
946800
355619
760295
287101
916500
895379
594571
763481
363989
556130
639229
729675
664646
273267
284152
503670
160729
909189
682986
890004
851518
191552
414971
45905
957209
326349
270075
733886
414487
498299
160770
347928
825428
965079
791250
8947
751749
192586
889359
219834
388135
222206
819163
908271
80110
498809
983770
550759
906093
928236
383296
443044
877022
160572
332379
623563
144843
349892
778444
407157
833752
360827
854454
689639
224809
949146
308310
211858
385727
317822
727473
55888
253860
657502
113960
219133
96666
229051
341781
440906
332946
598813
377021
540090
291219
614185
684485
905189
157163
340231
306203
150499
157163
86940
191416
450930
958939
254710
815842
900615
648667
212058
366178
264527
724166
413788
977487
164563
129338
356481
871771
430285
106989
664588
233129
591327
339800
798042
247767
23989
412034
771111
770199
545446
829132
937509
790043
841987
902097
36016
282197
41890
374878
130452
679629
491545
460690
109935
434006
67990
529737
61369
896287
171142
626987
560457
244745
83699
434451
443631
434693
812807
524318
450482
569453
772134
630502
163237
239684
300408
382466
42030
805348
774928
694067
517337
717804
737097
389991
500716
232400
52050
685606
449338
91905
525124
130865
772920
706254
742768
628079
775223
244201
73555
70645
947942
40484
942645
626478
715926
216058
181953
9113
315475
881158
34691
745599
239155
951084
188616
66494
969552
46491
560816
326136
960439
500921
84740
528004
900987
51295
138226
550228
623244
60936
40924
562589
609389
408498
471363
219486
41912
759218
522034
176877
89634
107399
111874
426626
19211
218916
906743
541510
387950
365814
595623
178063
727029
152475
539778
222419
945751
662726
538574
761271
510104
937707
349952
946302
307503
678101
455200
625227
695937
514584
329425
420074
228512
56459
645011
279432
676249
444621
356613
655175
51170
521867
96323
52661
1782
167581
116151
511639
798423
15572
181148
55021
934759
404503
707794
89780
617389
6064
400820
671466
825965
329182
528884
72780
478777
877148
639470
294627
862166
899357
896237
679168
247662
671196
79671
968953
104445
737135
732026
281233
838025
555690
804121
630024
913921
178334
806358
899275
671037
986987
867504
594655
725147
820306
452909
508423
864753
617170
472816
853439
796193
911845
815751
342843
630149
16268
531994
381761
332803
487978
67312
528153
199479
256749
137337
274485
474568
634350
923932
456228
591896
715086
620339
498978
97638
965343
736430
917497
489471
656576
599906
528827
32967
170548
945195
412805
283894
764669
457944
165462
251096
568246
528815
27775
169341
461643
400451
458399
802667
882992
938537
5556
593291
429654
269385
471326
164121
533197
86243
101738
551296
146036
609241
915916
968601
2009
260765
858429
557961
957151
192159
567673
504975
186551
418940
428394
772947
96068
84158
73894
377021
7461
692687
918901
862992
282964
43432
147891
849492
871348
65793
732775
768361
42063
588871
531854
517724
133239
566293
283492
436680
948934
820087
787433
752091
94164
791763
906534
52835
341219
646172
196997
116222
91337
431021
616360
354689
882461
147604
448355
291693
236365
157660
641386
809040
746394
77980
275555
795714
260399
208950
958267
292448
653975
98348
500035
370368
379683
910597
936384
225814
796238
898222
523714
366599
747162
241803
807595
783047
302451
940332
872522
203666
457026
463638
89466
607181
335205
321853
675833
661842
8778
810581
268590
669931
957662
734548
997036
927367
717362
512951
496497
157900
955329
62841
770356
415028
383565
853954
90144
565375
741421
888389
640423
822986
646094
86981
881277
581804
967900
816690
910184
484431
47090
38033
154147
16859
381098
84418
348734
340746
269149
527450
128415
673564
139203
343486
710538
57812
620318
80331
808530
447998
467309
791789
718061
902456
296980
618078
122346
496571
85308
945525
137386
285338
224454
250733
753939
162433
634230
336911
308104
990
719966
250337
746960
641111
596872
163947
161449
597794
839916
505110
79593
370730
380065
772132
946365
655280
155227
333532
116320
131124
462
774711
817076
628773
200278
377889
843445
17386
953501
954054
196237
662544
687582
235061
498550
141898
386949
422957
306013
116442
238165
431067
974769
61016
146509
978530
396181
400464
176221
81228
17976
682066
65144
374306
541408
457643
696437
340677
429914
895359
55228
158480
734118
363065
754127
233847
482813
224601
7166
451304
528517
16743
42519
500219
845718
243689
397783
810033
20964
18647
376437
259848
75651
616946
198560
261705
727897
256678
168245
732776
943972
35266
143846
670788
742896
846284
609317
129909
928539
408351
237437
662020
587614
485707
349022
65055
966945
42107
933160
51586
653074
355566
336240
791789
111495
732424
895998
842476
781870
453490
488464
515924
734242
704596
523625
568643
748467
522462
465709
439202
745245
982439
108389
990968
832717
9748
572747
485582
429544
658387
417271
951807
266425
9112
913439
370460
21846
731303
267681
424376
356499
390099
432933
170616
406270
810790
129024
746024
472320
13119
98866
28874
61206
100492
549018
293933
671226
372592
494225
792177
52447
79430
619819
358875
504618
373983
505111
383173
783934
368072
881922
865767
899613
626749
66236
794291
740326
36972
85699
860708
387676
386980
499973
176821
209559
167953
10851
658996
981028
880058
85580
5337
209688
384326
922518
769893
733035
653841
570564
775324
234833
686956
688892
98315
396539
646105
535235
822104
55445
719288
763816
43562
725509
384865
782673
779771
605598
606274
957568
870312
748176
690755
2902
609837
399791
834955
116922
288258
155401
19389
447489
251901
553731
404296
40066
935288
744084
972218
619696
388542
287795
338925
303530
425713
334541
813756
429905
26030
269276
66494
103600
175545
164218
291767
847543
817011
309867
283092
80366
573179
553619
84558
981064
627704
537588
393853
814932
4063
405368
432058
121497
358724
82826
186501
152104
24595
135507
759667
929541
197677
417195
101481
104228
802117
89439
595979
144818
134058
103843
633713
344652
142792
392024
396763
157669
418882
169064
526472
511596
114238
483302
231059
852778
514194
634422
781178
403001
541520
158504
334428
583674
823189
205752
1935
493077
670554
201986
139765
966044
191038
30021
790461
14688
470680
983666
143552
473788
559203
617207
429371
379889
335504
331670
69341
432263
534032
171332
755560
7833
386980
148300
164058
773844
725846
622437
853855
626748
863731
264339
745448
69821
592818
752104
617940
209221
306563
711881
832546
954721
150988
645622
323442
366366
249205
219518
779435
685431
571514
999143
544794
80259
454381
650425
920022
348512
369102
223201
796876
283061
672199
520565
795088
234011
872546
323321
431037
351469
410685
467777
414246
286919
990658
866366
16611
853143
43033
453614
780339
444234
606509
690519
367057
951833
216927
986096
252517
708440
765967
382110
856123
648028
822645
872266
6759
958699
914341
43999
654650
336310
927725
960956
671175
872017
418356
399420
911404
551498
954024
858205
879483
168425
309978
731227
473719
999988
663999
956104
23183
70172
387417
677416
207394
909418
50624
295094
590892
757262
238050
638776
183468
180168
671247
509555
671541
718774
733182
338967
993565
150771
355496
54517
800589
750202
848888
532043
42202
225933
560395
95054
994725
181591
364618
760988
692199
615021
124326
719278
901445
185651
792012
717485
939393
916308
912301
898985
216508
295670
350031
986405
652085
571626
314679
59885
374635
283508
7173
120220
109922
811424
965037
960518
15436
324043
478458
436347
613307
437411
724061
478433
39998
87027
370033
953284
331325
931680
922157
257192
939952
262667
364635
959009
977140
907433
335867
925386
226231
783088
749175
187884
852893
851591
263972
833977
512393
220461
528122
879041
270950
370995
691298
515012
311095
762745
641202
827742
470974
559095
912494
943745
216571
885944
440116
157462
880799
825694
107335
309045
667968
419567
306302
470937
357496
280751
119106
554932
612328
277123
475021
181178
72276
551535
972160
833581
997036
525124
411837
781526
603061
157054
93069
974793
63
84147
523760
635384
798286
272614
490525
959650
421626
760060
959276
856819
915091
921597
312969
855104
118323
168321
304140
361044
2053
453851
14081
170382
741731
466124
993033
441059
325648
694087
621727
151783
551296
762108
548272
987698
271948
717882
105583
682066
233309
123923
335094
725316
237062
478738
128890
443147
392528
75801
388753
633788
907418
537912
345084
280887
128847
833690
627487
271895
578631
852219
721539
990773
241615
88401
288156
54298
823346
94833
793438
727173
47118
429518
131272
83294
615935
558756
403603
560618
515991
15550
254284
11485
599867
653037
829466
13552
604414
292897
149790
208938
777516
279645
129133
596954
424746
116944
876442
819327
722108
737622
938323
803724
722778
986821
864458
120068
16969
586477
239840
288109
664498
888527
876666
455563
433964
932215
724243
853855
222419
646888
940940
672621
243653
938572
556573
948184
571555
347410
754227
472429
102651
465105
74952
427866
459038
697724
191054
904492
204404
427131
56423
84713
988405
612917
340695
28644
650836
662665
329658
77901
602434
464428
92033
495528
143347
407925
699896
536470
558709
545595
494506
35786
565805
709309
120793
516808
229863
571539
215471
530369
756826
275287
418538
873398
619180
796651
648121
697455
876758
450794
486154
794006
467503
318945
556130
970293
185248
557524
915066
105492
834167
672308
569989
89505
332768
147138
699703
806985
836434
815648
201571
621222
352863
768966
445438
77104
87195
313443
524298
686993
647166
943984
706684
508434
305809
804593
114610
706628
590173
835566
634995
590589
404048
647125
848140
980723
36614
146977
529503
413580
983625
363065
711117
376310
72088
262971
24707
706076
57624
634078
137507
531333
988953
925388
333632
42266
499636
766330
698855
68737
480597
47704
779955
972223
468288
641762
138413
215586
285841
7571
921539
811756
715343
777393
926020
684043
368535
910967
378342
955518
359067
571560
438342
352630
346992
504832
589793
261694
977610
926820
35720
466350
91537
768790
819610
453195
708993
614959
522681
351493
677303
884177
299424
759849
967585
851588
809568
395381
841693
939239
367535
280522
680803
284344
672539
569225
939958
560560
766525
301674
40803
139268
441121
688129
71903
431910
171046
849909
562990
864742
357633
443099
207985
679113
422209
311062
560370
8804
327575
217897
674459
848575
644333
792223
112611
632682
833356
460085
836544
837711
658641
338478
600398
712602
87877
277648
847857
576651
370705
514077
883601
33501
807738
927411
687265
805782
255911
537106
17567
852625
19006
70402
803343
153571
375930
340617
547298
979256
695874
163357
857314
881301
923798
779963
476083
747494
852671
561727
993215
660326
678562
307896
78852
979603
853093
926219
650270
630649
947548
57804
412052
532070
207257
891917
988380
803815
851036
950474
371340
517176
741041
417355
477907
851755
879832
741813
177621
677055
511716
337412
121885
300140
907362
948020
544811
231610
635719
251370
340609
869047
568546
451588
139599
269667
995731
459256
623963
341022
701746
255031
109072
214685
637978
414722
233203
56407
353011
885210
55951
718221
982309
852354
27168
304508
723320
742775
996883
40765
650574
919882
207044
339961
643404
497455
329179
495940
786913
129395
74386
647291
365055
255377
238642
262796
122376
938968
136964
987953
513257
635486
700288
399152
435071
900608
85771
680854
926993
805471
958413
937441
81975
554026
897811
515001
704173
191830
750148
34464
525294
990695
247744
925308
784105
696479
642127
358556
88888
232595
570876
106438
424621
747682
476639
442991
194115
826664
346360
623692
903192
835507
11163
293887
8381
205999
169911
28672
250002
607798
169076
966319
701611
804225
217430
375930
929317
846944
882986
433454
158328
470343
185732
541144
806592
886135
464816
847909
168202
348864
695410
427664
749371
840520
705263
630309
52033
349464
131043
94223
828246
145165
728463
207593
46653
450834
310064
158018
448130
958407
529037
139599
644726
835995
12080
790069
271397
801403
542093
829569
775582
178765
801089
591561
158563
136406
502186
653605
375652
419044
283202
456247
455290
44518
466014
120160
228905
733894
284501
124636
444979
313510
871857
842695
912791
167558
180848
629023
921843
357619
66547
390070
774065
811231
842586
737564
972058
432353
846064
492997
174846
81871
635849
667451
468057
878940
678340
704173
552961
890926
636568
927573
431030
301335
971656
932282
733363
276062
28821
485839
141894
465513
76231
422200
752884
266600
32050
353510
803876
31604
770428
253413
33258
612284
312882
736444
844476
440474
602478
620554
887177
14557
424483
534169
511676
614740
673791
462068
601019
35823
622091
230249
848962
337799
516683
834576
504025
385581
879617
46581
338024
159638
36199
232086
54410
961633
735487
654792
529820
247295
209994
866802
31029
966386
768501
515432
212035
882303
377258
616039
445169
529598
869120
609930
583520
344839
727473
443731
234184
919931
324563
6085
214167
471814
679056
976091
244398
606034
628383
43689
571445
868803
302549
939302
556107
926344
882856
588380
288558
208551
310857
883546
228061
1116
77410
230207
713406
947602
840955
448689
559194
169226
476518
430793
188437
288506
261407
695929
777837
44371
495153
601294
173385
116908
780725
538533
25359
343142
535029
398402
25361
96477
995228
516704
791754
509962
170271
576750
754179
355948
822779
554457
369663
300163
745552
527485
415396
567042
49228
400771
968380
929167
164206
891329
6998
881419
675696
715340
90243
334433
480392
733960
376034
292462
818450
509300
269909
187607
757958
406796
126286
89182
154147
657115
682378
364482
421300
86591
915669
435065
460365
111334
507218
297250
844983
583897
654303
586190
371283
99006
956929
47634
310144
359990
792004
834828
99058
961181
527113
839784
436580
264092
812929
140062
578023
38296
855561
557179
337909
705741
38044
997044
271271
855179
602817
94404
360020
451151
917966
329444
868913
191624
350022
836457
98676
606930
997838
327295
936145
493102
360420
891114
703534
944258
887531
84188
931283
630309
389728
249937
387905
555679
20594
851209
96784
148270
37360
789912
345809
479942
654359
263799
318179
219646
587549
116919
733684
649071
755532
758863
162255
98323
495677
266514
230084
855604
697976
701302
908776
40630
726149
570339
672841
280791
286953
810453
289689
247895
494536
564980
120651
115598
48722
496927
528526
431852
647279
358631
250637
124259
667632
122831
606296
659215
964796
599367
200163
775174
697439
185712
754151
679549
509340
38163
290659
574963
697724
629100
276502
212203
990482
885118
370086
863441
823988
201363
192509
692446
15689
304026
971169
208105
936696
890256
229236
255262
527256
648954
448840
100675
285626
935636
66157
531174
345344
478976
434587
836624
624525
324322
5762
115121
340259
357035
999126
14051
431117
653778
87034
48110
212400
643022
204763
333050
480887
955771
412018
642337
531555
94752
667715
756192
819876
357278
290738
421703
942436
547782
54730
896287
657032
391170
544760
868578
959581
841800
777028
24220
764882
516553
891833
376850
814351
806472
752191
440086
976904
148605
841235
499173
257211
626585
239120
121902
450254
764484
246307
633562
454451
540693
209465
561424
575865
849286
177271
437999
760073
506661
382097
577528
720258
59583
61871
519722
97599
900100
487978
102222
600057
277157
798640
271409
179080
602069
210476
549574
828448
821911
285712
752897
416371
313556
464101
560977
358398
432905
181555
657814
465741
579819
647917
610398
658355
79334
97364
493184
853963
104333
172311
701124
436020
861023
43552
630617
432535
549694
623999
552012
831281
987756
977877
516970
600519
42121
861189
936127
356751
113149
445418
828524
361964
664570
626469
520011
246305
480371
397443
191979
871498
757039
325148
998875
428972
894288
660339
424229
555442
265354
216680
542610
14435
403080
245703
500400
40932
355274
233564
428901
675484
600731
799321
136504
630960
114887
243407
678172
326033
639793
704048
727025
890219
160886
337961
941056
623345
112209
979253
492204
67417
436004
233925
681807
839424
286157
900946
177161
327119
161837
455339
136241
329951
43999
492513
993723
621504
66315
603810
579632
265404
417575
991228
807381
609006
367833
96095
767032
712401
392992
631406
878019
840426
993680
834658
310367
613887
725943
649267
26204
123429
940635
503564
645697
514588
488769
60230
906448
387525
254438
723746
48668
598021
109992
261177
123140
499221
50197
8208
796134
318121
280173
367198
814276
164518
427753
271133
939570
853262
32695
485346
873958
485720
342848
531325
829798
56706
3051
485951
887856
670264
448903
506386
936797
979268
51598
831455
680007
959984
280107
831556
504059
300894
503290
960286
315139
839014
485627
779023
467003
823520
888457
581223
695944
40853
165519
605970
182436
727733
862491
143299
245976
427913
364648
830609
628522
352083
756456
434998
157838
968921
564623
251681
834838
910436
234240
465215
574538
494984
915252
52720
949356
255647
641747
686408
87793
611416
187359
290320
372469
683915
711700
179871
460458
617100
806074
273364
696510
921507
742724
85047
99048
847175
892898
364203
997341
669398
957842
909168
474432
463868
108661
394879
135077
107526
428927
478009
159288
104091
22595
826264
203811
458370
904583
376186
628998
890761
770344
280454
249023
623737
356876
441041
524100
902443
379320
777703
357314
592894
846401
891608
324787
727930
138894
385026
749204
59813
700784
147929
968768
178385
691078
677359
658996
361410
955020
336739
385930
181127
577508
21775
115337
465865
636810
863952
420021
213141
35942
766663
4673
562111
943544
985115
411012
119206
840209
458204
872088
886319
538308
561981
101995
339662
703719
46424
225377
759780
991370
779183
504479
924692
546858
611052
250439
755449
428803
71950
790876
960510
328101
342041
995675
840223
292255
134817
142485
326810
717310
357980
527811
535503
389397
335872
631206
386299
30994
321701
625352
258967
614036
281801
216728
349112
192506
700534
873270
498769
824957
273267
608919
129574
56069
79709
846265
83061
759937
76487
411781
284508
314845
474107
64757
451175
12861
624247
559965
101946
163021
566608
352074
735090
776605
821019
471755
677307
591042
616589
454559
134050
558824
621393
673794
844144
72398
16130
326566
727993
109360
191629
977877
600734
665659
100949
389893
931050
440323
331445
383581
114610
661892
238424
717370
945858
79089
954452
834303
314454
61871
843982
68219
640846
416415
142629
166447
722461
693577
840143
86251
994611
74860
781836
512596
678322
203301
517262
955200
987231
358316
796057
773803
236227
385048
321337
751759
261456
758560
484246
615382
904896
254979
800856
649366
912674
706693
859809
216358
950524
265349
781679
366359
130328
882034
698373
954500
844247
200259
888282
650437
150276
775136
384159
272135
822247
801041
489609
724288
395524
524125
777860
935042
247299
306719
524406
525203
90603
849280
71381
60462
481896
690963
824386
95770
936790
338197
525535
429747
580962
538325
363504
967718
97889
966126
236593
225121
946332
36888
196028
86434
334797
891228
325697
532396
131159
580750
104356
902917
660760
691223
503991
539856
482064
882433
544652
818961
487820
621707
129182
357822
328224
454094
386252
573493
498037
113543
666571
213262
342260
423642
909936
302406
157729
420856
35795
945454
74390
273630
335405
359144
631458
481221
404772
751080
715803
250637
238869
113093
457301
430402
773747
132618
596029
302785
861161
795618
883000
397354
35774
49814
285631
991866
141558
928976
317518
466944
933159
646322
593606
469755
655278
453203
164187
352919
759903
305070
778095
326503
404820
721734
504096
200342
399770
883744
904785
92170
360106
995272
70659
424456
632732
775599
387688
757875
734594
756991
741253
354976
296185
677791
321200
751918
853459
580804
228879
398340
690209
399699
248999
297054
596105
690586
179805
974792
521185
10624
462548
844658
999358
196085
453155
721647
889497
597887
772472
339659
574975
259154
597105
961023
134251
824794
527080
90331
177654
759936
965803
663598
457809
556276
885257
737003
213861
892678
211259
204865
275405
544048
604074
711062
474373
150956
924575
569529
343951
71154
917229
740486
924387
624604
805458
366740
984870
960007
303841
214470
184265
444979
138155
567895
988738
366599
659306
913929
429527
662194
485544
923219
564591
112299
556433
351174
44855
179832
478777
200344
395658
243963
687753
993753
288825
634740
398287
537925
953011
246579
536352
245609
749404
443214
375196
987957
393731
827255
824737
76853
169566
451186
70004
235771
603650
338775
746848
57921
483205
423443
421670
876688
599199
17250
469213
270181
89705
238374
148420
718471
722734
888472
136853
406588
203265
894443
788502
747106
691767
404844
670998
255377
485811
853452
395524
472750
719752
90564
498094
957984
902838
968956
266188
606194
440047
669112
830624
290479
44344
667335
428941
310639
206470
902722
81230
318839
871000
693645
781353
247402
370491
359043
75424
796161
264187
683432
523520
103189
388720
263802
4472
802036
351865
580044
198036
588673
378837
577746
301538
307012
936595
728934
678554
7166
99697
878696
95296
839384
414928
382686
841315
804660
786819
697246
860590
597647
191829
34666
776903
826245
334204
394490
261785
413644
632434
7250
746515
712873
214816
167843
509141
854632
549437
973372
903455
37469
430532
103379
148109
802344
273818
281041
140245
855530
822278
740045
973980
919465
789954
797471
178740
647037
512747
649614
17412
245639
445961
493223
770687
938011
85214
138039
252646
932215
317063
303440
98518
266295
336601
42992
667649
103099
347487
241496
204521
185577
702528
164146
650460
261079
828638
582336
758211
9725
314481
305144
950679
903983
697038
242082
11670
908649
685200
378187
558076
795497
704204
336308
971056
450772
384415
285422
772884
203126
223049
833440
275290
265788
65283
544603
790529
141196
601793
640307
555173
334121
845374
130060
503290
912587
686243
960591
374355
651850
176078
854027
985356
567934
553419
601291
153306
968300
570471
758560
386641
456092
545668
663225
487099
152232
467914
152421
38768
504195
322938
30944
489434
870436
168770
388923
381115
613920
904065
216385
250583
981134
13014
46176
854518
327442
823687
183464
233155
270249
709670
122337
804568
202128
576061
268908
882022
518728
906157
119565
174477
485728
769646
828363
790332
581811
230120
60585
490141
702687
816415
482391
589888
596232
1957
147285
683022
403730
692532
953532
78859
1457
38442
446006
51682
153768
666157
687197
478436
948188
504489
800078
781400
995328
510898
152316
613968
612751
101285
567743
743838
663633
284002
279139
475161
958065
245379
69964
412337
588394
695059
605812
680134
236710
313674
329925
321712
844678
473510
37789
275385
520036
507717
245176
470859
983271
553762
555846
587553
791473
353485
47281
772134
512333
263737
663725
64737
496785
614065
216847
212711
524379
559364
247744
919250
901753
888213
381140
679800
750284
30605
449555
155832
772347
860721
299063
946374
270107
336540
379320
541673
995527
329278
698298
40512
888231
656188
248979
187776
48987
124931
205777
995185
439983
983770
277713
286152
292381
235346
79695
775963
563698
427390
662185
528870
289378
857469
447142
772037
43277
685858
677646
626042
173507
726898
85902
427809
274485
226159
278899
509599
604590
948272
150670
781039
658815
642527
348821
985679
27163
775324
583101
615709
74381
750750
832286
118605
91660
904746
284885
120041
149616
615582
491992
945839
580112
557768
847416
439338
559273
544472
26873
110519
578157
967566
856123
310341
508635
920877
604692
239870
802189
42658
829623
181148
333066
137804
682298
11987
764393
824864
643023
522395
918605
102773
244831
556735
80571
391512
146878
746144
529851
783427
882637
715767
553414
903880
469467
325535
375435
413553
877342
291208
53548
187129
814245
703983
289898
374107
344245
272030
423294
276893
279645
391793
403345
917277
728719
705874
87080
965718
966487
972561
470021
719342
354213
899766
928639
865049
304356
752275
321142
77054
44432
668814
590203
178213
851323
232878
8333
792750
285606
741343
887005
595322
418557
777204
989258
881038
434339
928875
76901
466628
920493
425422
298851
465176
573111
678529
891339
171679
408554
497589
59364
74811
346057
207134
664602
187523
927725
709480
553337
516125
440247
613669
533823
601659
128069
849789
278264
775753
630795
790043
110122
899951
690870
663407
685838
907179
327059
38442
606557
957241
166005
164680
892091
656353
927795
814144
767044
192431
27665
119841
617140
38039
11920
119314
759705
28251
967590
984154
834359
841995
917008
77413
902267
221677
461193
774498
620167
129932
798871
862254
58425
467650
652105
605913
198104
903056
403498
374150
326355
834021
65559
359893
682163
88335
354273
373785
492284
335006
411818
632776
34512
434478
239735
34224
765860
271604
651857
97438
714601
303655
871627
694356
958662
875407
57394
106560
635809
345733
292965
978915
117393
271609
450093
849565
444039
89809
709558
41515
39099
8365
395563
139053
756038
664858
919301
619956
414575
939570
547552
422619
265683
933290
830967
808243
189657
136319
817165
251745
716252
820922
640380
644034
512886
786123
136030
776566
961787
229240
282815
562515
279102
246335
342118
545251
878104
969905
522006
892788
78537
582286
40258
598230
660416
414559
119078
365951
511019
659440
118961
900261
601238
16390
971523
756991
325987
350224
524489
937355
831328
990806
796502
590411
127057
976954
713045
343835
901595
850360
848873
992267
28744
512403
964480
350422
680257
921247
351868
81858
826195
268100
157240
542095
540931
325809
572965
816304
985486
976798
256622
313963
506525
311116
376800
17533
53953
142316
526711
947878
99205
27388
652850
406524
444355
357999
819902
590927
119030
789719
590941
317807
741579
915249
926165
323161
578799
221364
395533
854675
619770
168656
416208
238386
367324
592104
749741
439995
443462
751257
648448
112289
930252
866196
177940
767649
267913
77873
268347
31645
492389
30431
386054
924852
946331
470380
808637
407261
210551
660194
768223
660213
530541
675364
514325
753601
848926
252078
547688
697388
725436
254347
710728
392926
854256
243348
525891
203363
519562
971794
876406
8898
683527
507509
255946
92841
186918
489203
807529
51435
88603
412432
766223
102777
24888
462116
531854
607798
573373
615939
826823
905452
948970
619289
447895
155506
578725
919448
715866
477251
398082
456610
799408
644621
236538
110556
451364
79747
581195
377930
642942
323825
841698
865801
659020
118032
239948
507827
947378
900669
898911
116549
759218
266328
562583
470378
843680
901303
167028
594504
767056
904960
587878
765033
714272
973726
65218
287920
588385
395349
202030
134525
726198
357844
492943
110447
940661
665904
571386
61657
848195
42552
174425
174318
81751
405157
948027
61480
457878
562475
701515
762504
339311
546092
74069
757465
438844
524904
146421
160535
563126
938124
71637
231056
617207
414027
717323
863603
590611
993642
734523
923572
201422
203891
825778
690411
243129
258454
982791
444342
468965
211586
805197
755437
507181
929611
972103
605642
361158
670751
142258
385033
627437
460227
319942
385009
587723
110189
479513
475884
891192
252042
222631
713079
52425
247767
301684
344209
282567
978910
267877
233596
607532
184012
514544
888329
414810
115444
82879
844222
588916
87107
743454
128866
970401
282915
777615
929161
946432
522385
685879
740343
97105
28397
15550
462776
157343
930249
498580
215037
699364
737438
346427
510811
149488
634990
465559
651960
452679
322244
836422
7985
627875
824885
317649
39842
52249
434355
318883
713579
578301
730659
826234
942938
793162
217421
171448
909556
981963
882421
705868
656814
52712
68654
133815
299918
642977
203446
889196
920237
276316
844051
741044
258066
930072
438475
658350
513171
469554
938902
746775
605869
142075
102461
200553
881699
118971
213153
985199
491055
470074
779420
275405
598188
485572
127025
866348
141169
259684
145366
238356
255357
570595
894160
58414
440027
422011
13430
614784
827016
853413
136184
280883
589037
466198
145238
768007
229976
518827
510487
977446
284481
651224
685838
233974
131066
324695
79817
164916
604392
164513
647391
2801
548288
840890
173057
306695
25089
642664
673896
387440
767449
379109
93097
840651
444816
647254
610534
100726
831572
73818
790529
399420
332974
553886
603453
324337
38780
59464
394773
598784
661376
623554
541882
25358
654089
391846
978570
392207
985115
772755
232273
646176
100352
740251
594327
924748
840955
647247
126455
857065
75815
383006
631582
523462
204380
433755
246772
152323
137767
925501
685648
353244
360501
616958
573045
746763
299109
128489
108333
440539
906653
310557
236634
814643
164744
817211
242384
251666
435071
12044
805881
349907
610183
304623
954497
53953
38019
180697
481968
697945
333525
941641
885901
801398
234812
475940
813169
977449
522797
116319
217825
713700
438210
326178
427563
850103
447739
438798
235407
576483
980870
553925
547552
531124
582319
997608
785409
397780
606877
777718
357846
442440
711582
215786
241893
723099
95478
517058
281546
425016
233615
21775
279018
795455
57225
35384
177675
156428
917264
744422
673880
29721
6568
291409
393159
762969
810543
987150
899736
531788
991261
750896
528245
559366
795102
44686
111526
353648
777000
425783
202850
337863
309559
246177
966392
952021
780934
94989
800832
179032
270106
891854
709158
924592
927196
344849
509329
614959
466309
379895
994316
775174
646712
922749
487542
444048
502903
903804
568171
820346
568885
818678
472332
26313
843679
922830
643341
581535
546687
154197
461913
564545
706718
753957
263465
919039
640923
42517
454601
76489
321074
266008
916154
802698
358882
172239
570263
872482
81689
662236
847708
675824
911042
713936
601438
557455
681753
597309
200469
382125
281546
598480
401022
348311
400159
520332
829117
278861
660329
157840
543097
741510
420087
85810
999989
151441
878899
200362
345008
292708
442774
756228
238217
994151
965239
194976
257057
136672
154433
828521
432063
716506
277031
453572
672098
498880
440067
772790
633258
734577
103902
389158
723818
271431
94885
940813
22077
952923
432063
399487
616747
994917
182497
381003
54427
767391
911491
751754
902544
88143
802852
859944
904358
359167
830531
88921
421659
936790
473831
303981
830625
571533
3433
268239
556486
878289
701766
731887
755861
8947
154961
650629
895996
315279
781734
587546
365732
723501
559091
724189
228336
827768
97253
207532
783660
109956
172247
320572
53548
888471
28325
561217
340602
271718
732037
395909
625503
981528
813353
321880
342552
338611
909914
260946
990420
947542
151925
630617
701273
405107
777500
107925
10373
653101
981402
607689
832703
586163
343557
97928
863380
785070
944988
115025
753742
442174
155507
346164
971497
658491
848592
476339
203434
478146
673780
909866
364468
263119
345063
813296
377913
350037
465865
408516
917444
382169
825406
655005
991613
867671
776336
794810
971988
66535
667890
254208
99116
663664
310080
146680
189646
710324
170226
143530
842655
101999
48882
882364
192317
510490
482310
956580
224335
412617
138309
292427
917514
215327
413422
265990
828215
224987
897054
313255
853119
618556
837056
39526
793888
140347
444221
623061
864767
509968
368090
636418
329044
147386
63776
641889
115149
740147
103332
761844
496102
253855
480203
795233
837091
437916
103703
562583
538173
227423
486127
818368
470668
635121
922473
456943
232233
274090
902281
21846
725361
991845
772746
712955
635188
23622
343259
28325
321509
400451
775047
182833
279951
702177
145271
263081
982553
172105
8526
223783
796651
842616
353517
871080
627677
964025
935812
615100
947907
37822
992305
568582
129906
432394
878440
286907
844251
392269
792405
27168
681225
126636
425295
132663
439269
920522
940225
936569
871875
957184
943948
339854
733363
116753
821649
752445
513244
812458
17733
909717
2024
814223
279920
852909
252670
750007
341022
978436
572996
259373
898970
649733
449555
758452
156395
489203
18693
834888
199352
673973
319482
882633
24341
635842
22352
742782
11920
722263
423882
346535
200788
246883
404246
736244
38655
49738
501410
280305
113795
720691
816538
353718
158325
213064
813875
38322
319585
909833
170783
394932
554816
129089
480826
723231
534077
895564
404676
632558
219472
456135
806687
820757
732512
427152
906357
379501
875901
56840
4919
379665
964009
480644
327940
227406
499270
708759
964736
230343
455708
772881
603665
218769
44360
182435
65292
955908
755154
2328
565716
112504
6045
335409
204792
748975
525158
593376
885719
265683
710129
158275
666177
200102
517183
342937
286725
62793
462789
133919
142461
676149
989019
237982
804987
968447
837871
375813
608001
941267
423210
361781
160867
445364
254230
851531
274040
153651
870405
283651
631139
170897
814724
950623
693047
181694
90341
876927
457311
335630
824460
365869
747742
986564
237784
189493
31233
229197
127094
334041
126743
545508
172430
891270
306954
719452
581371
266867
571081
522070
885902
700245
226030
199809
366077
131326
878976
200947
9475
933244
872274
142714
164264
529120
44709
896149
565913
263781
579748
190625
68700
799002
140109
362034
599017
150363
876977
482549
952512
500121
454549
292549
590367
136753
98059
229881
373309
928804
138745
69709
53399
170075
565625
810664
253922
768699
801585
864651
655822
31436
284490
830943
458690
441275
263414
219094
436440
682018
121320
679807
881288
932251
735107
190795
345733
761498
55473
974371
32800
958657
866419
26417
23157
898198
280180
228011
805802
519847
124460
337014
728463
93840
294933
104287
727640
37959
631977
960680
813240
360198
474200
906084
543090
976188
7529
816163
594242
186155
739945
168758
731793
55120
896428
191687
112813
127048
178610
998205
39912
95296
659784
888107
423089
556709
428181
40765
958357
429175
841841
49505
459092
611416
141416
281480
313879
648642
1812
504366
776739
676706
518046
454062
134996
880040
250336
813127
891282
161912
679085
932999
613909
110466
948410
153849
193166
135814
135096
154606
525508
513678
886666
81411
628463
960267
609897
567949
813272
760708
526916
861497
727601
889318
201613
941677
348689
402482
970770
232739
4116
901746
1270
672073
841494
291248
617624
378967
685217
888686
293994
599958
286847
882538
459189
830304
96401
779427
264143
397518
720915
452673
565763
334893
802713
825901
976945
56225
926283
907171
760433
646175
635887
486753
295704
566778
674692
43456
258340
760637
226353
304590
855458
647996
361162
91583
604159
514292
584879
427747
707620
997570
104301
215539
898222
907652
609726
425300
783111
469333
89701
437024
906596
593641
855594
283939
711905
333532
94524
91694
953211
544548
838854
273384
562958
130260
253916
474828
685837
923337
996805
24165
486464
835704
913675
776920
573111
371770
239164
334828
99412
619039
341069
338613
374582
968053
656006
453578
779633
772202
36842
22900
699589
18768
489842
475955
504273
498514
358055
930814
396883
910359
99640
828818
928819
357870
323109
606445
730623
532814
777506
893623
622014
752930
755082
436995
704354
558213
721099
189176
564680
827412
911811
885244
532431
533346
299626
339619
901755
351865
338562
855104
334752
638138
174570
261171
676187
868310
819000
430640
490546
698563
416689
569508
476637
533151
562932
263469
51468
41451
538730
685348
916779
122463
643228
655918
200480
142714
817580
714717
844986
512256
421805
880570
983553
982488
910639
489003
882028
389174
333343
478966
78899
799194
265837
599017
219004
113605
71084
570903
516940
594276
329708
54493
766544
869018
572794
177225
149022
777034
823028
170121
90204
558505
674879
9640
326352
555423
355840
836480
85711
774020
753849
908805
969525
515006
332390
443239
718031
128093
801616
606
946323
436101
563122
579606
786389
377399
248383
437064
325809
524153
710410
514205
127695
81421
151028
576390
923287
692835
85614
859025
157531
901303
908670
677944
697698
93413
1019
653518
68641
279645
339506
373745
54316
537211
377548
168827
4564
971613
812162
293767
786385
701300
290390
68070
559677
863727
153468
165029
20872
80641
996387
255744
516745
362629
127695
828638
606783
769893
547406
298364
318463
995503
971712
267690
270820
351532
393376
974866
996686
368049
818105
793449
973002
438084
356608
93231
813426
903482
318894
848329
736905
447042
426543
701363
453255
277499
664119
25533
854031
260045
24585
115053
826763
888861
661820
170105
986214
782450
477132
618038
84396
394994
594050
366944
138142
218834
84291
785349
244181
476489
875416
902300
551705
488771
453465
502466
356668
56677
640849
779643
916010
819276
572250
465423
518072
604950
852239
396052
523718
442389
937786
712905
177966
312744
860666
250736
909791
322368
932189
786894
727364
399228
941336
987211
179565
873628
713708
699527
85223
76093
633232
226070
939314
498886
191129
81137
638186
620855
397864
141184
784418
272030
600856
17731
988480
492044
261353
424595
4938
871333
548869
638279
82025
617210
878976
802134
866686
533520
798360
198779
54931
681344
364195
512333
48545
586748
6006
976611
564188
273404
982858
797387
810738
29419
990206
203558
50711
812280
944083
828648
727995
701455
585067
96008
839386
820451
649904
940057
442074
696249
80617
231016
73029
915566
831361
528464
758128
760731
995495
819792
435945
43442
626526
394011
602577
260335
749973
454252
154703
154944
125963
246112
423829
266001
277393
957923
986072
909764
484948
12352
21301
447779
287359
870607
752199
896973
170144
569992
45248
943017
695360
70573
397022
541958
247948
759887
588024
405917
954771
377301
199824
158644
676057
171371
456210
585772
428942
166206
469166
241204
521609
267698
704185
937100
106274
894160
329425
549568
554311
856897
697594
286064
892559
802507
632966
784301
795038
694335
422053
432811
964563
16016
704058
775430
140606
369072
579914
272510
721291
477227
909269
834013
174250
659451
462460
788129
966773
511436
522340
394546
325151
669285
479114
550458
853313
338853
375264
282991
47666
316850
146809
240193
978447
692123
835242
872548
715982
53352
718865
698394
991511
151791
444726
882022
552878
903939
636672
425129
270166
870894
801117
482907
621784
165506
192138
293426
362924
443216
708797
55793
916637
247990
189600
644721
5456
614318
93431
484414
911163
975672
822168
612546
618627
263885
295183
966083
631656
596276
304877
318367
126420
376340
691336
997088
850002
755909
343557
581788
690731
124027
705410
933469
895444
192019
766558
25402
642518
417152
101743
876065
527529
21696
364831
276781
440135
314676
549437
900372
710545
290700
639128
884837
464524
860317
509512
37704
100492
787767
346296
841717
647801
727450
240852
690578
429846
668463
544385
529851
834296
75756
512346
3028
925907
632844
391460
771980
522673
416873
893108
299845
919150
978195
597957
697488
85641
373156
974824
328566
950676
503253
870313
798602
652036
574181
456326
326871
152776
653732
105009
414016
900076
473612
663374
296028
353561
456690
83793
673936
687111
992239
898860
544697
322131
659769
335943
856402
899245
691282
55921
674863
478778
541210
152232
877916
979747
774371
791590
200981
56835
855517
220280
79658
729083
99116
376883
842364
32521
726743
572961
944695
663188
853311
126495
303253
622492
103627
501418
159780
414798
489651
720192
294787
441935
824282
168656
653560
104808
629483
473758
155780
296905
683186
412279
261353
338928
427225
559758
507972
318626
412327
847468
11836
907366
578355
212970
813169
463988
538439
414157
228617
912486
103689
132432
23499
980458
269720
577491
788248
797273
507327
125823
447108
627342
996550
855636
162908
518315
732232
267353
146428
728605
954606
316994
592544
90660
712523
392444
401431
963980
40374
78361
503830
911730
318374
379169
561482
277135
999728
770198
514927
363701
204598
888717
212898
679471
785528
202409
974114
690795
153770
223727
436534
139424
408582
913675
235988
40060
852688
583796
223501
851784
339601
686469
321069
732343
457594
895209
243889
80464
669075
510999
210240
850842
418385
799857
84884
568662
686427
483280
174814
666434
924944
727153
521869
980853
281073
924997
529300
593172
927247
101912
208581
802425
370684
688947
165204
707661
381333
883541
230769
273993
675577
438612
491160
593466
40286
139917
74726
431854
967998
194194
529572
950223
56706
269805
368304
108681
649324
635779
629193
738086
185776
30171
623321
957467
23068
220289
593333
719283
340256
17192
956682
241140
986011
212797
972495
680091
548557
282230
78037
889187
542587
845047
401808
533321
698817
530392
772776
794504
764407
885949
763980
250493
722161
135248
183555
773100
571407
332882
309497
155845
582208
120010
475137
603130
162057
379971
103966
857088
915244
597511
10734
439547
5644
443098
44360
685117
70436
214716
821317
341890
694883
444582
814807
94244
156854
881077
707675
402925
828824
126985
18402
688898
158546
969784
428247
223608
770703
471930
907252
461212
993888
613678
579008
781903
340840
504918
744840
132184
701901
521733
580105
224077
504989
353691
163963
779296
75855
557583
189814
752161
162
631439
202676
710215
24771
872858
518885
595072
801967
399215
123659
439666
960822
143405
361548
378414
640456
735962
517043
610061
401965
566334
440599
891294
557159
798095
842896
39
26089
726365
357241
708856
916258
240130
212711
15966
931184
197943
113157
658010
218931
196816
655684
961217
998875
381270
149630
30574
364879
40840
204412
810109
671826
838646
193944
989794
799172
548284
740432
661160
175797
730661
443269
840897
821396
848493
540870
444578
51451
290971
479430
969719
247499
452447
226336
630091
63778
272707
685043
496896
474756
526107
610262
322857
611455
113857
691710
875133
403957
43586
170868
999299
976611
667528
296375
598250
379175
913054
187107
649266
552598
339103
904170
561482
227709
779547
905501
767006
386500
230666
65921
704699
742729
117361
98018
625460
798008
87317
954831
78113
494450
155476
148510
905351
909696
312237
39446
680415
475828
548111
960704
43756
883928
949030
658694
819026
774836
712882
633258
107473
568771
443767
171017
238777
195764
428108
704928
242578
344427
293114
498257
110296
427754
967544
481231
329917
583888
576022
32492
98589
36026
182679
627043
975934
324418
615757
916263
744342
391974
207897
427052
445603
58358
159196
160484
290061
728231
802663
829347
339844
242618
398709
512045
397546
653531
641311
663274
219234
297701
182373
5069
827266
955012
548295
322151
141653
781590
931019
100422
716188
333336
336295
171605
480687
820991
38757
736162
99792
451936
346925
669662
777204
785178
30114
150080
740633
539928
296975
794696
5069
750547
517234
559192
894902
473586
188545
399609
547068
734849
310495
822763
254272
854658
529420
884597
488184
840426
132225
382381
235593
321019
635862
871500
943430
846741
876666
301372
825874
718164
477216
838892
608235
208069
324156
524763
736281
631887
715587
893185
967185
658578
573111
929297
2792
635049
150703
803933
485902
825835
389100
231153
74188
724190
825822
291231
257211
852654
975053
308327
170471
779387
798959
385514
278877
371444
988296
91425
308274
979924
691854
282205
434636
154574
977078
156196
140497
865767
171349
14460
822720
465096
949062
526308
20911
480741
705300
582563
227339
103369
212785
792461
177453
572805
896549
52074
914310
929671
732975
593244
587923
839986
323245
75841
343911
226364
867405
293967
440781
7332
476889
139048
441100
599958
449764
212239
898697
529609
318810
466337
234668
793178
201997
693881
295870
518666
32249
900662
806787
482236
746829
839666
392319
409088
122146
213570
967856
609160
201733
949926
948117
282871
271479
228001
813097
584538
922994
907571
677674
486666
307621
101951
941791
39089
152387
730346
18965
257474
18254
770395
882226
415104
814644
481958
882693
98923
506907
297229
655196
514263
815521
834652
669906
797431
47206
207257
696016
318463
68986
955012
311437
185175
391466
796689
903713
339539
241914
954861
763880
220615
909946
835082
664454
158546
436919
779591
153693
532691
255279
495239
631082
438002
349898
747663
903313
731095
809702
684241
485625
354749
213921
621573
45123
1780
278303
164130
699597
558083
935362
148900
167378
702216
210699
404569
383804
216582
789484
854845
385128
240458
757276
188845
997332
252666
20526
192055
306482
622641
111281
243752
972899
895797
813367
329345
8224
931524
126802
642463
121581
985516
806388
875248
575174
421068
565538
134913
961225
11862
161053
773647
395658
113146
186470
852286
625363
746907
384207
701868
915501
495625
940508
541775
554151
585125
483205
214904
381915
360246
486127
980219
58281
990616
301503
191830
104228
269508
209294
556017
959905
627741
568344
113392
405008
160271
672437
740328
498256
172566
131363
977929
282127
158328
319757
410973
512863
46861
618876
26210
492097
941446
479761
862491
429110
18898
61013
926419
129924
290705
945191
5946
401498
724421
184770
187153
162
190372
748471
749679
147834
347690
95180
422145
600973
210054
818610
604586
962238
746138
724078
280883
428782
250282
701145
856232
814788
896192
632044
842845
949872
243477
490020
599323
54313
378504
815605
956462
907664
4360
950292
157613
419019
244181
857187
417258
576795
618837
934623
186981
986785
719452
249591
455078
96819
474317
94964
662426
499630
578319
315304
402422
318508
779307
242988
986544
101586
477740
315713
767577
185360
525743
866916
621572
348461
446016
161127
717483
513401
514665
209465
515197
619396
622396
127509
875620
559366
212118
901095
343203
405171
462770
929307
966990
217530
740605
384988
745028
651426
485544
664238
772523
927902
253528
233483
188459
126085
845539
292897
90911
322935
537298
311206
259599
214552
986024
991006
768852
744707
694471
533327
836434
65163
421515
128301
632604
720720
677286
218872
909244
255337
817020
439479
601347
349412
184510
270187
622448
78841
388904
669859
90796
558358
290226
574590
54024
229051
328530
535668
187359
482425
30928
329598
953101
918878
998589
291238
644262
924604
638293
432435
812973
489810
543761
65117
671497
763720
358422
740604
840565
570345
393789
46919
532691
567716
30706
834920
336030
701731
170784
359565
355557
572100
167373
525787
51026
9515
851541
391795
404790
985803
866050
974271
552745
939268
690788
747276
236476
665702
395215
245158
357357
194209
203562
496693
315978
487547
282381
610190
799691
696455
658483
138410
379200
738173
31300
120973
986084
798711
479797
341212
782440
576915
984441
920870
145660
140720
84416
163328
673058
742502
89068
718427
953480
267173
222054
859723
541339
596529
634308
581747
249876
184862
50964
358535
158733
927739
514719
289803
445662
189143
579337
654112
476976
557773
155845
872769
351527
371068
645724
490127
433270
527320
603478
674206
916036
615322
709761
52866
660416
258027
352296
946986
54021
568176
967873
148429
636076
390566
110308
230203
763660
814478
848136
733313
630116
421900
318268
386412
216563
960490
691083
482068
756828
474522
770023
930250
188595
988970
649998
315052
