229434
361418
824643
265441
992952
597213
407757
97030
142852
967412
469623
491391
181000
67763
535189
601748
173042
583546
479494
867039
722960
182530
802995
99343
739172
439171
792311
181502
332900
151296
134694
835070
853101
461285
828606
408143
339748
655994
230156
534923
697167
134481
742841
437567
426293
939379
278518
149277
386706
256036
496844
212923
484271
483630
363447
753763
923595
252779
968810
562131
592402
493985
451185
844482
171767
426134
305794
559412
755184
797903
33485
952702
480957
974352
629672
49429
741302
458343
18619
284926
411990
742566
531094
306050
922185
855865
459007
222174
735883
834943
41272
197836
860802
110291
494116
809535
402807
52976
542592
929584
596802
877142
873932
354523
621896
215505
241804
800077
211657
308522
468451
433951
389547
802316
238715
201997
165443
485764
31028
82915
289020
199290
187573
456989
630880
868129
57286
453102
765256
746954
973880
456380
784129
136001
627096
355798
642788
796261
629682
518960
472197
845251
776809
369759
890657
675769
389869
970768
95375
352385
570336
227136
158844
310126
125059
130366
759748
931960
150446
492251
589857
218058
416763
458294
697630
975079
221054
560942
431127
266701
921302
283584
32605
406235
769164
796352
549
782511
722210
815751
139815
429612
38304
133755
199988
685647
833579
150961
530482
845576
516403
923468
299268
613361
726274
267585
529298
616551
651566
274687
57920
988223
879761
595667
495500
443310
915025
336820
216286
871464
313533
155081
464794
517983
658093
832151
278385
361389
421848
537815
907550
803830
612420
117429
862435
526753
920849
253257
306660
357292
593857
459785
107496
243715
520277
731925
787802
445513
454107
351930
738007
321998
884928
110113
727348
450825
785155
557687
288156
756749
567411
924142
196362
543927
427483
77504
445588
616308
377788
153993
161134
129897
799241
441029
928355
560918
267919
625395
307382
879358
17452
526568
156084
609092
561041
846673
648167
320082
991369
855431
123763
378965
286075
178434
644057
461931
879332
301466
913283
75229
170129
290142
84564
304958
306225
870151
93254
718810
76832
191875
685832
242544
547535
518911
867194
661530
536171
11125
779504
591603
732512
716412
416444
764052
46097
179202
370438
546081
66757
836608
128330
595904
133583
422917
44522
937434
436228
399809
233556
320193
713201
676880
983240
98907
921002
975412
922407
176612
928592
698256
620883
72550
970716
967120
985605
443885
447676
868755
563597
676517
586637
72900
635667
12043
141554
164774
916724
731902
179029
659639
383274
845627
327004
474954
951984
141021
288396
506812
54286
121080
272060
682867
707820
734311
712775
741433
776832
656248
920007
869813
63525
945522
656701
117551
257352
132773
189909
828054
580107
625995
597254
97965
802656
672245
619449
350496
545252
761685
97631
998174
629813
506514
851277
18293
754977
394771
44165
450825
150015
167185
487713
625387
755212
248785
4752
143217
203852
602348
219475
487002
435044
496732
876725
463073
583762
965686
135698
818525
759048
25514
640597
821719
624756
24632
548602
270077
65645
370754
765066
720061
233707
625
167976
342704
571339
244822
908483
200047
736365
810674
677204
80547
425068
369242
608081
587300
954754
79553
289542
413027
260186
564146
680758
18368
600435
955468
501036
742471
736379
578567
132071
818194
534891
805856
902617
893489
330498
279996
541772
752038
843096
35839
603024
519487
395835
17378
5382
92275
60530
663921
132127
123149
557126
823313
310873
317576
516700
426441
284168
633164
707799
543747
290369
730805
459894
721027
50071
355633
193274
558014
919330
270505
504161
148465
774808
250055
314280
311026
865175
41716
571767
121451
841853
400732
258886
631701
825459
760626
916397
703787
186245
890659
793190
787440
24521
343195
990699
79094
960997
427206
880720
956506
165069
761812
230259
723291
26616
806376
400656
263903
977206
539319
257636
687834
122859
877301
410215
659626
312410
833257
284639
792037
50186
974311
339740
67789
519932
117973
283829
958103
303728
863460
719451
632613
663718
411035
105650
32050
249730
426324
262712
538823
561609
4262
360465
456548
874422
542201
650360
507864
100917
615807
425124
896123
878419
653118
480078
877164
204598
594722
616613
649333
985091
361906
769136
932424
405454
932900
173659
896076
365365
400047
932168
123650
124353
231696
555383
801580
116040
854188
288069
503579
513804
710286
682441
556279
178003
560202
999267
658699
331219
221110
523508
88359
779320
279478
805856
827026
499292
201570
196439
837276
617745
368827
908482
960599
228155
345097
636170
220065
975133
496813
459698
678545
425259
304803
109695
767940
712882
894644
764919
745668
611834
144089
993617
833617
207084
845907
733346
96161
246306
519611
776762
772084
749491
672138
188920
812834
311211
949806
822238
889600
857940
550398
830021
523544
717865
51606
377303
457570
443206
545795
180653
245235
313767
558599
227381
91772
174469
214851
690229
464949
894807
181314
68530
97029
46654
393786
264030
211604
765500
526602
933764
195305
306480
134383
550436
322234
562944
983299
961575
222700
58389
60993
742312
929859
156713
550546
457849
136768
390586
442424
77919
13086
917407
630239
269138
786073
218601
710742
218601
629072
846821
855040
236235
854522
268086
340277
517474
506013
877621
676618
679853
783031
100035
99958
337027
225362
388327
334533
58735
29180
107750
926810
721805
714118
336430
502359
576066
570515
120297
842303
464497
851587
641092
451178
176635
222135
499134
594784
290710
162233
636766
252663
588090
62183
72777
588744
665570
371796
85224
490359
978648
993321
961793
695350
562101
822572
938961
429014
469575
745355
385782
695479
790134
336158
211441
760503
929281
324334
669653
279947
690396
445545
605313
931803
662442
118612
161129
422178
680534
321112
398859
774538
650705
38206
678644
854225
820799
507325
850424
916257
447214
253976
814928
403147
541132
22542
236916
754460
14752
686590
19378
519116
21008
394983
990043
679505
910862
583098
552137
788007
500259
300075
341017
999724
36858
442270
617853
837154
988121
54835
896400
552190
118931
643427
593102
459584
960946
257767
480346
995992
119057
272984
250560
803581
647944
235491
947382
555105
879423
169937
489273
318932
989781
757724
755730
882934
191491
892682
369285
665356
765250
110715
572214
187742
363340
910523
807978
599134
813954
110445
419068
582266
191981
886657
75886
960235
624936
140305
116909
642698
111350
396561
656034
47670
284172
381199
284194
348100
351833
50172
774193
418291
16109
708562
981014
467927
807534
102000
458777
360666
674267
139815
779624
398572
562101
518313
921557
137069
341426
84399
882215
92813
15799
335099
747748
912526
604418
63948
591497
537241
606603
674368
704677
590225
390198
707068
899933
656223
298940
471030
726436
810323
30932
688681
620327
743190
329975
137056
153322
519827
981573
263782
552853
620870
557022
875771
208116
467349
992752
361760
394568
117212
942325
629353
483624
586074
524330
608699
478982
316922
293840
704171
460235
593285
287231
153895
678751
236080
599587
456824
339109
677569
939026
795709
420832
820255
109094
349898
625022
29348
576338
647193
415401
355317
668363
275676
193159
74421
386554
247125
920384
279047
519112
41430
301381
425367
176598
889474
16627
24742
930298
261785
82844
601720
13512
814754
709306
464311
893432
747673
389273
236645
797646
80048
358100
720290
210392
731183
609971
909744
136850
425163
334228
326077
941396
196350
202402
53956
333645
300764
290952
963012
501384
270103
814296
802967
451998
613105
470929
587303
626230
626581
792134
514233
982089
686084
647677
929605
545201
131390
945141
28046
422733
469353
851352
818598
95256
738007
922886
415245
445971
120629
876837
210145
460200
83573
132289
288742
386412
89085
631531
768574
551588
919854
837143
419708
198779
539557
291426
990584
318583
879918
124654
966005
745724
32381
231071
38362
273075
990161
220119
614521
867602
980534
9600
637205
153955
960833
534844
143083
81619
33937
768905
906922
674935
330256
964392
653010
195112
193615
631182
595768
657936
106794
248567
657984
720941
664860
741691
414688
327463
286365
306067
792682
237979
950200
328476
157036
718615
728991
225502
618431
551289
747087
133132
963529
958118
233004
558905
219185
551184
107997
862788
835015
118722
214637
987348
838699
903343
955942
134297
364058
313086
534645
284714
659030
941134
753339
102008
681759
181826
456794
244608
813181
713399
146002
862028
409751
400369
383577
336693
366889
133176
307662
584939
63831
747159
944449
745792
113905
162273
952132
258559
553036
211692
570249
60326
536802
769922
280853
947186
568707
292635
929203
898028
889235
812322
284112
225406
750335
830125
180909
649365
341772
505701
479414
325363
529349
305935
669990
336243
705275
262428
955098
603595
743702
868197
229795
856667
60299
470704
399133
754745
779642
22202
274622
403324
969627
977222
999325
949257
706164
827697
449527
230048
473795
410632
74600
822155
742871
730630
755952
838250
443596
500492
812076
317851
102597
662756
556280
605145
317934
949170
276134
781843
99516
89851
89647
931292
321289
245928
200421
173306
898082
968954
842138
355326
655040
128488
764806
596252
480788
994051
138268
499526
841313
550326
436451
646327
25675
621406
792250
231731
29785
425440
674750
676163
194451
374133
840337
510887
109155
187707
775952
176624
331653
924999
566060
334060
921750
837578
54835
620779
850737
936820
572585
189980
319158
67919
80188
203486
512462
917337
651260
227633
775408
745001
572943
716722
177643
760337
13305
253260
770953
411693
936952
475712
644564
809227
249732
74002
784491
71243
384368
546344
888907
715260
998336
696824
852889
166484
435437
431346
522863
171253
64084
452811
279202
809023
610025
889566
683035
478735
122141
822611
321717
849550
160877
134262
647021
799319
123587
970751
415464
31461
571560
312694
435650
328583
163583
427487
369248
58695
335789
42288
16156
695011
680108
585788
795315
24554
173320
589760
995474
114805
479200
975367
486494
399876
536380
665780
169663
903206
733308
341086
529864
840295
420282
766009
787475
302682
552733
465804
234507
839662
112884
560388
624820
899053
215215
34500
799833
538305
927651
106754
294989
801724
936437
497012
193612
650353
253536
987305
873261
724003
334465
230199
608823
458148
277124
106941
297812
731209
309382
602957
664287
463326
162524
439671
733976
425813
934233
968571
594223
974200
493286
161008
495509
935183
679484
987466
581494
583543
858177
552978
870547
768910
250488
906459
883986
385947
637207
306874
386757
784144
478870
457414
505821
688071
380336
653168
48553
197269
466022
219366
715683
49142
914226
566116
73962
925519
140737
932329
39263
310345
81842
272374
495442
71962
547916
626716
453433
253042
484526
637197
582406
540315
89802
263796
786401
303196
459458
24462
958929
312091
312991
485080
192028
883732
62090
876276
438578
222962
890080
561937
971085
738087
162462
542290
347235
17291
678856
911496
522988
952960
407850
758527
164963
257904
887841
833526
249909
830784
489126
822697
483454
648407
579804
943558
754918
525788
4078
954598
837152
841563
175508
842880
157898
848009
440795
670579
279276
702549
663503
161724
813090
936999
203359
59269
65323
641061
432038
163353
52135
94426
107333
915973
285619
225333
920349
990966
623059
573593
537102
38674
113276
892807
718329
204379
24510
484690
251055
735392
655637
320421
213473
535982
642499
80410
901396
15456
365892
149257
106649
534131
293590
639076
278103
271792
914992
869543
472964
726312
891859
177803
872524
177229
425927
167159
64329
398186
335775
891476
973084
178798
895677
457076
694078
366896
20851
705116
817641
304871
969058
170330
298575
389634
81160
786204
751091
212735
631659
978590
768814
347518
277852
158285
905906
863849
166183
518118
538006
317802
57923
246582
103532
495463
91098
240490
626975
861810
757571
283400
114946
681891
538653
564758
44844
251338
465331
407685
978496
745691
795594
625510
615524
783349
819026
273943
760995
973106
201317
875097
973984
491786
359763
363358
152632
522209
15375
622965
712714
307343
990076
97406
815370
322075
109886
796696
106295
620082
116597
492521
996784
929301
183982
674319
995497
536962
278833
306874
304034
691843
232802
741465
750967
900665
510698
85938
442703
649651
478837
311561
112680
532947
20045
318392
624692
338595
912655
574545
607224
89825
46205
902505
305173
541661
612843
233793
461510
325056
315663
304194
902218
336401
756145
770045
657133
99854
221624
593723
670121
373500
303704
296905
893651
723201
108431
961510
707384
927463
863015
988563
307689
896052
290676
221942
152528
428157
452794
203877
5065
535816
408169
393188
374417
681458
468214
327897
710115
603545
372882
769158
960209
313445
295725
838071
753744
158135
156735
194411
201498
311136
143925
799530
516469
480219
730890
608485
861979
862422
110689
702087
363052
629302
314723
534824
379159
866512
285349
987087
22492
961814
352021
851902
442453
424521
544282
800222
655370
265441
58092
991538
463391
457414
973013
872894
229656
602497
422403
997886
74082
726495
623245
397610
309619
220526
239006
408657
712458
199109
94164
312356
925541
733753
797260
718147
208738
81428
742446
414105
513209
251607
671262
509459
14231
72777
555405
814955
443831
788072
550306
834509
135828
213599
337470
983775
965198
172771
208489
8263
405656
190360
284571
537473
218802
141815
120592
170573
355619
568728
640982
924092
504233
669938
371636
293089
164161
922479
591425
226189
829236
651274
315737
859078
185683
959144
93831
179500
830807
52573
755522
495576
20475
83066
19708
560195
449009
251446
101646
461285
517403
939093
402045
117328
3094
143410
16702
637691
592163
995090
354675
955193
661700
179328
499323
184325
946439
882236
339607
231012
333633
495677
411487
776140
707227
140385
967420
697268
994139
941897
141910
382995
203829
375297
992667
486056
505525
810875
249558
427102
355726
421419
977867
370976
164679
133027
713188
985444
815221
938898
330590
436173
495972
861333
441259
735038
340108
847378
516163
608003
920618
771609
106139
404709
190346
515609
670978
663125
340863
243173
129358
121529
746311
284768
846626
362043
901874
876897
893156
695505
896894
856331
589913
704325
519956
627847
928051
421678
792064
512189
92387
799712
556369
588664
456548
865718
626980
164340
500244
355502
803774
356712
111364
205573
245198
493573
101623
921423
637520
877692
29254
388530
975470
531541
434481
696703
91785
218442
826813
884217
990755
735911
246482
286618
823288
593577
645575
404306
48442
209466
711016
375646
516787
883925
873062
751584
124375
466766
341464
4390
909876
28519
373971
526668
720471
502619
969561
746723
412712
106408
127837
845156
350392
226009
174090
349262
36449
127376
34211
25603
52573
50592
334603
908871
396297
912074
194060
209093
265410
271582
785543
623142
861425
333566
221410
26500
833009
688263
686817
292798
811962
678622
818011
650688
624528
845034
74718
305252
678059
718235
398420
520011
921437
493117
72000
242601
505619
223061
273961
407785
782302
286584
831574
469703
627847
414117
920108
332839
602916
671467
356596
199779
920416
931937
146349
67197
953469
519963
233620
771485
428334
495328
180024
801933
712251
1512
992106
275793
115537
455656
303739
833000
483772
932917
632262
283707
329740
454605
95352
786530
746071
375795
33928
490406
411696
994818
115789
132077
983011
864000
735343
300567
799290
246626
424341
706873
309984
195855
623296
610137
386659
704612
450410
142739
510519
570356
418590
521100
350693
529445
244507
327956
400708
224653
518591
700992
339160
582774
837173
825183
553801
585050
936044
282082
443672
938642
189627
52837
467693
837423
357701
178898
492426
681634
588212
573626
648619
393666
508411
457308
692943
6210
766759
214849
414337
198073
874928
940335
37159
987677
119475
295005
317880
645459
598871
964550
908358
908385
546842
937391
956153
780268
232746
52548
308551
564487
970259
308231
383827
698501
413347
463645
287637
598359
566594
280571
246930
490619
567710
675023
614222
54941
43811
898978
755460
185848
379532
777880
505439
660724
909075
453331
265807
713980
642785
427434
357535
742053
895466
572282
646608
684263
905435
788624
386254
669796
711657
215908
177921
713913
441978
475827
237348
518977
980503
304563
166841
9298
659889
32073
222231
195812
426217
17603
878835
733224
239458
739535
910810
453353
395413
554964
963416
677480
814773
383846
248642
482629
265243
916838
459419
631747
503022
710696
642367
51731
115561
975039
556768
999226
409785
828462
875667
418739
106155
733822
625860
716494
303444
39010
962059
355612
598557
936147
693292
9717
508751
778401
893888
585178
198728
230945
466939
676248
470507
460833
846605
448987
160397
260856
124774
392248
671223
257325
675491
880091
451540
775510
36234
133043
755322
826337
764894
969477
117560
492048
344137
951450
522209
671054
244187
898359
488544
250333
18515
422918
541717
892367
233316
232594
921591
709971
834317
928721
620567
810808
726041
722052
613446
800316
593566
474744
33064
777004
225755
410966
276893
128718
434725
874941
870968
848366
997472
35263
891581
413828
96018
141689
285039
600951
819802
667018
911858
546850
710052
653544
562979
737420
421678
371335
609587
59114
824730
996423
661587
176527
304669
281513
440485
16701
745949
804967
249033
99627
84002
892829
698106
595768
343317
895462
143587
422557
209242
593072
879872
227011
386240
343818
356471
612584
249134
223388
346562
831498
929637
462993
238299
722052
572702
73567
752586
134896
861171
98746
428593
845826
464551
315881
218553
225720
993893
160394
681300
776593
831863
148685
965825
588963
591407
975780
826123
484671
204808
811331
216632
417406
274192
433005
894720
956665
528510
495308
207812
945085
637522
85453
512120
433289
813339
152670
144646
421882
794445
500448
774464
803714
153489
149510
965825
97241
269304
978873
856083
116735
116127
74892
180487
794036
336494
185055
27557
231451
259789
100874
776588
251606
831638
793701
224460
331303
5342
206159
453404
961335
209336
186011
882604
654071
202641
942826
744521
421419
261477
632921
192688
387563
791211
591649
458271
114807
982914
670921
83129
423976
613982
778052
569780
541671
762990
412025
656309
607212
723027
386502
25275
813462
319831
510606
58088
651037
902588
677488
424026
191512
673650
368393
105300
993893
321195
999497
634264
882379
945666
563714
898185
579470
482195
745051
335419
18290
109882
522914
432675
68008
535323
346751
616838
335724
838363
797904
672042
495310
780891
301289
566807
914441
755315
188158
486428
65924
249050
83655
41424
566541
768922
471058
527062
708730
936794
710227
926309
45137
493317
894031
367373
90363
833009
145316
112977
675063
702951
723029
852568
589294
363609
373868
164158
775152
800822
662409
638838
683642
855636
846603
163042
176451
458593
933244
744525
292956
169185
307697
975194
221212
428716
30694
940822
286282
865297
379284
115377
243882
3124
536043
53619
307618
950636
646914
354471
113747
836241
952354
617436
336844
766996
989661
508771
791676
285022
597451
28300
920059
297724
363789
486628
299166
580881
233094
864851
693127
592719
250408
155359
300828
542069
157157
749904
605767
243037
539694
288069
847171
279945
368164
767138
902986
503192
77556
351380
492898
712480
445825
302821
205226
914784
788582
847597
323860
933190
447006
823220
295010
513954
188253
261133
214615
896802
65220
639129
861504
568307
702653
929792
371986
493396
711138
964177
660558
6692
325743
214580
529445
244892
929657
357672
388589
449065
818910
241526
887723
73849
749004
460046
696400
691727
759199
578093
369917
950008
88584
885660
868127
751513
706643
416023
186505
912457
912132
107274
363460
394650
108805
272624
379638
86497
437651
833922
94037
586779
553891
209189
696290
491786
465694
295510
477434
138763
626171
5898
373094
160226
876729
291189
227552
229523
522237
339748
759809
898335
838876
267146
6
357506
524497
558934
949316
601870
603430
563443
264749
509255
508792
986275
175708
73221
298654
141070
823017
450556
644627
544899
130155
448278
696608
990486
969198
144079
809896
337012
488831
83131
773582
888130
195989
534801
741384
250045
389235
807423
784326
607907
978664
585995
236923
930959
926805
455245
243637
175637
86804
799531
828573
468107
438486
32668
403636
5065
907840
447326
294756
541551
417428
371789
444501
697983
855293
980970
195340
451410
812181
519774
364674
973106
22658
31033
239508
622535
499879
791687
118369
477061
851294
518251
54447
600358
7284
63139
736878
200757
251646
167506
592105
235218
156735
958508
109419
290198
824514
285568
727795
328427
110419
187132
727461
991897
4881
573014
58944
814100
363675
134741
184768
346965
809818
396167
91926
267331
10451
323218
41276
914186
838757
850853
653949
794144
475184
494663
815222
412064
815272
985216
535978
222499
583314
847041
546561
60298
486733
223974
423554
224283
895619
284752
184505
272990
876442
102509
223320
179071
634364
656094
692335
299815
694630
900088
956218
863785
276101
289933
587613
69546
347557
943564
661879
156903
742840
216895
756145
958296
186388
222410
880429
432006
862712
116046
311162
72572
45518
257249
352301
674012
995694
539779
20286
978767
45831
751397
117994
265966
101773
154060
580503
964911
641151
144036
20971
293645
215736
447782
940924
270003
957085
982533
431571
605504
831723
391095
15583
179811
978140
616333
84989
206951
396430
921763
776015
122526
678242
789066
397730
2724
740422
672761
596779
63759
895214
336107
636497
276624
320819
323037
846327
126539
661065
706812
426134
989853
731863
449331
48533
809829
579591
307348
580227
751568
29271
387137
876185
119847
222678
327897
668769
465471
369006
952710
105470
706772
950306
391391
549164
24475
923766
503773
837962
498701
154001
161005
495793
197143
92338
519341
546847
862284
874194
229200
368389
554906
537572
972814
653544
87128
742411
797181
395454
708256
964766
249796
646401
521411
176704
986929
894733
749235
636171
134458
920007
158376
304608
770699
768040
724121
620270
9786
324991
333230
371771
333228
46171
630075
607398
844992
2706
317066
14167
119490
768540
130595
92437
180541
217109
716640
784211
658615
776928
487671
384555
260587
864591
679650
638044
630502
684024
488757
122160
231308
371307
635372
273072
633428
321728
634111
237826
126416
979222
557687
936503
150418
732032
689999
789448
364591
578608
394954
244782
750656
374676
694817
863692
224566
11872
840007
781181
489220
728228
65016
20464
230746
507467
246625
338409
545934
511317
473882
353739
744778
120278
617045
26468
905766
754847
127811
707580
433063
583299
734700
708497
745879
818331
356271
316804
520011
32800
475713
90445
668025
730968
345798
434044
2982
273395
939311
598507
778589
536182
907613
325562
631705
719227
80576
312847
591300
472519
764560
339317
663369
88680
888948
881090
354918
748336
767180
983302
882393
466946
521031
926451
16072
517666
457660
917500
756275
999587
9142
682375
135894
580503
562352
854175
39911
372456
741468
904863
215015
185231
965433
361729
871781
496603
81923
903946
538325
110363
605557
493349
572488
56960
909394
832002
739965
161718
761550
133755
43710
629314
950623
111750
692772
849697
565254
948567
601076
451906
104998
187548
236558
604270
500358
406145
842510
443710
344473
283459
220266
692346
192781
355542
946661
533363
546851
546773
384336
718939
170392
37768
939877
563411
525637
425043
176625
291086
480014
32457
423388
586374
620329
23325
353294
831801
850349
911936
523763
443871
990941
339241
72167
558967
139193
527728
22422
2595
721166
581673
245076
88812
948778
264393
726830
99814
935310
269316
254169
93394
139685
862766
465581
190117
901980
595468
471101
99841
765601
995352
473162
519998
780137
501343
132666
725591
777347
852232
168568
4827
93479
356824
183673
366353
536218
564869
151244
409961
881024
960711
252018
642134
256455
862252
346530
843096
710660
436517
877692
927903
240999
724803
37502
358282
913875
365102
150788
532508
801275
532547
836593
94439
13523
110874
345404
186366
51593
960897
524581
860256
978234
877997
955512
554382
614305
974387
912074
849181
182663
453031
843283
907501
195941
93754
826813
436597
55459
332848
940659
626414
979814
685840
969230
485570
425224
552905
58582
939693
99394
20525
606890
478104
437292
256646
231983
197935
474661
339732
495534
554781
972637
501328
913792
646197
769249
771557
233895
209494
859219
823340
208688
838988
314526
926688
630182
221072
423530
107236
195550
904264
409317
644913
917961
166037
854737
4115
700180
875958
822607
306236
686892
990900
325785
508082
820422
237147
385144
390979
122406
157066
122228
982629
571311
573134
276438
811289
889925
16027
22730
938480
445566
423833
392603
66663
918137
105953
240547
47951
953515
806257
608053
717495
28761
926436
721745
299764
133406
731450
414712
919815
526706
798644
943780
405134
52388
44906
103593
638347
884777
801854
788072
260632
148575
38766
401874
856736
822950
392473
300846
738550
565113
858793
798981
592104
257167
49979
690764
355571
507548
547251
999354
251133
495593
35865
977338
488316
103307
10465
792176
272370
576733
519194
207379
619728
339697
570596
616980
649324
452622
371474
738509
132077
729828
888360
756881
229431
840044
33045
440174
605045
332748
522074
968434
588886
138203
118919
746259
393573
59248
941118
455450
5142
884119
322649
694220
109243
929174
371226
950459
741396
955630
317089
103972
93011
954952
877790
990992
994115
105499
62184
516268
565595
276455
318369
708509
190372
685132
511469
569377
822401
836989
283076
198181
796520
259268
608138
638570
72090
117326
443549
802793
138119
65932
634186
255271
752232
789373
552919
797345
210256
244782
305609
495060
891502
213569
821349
445576
381758
818910
341794
155481
536426
683113
236830
209981
695877
817944
436342
346463
979728
4355
905490
531628
668180
873671
375202
348893
783784
563897
428229
765992
203120
998017
971662
647588
699195
333281
512857
771258
752035
66914
153748
589197
787235
103354
173034
298735
32147
195747
863214
354268
627641
963722
722958
467961
911693
272690
704343
718529
97176
165709
835768
205610
898305
294995
352385
354675
973951
765146
103184
367218
427737
625336
744967
937043
565254
125844
242070
165939
600665
558635
264170
160157
97498
43963
186123
354355
172029
986730
95320
147058
743564
193918
739353
513863
838541
709692
145342
981541
604308
538646
406321
270519
127641
455404
602377
56099
517712
897561
807040
915298
209319
236772
398495
23437
70739
725372
341659
639527
313634
39019
611545
609082
869396
921191
706850
405003
501160
573238
475543
469365
531565
716343
889415
525554
934736
701710
468460
223697
579004
116070
37419
865955
875832
325206
334608
735092
484063
470267
261536
643931
960946
285652
955844
678532
850448
532712
836344
921880
949316
898945
403271
616596
221595
146429
127740
886286
355650
676146
736626
67042
487036
768908
121024
880831
466475
779196
242188
404472
418407
256646
693520
848565
796400
340283
40827
478760
585135
556499
711975
983747
914870
804811
376511
619093
257631
177578
899935
96882
342455
652327
212655
311423
955821
742288
311910
900120
720450
436333
795968
53926
588478
846643
439990
586368
48153
821101
575529
630011
604157
676126
775931
944373
531624
897234
301115
933781
497012
904380
639972
593094
573341
38152
10674
4048
441541
845978
924546
635138
508215
611739
44081
390474
378853
718832
430058
164464
677840
719693
29305
785292
152548
962486
790715
126699
637061
172454
227487
614021
786204
221492
377955
436092
387234
966046
761787
715473
35626
74858
232963
841240
615979
542593
90502
812756
343747
679615
619830
121735
276780
447087
437691
459794
811510
775399
629562
345706
282795
319033
139934
185350
84674
444940
143773
615802
65772
471853
465957
803791
415947
960209
307569
35459
807621
137507
118931
811624
388208
256808
923391
648774
122397
894807
19505
532439
952393
987145
382936
396177
66086
407584
267223
173077
866288
715602
685579
136214
266705
653298
651396
350943
710210
937550
208258
126173
244168
503600
631391
244576
391858
491242
790070
684066
725803
33937
815526
398751
411990
395143
224781
531208
27085
316829
74651
284609
601498
871856
275939
533615
35698
762353
804810
73454
509744
267523
248339
400090
540657
604409
734977
629988
408047
899331
947262
225192
54213
26714
402215
372207
116551
708209
555216
41114
41086
489580
455514
4624
674115
567833
851818
477097
442683
668887
601408
311981
696032
949055
331036
835490
564716
805363
135615
805027
803750
309046
952804
462582
324326
677811
631596
522886
363853
258769
989477
124539
601630
38996
872369
13701
861466
450016
463098
372752
496754
996939
665865
745521
831127
392787
492260
107491
809443
826995
767048
729357
332393
695302
760695
148269
907650
30540
316759
855577
231871
920196
339460
705469
264617
798315
875737
748971
408860
590323
883790
284399
717196
412451
57101
906277
118524
119872
853359
498775
970505
619680
572811
649016
313940
505741
94426
495262
916097
966228
10716
415822
750209
521803
123129
161774
610320
164476
967342
582556
265738
920525
837229
957442
871791
850802
915747
335241
176194
707728
515038
348561
748257
658926
973049
104391
248182
721505
228870
571249
271930
95773
876254
635206
852472
926490
208807
196675
633355
833601
566055
31889
243115
280689
895939
530254
478068
389673
843983
342400
549816
629059
238107
865392
68
59269
873444
278486
582162
286518
37092
533816
950037
926984
731936
65227
745156
738509
117159
112062
522760
47604
425341
618091
374801
856176
588083
240044
962724
251060
334905
716562
473647
235226
386293
465529
738345
194946
712077
465004
957608
375200
922963
905035
900772
103002
649403
170741
630701
190428
342022
90505
857335
535204
383059
335014
671356
884287
411109
909608
547438
176765
441050
291341
700759
628005
76382
192197
805048
819478
146212
746909
466957
653287
419921
162532
741853
712556
572992
634194
379180
129455
287228
571569
378164
267994
974367
893136
900775
575568
86595
168852
37585
674098
506177
818551
642428
708838
85384
809127
140875
525000
786974
156748
462231
509168
320808
400552
934826
558809
466847
924415
448303
529905
172826
932667
594230
544752
295780
863458
985011
537190
369090
460421
698041
259357
27932
57848
346360
51379
37362
980185
19588
720194
419850
888409
789049
65159
234565
697753
904289
608370
138780
83313
876670
97875
340123
22219
29569
42438
231004
549102
834154
133640
376334
109319
91193
70059
527520
635971
36710
3248
179751
45782
185369
863075
778874
887596
817188
612413
81619
28941
123571
535558
604185
137890
533818
328046
157066
203276
396282
979247
575407
390024
551238
643628
66919
532309
862514
726272
529884
42011
581805
519900
70546
55860
458257
618884
604897
893377
895216
231723
336403
765049
482013
376321
626091
431065
121164
312319
582251
561056
796249
318705
509601
649703
366575
292346
964049
724281
103370
207191
82525
879209
630099
216209
702309
198187
935331
995549
991045
404709
9882
385272
52548
581651
613482
506596
174309
7729
476668
267984
547706
777801
53655
827696
245499
285055
947649
140533
793880
234250
943558
413251
38938
207433
632827
385207
403566
315442
931934
275012
779298
211708
765393
879386
399983
581357
71704
745570
514140
328403
207151
784103
371347
855882
779387
366048
666060
447024
995264
220460
546715
114704
694785
536661
579996
722602
246588
439177
215005
412610
310322
406716
502249
899703
52556
357907
777113
857731
402097
279530
38982
743211
743721
719993
172536
925038
281504
211194
579694
988820
116079
538191
871717
744021
403658
125810
745789
528187
642060
61699
976935
866033
850095
268112
822606
846428
555799
491265
724093
985467
663788
773549
531641
111891
123388
205646
145427
815927
412451
161140
97099
56210
207083
995380
259286
777620
102801
634
214510
280230
828739
668489
461195
674598
872694
232076
663255
258795
458212
692478
214250
68069
658699
392853
879977
162242
861446
159156
315946
665832
130198
548977
859206
881312
868095
484191
448117
796218
19739
975621
672346
355466
476479
668614
890148
607231
955491
394320
235079
543035
364814
296087
112666
414336
73551
170026
310137
589607
571878
90812
44278
14798
24744
950441
353801
815370
481809
695354
589542
266238
302453
981623
711720
483749
185234
55994
168195
272336
21995
4048
55842
151296
468443
165213
201677
676248
564150
478423
403244
318574
782760
374443
658385
278749
47695
599494
768796
158602
350364
467750
944698
627477
357317
25981
900772
730120
262107
52167
334047
104915
662099
849017
177599
439699
60300
935090
993688
927800
500653
973225
361030
905062
445433
268371
42188
952516
528782
250731
500018
521319
273120
960571
693535
831150
677884
426796
394328
171588
937872
968031
853016
519037
244163
912348
718290
120878
845747
323095
818301
75035
55009
519605
31028
597786
206765
381231
28067
541984
318369
132198
145132
958418
107893
791235
313690
373712
163968
764826
239597
671902
354589
166812
682703
954465
962140
25489
144530
389299
977265
709104
14801
403061
344471
63976
319591
137603
172722
601780
676864
256210
125927
669649
161955
393029
519801
863477
331496
761188
597288
189556
714661
859611
659876
552503
683326
918076
64172
115159
541533
47670
661804
498946
798554
274289
859124
910281
2754
558678
221154
302121
716520
719930
60712
46491
143725
694439
506196
912817
269682
678153
73908
953136
933970
488566
515234
274104
668688
1734
573842
928495
92739
344992
528083
631601
787212
252436
402430
237172
157015
180537
118299
217615
700609
192162
721865
660146
628283
734789
719825
571604
774951
705266
150172
788879
842965
204012
379342
162616
714716
968760
810034
517471
21439
561140
303077
542180
956942
151265
885776
269041
211642
32697
967700
869108
750548
806791
38685
260538
977620
649570
549267
798443
878197
290179
581218
374764
666436
339020
120832
667096
731298
106486
188225
995530
927299
267519
112038
410040
740806
883612
146806
927557
649971
961933
869133
503551
285829
298345
544136
66492
640903
644707
538649
354741
13187
257601
924424
764428
555344
135585
113092
197143
395247
546874
996601
654776
431166
162182
473740
15342
757850
67067
422538
543483
577965
986845
616056
623626
945741
255340
855005
992
230280
357122
405003
770754
536406
102065
535565
851597
788530
157713
665880
498160
107601
413350
118979
445507
107022
87128
766639
350985
663283
174811
612713
509231
41748
11594
508444
958282
523487
347713
815928
147598
64485
329570
694360
302522
518206
339121
829377
122228
66228
900898
338860
747297
531213
235392
915003
481669
252155
405682
168461
554408
74462
262650
393076
978098
163614
518405
531263
12545
767414
646068
279790
298157
635535
768574
980805
344648
8822
426621
785569
79207
300169
595401
574610
474322
754233
694829
927762
226857
324487
828164
304020
350708
814155
235370
813907
166506
91728
313022
371340
383971
165246
276569
689447
268168
59306
102883
80037
176938
156006
548153
148324
599330
951672
613880
138905
413583
537148
572793
502835
991014
630328
674508
932686
218610
73549
326159
458034
964334
140004
4265
11827
275739
983759
242524
954995
982928
275830
786411
847333
913291
847695
587887
356037
948046
833617
141144
366973
892305
612983
439536
132265
311737
925578
647264
806291
570470
268843
957757
991772
579168
602425
427552
985748
339169
191186
529163
773264
277102
532947
756317
87497
232801
369634
360288
690039
372684
444144
925314
374857
370972
236731
350281
869431
759368
677581
773582
470581
595988
111019
809587
599799
96078
749430
892439
532976
622980
243031
500524
845135
702240
936417
223783
642722
676327
215365
799315
858061
984042
605753
874907
697692
791201
556910
688979
54216
449040
751987
548780
192277
380388
674787
156920
540256
369009
693921
229477
842393
150223
563877
377266
964680
463756
516787
989026
786443
413237
42011
855914
978675
820638
494529
782274
230424
740106
856164
285007
192786
979493
329932
111719
821484
225111
204457
853189
771934
571983
343935
501757
678147
907971
607855
679918
920108
842338
232348
232148
891088
394775
734101
919689
655809
216063
907859
876428
54558
743523
390213
64590
810679
789127
457461
703824
369171
340631
66418
349279
487721
840377
807130
959859
672703
554590
542393
370916
595900
112537
982534
603264
480770
46685
743496
10893
672143
470745
797950
568855
364973
613325
257890
129756
241449
339109
763843
860594
872608
816636
34189
754301
498609
294747
612998
22514
811389
109019
95671
163349
485290
813448
215229
647095
40439
566782
338949
407061
411677
52212
639725
162097
996077
252586
561766
840380
328079
605811
56556
834175
143115
263043
491558
537492
169818
767912
514887
317346
363616
336982
151594
561874
892626
925030
912086
511268
427359
76291
610068
787980
663793
754599
29473
727711
512265
530070
545433
466613
881437
432827
568786
376585
582874
190006
506529
643132
122005
789084
495286
118771
580231
111800
422092
698033
372144
638083
729864
687267
193721
361182
294985
541254
215219
762322
177352
907312
465860
145031
752180
257087
969760
621039
441246
842398
820630
185232
679752
685197
191299
11683
741064
412610
370272
753078
285622
436484
209595
338716
467163
672011
257342
737844
222768
527715
722826
881900
368251
970006
190627
539531
123791
73683
272856
529780
583318
941741
224747
359871
280153
519066
645344
914625
499949
602065
751131
78792
196789
246625
842643
398922
223971
191478
457186
301708
875197
283612
716590
99109
731391
350305
540453
686183
451954
226268
261605
988779
117780
517162
816636
843155
149789
648535
884547
706988
794174
173928
600842
277847
688870
890496
544850
438495
852372
775980
565264
642102
111170
14061
815734
399712
337919
712539
92542
994577
675365
941809
65928
736712
729151
411342
954284
131649
836623
314373
833465
279916
259958
537062
902316
766415
195945
983349
368885
945824
823915
757357
439549
795239
667068
425070
531041
952927
544247
815767
171672
667780
836299
142741
691953
857873
747423
756311
135944
242951
443599
981387
864377
779699
478697
699857
309265
96063
537660
343160
931429
871747
455701
515020
728319
664650
773278
935710
389076
549552
856862
515155
439771
623773
366947
539571
66326
470548
806481
148372
864105
641624
416007
382683
565503
263392
3570
458422
791726
155081
499466
820136
441332
327812
494649
604613
408861
21470
497496
699646
333054
982297
682538
964132
644446
160644
453016
307114
998633
542806
843371
453928
532857
653144
798350
567720
875506
98372
324863
723237
628688
853764
217778
197195
831723
386411
178036
342361
68793
179596
507768
529423
935310
107029
374676
731773
214931
215795
869718
798599
144034
107979
690206
306336
532480
329083
472372
784438
22975
600113
337731
105195
704454
853815
150168
469726
819481
58677
978346
703807
45755
972169
874572
969965
441029
564613
514878
627124
429965
978130
404724
387428
232254
443527
594149
559783
729683
512277
619085
913575
400194
337510
995017
884736
361431
966554
302699
672663
604018
850802
580542
453044
800222
347937
50910
381834
572614
637742
892453
840288
960504
542884
980370
167289
606930
829886
95182
152831
372484
569065
848089
830950
219064
375796
71110
566013
205785
175038
11827
624528
758096
157998
63994
747391
894743
336942
806941
972299
84253
661422
787300
639281
437371
886475
80627
380471
346547
763884
170500
77189
622818
691915
639926
905781
763843
430988
411445
76385
35263
775091
946675
342284
816769
326134
742559
463791
791539
984344
494575
897629
151481
564881
520455
911101
789462
138584
945006
590502
791921
813374
995003
523508
987263
422711
192724
88706
637742
943613
382974
318529
699405
289077
334654
572260
181218
907738
421196
421333
366622
879876
218798
798791
28025
791060
274138
321549
166841
922744
922644
26426
590807
502873
772777
997271
650855
666000
443957
429078
635382
652758
795459
199096
372711
438004
985748
546874
752371
453202
281171
522073
330629
11148
222979
781868
884805
885576
136501
373061
627418
534399
627297
242460
944899
371913
299605
996091
138919
956309
101773
552936
734957
519085
795174
311561
823698
843178
598887
269535
311590
339964
573922
436026
601494
924844
159659
570733
498907
241454
640423
99182
849652
450046
687292
937350
958632
240343
977189
128276
238
847798
508398
781174
755330
158142
23975
659514
223225
724547
222686
628825
704188
495868
988939
858545
273314
911851
829608
239517
447087
955597
954980
117526
160467
755705
127647
24722
218777
248638
651396
391792
914947
558065
81109
335024
989868
720553
447017
527284
605408
45404
927524
195843
513138
949326
748910
544855
993976
48192
407476
218070
87507
702301
320249
14731
427922
582162
793523
254290
276898
208635
564871
770173
868118
323977
350635
448241
437700
311449
761268
881843
499220
980685
81944
54902
772116
544874
44962
644156
82165
981396
624583
437681
140311
700045
690951
32647
730345
966371
725575
458508
70114
4035
287831
334933
795505
693235
622394
837014
14093
608205
54286
628412
757734
246437
411664
139958
411288
810580
746254
665570
100312
193058
535806
332061
535928
758000
736644
398420
169096
171710
829530
778789
3356
100420
390195
661425
255020
902148
930490
384142
718788
596425
84399
405982
145962
36545
12445
755277
995506
534446
37826
163472
72505
335498
171074
827528
810546
800279
208400
736193
393094
306948
197773
9256
223196
922490
928975
204107
322699
145864
216601
273563
837371
982089
336858
204368
390210
981369
684130
473795
413010
555403
56964
331376
831790
794569
875109
40824
90170
871790
138524
760337
542690
904118
233882
98196
863087
981127
784387
413414
630778
884699
713790
227639
676649
430955
294116
139757
875837
379260
462461
573985
592189
191555
345001
647473
609196
350520
389770
45495
722882
793724
34121
271737
990500
420763
863358
141010
201087
624568
637056
839388
371475
783220
988806
751013
328849
766851
315700
245218
131390
67646
962357
86918
976750
998391
510033
803577
879876
963437
935648
18494
102591
108281
414630
300965
471450
516805
197158
704798
110415
905323
453946
843070
253323
226372
164081
247772
114505
248129
18877
711408
999293
89859
28886
852389
215229
40451
343818
855617
899888
112414
646084
612038
562662
384344
901475
323465
154363
562105
84864
76541
808179
339305
178964
668068
907755
232999
204180
444220
530217
262288
999354
559054
521570
684024
652205
547073
70632
655637
59914
280875
792935
164675
193082
728662
988820
870654
714597
15122
89888
459853
530246
302695
85259
526113
857177
624435
965232
45515
734926
491140
454529
112844
467961
308291
417548
786773
880022
797896
9375
806376
203441
715208
976173
808535
556884
696862
69302
415218
77823
478249
925934
289017
41674
601175
921361
843464
83534
758921
3352
525591
11415
731633
743631
72724
835507
967817
992607
880390
207000
560107
22989
3738
630454
408727
702714
516849
468194
732421
67032
228412
312356
985883
956402
598771
573714
536910
879482
774519
714780
281947
501435
115252
273147
968054
653218
740026
829435
998289
104343
277497
826123
268305
715538
701702
94588
534425
343769
213205
625318
576649
422777
675265
446610
407210
173921
604736
437274
433005
46941
251515
969847
86720
883645
386320
561159
761423
38534
110566
887081
163525
166087
274678
628036
948186
351860
421251
476706
138417
676864
576348
205244
135200
91427
263663
821344
622516
28003
443239
98206
211162
236717
519445
544686
789047
691735
858878
412864
86907
182538
745400
463760
970991
632921
813464
884805
486032
158199
486811
551840
979291
528831
260531
646674
687040
377153
62074
604896
987578
623482
706759
330781
965265
197947
359875
618830
21289
406237
350829
105834
420319
249732
355799
836608
319462
85817
97218
835781
626230
495186
262216
897835
621573
498041
722051
39570
555195
633851
419193
637442
62442
352232
629741
64602
350446
47166
897925
409701
362790
583762
250172
546376
956026
488804
638049
138514
869099
942236
694499
713645
236651
240944
841853
461955
308044
508136
105746
253266
599365
712857
148931
365958
912038
651136
294967
438254
688860
880289
431624
365912
95209
809376
834633
966931
87042
782597
811340
718391
322743
981117
59190
389299
851013
685981
444120
128757
479002
985600
708940
707944
351302
46962
366105
49921
753853
187768
757988
834158
304989
211349
635566
813962
196933
318959
819778
768986
912561
889589
563928
710115
908102
586879
884287
542983
634379
873677
624660
488476
749064
450502
884825
544095
328288
997996
480303
333606
889815
306794
996562
681591
641139
317951
224589
331494
516866
834679
735768
903359
316829
420401
921422
478187
283263
484567
235387
548943
399293
765284
657139
441624
977189
86122
886665
163995
750334
545382
512867
516630
253742
191053
355880
628872
145522
11737
13456
599019
946330
654120
414200
237309
565171
112847
680109
968891
899703
158074
73698
477738
763153
994843
749635
385728
44661
720256
385679
337925
506598
686192
926220
515679
175597
832609
933061
679124
887268
873647
152961
64418
197635
943430
890157
594889
853466
917321
450846
714977
818551
35540
338468
137885
324562
746630
864833
314140
60567
9200
801882
983011
577995
970238
730234
963535
767278
808093
437211
797447
98115
99579
688681
606747
267252
14753
335918
436873
313576
594135
113419
201439
105580
566526
798170
649838
392481
678897
261896
97696
846299
50714
788817
182479
723164
149742
293633
323722
556785
410306
626415
757884
97226
188523
755270
167183
459448
750175
980620
472739
324897
695381
109
651286
568259
801413
650922
961958
643075
447664
657548
583568
344733
911474
651037
145057
394244
622965
545484
415991
104309
767152
872703
486494
314415
515450
665744
337510
379374
856137
582744
242153
502597
31075
210499
989924
914130
715423
258213
434618
413828
995335
263042
464168
364133
940568
435075
735954
199251
517013
953686
644510
906525
510343
352314
118096
35602
507756
437589
812515
774154
877256
245682
502696
224608
56034
9030
913209
992937
628088
175412
932144
226571
394610
373868
781101
128581
944373
560472
621346
251268
192813
323198
471610
371226
104590
213336
671596
850704
483671
996836
89548
561771
175297
91231
71644
802328
799457
665209
351443
679023
630888
572528
568496
194160
891540
181388
363265
715937
143741
608559
501254
405065
137706
3024
941214
802496
195719
188578
465153
593071
803617
671015
140737
5824
614171
934722
754161
242035
340705
727879
554287
400982
748873
828900
973488
665365
999628
567484
710304
621108
3680
710269
721228
24863
436818
56347
439493
896817
825169
723461
21110
669796
461246
324977
732741
4645
864671
840293
111271
466728
703624
728739
551836
878509
36954
908409
695893
813100
525809
167110
992553
699030
279401
540433
815467
768765
20977
240517
201505
8216
375353
111938
642504
270625
745351
741238
945069
263724
863229
79450
118733
99579
997678
655781
832193
53624
286376
430473
453678
562002
125510
182517
654843
401258
904498
282162
467694
214113
226508
516325
755791
188632
237934
577403
201796
781158
236143
60448
564226
400732
56042
985878
784049
287307
52113
146933
967512
775927
512013
23858
201688
420697
460925
172343
303292
480732
114476
549173
305465
10537
199993
396329
416418
16134
707635
368108
991929
589482
911344
665193
506236
958361
364041
66462
725414
347802
821188
390804
388682
295918
277783
625510
67746
861598
663528
645990
514743
654390
416822
434706
66255
411560
862439
476706
403232
761301
190378
456581
115566
603900
819587
265941
655635
7818
396951
708245
966054
401365
902239
678258
838264
77110
791848
58754
612721
443480
846279
698172
849251
802732
527370
474047
818909
735546
126876
992378
385007
572870
852754
37249
849171
464986
777219
314373
317088
652835
530527
233139
41945
313402
98742
55994
616300
952812
813116
950475
806481
155127
453411
677746
839030
327237
774798
837286
351485
139767
121555
515971
36275
812875
12606
544799
92742
11721
7737
457612
250544
102915
486779
851982
477344
743240
564820
508190
382234
335828
558729
408954
369786
90887
887997
644392
700019
975014
673361
844413
743850
220607
696036
52732
308295
215371
782583
692451
355317
987434
756275
498315
71878
287720
114452
885490
960504
325382
107270
630637
547880
591115
622394
682853
696502
533651
810674
326077
284796
820720
108519
223915
688869
957813
16763
537001
424100
23405
279246
606332
287994
381958
450603
769661
306976
337261
584468
586336
53958
964670
341188
369577
649611
824789
477445
455531
819216
195333
528613
921011
416056
775412
307114
364133
437701
529031
52001
248818
13220
133438
944971
471734
259736
407846
81620
597424
250417
245983
21224
53392
624540
255864
799598
496607
336590
595313
80401
185741
419758
55852
880841
318577
82590
552208
279168
377024
560392
182459
464079
281443
993784
280676
931318
616333
836741
487836
828316
158413
305026
397081
781578
584789
274392
779848
827098
559959
497392
815537
372333
905833
59556
596922
985120
933838
480057
827108
400057
284926
625860
145937
426183
976463
684558
221396
841311
228892
679799
21946
914454
157988
132310
554469
492995
764150
904093
863910
901795
52971
361371
694235
65629
558865
89027
249283
95099
690396
631696
50931
909846
901162
798788
893574
793513
133704
916997
739483
995062
47035
264726
594472
991026
514084
286618
85270
291710
278488
117431
736040
351826
941090
122514
360495
653112
469299
485453
368389
106360
984381
644214
743245
33691
542743
849490
571522
124141
443770
10243
775892
65534
492015
556954
793462
694113
346401
227078
408613
345323
850156
154355
183673
372041
546604
379441
426827
832084
128766
477914
694508
623409
129307
369976
486440
634722
980600
39475
605929
585993
868877
271751
513011
464300
591103
712413
364005
505540
506190
521246
392142
449623
173124
121530
633849
485512
210071
319743
52489
451690
152200
216593
909938
571608
110148
30252
739734
976368
547077
16367
34330
297806
999225
814158
266095
474777
292602
388093
620504
61059
63835
480564
722089
215308
68116
645824
328484
863862
386465
98580
852782
365502
604170
222162
258650
427369
55556
333521
911749
620382
148079
986196
533007
475867
848887
162822
379186
611082
930104
587203
794036
379185
255260
775306
455955
250953
634153
480169
363390
177071
561905
247199
894494
123379
335945
316010
813296
901162
379245
407042
415356
743588
994320
312913
444558
94906
487024
389867
418982
213122
430733
852021
173968
684196
63030
642106
778556
538611
217363
72505
472228
143764
844339
954540
912224
195843
790833
150449
58958
298303
709408
431166
714202
399887
282162
304161
572702
232519
500243
932020
128395
84333
126250
483594
148644
996070
755353
876268
28137
732578
999311
379616
718528
898352
91746
634279
133908
677641
541772
237263
832622
523402
852682
867568
726251
46849
136954
267740
26954
830988
887891
872740
346812
634812
562112
247288
105571
38259
139223
347268
889782
193330
517342
522271
823259
487713
700692
192980
145977
167049
91955
186188
486743
770295
797261
206671
569316
345097
335578
913452
770397
870107
811761
170944
653839
884279
711400
903127
581450
109690
470293
72645
631707
881393
701243
36105
481387
443988
150230
477592
132545
131496
449296
705552
703879
581612
875473
829238
483034
327885
28346
778187
347190
617257
454280
322
28193
12065
321647
684736
859217
825552
842555
721909
61866
909564
602377
955036
630475
494741
504718
56940
515996
742405
401658
101244
788142
864627
884873
792736
454568
16149
729384
967758
281392
891350
579208
787522
63442
908770
41085
134085
845034
192092
344473
237580
837748
964472
696184
929410
746158
708637
580459
922292
159491
531764
51517
834887
402661
598746
103002
625693
891571
581069
353616
795989
128910
322634
325032
763094
6563
742077
632384
669064
280007
821699
364041
518251
475607
746721
621453
458247
767156
439407
941162
947846
741783
757980
730120
741070
982087
140893
148591
911641
765609
358699
588511
6961
824753
791069
894839
875949
823125
574656
153250
680565
400723
854995
737100
50027
839051
264063
651267
949516
17237
8826
894051
762047
386341
852690
879021
634750
425388
135056
318757
332033
228189
978144
871128
850790
606582
972522
23707
683652
233515
444385
828360
813940
620776
82703
336973
847610
201706
969416
836352
559940
569334
927586
720809
460587
689242
248423
289363
790720
145630
673824
540484
424022
879503
466186
758622
405001
457110
149484
954465
896931
971353
22555
836920
949203
84115
762576
492126
191186
235523
951434
516722
780153
856846
661959
926960
812223
963679
405570
486750
785263
279374
761909
706378
174241
238596
424716
740594
779863
391706
48599
251694
214947
888416
80194
299733
243759
979733
154516
804230
869244
545965
874145
981232
947230
548712
1426
464377
379776
405712
661136
430672
28925
432006
301554
955560
967275
14901
575442
791705
174823
72900
450561
200073
726378
305333
343195
986951
395765
979752
942939
559054
323067
20716
978658
2643
279478
632268
719056
661271
867452
58981
742500
26154
487069
122522
354528
612258
395170
726927
633814
524846
216623
24726
318774
233833
426323
469912
67730
88264
584742
889815
977249
465501
980340
497210
956886
746408
545242
563379
102763
373027
924653
610808
241055
59256
612258
921190
734402
346942
453569
534792
608641
767007
991471
548331
538613
565476
388162
476613
908514
521046
272857
586264
601795
942120
290545
923055
575632
841698
666014
102243
483085
296558
436012
736250
454642
218913
303642
545497
919735
397254
458142
293641
757989
926555
101032
419407
459794
345319
483128
617548
611030
372936
25236
231420
249300
585397
9231
836997
325456
17867
628479
932316
925116
969232
621060
375363
736250
242092
731723
215819
414759
79280
734734
154060
831581
853070
348010
800091
941196
872968
344727
641132
997832
308432
20710
158769
243826
590698
708854
701739
365469
292603
674829
370669
570827
735379
240026
469682
39838
246330
638408
544239
351565
210145
561388
510653
455244
983827
970716
755377
831987
865258
206387
68790
964610
434961
18179
267500
354229
534055
783333
573846
446066
926830
260291
995452
914130
540965
445067
185
421083
91174
718897
747694
914186
983421
840868
674493
938885
268589
392671
858041
910861
218309
952293
119323
165927
26764
840825
492759
167496
330881
677071
148591
634658
441713
81504
115903
919330
796445
651962
864114
655427
283547
337845
35892
90965
926283
914129
949710
412332
594150
621335
887245
162268
650683
318122
800801
323759
362307
559124
296122
202334
788659
349993
996513
444333
233065
282153
148183
303008
658343
310868
128396
21961
687316
692953
76237
905333
704012
855242
763742
684263
293344
842755
364614
971215
999628
850448
592860
173659
233214
583950
20716
803009
243598
360934
221486
499064
794561
59031
971137
397706
538196
737045
26165
638323
29149
625276
424022
464994
389954
782157
784353
42603
827862
452487
351521
119720
281260
7908
