54339
38044
195417
116887
926139
661237
984212
539076
183562
618088
565248
576215
820255
822725
100013
256994
440490
322642
911381
816759
771130
198365
270228
901616
479731
309949
404793
756785
259993
831313
497120
360710
261847
651305
169270
461829
627070
570890
820808
208806
692755
285246
592808
248594
163452
756098
810401
683158
975351
883223
951971
151510
425255
293833
194560
307343
310933
236358
598823
475965
221894
612692
701295
487998
265664
3189
441806
399072
39496
122295
692241
813857
523627
349591
536295
245812
878521
399856
877173
941506
425841
495659
628078
111150
784922
158446
727189
887143
310806
195597
892026
756438
559963
784689
758422
274454
97236
216868
875781
705609
691974
122042
89169
833401
57682
317222
360104
651329
975160
111353
44630
959270
593429
183359
888739
661608
197671
804017
769280
585592
937997
707282
514469
780315
597710
113050
162870
629364
691671
666610
694838
135456
861602
722929
941587
914387
932506
126463
567059
234338
787740
896774
606452
71488
92286
607261
647910
51306
888978
376475
354768
833096
485606
449750
684325
813252
446308
487574
341338
164103
469181
762891
102166
235631
160777
909154
806470
231025
298673
907767
491505
412145
670653
263306
863990
108109
786984
951488
918857
962126
957545
20721
956792
199838
37953
975468
800951
92115
426205
331545
110200
141739
420657
211773
651408
823098
677807
196765
757516
103969
945505
961459
34198
756105
509959
466303
80015
513052
106841
156729
726582
776302
940339
748528
316599
556326
538951
12070
494377
969670
195356
860477
391175
218263
68338
287228
120474
665413
256333
925286
614678
907206
396635
21349
36461
896082
264281
828351
280096
595876
162064
44583
619568
493711
367802
674269
623171
200291
292685
471224
818205
768010
238910
347055
486382
167571
95895
484634
509997
549970
302185
440473
808015
232704
635105
85411
792837
623794
894445
57027
521571
87569
268619
42494
905765
926251
174561
929967
3070
245585
325064
864806
337030
975597
876737
327786
488505
295875
18327
549780
460828
28558
182926
826245
608038
893217
114496
715431
363590
318013
352202
53713
589989
949316
127558
298048
186837
295585
84575
348378
115000
560956
884644
114201
95859
157246
450184
621188
397932
258546
134529
676169
663947
456267
767812
975305
591324
175655
397499
966696
580302
442236
19366
940126
188372
754223
405504
315005
941231
751510
872902
999569
693848
749689
146556
297966
914456
922478
688417
364080
864033
168726
554551
41861
555672
235232
142047
278791
915891
791259
853887
841470
393801
833785
323353
277256
83949
723389
424079
910561
448368
86800
160945
845267
313373
155419
295571
459520
743781
982571
863991
317177
720606
684837
296579
449965
594087
948101
280997
964142
979883
926132
578526
133939
628844
191128
555234
964601
134840
159797
241540
935093
975579
680565
535752
85291
490780
444143
13314
314342
551268
603375
429106
743213
477258
652437
348168
933363
322833
155320
148604
334349
941605
208397
988010
271184
642065
283136
81370
324955
876664
510523
92671
749101
587283
396034
488629
402906
365206
593323
962309
342711
871726
442657
134666
966424
110419
981065
173614
700457
941740
101698
329356
318949
57493
853965
77420
69825
53105
100744
179465
732089
585349
934035
65578
211760
140787
334770
214961
806863
283857
721127
129385
612559
296626
543535
484802
875085
86139
161600
964260
708369
863866
916158
705273
294740
323983
90985
439431
88918
441547
400353
695592
127762
694802
303712
430043
249185
370912
34621
774837
749347
451620
306398
879818
125797
223318
388752
615295
460641
350254
562354
220582
730033
118080
354346
773307
3048
797384
569358
163305
594043
741629
696304
619240
794714
350106
758123
251485
956347
551712
596133
522064
673776
23946
672963
320709
330895
431448
338140
198679
205583
28534
227931
383678
83094
392706
663954
69267
804416
422079
375589
52116
655972
65590
463100
54436
891902
149236
905534
513022
665340
493158
590110
29919
64508
287433
310010
125628
651779
331720
992815
946468
872892
124311
634665
574232
612879
80786
641470
422140
860065
265099
832339
798555
764133
554407
544414
666081
5810
973691
902746
249347
305436
953682
586560
912702
507865
665049
680813
989317
953064
84181
940536
110367
241033
997481
852
825591
270242
443214
388686
258307
46188
448385
637658
617424
668695
321281
428808
981089
649692
233522
853754
402573
34447
598880
52033
440948
426456
239565
567510
125770
887473
78676
65377
746793
393090
124836
584988
608607
76812
83634
94507
732972
936409
576128
452263
989987
52441
536288
37264
24100
357534
181301
835883
795218
946341
955931
708305
672702
257378
925303
915561
274161
450130
558290
629632
489719
22270
221965
313674
358364
423165
964902
810107
51252
254917
156283
684296
335835
458298
295014
879608
524452
986026
559801
897009
826368
424832
882358
279431
462883
108302
347180
725240
566951
571788
51122
958051
129276
647297
881396
514754
716202
160283
120535
227649
719140
306541
650481
317177
536941
716134
131832
293959
64841
811395
333522
729316
990670
329966
363749
432489
485506
282077
935031
59297
441823
509762
566243
824526
661558
967738
191792
586586
358058
415274
646322
100575
316384
599837
652897
459850
866134
541397
256306
428026
299514
141099
166650
860056
655505
827731
782897
607837
682161
878824
822583
384827
908861
8774
234992
319748
526992
824321
890826
964023
40533
457693
22674
91891
528952
646495
940653
970838
263887
687107
68609
178291
41930
977238
609358
447321
510744
995932
552153
395338
839637
45670
239435
614583
886449
364271
13763
364346
745325
763976
358183
725146
409767
84125
347720
224420
535715
174625
666660
458700
804750
606708
717662
539750
702651
327418
105829
443677
845835
218568
131451
823552
355411
167396
738134
993568
763175
797820
926390
975415
292560
249885
22124
231435
698326
995337
475954
84818
79086
789676
324635
167530
799560
770531
98557
153238
842470
406264
572408
94752
594449
464576
470720
798091
367413
878834
12613
471091
156170
164431
390842
188292
518559
791927
7176
67346
257267
666417
906896
589108
75319
953078
858765
312529
872202
353669
15671
927923
367265
35638
487529
459421
665021
79737
978270
813769
103987
22987
262073
901366
728322
501560
179882
63923
737758
914297
364044
502126
933179
612625
749917
807495
330301
150316
782634
909813
408025
518527
693688
880514
11875
952760
207167
295873
778573
823852
558248
556236
426238
918429
7779
112815
550742
179466
180432
335636
780152
255914
152873
947792
112980
458126
869499
935561
866474
749614
533193
970462
665188
837390
940794
519904
551233
154170
832831
126154
8443
476894
378409
736914
489306
876497
867573
810290
412545
463631
608259
444586
796324
959302
76513
671112
332803
224139
778296
583780
71430
802897
117472
990491
984937
308361
27498
677524
841778
909142
433299
181861
341351
478353
893178
346902
538401
970394
61320
130429
354745
952489
830888
499382
252473
927094
808496
16549
92909
912020
483030
932083
690933
421329
70018
404586
734636
97856
755693
76991
582578
818525
910422
275172
412401
274628
375039
32884
397508
780995
265535
441567
390686
28498
724645
396600
486542
515965
468938
236686
748311
170281
768895
780961
548968
393559
632704
811639
410792
805420
464826
418333
572099
846973
403431
890857
318804
171373
23363
995221
840713
112980
879493
823526
806135
651658
73004
106756
278775
516668
723868
397829
82515
665903
177227
258917
492076
86392
700646
772919
768924
613834
369200
545074
338794
628724
568328
393902
318162
987565
346258
145257
887936
149974
84181
120446
733973
963569
753003
25155
587385
830949
489839
597755
621333
72029
348681
604628
122888
686263
69582
271471
602148
193497
97928
573577
520904
746223
417920
968796
364473
415106
204527
494124
199845
745209
638922
898585
552909
531251
796216
757663
861932
341799
225071
416364
617888
54263
433450
158365
186238
619528
122702
119576
452850
162752
193779
747231
730287
750276
76291
746216
256142
491906
557629
951746
444544
675480
543051
842645
133398
210799
22507
753758
634511
429973
496647
707875
414908
667986
300960
715386
363842
436648
804184
874720
710351
848455
436972
99107
630614
578296
187667
229626
496715
569750
58841
593278
41531
118853
424986
580360
196060
117292
281444
833431
786342
112622
136979
296278
352209
604603
858515
341634
170583
161886
126878
756295
379965
466080
424990
810739
188666
74031
658145
179902
560872
791956
277178
143673
781398
332494
270436
25153
103853
45153
840184
140455
884243
290279
733557
677669
844988
100629
912479
756729
330001
505243
508469
789007
206590
566220
890748
387952
693506
543938
554553
221788
29411
848096
507000
598666
464021
751618
238135
664327
16245
785413
405122
844077
131881
121601
549970
163179
902652
573279
259481
897605
816546
166315
708487
686435
454217
440091
286320
335899
902280
964595
175314
858708
446602
396488
588208
613989
829096
961437
793641
774348
480118
131976
642568
986594
698737
607857
220783
433814
159465
307671
197306
238248
133708
469832
675489
675335
27043
203022
599107
628861
140573
890121
942688
388660
867007
759007
741429
103024
752627
343996
473075
858261
493150
884836
767612
91797
555971
29069
659359
585002
49640
397035
999994
240605
245073
629723
33592
944833
860593
941231
898213
390481
913700
218389
481543
205298
597704
425802
888811
65569
758284
475939
357892
17000
393638
54645
308996
867854
879492
25708
105645
125272
212242
682144
10583
42374
889980
272610
595426
576459
71470
267791
621197
256228
89354
305801
950155
608604
772432
672112
886305
64396
566574
207479
952467
803525
174298
449265
508675
709532
858765
345514
812494
427210
696491
636771
594036
662648
305394
356753
45157
213998
887601
208180
365925
650681
657222
333714
602790
369902
838331
643593
404477
87143
447861
401625
87314
635682
256135
585064
769955
264503
161200
122120
809245
912554
783188
982972
832676
369591
810666
58963
726495
212438
384595
940490
348287
7303
653237
139481
689998
223737
648626
573803
851431
260410
758282
541046
987795
838386
772128
398015
27222
786170
324208
729475
30101
657694
850713
374261
800024
53671
241878
204901
472125
159823
86290
792829
691589
869183
880454
397761
683551
759587
791133
682243
208659
69991
350498
546174
868577
859688
161419
320903
582852
16904
599799
908210
635084
17902
888642
187207
598636
913659
168224
483965
403519
674186
806309
678455
442042
686287
917633
567175
368301
920275
369104
679033
484979
496567
927715
333421
196743
678679
128080
711200
844838
831099
836058
192024
519484
149202
29848
903942
20262
844494
458872
552372
324780
554735
43050
966423
818421
925718
370298
276078
207167
906564
119792
811315
620803
188175
103263
826050
203573
540909
160224
899848
524822
674489
571044
37260
989757
967870
355752
21102
235648
586063
705472
936272
968838
788311
162475
411018
563092
189459
489329
430954
503914
700414
487767
259231
370216
158247
799670
304961
712711
224859
191635
744288
133527
835874
929419
13040
671225
923948
36272
221483
795528
569093
646907
700282
185031
651769
547101
120972
129397
524192
437370
175061
879748
514184
523360
84050
916027
23261
564156
421872
726190
559535
715060
462326
608045
880088
196365
545156
250332
898547
267330
976792
453847
6847
238884
345213
55695
95131
280340
450874
986863
192022
762551
941587
342578
813122
785551
644866
397643
631487
353178
725699
888231
567616
706589
405125
872297
900935
894164
230913
395483
689122
39997
519216
396361
899176
435243
93767
957057
269628
589716
219871
413876
945105
84476
454642
656652
876607
695221
724619
863497
292963
370269
694603
810867
46117
459485
376995
302776
347720
270458
596296
464414
417522
94057
50077
656759
774347
473408
829884
962035
417966
173804
889041
542484
640390
528314
179401
635557
80029
295277
421794
318410
522182
84125
270757
22412
86192
714457
139222
179602
237866
401893
116824
20811
170925
115989
472159
677372
1283
905412
605173
533772
16647
467256
514624
904412
583712
760999
436068
773404
415755
458204
905352
451945
561284
940140
242651
82385
540515
871185
607729
407200
252141
757228
914256
824084
709296
654617
238117
322192
998827
909803
898593
804388
948268
457341
913288
32516
296037
140226
665425
919345
52378
871793
537970
458158
515575
492602
384815
730508
954486
652191
407431
445728
438570
136301
756742
97870
558140
817550
921444
700888
687289
848621
525510
562183
649860
705548
927841
647199
201077
456576
624
607436
642877
322739
747430
506094
493460
11930
728710
709038
868912
396411
908658
36601
124884
522793
268837
284817
758184
839404
803405
434870
21870
870765
988246
114161
368246
242710
717697
84043
34296
998444
55964
454899
518530
796816
646709
808265
366165
713130
658525
695123
280550
788952
365231
473462
483916
645568
572259
272978
470010
373330
224474
414556
189859
138071
149701
96426
977613
445395
792484
372459
748028
564549
905912
558563
515883
572643
85339
315502
858665
215126
508649
402938
145817
557915
774015
104463
438798
746300
998672
492528
136346
660261
554184
305703
476500
318949
846340
727722
439704
680598
505846
765793
262676
883740
800812
942805
824857
389445
453480
140455
36680
141165
115995
283711
121539
308151
111771
957375
249185
438520
332273
817396
492323
967105
97372
529768
671840
275294
896647
498755
732912
918392
51059
353709
912702
809614
500164
387624
238968
124146
479788
580095
593930
571319
333885
156599
772277
380905
652101
501343
920712
432860
583808
794105
287593
131044
735779
847784
387974
228189
393881
455505
657849
820574
920289
506250
687348
519823
69760
177244
336285
989377
344815
175389
410621
900073
925737
385769
89338
470027
314286
405310
264788
742319
767607
879344
968995
343568
167228
762523
974138
920980
576919
595672
472804
25306
109696
41924
868442
688697
681324
236668
940913
802397
421812
587904
309784
755830
663187
744131
43208
989589
216739
450029
613293
446695
641802
621035
546679
183575
754564
239668
546550
147001
794180
302323
140259
531658
993861
117306
674730
419767
924447
732062
432606
359168
135344
625679
840075
614199
540966
417259
672957
746981
231796
434160
92902
437105
964721
310770
364094
662680
359852
95637
999947
181838
795569
316325
690584
748568
489221
110869
542385
572451
692181
94482
607751
668782
623244
223789
762656
160502
69955
691588
74006
693172
205566
784473
32451
26815
338154
2660
782649
487566
982583
375565
694368
163025
972435
736946
323475
135871
883427
982622
639749
565240
794896
921668
290217
689056
21172
975243
580564
291575
448920
345858
362426
627854
525775
315702
357439
579217
150075
71980
97493
583425
721909
316819
328852
88996
47892
50537
406665
356795
431417
20284
834527
887170
264575
508541
825686
273775
264392
385250
935582
846200
210277
251315
843835
54571
855298
723994
660038
774676
745755
885020
872520
923379
206944
149435
660723
267681
246176
588776
313327
311451
379853
243266
123831
533465
573038
722293
179284
774858
795535
168307
799433
484370
408441
309789
86690
354745
326452
145286
401300
531293
623038
372399
873172
617760
606502
737267
322822
910825
927094
19123
711816
237507
637479
247157
985248
90418
389067
839871
983997
401948
582492
173358
843006
391047
642782
223434
332530
442518
188666
924167
372078
776770
645403
875505
22624
669941
189029
402692
83345
42343
839551
580747
716644
936080
606355
518296
136614
866550
247220
260139
688660
275294
153541
690215
81567
459797
978303
480212
193391
430846
88765
872548
890136
435224
632801
385980
997138
889971
410931
792680
535971
599667
438764
854131
990731
219334
268412
960988
842590
998680
140321
521248
925373
755398
226638
645954
710143
728931
80597
617492
618747
613359
633485
604927
143671
227705
608147
853604
819286
698173
567963
308230
259727
663395
264400
612298
18890
139373
34706
270781
533983
395096
355922
943596
479402
914878
466792
826522
290156
1803
465613
252572
508857
806688
541583
209161
595732
74919
260382
339784
448992
46149
378898
262975
423744
205603
984609
277503
528002
10976
902660
12442
799632
266410
583642
308199
536126
221499
66659
892930
726988
698237
189801
913218
767853
493368
879058
49122
61375
407906
361870
83023
81796
706947
867724
435230
646120
613490
482656
580535
355410
153912
512919
22766
343648
357216
82363
978883
940299
603508
877450
119128
142368
54025
182946
521201
108286
90441
724302
967759
997213
673753
808871
861328
595009
959666
922244
249928
267983
716058
405301
247382
504209
759432
715811
830804
300620
53598
491228
498513
36879
907117
496218
669600
19238
770362
51283
682479
421729
912491
628116
78358
65855
713343
346877
918195
693941
69139
84819
90651
385388
326401
405790
306113
864463
104989
856671
563836
757663
474918
481174
916660
999476
953332
162225
150962
323268
403254
623828
264941
60554
489201
41506
12850
248528
2999
896571
971006
627326
643759
199271
360922
710300
957354
361621
114329
279738
103736
933077
843744
225535
1331
150503
734714
89026
608034
912388
933029
985908
195670
756161
61365
361575
735843
257167
92766
654252
832033
590471
147116
617268
215807
40362
166505
328410
66840
77238
823648
963857
532114
415566
921784
736017
227263
903133
176752
156155
663484
128080
455000
967421
158597
120600
50725
370357
476086
459876
287990
393583
751170
960165
721833
504751
187790
915131
657788
159864
370385
180568
597302
228873
113659
470615
263220
209206
293840
686867
146631
558015
573255
235256
260587
110292
756511
322353
50987
49037
794873
94336
156291
457479
601529
447343
775236
778235
932172
200934
34598
195787
477842
933521
789625
57682
492318
683064
649074
528215
482363
625853
1561
620350
67070
334961
979887
923223
403792
957339
900108
963035
835903
451837
423567
378799
992517
534500
964485
392690
273023
3764
316781
733646
913783
611495
434986
87606
496511
341290
637479
362156
255361
136524
994859
860357
44006
676029
329959
889892
807721
186926
815779
494524
428489
604317
646659
773377
178803
502846
837014
346500
912938
339877
928328
771404
335537
367407
792154
912221
996833
74404
443869
75272
296442
342682
994474
43989
571364
369182
56289
801444
160748
476989
551216
866701
377070
549336
192848
336352
24617
784994
113926
36875
139106
736581
296735
710728
610826
333120
687775
882033
28579
930897
283499
528473
61626
906057
565443
335375
429535
5099
262832
861518
25724
302239
414435
996372
345738
30635
738625
610018
292664
428346
783966
673020
522879
958575
643213
601873
383181
522043
38063
307315
820910
926982
99515
368601
207532
278621
644000
557335
110959
354958
108718
574839
824526
36748
825591
119116
912221
571731
638150
755816
848487
332714
137860
838491
964050
457470
943578
818911
810880
879259
74298
161928
769809
558601
175423
295531
188896
108247
789856
445372
917427
283929
874807
799162
289534
679640
24549
250623
614807
636627
846096
178970
82104
395392
254731
586947
2912
165706
276938
448609
594550
136979
935568
345629
10981
795291
291678
684296
349883
808123
973481
820737
899141
569824
167816
500833
843007
228642
18743
26588
541642
796454
69873
614690
809357
527649
658657
311724
54928
808060
979266
718690
723275
215118
26170
579157
545543
530607
229131
55843
852309
69202
964735
777117
964023
173682
878703
727214
306645
605081
403142
176005
461481
917797
556035
196372
628934
539825
240772
128695
947178
102132
967275
644499
16743
350936
868577
853377
346538
931652
82894
954920
51951
522785
365740
422450
259549
845483
922074
747429
522448
235576
805965
987525
599184
472894
834783
299571
862912
577169
372614
756558
671743
24435
470564
766783
954189
21037
937519
916789
238074
380950
228156
636385
454191
51283
803720
922935
266527
510238
255786
918963
925522
403602
654363
964651
218740
151615
180920
529645
298004
346911
309543
924230
349988
915491
349329
863145
549982
103768
534360
406538
480896
186948
665340
861519
712414
133822
727228
743432
854882
874772
627721
424315
567437
610768
725108
409017
924830
997522
386003
287576
490475
108132
683062
524807
436785
179481
113307
182408
695680
505561
902832
114053
589133
329512
720513
204174
318013
737237
537520
931965
656980
461533
28158
363590
285871
572860
704208
550468
475088
73484
176897
884123
723673
168726
774474
989169
13711
274549
106397
363113
676732
643729
185379
918182
563919
271048
24056
706537
907024
764324
549944
574774
877804
905911
143842
850806
454431
165732
655281
581553
736264
352442
845374
966300
142857
623426
915932
689998
767707
845374
117085
42692
256129
419369
66945
960387
796495
511449
894935
460304
829231
565140
665129
823220
103611
53068
7937
988057
301617
575666
142485
189889
343117
679340
365044
54560
578444
817979
103589
708842
332636
88272
500792
426962
85408
106177
838570
812680
147061
593276
534403
315391
792908
322125
453990
573971
171976
90386
122323
184464
960203
483292
884227
926196
880868
34030
954752
124443
602902
64412
643352
307160
591427
113844
863801
329537
396361
895580
730189
695035
612348
53921
977913
43015
258224
270981
347097
233450
166262
642745
470639
662852
119875
877494
283130
404358
998430
610212
958072
873323
338511
206163
136301
515028
920892
649897
451924
256135
319779
657884
853353
929262
928887
913526
104040
404170
26320
559535
540371
220257
409793
891098
890334
293795
655827
837217
617180
755901
926766
791892
725846
953549
88838
224019
728637
100642
455154
569792
484010
492769
9157
861249
323491
871746
434561
180920
174410
779748
515536
919211
104068
582023
645222
542556
774824
289797
326508
172833
477416
229318
277554
313931
600376
686435
586681
82789
870106
104006
169136
272155
405268
728931
557203
320787
632448
747430
685016
840402
37879
638488
646482
46322
941944
504440
311395
238735
848964
302185
964053
195458
990150
371729
52133
325398
1555
50767
6897
976267
652253
427802
446818
452167
13536
70655
65367
884057
322198
519948
18168
191499
627033
941231
962793
95837
606452
379148
918259
765034
97339
327157
645994
838945
777207
760441
330884
800717
161282
525152
20635
496218
247701
854431
261227
300636
481789
841630
427584
920490
373170
496872
504921
406003
756073
628810
46680
549028
316537
939229
917995
7464
927116
577451
506835
315645
590928
156708
895572
107383
510863
329430
273612
172734
395845
79045
663821
634725
380965
702905
791924
677401
354659
606422
831340
200769
44477
274711
269945
456363
46707
965550
763655
153749
336982
312397
807991
928493
417230
200709
926076
263677
349041
620114
97755
720697
850336
363054
777021
918029
695301
221917
476670
125272
598363
278023
774685
978428
744724
329844
95221
240441
296477
629783
903416
431911
759321
330858
650084
610106
207960
486864
856068
561996
439595
159245
924245
468140
404356
372486
335170
397574
661207
564389
282334
240464
396144
163087
91208
811286
546962
744369
43154
735275
46704
511145
248071
697498
567150
368544
918123
818562
304702
350730
205020
575468
210904
103413
657601
116357
133860
729083
971116
451210
660194
763363
288031
157885
931744
605052
326110
506910
901731
843069
305839
492967
451596
342765
214465
189554
646980
646120
372381
290261
95901
926762
297382
972665
711023
596059
708047
824845
291605
613433
318745
932300
933023
880750
671559
809466
378459
192198
593791
935922
183844
847203
332234
761387
234483
901158
828315
354806
806214
685393
688731
426185
928477
800783
267892
9373
892534
915014
68749
392889
483138
229441
71026
966212
962788
824915
811405
406933
627367
712707
552948
503880
499257
132872
559926
918276
350683
109468
231460
882329
891015
588934
541587
431549
352175
36311
509829
529366
202335
794105
826233
684682
607071
77182
155991
349636
614737
935128
198137
62841
165871
225412
988010
861515
55957
301554
172930
203485
885203
975003
7057
13739
994031
557341
952231
445614
160853
929236
878682
592100
257845
862703
90059
154747
563258
338752
957468
661996
640297
262387
467828
180731
272174
568119
732806
425480
765903
17000
523549
518362
909001
933510
327178
754984
9279
791988
426037
624280
971836
811859
294415
158903
467862
962950
186229
433815
987955
774351
350133
94046
924105
953342
325390
732595
352782
627311
134327
798436
418803
180411
215839
546298
351514
1580
232045
605603
933839
281716
987229
876087
464942
657763
91018
389868
768705
550074
82179
185097
47606
398472
482552
190941
423811
187983
967581
839652
286903
739885
416253
737992
963545
311775
527045
241082
198990
990533
314783
16904
55032
745990
314281
619918
661104
653259
553438
372403
448410
55517
617888
115477
986078
471370
214715
878712
833255
250759
884131
794561
240514
418153
161488
125472
253703
463712
804408
627320
914611
98619
663414
141108
264786
896857
820368
459225
519540
88294
580902
463089
799671
86068
113420
672408
156570
767057
247688
587277
914035
386199
653886
113677
412310
610822
182363
244737
118740
536719
362163
440989
147709
704249
491945
884252
57025
631870
224428
724076
374644
796532
192788
752171
982278
663679
428717
10070
810061
65096
90545
86728
164908
140993
601873
550404
290027
394333
299852
854739
81517
165706
780869
181737
510464
7373
256363
568393
878912
719498
525032
821073
253178
16743
704867
102282
498898
778967
448318
336224
115246
349674
705091
182955
976115
876953
655413
818256
325381
429254
108792
720641
157389
830217
390817
445634
234190
243981
772502
428370
418074
543028
79662
361072
362536
938532
552608
888567
334523
902923
541396
318872
58505
908853
123850
317556
444245
893040
906872
883740
910391
980277
381363
324585
733368
189200
73814
620644
440731
395338
184645
742605
828492
611420
621701
936654
573783
312330
375081
74511
492525
212216
827427
910974
233361
856280
340267
142604
333776
161169
707387
824820
8958
340648
181415
808509
774600
312572
390236
436063
672681
444383
218463
806116
899141
363407
537854
929813
817632
188576
644468
909557
445728
354715
988028
898435
476101
661554
54002
645926
573095
177542
796705
477776
486586
983947
498972
383093
115422
373585
738821
264246
371322
983613
654080
854224
883903
231077
28883
306640
70751
918632
199729
808727
160460
714148
787829
666050
702507
606046
700027
565200
963725
431180
981100
200720
112848
134324
55535
22120
526710
236755
831042
742174
198063
412601
459908
897736
378799
66910
146386
587762
670313
800103
82992
577321
602790
196453
27362
223696
445205
830188
185731
55660
153687
922466
764411
525909
3007
285094
964582
19168
31131
358730
428856
793037
365679
551459
709500
9124
457644
864315
828490
406264
216541
653762
891023
87216
60537
347413
802683
904846
848712
227516
901243
303644
203180
313704
600385
690079
257072
217810
725130
180920
200786
788463
683460
318349
539223
909693
500264
865729
585748
289474
600290
237244
172211
326881
3304
6914
437031
293623
720469
614897
837204
71392
366109
859808
486603
191938
118717
174385
566143
931345
584914
95949
371330
679554
8811
425233
399976
822260
942173
293674
625249
847744
71247
650574
736576
893778
299311
669088
706138
317339
206390
553342
15165
700792
423782
571325
238378
461869
910343
159608
148933
17889
297109
73814
624893
863581
934241
383343
143476
88031
392857
181340
393359
143178
880474
915355
778107
199350
455654
672920
220451
449899
574634
479433
96640
604722
296956
984043
225046
916679
589631
23326
846793
639239
167662
307500
328723
453025
172079
161397
756656
530759
516574
42957
206556
159600
844226
511453
530092
882596
80733
221920
136310
288774
52865
881472
168002
572957
85773
751553
403636
2046
338526
594036
623932
328739
235456
153220
108351
234326
440529
636326
986576
856642
956612
973950
79084
272119
419457
383137
136497
859958
613323
241192
122627
295060
692755
462156
63078
256414
844880
707778
95428
301568
649616
173212
298533
7820
208708
648455
885262
475413
989312
24351
138718
271913
218857
858357
992679
640541
654164
517308
336953
410722
686926
947225
658257
497873
217002
412410
28346
942136
328408
989021
560023
862969
751293
342711
694287
269074
650533
427472
833259
109963
428620
625700
366889
654755
186647
730634
772655
329627
685500
182595
971347
769495
946605
680299
826996
26239
924103
614638
382858
521252
659193
688670
539852
678523
299365
236515
444825
584012
477514
136773
126418
567122
807495
605114
122026
255991
573788
782275
512146
498001
828109
265769
481751
655963
286903
594222
799907
257845
400332
400386
458864
465409
531132
499657
882407
895147
559007
484394
112430
524205
204174
38924
712058
877750
998401
674512
79564
454878
493991
99649
497292
343648
596481
930877
105402
443437
219421
571673
951846
466599
962037
429655
836145
682887
171138
522929
970677
864571
19753
689189
280848
55721
218982
102690
568901
257936
820324
110455
657128
385448
17338
818624
280043
21522
827420
956065
108270
676936
121631
473370
923939
178437
260828
503541
188962
667255
330491
769295
71548
24580
852575
543716
121774
367374
129925
488115
87895
696437
478744
500301
457758
945959
287621
558478
751440
340050
764969
195534
436835
710102
157433
84031
424005
79287
853077
156708
395371
423079
566090
203944
127275
814867
652198
580457
250511
327299
628005
988254
260049
133203
647463
76166
269655
864102
515576
893250
707486
569952
571373
998908
53354
385621
270268
412987
489152
68973
953839
970093
649843
899948
512326
943837
393275
205561
419733
226640
57250
474104
611914
87314
165796
732314
107605
685811
104999
870533
346565
961795
295038
741820
668575
908002
313160
667143
818379
170365
236060
436222
426252
597954
324857
329386
545002
266708
827130
947996
990817
290731
155352
709814
428446
192321
731290
215277
321361
443553
889534
432311
442719
692466
406205
945324
223248
523008
895743
47131
489629
718286
226798
185794
561059
742278
451506
198530
136361
53341
550254
676521
666692
461273
704371
937929
560637
751883
172510
719694
276209
108122
440091
386159
425809
552595
39134
573346
449485
318961
875951
469505
958829
472308
570260
424966
297290
342415
683109
777820
184193
224569
884311
334762
108347
263864
137250
648561
579044
628985
501040
451789
300576
682747
810597
479948
525446
578158
684972
392706
493394
797092
928092
872823
596027
663056
365438
3685
33215
898010
582117
905765
706350
444720
533038
256188
325953
254294
671584
132590
997861
940719
155616
191006
607309
379355
594259
946970
702551
30837
889740
602077
927699
165430
96915
770681
708816
910743
373705
727236
133153
588208
267059
759537
298402
406249
161278
757855
989181
984477
578325
576813
102501
226347
949833
703628
813163
223452
130284
47204
495085
331266
366673
490526
798676
870155
72600
9987
709839
273486
36566
699215
530560
495105
210366
400887
744322
324095
927972
403877
242144
330124
317003
749731
575468
398366
347761
98845
417067
39906
690982
402833
829498
929105
976654
617063
427137
375326
124405
12203
646456
918619
449912
175346
719269
49390
183605
481986
272602
480176
502888
753360
34966
358149
719013
303850
441316
256682
719024
140463
747733
166287
469052
992728
57775
274938
884123
469135
993605
220983
481856
976414
231508
196014
281506
952329
588348
697496
886675
110608
685815
728388
405131
511011
62039
906102
795118
332484
455878
364177
39134
589814
880397
513256
487245
826703
409984
186478
458204
154441
342084
410792
175932
511749
459065
519892
141921
20436
654318
611659
940299
45093
318204
980989
152469
899665
119780
493523
249038
169235
346046
995959
849201
667830
621706
246101
791978
936895
227112
215973
553872
247701
198949
916222
784557
224429
116780
662429
704003
418252
698331
816785
398852
448585
610208
375919
389852
611797
144638
831972
58359
890442
86
143675
717235
982665
110423
451822
870449
842534
488460
530975
9349
262953
335073
825675
325924
892113
975147
145513
186263
913274
505270
51691
270261
469886
48415
988895
450383
647776
516143
789697
427098
69032
488580
630972
860282
37085
86926
176745
384782
953912
597727
617754
732734
594354
627897
879499
883292
762242
466234
91185
964026
24425
86382
297171
945204
796837
822193
400375
827049
561397
669835
2731
213810
282165
536498
522789
648399
519784
609795
26256
731931
187999
841195
644214
349965
514672
824347
161069
328304
739678
6062
212677
497478
863774
45292
878758
962675
929089
870252
360859
489789
76991
666417
638951
473247
894339
273309
583113
660546
906451
613424
323212
108458
437061
928782
86069
829452
847370
635213
407005
19969
800995
570450
896571
497523
17880
272584
220614
208979
881595
191531
604486
899576
222525
274342
868568
811653
887268
319779
284495
47814
623145
532338
453314
402430
405853
125371
83401
263797
366571
155681
32850
93653
645494
441116
215321
487357
912218
571613
599636
217736
296589
711686
874050
712090
955542
84575
174716
609275
310016
128279
841068
925039
259419
88413
35489
348877
671047
165643
503194
532079
964248
158450
590969
226066
917179
761014
186657
636391
377073
643105
403221
268816
951159
531667
726917
637736
903944
177546
533756
113355
753649
756560
801016
864622
991259
119065
685233
440700
460745
867569
570122
136736
814004
60376
624387
644141
294876
8273
260652
446198
878439
726023
686328
178032
585726
387902
859385
225655
833785
483735
596862
10768
326401
159139
278844
124123
34935
593145
330757
77607
332654
153544
131940
194144
931469
184405
145262
232343
937580
393750
25654
90565
245957
15455
353151
873729
52872
332846
924411
155110
45291
182516
740485
743871
466594
366017
825146
109900
608635
973272
975626
247901
945141
995451
733967
68136
628097
625790
386081
388554
716337
735889
418263
975412
956528
117122
425010
362484
39432
722233
605519
726017
930818
583218
462203
68312
413980
193726
800773
891745
708290
153220
300414
849644
93805
799286
97898
51866
644868
812763
783259
986837
499667
770360
106111
597828
145372
676685
428002
163267
732707
582551
609226
391068
593922
238482
739535
595800
338394
744964
478794
616674
374548
208481
78879
985894
340766
262110
881018
165675
477225
199704
421373
536631
862645
632220
340347
35376
62593
543065
263297
984705
76658
613424
627177
628916
700670
919367
34030
330666
881586
36482
98553
85721
268172
843774
923885
643314
753688
338099
497741
61017
671358
238427
346154
657884
966760
210296
503397
794138
34904
54544
102811
550241
226804
620138
970592
90726
724905
268975
292566
736205
462131
253679
438654
81757
163814
906618
495835
164734
943353
931705
772826
300193
372024
958131
855176
808027
993568
395055
447842
336906
323395
778370
698414
801274
955576
765058
45785
827028
533861
302609
440460
722724
577626
193234
690776
420729
249540
199483
547034
417081
97116
694882
917992
596017
883678
452508
130122
629569
139798
610422
924498
597785
290933
141852
748267
284285
840672
635442
761894
886174
474132
659239
374091
350918
361876
178048
436843
847177
157175
210060
91036
871731
313929
679686
697228
52147
173053
205520
345064
717495
295935
853072
708139
553562
171746
273410
125939
889978
512293
432354
845362
588153
28609
10047
289793
699570
625785
62737
499396
647372
403300
314129
328447
92407
576649
808296
787432
887990
820226
556686
530919
138793
467490
17613
922849
862145
178645
26021
578601
734988
439083
127306
146244
162646
941811
32279
909051
801381
52668
178025
636783
5100
19745
539538
958011
773721
344875
734921
881154
472402
594120
594700
992922
547665
310088
715683
906514
405010
887055
588071
43524
786379
167453
217625
37883
670752
858954
975940
172664
651864
170066
511947
90951
300705
367884
694521
449752
713409
639514
146909
12850
530545
99441
999923
455808
21820
66052
971986
67178
586220
706144
650527
315569
503469
576375
514445
241782
592387
196128
718225
43970
932136
323502
993372
949047
295753
123234
242984
642235
3512
992378
800701
496941
750894
571816
347977
18678
725907
239143
827625
147870
814743
290882
528551
164224
861943
434933
371167
119027
426509
777153
271287
59198
78620
429266
317980
201824
899237
795528
822684
949411
426023
413288
461087
162717
735704
87601
620206
27222
76132
55881
13233
738826
250450
994666
953520
17130
554559
351665
867221
131581
302628
91035
873406
15922
181209
965897
130019
2082
475624
320073
896690
338658
357429
8731
850336
564152
882525
380236
490904
204734
638327
790466
23796
43573
463038
410284
528772
853224
382628
51474
675749
589945
807563
422942
348233
767000
318690
920285
995988
802941
865396
827300
974521
274327
722498
63435
588350
756537
755952
296937
464786
613325
584910
824242
497
959694
637658
941801
838358
390193
245194
655278
12900
335168
849175
834576
134822
935392
593427
974311
509151
233695
317935
223202
985758
761054
846927
482328
95389
732018
465997
407616
585683
37466
739843
390868
532542
60212
311310
208674
524261
57320
483555
452256
357894
165899
719803
926511
247461
286686
886943
151087
167384
283770
307193
365798
511659
898203
462181
721636
624357
443678
537711
666119
981022
531375
433532
860241
824701
141991
838611
166870
660069
390252
175036
446669
252397
291245
34943
999779
14235
458013
707610
706315
968625
452694
308796
24813
670456
53687
670270
778824
367372
385225
877583
891562
138802
856282
290919
173013
970775
9244
791123
373827
22669
548684
458535
849830
529478
233639
349286
421744
925009
394874
562543
916273
195270
108782
376322
175507
376964
694826
916413
523977
193755
856363
470202
957724
217387
936131
112484
435594
427645
726369
940897
918724
939904
723776
504090
593243
652940
806986
369015
493117
955829
539079
222192
324585
947615
917272
493591
660919
573630
216423
207300
190046
427580
545312
670997
908667
982972
529510
119648
382840
936376
604687
440303
860523
708047
777580
902389
675392
234056
370982
638211
776852
204172
726838
259121
388406
795346
485930
376233
340117
268901
544207
114628
235084
391178
726296
885002
925987
598149
91752
438576
369066
860194
653847
266771
799330
711128
303835
727295
803691
399938
951657
469572
380656
930208
62685
824206
960432
417920
445873
23085
148687
279280
375924
84407
702632
731488
583400
806805
613527
668860
372366
145665
712290
400916
690608
455494
522683
59911
882596
450562
981601
102282
353181
368912
181008
458054
859653
947844
927629
991176
238236
255989
663006
480630
754451
280386
172170
234758
521192
49862
304054
523213
732793
810107
583691
277918
705109
431222
128723
779635
655358
731582
576787
766137
656799
8916
638437
459612
392812
845327
201409
682889
770447
373682
251702
132370
828179
563376
188425
178484
616299
509152
406396
987227
231722
397706
817738
384423
10422
271086
527230
424438
771283
148929
155008
104077
641289
198855
795388
199118
206375
740530
170679
268117
922276
790518
439833
555672
451226
280683
599269
424090
777269
625312
127847
617399
194868
654779
204035
679103
820119
205631
620055
897473
969475
18310
975413
844407
70505
77433
666095
927571
660964
211528
928698
305375
318875
788463
93751
681446
906820
185098
300313
261890
336603
878242
654210
822500
255719
406226
921463
293867
466722
333053
52648
201953
938403
911572
223498
852535
590079
917501
935313
385907
915410
251739
430440
420507
147300
694536
374346
877534
746258
825575
827367
989064
922092
74800
754628
60491
677958
622362
39522
430323
607299
542466
317939
104286
69769
926982
938334
520581
361107
495052
616346
517938
158249
874172
955378
230437
925122
579165
239252
999990
878356
82875
779422
208979
978879
823594
768254
278727
795113
433195
628392
86140
568378
741820
98476
439271
671242
588991
659463
138536
580668
90742
287834
970023
405188
890664
761575
233468
404853
16265
723334
156414
4358
246156
872879
33
147343
548430
938359
679848
199977
690400
173453
669223
177653
296550
938804
75272
964146
254443
805901
580355
842044
552455
798133
723585
562423
476259
95791
635747
203463
442548
904860
704714
639949
250115
156445
371172
763743
650483
993508
202271
573971
816358
189548
743959
689003
589417
407805
980271
715968
667382
118427
153913
446138
385335
800203
448029
241540
78922
473819
732311
413441
992635
846199
989797
868519
799079
672703
167268
262732
931502
155968
757836
728819
770521
474435
447745
212259
685118
891483
916675
785227
178484
597668
548690
585217
535289
944609
533075
523020
992980
418129
458708
69435
513905
373468
758316
84545
574738
873143
492148
315366
150914
291780
675367
581754
711243
503075
630966
189553
153993
388401
439493
661104
26320
3556
828755
492586
484444
127170
339735
337791
893644
917514
635397
449160
754793
349726
994741
573125
488061
567345
563262
102236
547443
183586
977448
676679
715208
12598
807541
228899
436968
440868
53615
728553
828099
155963
97659
958956
812683
487829
530679
812663
510813
926585
586772
326793
326653
804186
428562
461445
84049
47761
199342
936400
77497
204652
927062
812409
618008
530995
234565
109176
502143
812854
644704
272105
120474
529558
503038
534931
36124
101450
822897
184488
697915
98523
123895
437268
587925
985555
239381
425458
601007
824303
886765
34534
948218
659983
20284
49201
594199
632095
129704
971239
481181
660038
68192
665568
788784
618935
883199
608892
609275
534014
643124
845470
572524
697657
833433
41857
950682
453330
175504
535440
537028
168095
985455
933544
55561
891954
920014
5517
437137
915776
175586
301282
389744
765129
842855
520683
802842
393079
649004
729890
619842
681307
268422
827497
164428
36559
615091
745790
479814
481130
206936
152543
525790
343324
583293
361548
461401
500995
943301
621636
131501
389618
760977
995652
358722
751981
279736
276067
409158
650371
888678
188065
197312
852272
900968
273992
699555
539561
676285
349029
122899
399676
717100
282082
648097
72493
787167
241692
995135
448410
162269
402860
603145
706166
13226
222989
690648
240974
394389
685826
7109
973553
812673
692194
327855
188172
367452
917702
419228
900243
261427
431417
605643
405771
65784
966198
899888
275865
17725
2982
574388
187854
967021
978178
349992
471364
131339
56956
139982
938805
390122
434641
619433
702069
745833
739806
274226
827903
756672
562474
385890
159723
264007
114021
152529
983203
794656
47572
901892
277389
562525
244444
291575
838950
578083
794476
346538
286923
190988
180975
808326
845686
268177
572007
604389
295580
281955
449899
279271
75707
160767
388008
369079
607114
562464
786170
255693
851723
742743
634657
458299
124634
914478
150890
520012
178586
118965
713945
995513
133226
85064
334061
980
215374
626953
849006
988340
143230
965823
511583
799433
751776
555060
52963
599270
228134
978308
456871
259750
131104
810536
697498
358985
210637
667180
966037
822071
189963
203152
140521
761452
52774
253020
904171
838786
647012
284476
294546
828516
535782
915422
206943
595500
679218
926523
933925
621750
679643
27798
891713
140768
944592
584308
52147
496211
321324
299032
164682
249841
184248
997564
4214
749355
641005
543543
38858
45577
840952
424910
915415
785546
67012
704043
172415
337033
311395
469060
563254
644183
816501
220287
542772
685968
647670
754750
283226
508777
502579
952046
8716
494752
499291
603765
551459
905327
93767
181273
562537
900334
328125
970376
406846
783418
739535
221894
50786
519962
486401
58742
297902
916059
978695
633041
26744
333623
983024
599378
745705
735970
81596
219511
797617
554582
320230
764183
915471
769012
92950
881087
366326
614385
33958
453226
309401
265024
46064
65569
577986
97595
87091
660723
348393
9079
952113
789225
926055
49762
661969
417067
543338
994334
247501
864836
312847
609012
488478
705041
468402
202853
707290
563289
858627
134374
601266
910959
810518
816184
922462
267753
983439
237100
271633
586906
130901
614589
843052
599137
58226
272074
510725
529511
69632
343996
647545
157554
710486
918724
370892
414205
171185
61840
911211
366955
383614
770484
204782
543702
74735
872258
562639
57925
865729
134197
428744
937262
15717
683412
695875
715854
585349
244578
943512
662846
346024
54016
691509
493218
445634
205407
352600
207151
567343
846691
748166
583934
327786
498370
887016
752255
833483
650981
935880
92992
236668
332425
178944
435944
817274
600685
399454
877824
385616
738505
868346
461452
595276
750294
762946
261230
475222
907912
805553
223641
690273
515424
864716
303689
912965
821550
817632
276084
220830
522003
648901
289619
807768
714495
721742
538997
850836
823422
239485
770663
21975
625031
433555
258668
640239
955867
861967
827910
131875
802906
164841
710876
357163
560720
43672
319342
623095
942493
941659
469061
553097
822618
730542
521667
792590
579327
530494
348378
946783
203573
244139
806587
679901
736642
882167
195991
577424
241423
344219
804766
337281
518210
89205
76291
917200
487357
972808
984232
105537
886569
341529
986772
506094
123034
431172
995792
957550
881905
687788
11081
16995
40675
486490
144701
603079
933813
733985
646285
665109
367292
432409
533053
341479
545820
379668
524163
221615
578695
62887
605549
751169
847629
608734
962303
317998
355785
358013
385459
299600
269945
849908
186332
661352
278546
118693
135588
10965
173208
578846
531458
361591
280675
380113
837000
277336
540663
644580
362786
29868
363507
565640
305215
365946
442030
981663
262467
562100
214908
446833
257500
292958
768412
196351
502494
241172
46138
47545
377355
480680
770201
294845
457758
472159
993846
995145
228736
448359
609994
152956
765320
60982
958309
711335
391588
811242
636929
323656
544540
614192
564259
439996
503036
937981
433242
11062
327418
886742
234131
64859
30286
242999
517888
839113
808786
96883
822332
704242
881046
93828
267421
986978
552948
124310
315827
593904
690131
993292
105348
310136
878665
78911
711414
889703
556525
771875
478645
655917
723785
694506
484124
682985
637878
267180
364696
266171
173246
762296
75510
799084
493995
327111
347435
365254
972957
764306
224329
483735
58773
619218
981835
497996
966710
441688
805118
257902
636396
795796
488692
782462
116635
623521
363636
915739
944500
325975
266227
886675
973939
728700
705041
189006
925801
923621
878501
954763
217576
478672
989247
271535
674349
607639
638475
405954
33264
605927
893624
433424
682242
372760
393502
312382
726712
396928
435706
617620
123630
60881
817956
284476
822955
564854
392977
19465
282429
222337
750666
560710
572385
593963
161342
525708
414514
997496
666617
789523
407571
690310
574223
416701
370791
962491
885970
127177
778370
313931
221965
480314
367667
583947
273382
692917
623328
503927
608798
804178
177080
51056
479374
352062
403011
420734
160777
416442
151973
956390
300418
923798
853353
986026
244466
54544
215926
394840
740083
916516
564786
876121
332606
4174
588428
613281
592564
417017
649660
249042
178608
740511
331754
28351
382840
631212
730908
631014
228856
219205
928698
615083
939393
804602
432740
781080
558376
80876
635446
886224
854749
271877
176481
234566
374630
397499
884007
787221
624319
26459
161209
332074
215329
611930
597173
505199
336484
85140
765444
282461
501373
776254
634690
751578
279542
285803
705011
545674
965617
194292
415711
105586
613214
848848
781150
698405
474972
647876
662194
496484
820901
637224
868750
164746
248699
396867
455983
339622
250418
4472
814702
287187
310347
340066
964851
270678
927972
979346
845107
376356
719737
351696
339433
758335
177333
946041
181994
850232
557335
225272
973134
575407
90842
894524
933158
898259
609830
604938
471391
713939
942943
152273
876953
622519
222758
248976
874463
292343
749801
500284
516648
907073
214481
360058
909275
640362
443138
816707
572367
972765
866749
609831
743149
262814
737622
989069
141278
733455
968408
832327
232933
100899
470199
237275
510335
580468
72045
141352
139672
522434
793785
824321
656144
849141
634327
556641
159136
614657
203119
473282
574693
902660
676705
903208
836424
627647
917235
909297
528400
133204
472744
34993
611069
558376
212432
855686
371319
483694
653180
151613
899176
139878
413327
153220
580219
401756
487851
487978
409827
451119
62510
153541
300819
399042
854217
531667
730363
797795
745798
916591
388956
519569
846996
220451
596593
916871
952245
968631
443033
750045
758728
594700
422322
961762
140787
640316
626221
870327
585178
868738
968135
71710
445694
321894
773681
385106
202408
628344
513044
406566
75821
412225
375937
944592
715977
832064
900107
769747
773183
373193
317124
48575
74527
356840
33055
611741
517241
659409
179162
748595
348011
699285
176930
154365
87608
192243
377166
808229
9988
856996
731575
380728
961698
335746
246182
178062
319066
548984
391572
820248
25820
483126
338226
997723
458691
692682
866550
331862
658321
332530
252738
187399
606805
454656
184838
481360
111065
243401
32724
71589
680840
793976
482079
84662
986828
31730
621803
946168
263747
134866
486016
442530
4816
471013
315739
979874
532057
227841
529810
876231
618521
64985
633399
560955
284468
487188
219683
431458
266330
984389
580493
173803
331778
884465
569838
646921
767185
98292
181177
22270
338838
908478
369356
361688
233752
413150
204528
564854
838505
190557
424147
298779
33799
638473
32380
516994
494247
542194
464152
56433
41353
444518
119739
568195
554802
663822
917102
577259
208678
737604
648181
719685
468281
750952
647116
461884
325795
908256
659247
750957
672187
450096
726352
472791
459947
429882
186993
106229
598361
6842
887473
545035
950665
323406
718602
236467
584645
677799
405650
222597
548558
488070
25530
975277
717895
992728
760529
759928
781196
658430
813055
62967
684886
696000
7857
457749
296101
892178
865922
794779
838859
184715
674325
818716
917379
456661
303001
560658
926471
451822
608323
125140
498959
954139
572304
427060
649321
50841
28794
59328
550309
610234
489249
811791
196147
630304
466823
178025
591508
66580
384980
117090
738898
67033
496061
757092
49589
666852
383326
936145
207619
691487
354763
908729
345813
784679
113100
213663
589414
409385
231677
650259
668376
828300
104586
544733
114078
177145
431534
327146
107128
66200
267235
3561
411841
578375
926597
992635
838570
202816
367223
201212
463089
35370
972951
423646
604176
915027
516244
964538
542464
881240
588592
397980
502563
372467
255060
557904
281643
267770
397969
561690
243394
541185
318409
415597
223156
962226
160435
863098
938898
544862
856899
193555
693938
605299
101404
841022
768957
424921
193380
375753
286877
604090
224762
148520
435366
46239
456794
169825
977096
417178
364991
491546
668798
859180
551090
173528
604428
910870
915148
638326
235616
14523
262422
85227
905598
731209
908516
661239
150255
455552
669565
575576
620012
932320
170001
774659
608048
821126
950242
587921
812383
549174
745310
278012
334624
959120
527526
719654
615491
354168
846158
458393
557085
741874
311035
528519
648432
560125
650210
617712
527660
732009
116279
77481
761014
517250
821658
841515
225727
260684
846096
318464
30147
812229
8885
191558
301948
890931
659181
803347
489854
827536
888626
976115
172745
261481
530867
366461
654540
804186
69962
560710
747004
349096
310517
87568
891682
886660
48945
329509
897827
870128
603429
629649
376401
561871
564308
807195
993127
899104
875951
463737
486801
31505
609861
134559
400623
213182
45926
213144
220487
349070
630594
904172
785131
334182
693642
445659
990481
913007
464448
197067
942739
828117
194689
726099
712016
123284
399021
180059
566898
130722
813132
54193
686521
308441
142126
10684
137933
115813
778706
233498
34196
982058
932773
826823
359398
865219
391807
233183
232126
59899
615172
38552
167725
75300
443983
968114
418873
943002
549923
879791
942087
302736
552131
677120
826609
230959
432080
20662
354687
102501
147406
497675
810170
115476
900983
646387
429492
304742
880525
449398
385620
29351
25503
567122
654600
677127
798091
307455
240107
758593
868519
322125
22082
347720
8723
162630
23268
741770
354306
544
410167
724634
138703
824560
629133
191597
283992
369777
624041
315285
198082
595932
316791
426223
802346
909386
479594
17270
640065
10104
975604
264026
144185
777074
244069
132751
665664
475505
427515
641648
458871
5615
354034
15034
865119
569476
204940
275607
851625
459096
659860
435749
762712
165668
591427
932781
15962
119587
875327
404573
827611
232740
336562
709556
59415
60417
988587
329571
108545
290635
239936
428819
759198
857702
830557
421982
614754
626959
557289
380815
423295
750126
29554
432216
289878
906888
8924
305422
975319
948646
483226
66945
100235
535219
317554
24733
516941
779153
20824
11553
771971
187059
7826
547985
457331
354806
422759
231909
676702
912438
697841
411212
116840
240893
342746
274945
135933
717996
630036
333119
128889
20863
346715
758194
835691
418421
383927
268363
219381
395114
602433
479105
236160
442462
217971
223969
731133
886636
228756
98140
824496
165622
382223
776233
8367
353013
606017
424758
742724
948646
595746
513006
527829
522879
112444
105208
264026
205783
517113
420006
650113
651540
438709
639287
827349
785934
300764
745532
101738
654036
253856
576459
234651
889082
196096
938062
534094
483040
653848
108570
116033
921927
834804
382210
943965
355362
588357
678980
664167
795317
647943
799476
19975
863475
796738
400635
316980
538149
201244
637058
85891
806548
420012
771506
41607
812013
37028
221861
462686
181532
704685
39707
639887
231518
730513
872282
767319
102756
845891
361910
525973
937896
609565
681553
557414
174486
439271
455442
275362
989247
120349
412737
855213
746871
936779
171394
942033
48895
635823
747760
933925
374078
200042
522075
252505
214308
927989
842400
49722
398320
521917
246986
415410
384598
240503
486987
901554
436834
875565
231737
464238
415183
740945
155411
292101
14832
482847
319854
852774
885734
773215
962927
18166
102014
775997
744237
402168
296477
232484
790601
733064
338794
691422
131055
909255
939366
125077
441215
330199
591079
883318
201518
678643
545504
462812
955345
108132
784086
90408
223741
239689
52692
731436
967275
730524
591670
507919
187615
409580
418240
76945
660766
229371
697325
835690
738552
71936
836850
986668
492841
530681
951502
203060
103990
125298
788925
877511
871940
79325
908149
955867
272264
856485
879695
26895
49089
397685
49586
435597
672702
970053
92115
655311
21633
360804
861388
765735
900374
643252
728995
62108
912516
932595
485062
724621
580941
2324
656102
137863
140185
874331
893410
590861
252067
984176
439289
725481
11884
196703
510507
440514
653027
8267
182446
342609
302609
883390
264250
738003
855347
868624
794714
316983
235602
909415
605923
651894
602046
440189
714612
426215
816876
116287
598948
658887
14129
489319
28373
593790
964397
874444
603470
938179
645077
365973
564580
817556
421870
16728
277120
970249
135839
775974
71764
719451
217699
258104
28558
623662
896534
620051
167754
453942
923030
183667
870390
900323
789496
962049
23850
672368
113782
442597
996927
447251
305992
615463
630662
300174
652429
97329
428728
107750
539097
740272
333084
255361
25550
447021
753442
484207
312689
715466
7685
429302
161813
117681
28213
476033
870505
911924
239130
611390
372729
156230
648996
455973
974114
176339
400869
606016
645038
132285
205209
337309
169145
743595
137066
568166
885814
964983
237743
228722
700392
870857
89196
635066
160451
994635
348832
565788
189330
994915
782611
819648
418455
459272
626975
788809
545568
950873
833305
713825
311983
744786
680047
977631
64377
451650
460788
624643
704298
78469
408215
421413
49364
216626
230563
580565
103650
877788
479727
215562
271819
781418
927458
695561
925522
279034
215118
153557
691773
708268
799032
336368
751373
246281
455654
979929
455990
705075
489018
487480
474308
140412
245023
725074
74166
967504
197701
218223
877724
60338
302534
125706
931451
721482
778145
555521
118212
19377
56289
433828
889222
620913
93110
816811
910324
361855
754736
936137
775860
667282
601192
559964
133431
229223
324764
795869
27383
684237
321845
638031
615475
580079
156614
693566
464570
524264
759445
212144
375066
188256
916164
72664
873179
603151
469580
279491
734116
62471
768415
420688
31411
88155
929447
971308
361046
36328
656003
850494
449901
642237
411383
380600
870707
152509
618008
456888
222707
242207
325118
508964
674561
187283
585869
840324
560492
759897
715144
707447
751735
963615
901554
796495
761819
342470
583117
33496
92628
748658
801177
904063
151531
545339
545642
793675
701325
848664
669570
400423
657745
527433
469125
380521
135225
982498
417528
970634
329514
508856
403485
522789
605314
194504
737283
122667
877662
295759
458376
617920
942903
290872
488451
873523
128953
66704
323454
54909
18166
647860
371825
152439
304945
657142
458175
744688
688755
774379
232807
978515
98384
195534
481467
268614
896663
756001
936654
693735
138104
983367
253612
994546
655320
691584
90186
292568
520116
443685
266252
506962
753456
162487
49790
242334
932192
516450
434496
423140
425663
145745
33438
259718
697025
532515
390514
369303
640650
688723
206996
797074
783709
262624
21002
354869
481730
637258
391387
412100
838997
825124
300696
534362
486606
86506
781004
180850
655299
642392
365689
175001
78154
929094
917520
960631
640393
460609
911486
367947
129451
78657
990869
607227
19428
596582
32716
706474
458387
825222
550657
226426
118746
102105
558497
180222
102166
8332
297808
811654
916412
139373
528772
420437
391299
74184
181236
322964
598757
812076
976862
683331
856664
95966
669166
369972
158676
469060
292075
449331
842901
233976
831899
30173
989498
429956
489907
397032
843069
301355
287525
239485
576666
344836
286334
756295
172833
977323
62231
347806
479300
386692
775686
81617
149548
77501
967809
845519
276004
565831
356220
709028
401199
841160
574668
71692
268469
582972
91834
679133
558011
590765
9471
916815
332146
487000
161200
293923
944833
738413
604680
982242
495657
838815
441415
933079
70634
994637
644789
702943
190044
283490
771171
373409
698857
28405
570146
342783
665343
712885
3070
271275
622413
181165
419425
647584
988900
259920
109059
586987
969215
552748
135414
724072
143671
261130
593916
106012
741146
902645
737726
758036
56958
656892
864106
396770
663419
387717
114908
865750
26155
547900
31269
990138
579860
894602
34944
349978
259365
963337
954477
577461
276833
435525
282165
265813
871789
790245
613932
343587
784052
896224
767126
473510
619447
338585
900236
401042
610548
240717
400546
626216
926449
156381
568644
392706
854820
500675
399112
386743
370431
31840
31834
141629
705586
218999
601141
976931
832319
812673
257636
9612
929659
683801
608986
83687
513310
539544
583567
266640
362349
234556
304876
161950
9633
288712
841824
634940
442701
612557
499175
16812
25074
92950
740960
476974
418039
421636
897853
240816
288191
617034
332822
362358
403170
772444
791123
566121
951295
775607
387975
201873
432683
947178
419972
657791
778519
293016
980970
521535
695953
376410
48987
700083
618147
247473
314155
425875
195101
187024
634438
749076
343910
243673
363894
706954
594620
690655
576375
468270
358989
892298
781758
536256
45465
177244
806317
257451
887913
577963
6689
26646
349962
73127
18770
287988
926119
690264
689275
984120
543617
580686
959337
672676
102581
918776
313903
855450
956958
207405
941401
213388
226371
725861
696101
55318
715077
115537
402102
994642
911243
523590
737237
506387
773677
264136
546642
885702
990150
922866
859198
892736
176382
958196
871988
430233
557919
392454
270947
765435
163957
29838
833124
129458
961614
606220
517943
535361
901446
208860
101724
18796
281031
232495
760188
647206
696776
25040
266179
292496
844184
854858
9634
673847
904846
678446
813806
525696
790945
60954
603814
431756
74165
184337
32537
956739
343548
399761
784759
260686
507364
706474
954178
472266
373668
117159
857834
138040
441023
558140
279891
412893
573625
990903
36195
415230
650906
407290
487958
663006
890483
277140
325953
70791
216539
847177
182041
108927
89340
367287
79240
629636
568644
726958
899052
825403
822618
893482
997425
684282
902077
555474
510182
975330
656644
645090
335736
697714
71980
281956
327142
749535
463348
447349
858456
682144
461590
881447
359769
138354
588564
85880
803166
769899
584421
459771
349122
250304
648603
760373
607971
530261
108708
607926
23850
619340
801864
775532
769437
449224
640297
936695
802358
880234
386470
285069
269406
212743
215863
409093
197119
803064
161749
54658
431045
146024
782892
696222
419086
695286
46980
649759
668486
190511
702828
982112
786080
851769
870449
668707
644223
834862
822148
820055
125935
580955
507670
545265
748132
689165
125701
537005
168698
213602
502958
387763
461556
543777
243781
308872
526568
874943
242580
187
734478
239024
309066
917196
820538
641609
985754
554371
510174
641054
597502
413925
50482
451666
184640
230475
654822
967646
921674
302683
723809
899390
243935
422690
10106
609638
949478
105063
394937
12576
685651
360859
283796
48842
872138
278609
554334
401166
221214
303926
720365
998476
651096
163713
382165
661996
452396
791374
241695
264630
253825
747741
185274
963625
234758
366605
360085
369576
832669
794730
855332
856728
712335
483138
449606
62291
785857
228049
675413
500190
428612
476989
822813
270394
847801
198911
144014
519536
300301
838819
351287
420363
135005
491479
577754
595698
645689
969982
200032
212190
565640
572712
556661
13950
31063
88879
577819
575648
93808
947679
853142
160742
180629
172556
836700
475115
15165
340050
75579
826041
367230
487010
62719
980009
164986
542726
997048
55235
99382
494804
911220
815960
130794
905496
572980
492316
556735
954083
185351
499662
803525
239455
922227
354539
918871
386406
467092
763756
263748
482301
114659
348083
392375
53769
309510
105567
858491
628438
210345
690648
18939
996072
908756
268961
614601
177431
859198
585780
942270
615143
950473
624252
896717
727988
812931
825508
319604
318285
140949
196698
551233
852824
50123
382223
327690
409069
68646
632738
514998
236340
396037
631909
263077
477187
40111
159973
673506
26128
813917
901385
945216
59284
377660
305613
41171
314674
706552
700553
263916
708842
769400
648286
624688
784126
419781
83869
170185
81276
305981
909204
126522
899298
590114
796229
712364
968810
464708
820795
798685
401971
620385
590360
960598
204199
902742
171678
545626
86268
732185
947841
875188
241015
247383
920385
795705
369598
697171
989410
293709
726281
913095
333027
561385
498153
155434
816976
909536
699648
753442
101492
734735
903248
419981
608659
791523
255540
716422
127012
287115
48004
897962
105019
392958
359501
879523
454391
866353
354170
414180
591122
72584
205561
432060
33691
610297
389512
545440
780137
197121
908245
713272
155419
841160
676930
68893
949077
23006
97659
989696
372178
997479
744724
184720
766038
332447
106224
367725
498875
154476
210424
18951
71127
208332
691324
941812
462264
46288
500244
843304
168428
922092
171339
461546
68027
752365
629065
895780
188788
897455
471915
788586
281232
372853
444245
404997
827274
733630
741770
607416
183937
958804
432104
500595
514445
460796
223264
425364
290438
231101
610422
774584
662532
269007
473212
288316
194914
599186
547905
398082
999569
534522
401591
630554
826030
966087
302086
359681
941018
140321
817805
26700
414908
817441
523773
5133
17036
354138
760543
328559
846775
583554
376185
93712
482928
601056
995959
495516
622364
941349
835317
204690
388358
838122
910485
551467
364855
566890
11216
634690
686553
725094
232612
568320
455400
767871
944065
767133
549683
209183
564438
703009
172510
280841
784767
9547
954483
831404
473524
36069
396455
158365
643590
128327
691738
778685
422199
197478
482280
248152
847866
34877
344315
560710
592545
504789
967186
331650
1316
105815
787995
827930
34149
846973
298194
310665
530312
404023
641247
786365
68594
382550
674269
321126
125797
7931
61449
783461
576097
641285
821152
100060
966383
325327
830935
70828
486864
716799
19713
290635
343300
486251
730404
628717
830770
238868
338378
437112
539978
132108
669873
704191
501787
413393
940747
607332
238144
197984
455099
903391
278004
9026
785040
405301
817208
300472
621017
862795
432365
101738
259529
591443
678325
756256
334913
615376
25174
186324
352422
987006
256286
716481
551667
328728
634284
839240
366883
519565
952453
600287
883291
807713
58234
782085
296614
400204
903307
705312
950698
318718
348233
279358
742439
987731
53781
15705
490979
154239
547438
2991
34797
793962
474057
149453
441611
120272
901250
901575
229795
110684
360569
240938
862690
888965
544728
867854
709342
741186
389810
304116
814163
918503
437534
438083
462735
886165
569931
940050
167385
277689
236831
711255
768345
610233
317574
12909
104396
811653
211480
350045
928495
737532
746258
648856
328028
296959
87990
450175
187229
218878
263306
827447
109956
110994
865889
836850
298869
440168
649294
872987
868765
669166
661322
502414
8193
761323
216508
189963
597654
804327
227755
799091
727796
746909
652487
593701
731664
464838
625620
431849
310819
511885
4280
649421
528017
813715
915620
146800
843758
988952
86598
160460
116630
108247
173902
648091
208116
594993
333213
373748
216729
293126
85422
314273
324261
626090
545711
547537
900803
16311
204782
918087
248019
759331
246854
85176
586357
345774
583934
79551
543698
983829
377367
257905
734052
974357
456054
167654
513947
25811
90386
246588
927291
352472
282791
859640
639891
660719
29345
756966
149857
706245
