177572
100885
831980
294062
108594
572690
498988
451534
285519
834015
484271
160614
988097
304003
3058
710985
286835
624644
469326
76696
407323
896729
17474
496536
831502
675969
687812
150223
692501
827999
12701
293667
908072
297878
267332
883915
514511
396313
269172
161107
951332
527875
179241
197819
498618
954086
927597
917881
164665
650072
146164
519085
255166
595718
855022
514306
958723
574448
669184
405675
691420
753417
156572
432570
977613
849677
830810
368207
521461
445173
819540
687557
566350
455623
151605
945760
118904
635409
391325
158120
3432
798320
791863
293870
153783
507685
28980
777684
321293
826231
387161
89380
23639
19253
44508
109241
627799
266068
672532
844849
795894
472657
428680
97804
420102
394167
680766
818687
538983
200444
275775
21184
339431
186843
721607
426468
885922
103079
666358
808146
410221
47572
169816
12126
631449
872699
703546
825985
744395
378166
649374
630998
12362
843976
75211
55286
927519
117042
107915
353492
815558
889127
898538
294374
216374
149372
90490
31322
353331
29963
272906
326470
856190
151679
755057
535218
82737
106681
921772
792514
845999
166321
737448
38404
176631
775663
965732
903936
16645
199894
991271
299705
358635
16590
805359
735962
568834
229117
107685
353183
425979
174563
56677
518525
948234
5937
315654
819318
872441
287707
776972
450594
370855
361226
128355
132948
298503
307905
258456
532920
837399
410323
396768
693987
430479
766223
940061
395608
602717
234633
500179
120660
7019
144378
332973
908073
233341
590368
406817
325489
753288
455584
273980
574547
201583
754517
540454
323447
663697
506557
325176
580933
742210
292134
821119
961540
309857
462424
609670
134321
548258
172677
145567
959641
717537
148480
832838
679185
445792
897157
921779
654844
857654
519346
500110
851386
405831
747318
579830
112715
373635
695649
899711
794384
413475
614229
643203
861994
946725
606020
955575
781131
85360
471983
557523
635347
812366
703420
294030
763146
332268
860178
922659
645464
550654
974637
700708
350525
501095
364999
871288
322326
5663
548326
785484
562205
890337
959507
32020
368460
572237
771128
627583
748901
105760
452705
485448
190279
694834
173451
845969
869756
550466
874627
392321
614287
860370
919703
457763
21801
926976
36641
786859
161045
651043
102075
485319
151108
861431
482229
440618
855984
11311
876185
699504
399070
739690
105561
365850
197937
670396
95730
766474
134631
840567
492649
277553
783137
358175
178474
758374
381936
895627
155673
500025
468585
692152
146907
114400
857455
344579
240570
552559
573710
719337
437346
410102
330458
771136
339433
916850
395001
756370
478266
290519
926734
791971
144366
131064
759573
892931
236130
214222
876763
486056
518491
710830
420475
76756
610061
503717
893411
815127
823503
957679
347696
894901
644578
370033
442135
45258
937453
405854
341127
666941
595168
995724
422745
199970
186077
543278
317084
283060
964533
835691
567828
422377
542563
695571
540678
497263
508691
824457
307203
145352
572335
815345
53943
457713
339791
408050
474985
937042
504697
495921
926542
188016
468818
745799
500196
597316
593275
219709
599950
207905
799056
140507
272818
844388
624950
699831
483431
611507
699691
208466
292435
350477
707630
423073
647830
235862
861504
36353
152922
597192
780626
608066
559053
662400
663613
12144
598448
350696
19492
427182
805969
133925
624578
235371
677580
86694
397527
350860
626789
621400
717551
553281
550449
899440
740834
915133
651736
372632
338833
20329
311383
57158
444556
246059
585412
415508
154790
364905
498907
88439
345986
696624
740892
606960
88090
445011
989582
143999
852619
651428
349193
832165
366213
681541
589474
745710
482516
688704
832929
250326
129700
344153
404422
292785
356737
426386
567710
167164
25788
82523
735016
361543
456390
103098
398892
650002
139336
841274
864008
622105
828759
649550
109024
25289
151057
353615
919716
100461
557487
164620
602603
909045
251359
333781
231540
962937
965721
768296
403133
108851
675226
794995
791507
328986
426563
997670
586140
858737
527613
323545
953142
562169
267371
877450
201433
161434
544912
233157
848651
431722
517038
956781
642868
794862
185985
41229
200611
203884
392540
397509
719770
22437
763987
844791
130955
129789
541761
804125
67499
818815
221767
107423
13158
740882
147233
116748
102458
52244
633513
654514
458548
989907
694986
480905
347035
294210
478864
958521
93523
214548
960413
774276
645813
488754
171163
944079
432943
781408
585099
925619
795544
264611
646835
416492
931111
849233
66507
720021
202265
251397
804940
435400
196223
642830
813824
504700
94217
331800
143903
568820
738342
265498
172450
702940
420929
251609
112852
90497
459499
481787
88310
370605
741242
165095
462270
152254
995169
340964
719970
732054
768966
971733
376369
496169
757499
637388
376323
14186
789686
887172
291243
954697
925695
89884
688812
451534
990729
332113
834941
969304
163985
39789
320734
907342
822724
540935
728410
732692
902438
352588
393232
217098
672109
214446
392744
839235
523587
896048
583037
848161
105439
428680
145449
315920
829581
707136
675256
47292
389668
251930
16413
312815
516333
133060
597650
599142
137513
928224
589316
970858
810655
231070
657255
829332
200953
816129
364661
8162
414390
715576
472923
807569
472388
521001
22229
671166
669099
810680
145311
909629
956903
549948
590030
490542
471119
179643
695783
232340
906621
925872
162609
774663
506352
556178
696205
241111
996551
349510
953649
87385
690645
843389
25605
979672
495727
613160
96390
411906
220688
162597
13086
352959
429012
823502
185044
823165
292828
254881
173171
680180
254322
323177
31436
162264
532174
522210
288546
254995
699699
164591
564568
794509
720988
375224
734530
733402
292200
321085
930165
200699
294159
844886
853170
383950
782721
362667
378189
986028
590368
604410
460113
261619
773157
178775
578836
489515
458762
943159
44630
484440
677353
440002
104064
592147
384661
435296
76207
732240
908023
169848
6062
179038
156283
531468
238081
632159
103977
823984
484283
379509
310016
445011
990452
954331
798662
512371
153025
537684
43058
360969
262862
413523
456008
558498
334774
821877
451072
372154
638398
250818
392790
922809
662104
67214
422111
573604
449104
887161
6548
700494
838137
630336
86880
312259
17799
93355
698487
708408
8376
769950
176054
960261
230359
253958
623677
422315
428758
452623
706822
634943
169957
833018
732636
349218
149811
889872
580760
842405
844624
162810
355416
422342
594145
153670
155627
546959
765025
214764
69159
575149
419309
118282
524820
945925
69889
946017
477793
832477
733757
49706
130786
835459
7594
159343
982015
883598
925619
4666
437353
81172
813171
685860
563977
762197
393057
185110
417085
485057
854020
408966
904053
421054
126461
812872
992136
212718
866331
307685
4666
868190
113253
838248
483058
969808
979694
994930
369191
748198
374853
63667
65060
34846
735919
823557
362621
550415
141744
620102
542078
155187
535922
576299
7856
798045
191706
457290
717940
937970
294980
97791
515591
177946
919682
180776
524928
198554
814935
759333
584742
926344
906753
898054
821092
647036
15949
31583
673070
425721
559285
324057
539016
661274
78402
387667
512735
895516
186626
415077
829865
755835
164628
302012
426015
115987
437087
302576
59672
374327
198104
718800
31824
43847
383675
244320
978066
73549
663411
261008
540856
819651
242677
290743
870675
780812
986888
22223
840588
313128
967490
905228
87270
492657
730920
835501
461879
373416
295371
968409
951847
435142
703112
601342
699328
317145
905715
744834
802277
727991
544307
272926
410019
954505
56257
756591
841187
762684
354142
912291
728126
237885
717088
42073
806209
641843
661020
40892
55472
650895
110756
415462
805490
127135
495616
646719
807275
884108
862827
319368
293452
628493
410267
725865
348259
933443
943191
646970
722886
415848
372457
161294
414536
431933
556142
413730
612942
243437
389810
529572
709103
568947
697492
483695
123623
314105
353603
923562
646402
171317
117767
626176
28641
691973
898845
150111
713859
117741
132497
468064
172276
254752
239432
173643
599081
779719
912868
586881
229044
14001
63283
22522
147802
83958
391335
328777
756247
943488
371465
882438
421377
846616
306372
208626
54804
876472
83673
982781
86389
85516
334732
930272
291692
98543
345231
513433
178375
460761
984515
592121
186454
974610
617578
519065
275503
321093
596968
139510
920379
220888
675792
194051
984977
816324
178658
340719
797213
867490
879123
11961
149722
986886
995702
274875
93209
29300
44338
264992
916769
63711
266236
569891
713772
820682
514565
684345
474249
913354
810537
769130
250672
924338
946170
875249
882251
735847
624322
319651
403838
14495
841947
722616
867004
268429
432401
52744
828237
158311
427006
17497
186066
289786
642625
610916
556294
916997
824181
696047
229460
485057
918507
508633
208058
967018
987671
929792
153579
871922
586516
101198
943816
427175
626461
392747
729651
38394
293984
110566
49514
271412
7302
948722
720167
980985
91543
556488
927548
619584
733561
484910
745666
961884
748527
982561
252724
186280
575362
136354
242957
424885
951492
740598
433907
953749
850071
41108
417944
439458
695137
928530
376779
609204
859382
987596
376183
865260
616979
639359
621168
213526
478110
415042
321126
9038
86692
759107
770873
926647
258534
914676
595164
278787
904515
913374
696138
356201
924880
497898
8022
109231
814481
767111
934887
395117
668736
440205
179207
64369
567249
566352
521128
209143
364519
157956
437359
343584
962117
849908
287086
522313
304869
472792
765736
690394
856420
57390
288987
414501
471481
744691
730781
626008
97372
352225
510585
229858
183294
488015
259995
74080
756948
329232
376445
770942
607238
723155
998493
743913
104004
510603
636331
390126
156921
69242
997542
84773
431360
364180
34770
502685
671612
175835
903461
975424
435616
312323
607141
561500
86066
715695
845830
318827
231420
567428
147612
32569
631535
101806
19148
326700
222610
751514
243366
695033
69442
702259
498734
53344
421136
285685
275339
770167
211585
530740
934642
6429
162578
974206
953048
948060
406049
592945
621426
757035
289580
41014
678223
967118
221920
828812
394835
557620
952435
330409
309028
991762
489012
737415
995097
194441
26843
544973
163814
356331
959630
733457
280619
679263
841247
685603
622245
961383
258002
229397
11667
649735
107685
975388
139284
647256
665928
577623
990159
399070
187439
694346
610986
846340
748722
193476
994561
669305
629971
606979
344174
603549
355830
410738
269867
885050
586541
71182
392146
269701
394548
221332
757332
628495
358594
554829
283906
343510
111654
158755
285641
346188
154470
757674
183263
291595
419800
415077
409886
76273
106289
329807
759642
800765
499145
488092
60268
157328
241499
722801
704726
274467
913137
201180
639750
623619
869813
326714
273188
799056
581874
16333
515383
315553
767490
751091
119954
539858
86847
740436
258567
376183
39214
804514
626500
989161
355135
63524
498149
333498
178236
12512
772876
19821
816956
648529
290821
793748
499538
128957
970137
713257
275289
515819
601429
591588
177569
572722
92818
256772
442646
836275
440798
751864
305208
679774
843742
72390
341132
977504
83306
699720
782291
390626
336653
267545
448842
655889
460316
408992
487003
279279
591423
441493
170293
957450
436495
12811
956903
1529
54848
769634
80995
931690
59462
627229
142304
895488
578445
370693
231474
826101
922809
50763
737448
684784
743977
765843
43544
98337
694809
824808
853010
662944
332172
721535
211703
332854
700280
899559
636956
491384
577528
707659
768373
661079
245062
31921
157385
176170
455132
84637
456420
76545
160612
42558
540702
196471
255230
350772
28588
744230
590228
574631
935000
302827
358548
465361
970130
195695
894649
102009
710503
368630
561037
429920
839027
398009
174123
542895
356630
244672
127649
558349
874966
239429
516945
616029
834709
17105
13297
350647
610568
324830
653743
472495
323385
735023
94008
699641
682161
882830
630656
432074
536811
594675
772511
840898
935361
378065
679959
598413
292889
977753
447456
228714
804781
257258
65030
350665
231747
661789
833247
509993
602652
966399
315531
981131
891795
358070
683523
44071
155936
232687
365233
521532
661258
974284
53615
60054
569340
623132
525944
730440
177526
187908
307564
845830
626723
143647
920458
262044
534851
878624
158611
783762
564155
637633
68734
280874
543210
427140
514673
266678
205019
72791
595208
141291
680938
310996
499021
734071
827638
251502
194686
486637
471597
383345
832339
911007
839376
696244
251372
233783
735962
514508
510519
163972
742237
786425
256667
543030
559003
886442
34856
221082
936845
659115
719855
40650
149991
672174
958358
845141
270238
499682
263497
673636
593527
154050
585164
847690
817911
933865
458469
223830
810308
398338
300474
505831
184539
710754
528495
773333
182638
330926
688633
395088
257879
963430
307723
32385
404802
933206
481924
993728
204685
555788
308733
1950
896944
258541
405887
740321
892493
509406
660580
502510
894244
380775
588362
352219
263920
412300
317696
362820
138049
628687
29028
63185
767472
340931
841653
276077
849007
648279
849325
452238
843627
293938
847004
389043
267162
146637
53286
232487
858567
930334
477817
27535
867672
128408
461317
653990
321199
873278
521
988085
22223
868084
243898
641710
775100
528978
428350
485222
790693
96469
173451
203870
791012
323646
895539
220375
159591
843236
306076
636251
525509
744097
613720
885003
21610
115348
429296
935561
799570
73749
303047
598562
887604
2180
870177
552336
777378
305135
148613
137738
320558
206386
234194
572436
980338
558182
362369
151167
730166
305073
751462
737257
72641
318207
210370
884483
85285
469329
25857
853763
414305
15714
957146
326199
225553
469318
187251
223011
154150
457517
249175
103458
190055
514649
761807
907317
766167
742471
601173
934203
898202
344326
109985
991953
414964
129461
509106
537172
792816
651640
674840
493410
525988
303477
821712
959155
1121
903402
924418
377010
855885
79788
676771
265820
866468
891220
846750
529009
108587
719958
603072
708674
14544
231648
79773
227704
790816
993614
780712
992485
559391
678278
869973
324978
691048
299047
711408
439177
649000
163855
443417
934843
480520
195356
840467
240202
624624
935510
855666
757749
437415
315183
823222
302971
403761
864803
948012
244508
918894
155500
348319
149684
541651
562536
149193
612330
637455
71144
844846
684061
144158
726125
574077
253101
86135
378333
742535
122586
293975
357819
333632
404201
771838
105784
980174
353463
79335
854851
391138
71182
343873
257211
574253
97840
120342
380415
92801
112394
312962
862091
32785
464254
694894
170040
48616
437375
50056
195828
193476
19227
610975
635252
88290
395750
51706
672664
76098
429266
383950
445078
399490
938943
518533
898586
135933
312194
481708
826103
67571
762510
171234
813455
847323
768173
889195
340894
191005
305907
585286
18875
420305
105658
780964
375409
352924
919583
481594
243269
463653
237150
446444
719488
532388
997426
681537
536521
625982
711808
923229
101862
688428
734657
273047
272941
978226
733521
857793
689037
659601
767746
393157
798320
230898
102948
32678
765355
268229
853202
316656
982314
139052
308035
988375
310634
474337
36959
436625
825684
379794
272791
110526
239673
571510
441468
959292
562422
917126
57401
708129
602449
626464
458623
402252
600707
326714
664805
382974
778942
397174
127208
558912
228166
239596
866471
602908
716256
310519
7739
868172
283375
928863
398962
899859
570959
509876
524581
784367
629116
223873
563326
893617
358012
575881
266823
898110
965740
96194
551302
712797
79433
887297
165763
447281
598270
291801
750108
457761
683043
665378
858339
820604
147971
743231
718118
272916
354768
155146
52655
873490
99735
158038
281674
864339
848132
728802
840410
122670
675031
768008
82717
832992
20737
794058
243082
77506
761122
850327
667900
636182
888558
958101
490453
330931
140544
910143
783614
783882
29662
777232
707348
801042
427062
709417
839700
715628
872615
587119
979346
498988
930907
534261
355938
443354
780014
123444
786490
450076
986587
471449
908119
308224
551543
986738
631985
934290
363931
39243
959570
723932
203729
583159
115816
71475
628750
624537
486154
940468
105698
562186
393904
453668
28892
616660
660152
243154
592068
773880
220012
724229
186979
823661
250941
343487
593578
680083
269051
693337
317167
492511
40396
156040
799056
768711
250787
509739
356439
486393
315866
137824
747109
18875
430081
104023
481460
10212
429053
343909
748662
535315
543999
571515
88481
550302
186028
814049
754183
371739
749658
769732
213566
542339
996665
148662
809120
205479
568355
752014
86744
59239
548697
832594
252579
860736
946002
740546
927306
853784
140376
994742
811878
365559
698510
608802
242667
426771
286787
181260
926636
34902
573838
651505
545205
273787
770688
57550
928206
910597
535040
785372
295613
650354
288700
822504
271715
876728
938228
689291
883143
153414
380640
332944
56412
800431
97290
191121
739025
426059
387213
920099
473808
655754
738694
907884
285909
20475
537958
335942
707531
366586
787435
663158
206763
278513
941424
474337
728473
887848
548697
415662
866034
347656
857545
579072
326844
890337
360522
313900
919338
385415
308414
587059
88335
126703
126962
416247
308224
223502
651386
624984
189692
241814
568595
720839
208209
210446
467320
102832
529795
526223
782673
241685
265961
902511
366396
931762
503381
38314
638293
351641
713877
21764
328886
41759
475845
135690
765141
96813
214937
323546
622711
282520
235111
683531
592139
853257
318949
803241
460659
577466
640181
350576
272759
694150
195304
746566
311424
19905
153203
996308
931680
900776
881250
533021
683394
19767
451027
621582
976049
854945
801272
596113
783678
732277
196938
446778
760239
571997
783680
550031
523550
55727
976145
174360
306334
894305
746592
377812
992393
725865
966991
682420
293929
232304
722616
316157
387667
532498
138060
417733
475818
4813
932003
437575
851452
861077
191190
204098
757683
828071
44075
952107
859207
417443
339013
314133
732285
642822
761287
987182
785909
234874
592545
604580
186337
970152
307365
418771
288203
798071
412307
566311
212536
258362
367696
347603
678953
961881
277201
672311
238488
185525
704229
537560
88365
172765
13715
635781
382244
690178
381501
291567
218908
674592
88419
301298
311178
596828
641930
647040
59598
539655
587724
965341
994976
294770
512071
91415
520118
234718
556711
159053
88905
343271
908380
100231
727205
358472
