784627
64341
197163
704978
315768
319165
263787
236724
383109
806956
734119
716664
593576
650666
3707
760319
393276
273585
779236
212760
516371
822331
928506
718960
412238
948369
901455
547226
281131
673232
53746
373556
136819
583249
10921
2465
865358
808399
825939
732492
603942
244790
671730
263352
854587
405461
783961
815395
594898
228080
489883
225677
147655
122569
361434
285192
70525
745106
150797
603396
432108
726446
562353
386791
121049
312824
100947
890961
951492
854376
90200
918068
800990
83925
280822
659883
966753
984906
970142
556532
891395
90453
924353
135518
771020
631227
744210
961513
972336
199132
186271
966589
267626
788987
883192
127658
436936
194463
682142
664659
515350
219324
950882
88164
456783
880806
672945
665137
842347
389120
180458
964771
110537
354959
252679
51657
479863
10469
803654
923755
276268
542820
542688
834204
402405
770807
201472
546060
437700
423798
866935
720279
419991
357778
43550
467914
613491
5658
366281
557949
901140
367209
453196
115538
196923
231198
808786
626289
578796
593304
545475
265401
454414
1467
908140
51362
61970
821428
411684
303939
415020
827500
830863
425921
460474
879616
807103
192012
963437
576992
393841
376483
131692
121318
277076
49847
66675
251685
58006
754353
307517
604214
362062
811231
403291
620688
611196
81653
93418
326125
569462
529264
451383
885394
829742
785656
787528
805725
652363
916884
257408
69530
311417
54370
567588
409840
414653
933686
129957
975361
311528
967312
927138
91356
877284
556181
449667
296699
334162
803524
724713
929391
197699
336745
313820
88673
94855
389554
386090
814924
922634
241418
552034
216161
394318
109338
541346
650047
737031
111624
886325
587923
48276
744279
557181
544487
457932
968982
952545
114015
306807
971744
105871
730985
701087
894022
116189
160646
434815
625672
271614
543628
256519
132639
914464
905567
159665
782521
333722
837028
806741
118914
433883
261274
983061
453962
606154
345088
538152
227742
437700
469567
249069
36327
758476
992829
841769
404833
645229
668869
684537
842594
501655
262778
844029
451984
700077
942067
156199
396568
268399
416434
189327
20381
38735
714224
448251
568739
479067
526506
409008
704480
605793
159978
980361
72792
86793
464084
915297
224702
968070
271307
407834
630176
800817
263994
653343
334622
858413
265198
96472
673697
563933
967562
502074
774913
36432
640520
809247
245878
443450
824349
838134
425873
76249
842229
859852
544540
907197
190801
5636
720498
592281
469522
803948
928457
161815
913622
667940
683264
400964
90563
744251
840781
258586
59006
470185
649554
507126
242972
383877
145775
728453
957268
102588
996567
253255
840682
374252
129914
578126
392293
835011
236873
727465
222058
310591
448965
963178
961432
788005
638513
423845
565536
175977
989653
636863
427791
147697
190071
314248
841202
320910
403579
793007
600397
87740
29976
746731
482590
397255
123657
862957
4185
617717
453157
812741
175379
95661
455165
186993
56755
761011
95460
226207
332822
234470
432520
802605
802253
442414
220315
51368
13478
496752
925057
860138
534692
753587
480901
636719
827941
619899
980975
713909
482460
954955
123381
156034
858939
813274
10603
854317
598295
395468
719990
358363
142701
428908
40725
350248
223547
906086
706754
692198
281076
168469
491186
434577
626318
121395
265396
229865
577800
727857
182779
945770
846154
678802
223909
845645
928303
995466
195635
856580
748923
978138
153485
944657
226215
544357
121395
331851
88360
56723
876487
537158
857185
65589
301910
755293
723572
159064
830610
659321
237318
105737
44189
604816
96548
352754
985584
361930
412073
103879
807642
812117
997706
102801
642863
431035
426407
266189
117981
318886
97415
828059
10641
290237
193389
954565
105442
904293
120925
912507
990871
427108
951361
152474
638767
12258
583106
799761
557741
558707
885548
274357
108705
929498
708742
24173
653001
163949
379728
471374
181450
380626
653181
642727
367193
619365
272381
202961
525526
671374
945628
537919
977038
306322
977260
394972
939643
202112
361267
990877
763080
722293
165325
793829
158647
469085
140430
899616
114060
98233
913133
63796
572819
752425
255451
621550
962934
485676
733729
228980
180830
703312
669656
460474
92272
358396
570121
785685
89072
870841
970621
877377
201933
451211
820959
731358
457210
404006
912253
119220
238999
225603
989279
50306
686123
212766
179197
351647
290118
868913
528196
287099
20352
731447
204002
308123
370399
527493
71620
395029
854757
714571
24633
250083
997059
613271
567493
363670
85352
296203
1420
402917
439196
846646
788328
933124
867865
202267
279574
652666
235420
83476
996555
423949
563397
291419
495372
824803
930806
368228
832573
885847
347377
708908
697998
492671
330675
213792
584797
109966
933350
242624
313568
695948
907385
255297
396728
465550
287645
733269
258272
644614
53129
644668
819284
370546
93180
26534
658074
579325
103776
732863
707237
136409
649616
566103
861685
294271
568667
946218
809299
384412
766230
441106
874685
45981
362122
495070
36612
464455
81128
813921
245967
676496
286513
390597
283866
672962
892956
11892
759074
953310
750425
945509
892725
637446
392957
986637
365496
731693
77039
602417
839623
199298
521103
95727
857360
572132
821353
645810
387818
183276
463321
354541
239489
713875
753745
155853
958015
253104
678892
847311
547226
43588
339427
392167
808472
565883
408590
677781
631135
74719
136993
541992
622832
222148
587257
495047
594956
239671
148049
255461
537943
197282
509969
624842
240099
559196
472039
917610
941598
510828
771326
589166
210499
268154
11477
449010
996959
576685
112522
49755
544837
5893
60863
585625
830223
901116
923959
822294
531103
627277
369716
754751
880522
362838
3270
635288
497064
626054
149151
448799
690188
778718
588703
210091
443410
95770
308943
482000
447514
509374
831571
627327
934056
734295
703769
501413
157663
249789
757320
925671
433734
492978
603568
589885
591081
964972
839488
991175
485746
32058
801208
250621
203878
615864
456513
931687
115416
217639
630765
621371
753299
332144
222509
13284
792481
610528
334386
395200
851855
70250
665774
935319
776744
426770
285751
175668
64528
789141
276594
100605
350222
469092
336506
908081
577459
451654
564041
749564
509380
358415
787525
277423
933835
92747
107655
255793
798372
547708
587076
935372
143060
867218
853745
888397
283825
607747
513811
101100
436073
903139
430628
956607
280210
14578
277837
629478
418734
371824
344414
132601
254372
449896
319853
486416
200557
63394
79169
602226
259445
758692
898193
963237
743675
162909
350377
501180
862551
543435
880020
241735
301725
970362
196216
792476
710146
28370
848503
970667
459020
159872
70093
855021
807884
880266
293743
731530
8485
474937
538288
499014
775584
590651
799232
604370
400001
316726
28061
216719
16254
73301
799784
953364
214052
5796
695209
717541
467014
701443
857270
570193
227666
46705
236752
928486
702036
384273
632485
758274
430720
546644
184721
317524
461353
631772
911509
464531
870354
515900
313274
422734
175205
735465
289081
736559
111842
651156
228870
681386
423200
114343
332522
837804
932717
582961
944250
960148
359329
17777
261638
429065
627951
526158
577374
792908
210626
21689
330303
912299
626693
257874
585543
510559
762649
308377
826523
447931
991728
486412
776211
99602
903119
414307
734023
630822
67748
988010
594914
173848
664545
579967
911465
469316
985783
450504
596491
142724
417953
773084
731366
426857
893088
567965
614444
448482
14819
704623
374749
491066
60962
384193
73989
634604
358562
770403
116014
592318
228668
509550
57329
822599
343340
4745
946122
689625
80696
139348
262883
610418
124582
623751
487722
989885
837027
211220
566295
127518
695094
535666
738501
311500
30291
325206
873844
689682
940615
311664
212564
710254
171570
709455
472664
319408
102886
457757
200512
835046
625153
648873
592238
731234
280038
525836
704814
996118
926532
901401
829738
527755
986431
306310
652997
903869
980186
780300
984062
157484
336297
251748
707974
583554
746805
30738
876867
896675
793299
69305
647510
353014
915628
341499
727531
656843
130625
249271
516965
336470
534377
754527
277502
526618
258035
15742
902505
969418
957190
703750
452834
745969
217664
835538
86150
411572
256145
754347
167917
380348
991113
486124
565747
12387
806010
953674
846591
765123
315726
694282
257839
408305
67445
370752
255779
125008
901517
656558
699209
994598
353921
465706
886688
580519
925019
269545
176648
766036
108218
393545
560632
880676
953952
941046
445429
225258
141886
903421
952660
982318
912717
575503
892699
23095
823108
152317
129748
115958
730710
620171
950448
348639
928671
979183
77658
969121
912870
194621
94622
360183
433900
643685
266773
990480
603408
895847
771190
692086
339029
339541
483360
639046
841191
864653
130155
69513
682390
183975
662641
719390
513231
134032
909704
288083
542135
632219
936068
13398
276431
273827
248321
374054
406249
854914
830710
825312
793081
933847
360841
967494
958466
43453
492452
51155
192411
938644
430949
339789
151161
466267
820926
79722
907190
311586
756320
125045
232007
478228
810605
131753
252804
515897
354459
811424
804971
264204
647916
616110
350455
667557
92949
805705
775963
839915
557188
303095
526457
35758
371431
948997
356023
576879
938808
710036
386975
418648
584750
545510
558764
814413
75252
70236
338605
780703
985066
861592
947115
925513
706023
317351
949703
262234
972448
871208
724129
681991
104955
566572
939964
253820
5260
985263
13398
248321
136827
155160
766379
111941
9917
429923
285143
314699
18642
673532
124885
189006
457092
968179
614438
704201
50440
822602
868959
193567
429141
262726
77827
224039
56229
291617
612294
894898
285798
357478
655956
757401
577598
480651
211947
269310
710453
956302
338161
199696
292456
614153
738248
134075
599435
438507
946283
194162
176671
567803
814734
148177
810244
285917
51057
82824
728973
461015
518987
626608
515867
264280
548818
780335
606560
709537
329868
930229
591778
876607
844231
62922
757313
22896
726340
54561
744633
221385
998354
903762
204525
715523
517194
561798
282540
136468
191174
42832
886560
519092
181860
975097
954887
343896
47106
499030
483195
557781
42543
231024
71018
617649
275409
165723
423966
179151
827909
457735
154061
233643
263817
286585
546555
764695
475842
657730
449663
819742
653616
146186
486174
172883
45279
11549
125196
100615
779041
503455
9896
551291
644651
461467
712531
866930
261313
474549
582038
489351
655831
316050
670237
820515
583387
605843
769625
463859
135514
288583
848653
685030
270752
43382
861851
89196
50983
646315
740282
655702
684119
891928
569049
982927
17149
663883
965988
806802
866684
882300
890694
994836
980346
399992
256288
961743
711220
539530
235595
981997
896505
866342
445702
623728
463838
10182
699843
196576
787229
316337
584670
448183
629228
816634
667015
333804
568867
409147
221595
805928
764482
421789
130455
491559
112822
911966
265205
10893
786040
272442
198832
319777
492867
409545
165456
785740
291444
262778
278385
657291
872269
824411
345728
617649
80473
717229
690004
401290
418715
260620
853527
949274
965885
903686
947034
322878
267813
215200
529795
204780
435213
910801
955869
339173
993922
75860
315895
277895
31222
679986
437342
388803
12864
365823
829073
89198
854804
18291
693163
815621
828107
9541
345321
511756
233658
695231
402705
191521
498051
210076
716741
261952
584281
590186
413081
315173
104476
86634
300675
153877
566864
369258
795759
994321
174406
992281
480033
500510
366044
453370
324269
845737
598079
499
88321
313370
273250
405181
993179
416721
306896
481213
729333
8574
785510
972868
269055
865489
286138
550860
831048
527334
455500
953068
535073
63536
181782
30638
289181
348489
318597
337324
945995
812963
432520
9260
156889
466787
570150
195594
531466
29363
855447
762522
119273
555311
13432
456551
659733
911861
300788
888397
772552
791740
865467
616383
363738
740303
417390
168424
44229
588498
524328
668257
616362
99003
670680
291617
298810
813732
234727
82910
458118
410722
628301
109994
881945
701583
996989
120861
629745
334283
96476
933756
627224
789992
933008
122959
565060
153584
485951
84785
568662
434128
633839
46923
730803
502926
950068
44807
200792
351658
761766
106657
652575
770311
50633
505189
189316
452777
610232
93154
91504
56279
293547
35314
651990
577526
638554
402858
572503
555938
617737
928653
208197
105099
867142
314306
105495
311174
730521
727477
212710
539519
894955
588197
885026
420803
215007
217181
269020
103193
62715
678897
840092
415800
782171
808374
907377
184121
954397
376280
258462
770320
909039
868313
655863
993915
818918
927799
973870
871092
241536
617315
644445
257427
713518
788974
262240
838898
294131
671313
395198
818156
147531
878879
333223
118664
284176
625278
857521
17424
81845
641926
377758
446868
260303
874751
626627
607793
639393
68000
718132
366596
919069
615349
509296
531978
985383
852205
738767
480952
939238
251586
24843
256442
902157
540882
826824
451212
237791
200155
257165
872300
14488
572568
945303
637656
308873
706621
543792
269914
6302
267633
145512
942646
528798
189249
764621
590493
535981
7359
421187
73404
640141
583971
586151
780703
865072
794699
922777
785728
292585
381141
744143
737822
356875
624593
373955
703610
927755
688156
993704
174684
343557
444418
97648
129579
867955
210078
396354
934698
333233
453196
742414
377707
604771
540282
228344
324460
857925
907782
368967
117228
885758
975891
72437
657467
689339
839031
434073
640252
922771
906976
117863
323819
643901
67511
358861
809682
17149
798045
286492
171097
568930
781076
218597
362617
932048
334361
956712
144707
271806
609216
14191
152807
162225
289825
821091
49065
900574
156570
42487
96200
846721
306629
558162
338969
872212
235147
718145
839491
676136
940974
58663
667581
304642
989540
966186
268299
278981
173408
584775
765857
332030
344765
857216
683457
36129
588633
94449
172189
698794
767966
494325
445542
443831
789863
215668
167011
55549
34052
997122
291670
942293
631292
632150
900646
363347
912931
911604
580796
590057
496149
644143
852284
909466
606427
601306
304479
765551
809814
255792
916454
92012
994583
238466
319938
228264
683683
887371
409360
628381
974064
394896
689508
153940
25774
562733
565669
241356
722646
785161
856006
668718
740160
783964
378634
969634
568239
570150
791652
853158
96819
428337
342158
830236
217552
668487
704950
129375
813343
593757
883452
318822
559227
844564
160866
263942
569104
708793
676618
620171
496910
169172
766624
302293
580127
367507
468342
18286
150144
341752
977891
960931
83171
708777
161399
993271
284870
319568
598442
237990
494199
372097
655714
797314
212203
83203
471984
959304
261665
66987
581688
254813
389654
901806
665281
324097
528992
551237
185707
429603
920297
807616
46630
775413
171419
734214
34647
322186
999885
797646
860525
862454
278946
880625
472570
408391
324277
251406
911770
475450
481978
884152
653851
443436
588754
867406
217994
917898
597154
207163
261129
515961
300544
712462
599491
788261
623175
706649
909204
151721
76378
262883
447578
885614
137117
130929
169785
213652
457984
674630
704623
548775
539183
857982
158106
665563
199074
146515
337184
808948
803078
420554
905006
381977
700897
359105
208911
756064
101972
314560
228543
277538
623211
478222
578100
2514
994534
834877
207061
338677
669972
773409
610377
798938
441560
883772
93165
553667
566220
202346
587594
588668
289605
471241
693066
250570
950070
564367
9803
320339
538222
966998
635338
463762
735796
97540
645268
310963
462863
895456
605965
358742
241758
207827
546997
661094
714175
8345
122259
203042
118286
980117
417614
854959
877000
827515
802288
808001
684884
205527
584138
201376
114991
858662
574640
218973
907008
368691
45706
779664
66812
337996
811293
13398
415194
913035
308391
234396
780313
978262
641917
303543
439241
890599
602923
782716
261466
75426
434422
702413
66959
184518
367227
817330
963716
827597
305596
267324
55185
554269
696757
598442
723603
745985
230064
199406
71135
536619
259845
591507
474178
480595
907086
652744
722003
556562
567018
591259
690243
988084
929682
580875
724461
258941
260663
432921
979203
719947
571111
28765
769062
879806
206512
522649
159763
659200
978709
601709
641620
538604
911733
245377
685437
4612
15835
844108
16676
189310
602779
358839
554840
980130
800549
719853
373033
347208
228703
611865
871646
636078
401331
247833
954044
143225
813035
101784
983671
24139
836783
343082
3474
403499
956277
498625
216180
41308
876446
655050
936313
162124
930610
418572
744219
512599
371886
279755
288276
367078
822520
415522
719384
114424
240615
726761
946247
62664
721761
684809
515883
490177
261231
808693
448251
534107
584481
560932
648601
577534
414880
867327
630549
984574
26621
731705
129469
867470
428739
657121
422103
149238
123098
140441
136993
789074
158981
482190
725158
342284
753735
399806
635062
98510
792438
476410
774706
440306
903782
827653
445926
464076
686574
138998
297293
576198
106690
74567
388475
958901
989385
388401
676648
400680
159936
240655
492172
633286
71690
509991
289831
1796
522723
410729
129254
135109
341312
879832
183186
426755
75181
834490
174257
965169
501847
174406
755988
506776
860404
540159
460679
148383
313668
39322
392693
521138
27379
872805
195367
836353
680701
57118
473802
448108
241102
100217
116868
210754
924461
913953
564299
139316
911162
611840
609521
650970
205238
750707
618996
541808
513355
970829
744687
778258
252929
994824
360124
162801
105400
526427
28331
832301
404499
341526
486839
704480
259984
79246
268590
243875
961602
508797
70372
708681
386603
822547
693512
821495
5995
212261
492474
178828
961728
53098
415700
170112
691287
976822
435420
530102
914370
850908
285798
995715
130139
619633
588197
884641
596334
220690
160402
100612
812938
10878
763527
568982
747179
323201
884330
815303
912550
901783
660369
816220
288376
655437
643867
79761
988504
749171
230089
266228
520709
651172
248648
473284
526336
563840
116819
369602
914015
321122
473498
38925
238769
411160
386978
262883
456684
479737
223087
164375
267009
715349
119074
217203
467988
95334
714080
936759
777573
844100
917219
391059
355015
230903
859612
857360
467700
303794
92414
476267
396689
609226
8466
451866
412912
124177
796206
938275
823660
26978
525791
863414
973054
410731
575001
251534
221596
97642
518145
222152
474445
962638
55411
450362
399566
856597
769752
641025
248095
698187
548323
823065
114606
163213
11464
839072
394781
965812
842526
791404
881973
618903
659984
752812
546020
86009
742390
427607
21086
853359
285429
644304
472039
23889
843516
403223
982293
402008
97987
680864
415198
604696
458592
802498
397266
142915
813915
184254
72145
353631
562102
733477
494327
148170
291698
249670
169473
797105
155959
862774
275479
324994
382357
612999
20739
53341
549964
391866
770024
936566
277344
861266
820880
408660
850860
133554
512995
934011
17305
171619
864227
809844
177334
189033
26805
646204
708319
275783
169006
943232
770434
857268
122394
600396
402423
411839
335201
882123
410541
972466
558189
269500
561424
565324
659125
602151
583671
710955
188328
242803
860991
40082
274547
117048
309067
149342
704480
949872
331472
975937
413569
885633
385980
205626
96048
11835
575827
791995
323474
423726
482060
211050
68822
168927
890975
841799
575256
231518
435235
556560
555522
169391
862713
565324
75579
15415
906080
710671
358565
524305
482678
819579
448440
577831
656013
86947
312138
424193
870075
154987
929588
293279
342743
85054
474794
338161
99396
587566
50713
363752
43443
750693
247699
758457
162462
304522
282069
718074
631033
913852
197191
96722
675305
543496
577784
916252
840228
151397
707237
789768
650095
598615
520498
103776
588057
91984
767537
948085
980988
281422
535625
97149
164311
710518
988966
855374
476435
64943
819433
443525
480632
852956
568329
129704
164160
937052
108218
489038
611204
258105
598474
8204
323363
885761
410877
201732
218984
443034
534820
116384
990494
532969
969392
276759
545551
562695
979819
974451
473338
370168
753239
220995
801767
163199
672719
672075
965490
953094
752776
373556
594346
272077
155413
57207
277598
300100
245864
880207
412152
63631
620854
99556
193134
649377
320554
460880
903841
184109
369097
510418
979787
928688
690349
203120
522825
557663
344457
761208
183362
548340
243071
619266
490520
972275
316894
968637
967732
595249
73594
718132
890276
794843
367661
176610
91489
261129
438402
84088
749733
11615
326560
55659
260111
316654
842813
684011
360563
115695
422912
715096
440112
713781
966227
212338
385534
565801
537158
271490
759569
146603
748502
916807
708929
358846
318878
105744
881394
579124
410838
880266
287786
468491
447832
989540
457748
31158
935400
983036
317862
394437
138834
863417
575993
154658
887867
993224
180639
540136
393855
773816
865424
136904
432067
622529
352004
661920
729609
97306
740026
554774
737614
41367
979120
485897
573281
57775
12493
775158
225597
586788
794041
387814
152671
190725
838475
802270
43001
606255
866731
695211
676498
423304
148141
3548
55285
885321
391276
949229
423726
216480
856473
853408
323507
688317
834204
489386
209741
712425
604702
675459
479827
756300
429410
764482
793200
11286
277464
704641
480302
569002
873744
161522
972461
879632
769779
778895
310693
330675
826739
38663
98179
814595
502525
546721
588159
267905
467265
710261
553735
384251
514702
29624
595396
102999
939514
170825
910066
720878
273585
60993
816550
80436
962410
805946
651174
676175
479463
732762
809574
398338
942292
864186
331872
590401
468724
211429
34270
297420
129680
788328
515678
350204
660209
727279
184047
319997
554265
370309
818276
6694
472238
635257
26487
222123
823631
713007
130544
387402
821603
74138
303973
77532
137910
842759
394365
273278
192200
481775
779532
998758
351831
968372
562821
480456
781911
906272
229461
253662
444940
998101
836640
757233
268608
676086
742267
323341
354297
28439
310829
287990
73235
732206
582550
173200
633541
56871
823943
763292
593997
442214
953946
609120
186589
496342
739386
37416
776190
985175
17736
580282
620956
853460
263455
505717
977112
43264
404502
167112
95925
594650
193515
671385
584636
137226
748887
746014
686989
960509
912327
83835
727741
598688
597475
875238
503275
117228
66119
333865
749195
433885
591191
996228
92088
368748
720571
778839
790201
467733
994974
887618
373389
753364
205238
395975
437873
452719
85965
48659
391617
443037
203089
545400
855031
735233
438563
507629
234037
290941
512686
267277
618198
278691
240602
681847
544006
546235
584981
878948
572857
898126
13627
650297
947131
140127
887864
372564
135336
924641
749485
440882
700199
88596
422712
732365
928426
214588
464455
50754
731088
701571
923876
764482
262768
96348
738366
228070
899846
906992
258356
763970
126813
293146
579169
373389
923107
536998
7986
395780
519852
871150
999124
81823
212261
903697
864798
819414
962712
360411
699660
996555
929179
573851
211345
739389
35848
232266
317490
330559
945576
857160
956356
312540
779018
371116
469241
77962
452823
835043
687460
802624
466070
701633
297860
769995
505551
723348
832632
980489
712581
301872
597464
485462
846646
812329
688870
332674
176161
880989
128845
655604
406177
559339
61152
17831
4576
413117
840826
117966
851818
236010
241581
148146
283696
683853
268835
385480
158136
538518
4056
961485
434791
124480
568367
430515
848754
882735
289336
690014
780065
356910
869481
90961
915787
206949
173306
517593
285663
172381
469187
119268
491484
820815
881408
122928
632010
164433
897122
996625
779162
236601
113419
854571
685313
769509
236011
220627
797314
88090
431318
792772
226532
613362
203317
644918
73218
534107
644315
270324
250232
935717
111178
666391
532800
724247
198010
492961
618996
309134
720438
729062
117214
520556
493548
315150
819594
563220
928153
41335
630208
874825
329128
535332
944731
776148
549304
95657
521067
779664
998551
281281
717120
586726
465790
81640
754199
347951
491403
38728
403496
885994
316335
365964
915050
896013
212570
392113
789426
225164
685512
680707
406211
582223
136275
719644
548265
39750
19003
80516
742798
29372
228259
468444
805188
777348
884374
319284
39678
415199
448034
621729
577798
380819
99107
267843
371865
649901
151819
422461
883010
247580
462472
703113
782286
257821
870832
140428
767570
48969
322316
905608
397020
394271
246652
447491
979005
539098
799074
747723
247411
16705
201406
612412
21770
133425
147465
991113
623657
38740
391528
504296
611657
766150
570449
719468
619569
676646
631550
309745
509341
681456
340848
486345
356023
40248
604097
710212
153250
538032
552093
430115
28451
392672
493994
69548
227391
686839
120367
586714
738741
962277
290691
980530
909064
390995
92254
518436
347551
959441
969468
833288
329015
883670
188615
31776
344807
144970
933993
352860
284674
478709
680078
42867
587151
386404
538857
489498
409969
229720
620082
650094
538093
287606
601306
65277
987227
256855
898210
524138
582031
500148
266379
903378
60231
536139
478149
104464
580327
95749
663992
31279
839203
957792
620429
37591
370244
807432
270520
113049
870147
414103
376092
173121
78578
401197
615951
726598
528696
934495
936254
202932
239973
578016
690383
173200
715506
86746
958356
404208
115028
462961
201346
469629
507267
184456
385248
690439
179195
822011
647388
859118
596456
93398
333913
378337
416964
935183
44433
199119
537595
342028
693643
191878
78271
749186
217920
13208
170820
372323
559340
27364
455039
936305
287026
924355
291031
359590
584818
513863
899885
878933
878739
389969
592025
907709
653082
194943
161278
790655
74350
28762
32471
225979
912712
461717
662056
418362
367655
507491
19990
38973
886166
491888
544576
231817
914423
507070
370324
479302
224142
961064
272394
506788
188372
585598
406030
92157
943430
165925
56144
809113
410244
914678
387509
961541
890984
911227
643850
644300
991376
270095
727045
827795
475917
451760
631389
524797
854173
125366
858646
857130
78271
534332
231888
200713
318403
448092
257821
346397
141562
888419
894838
155624
365464
923573
174550
552508
545734
307629
933110
567755
721843
109087
668830
126975
933988
208306
904772
754881
511354
264390
102628
162172
479922
886352
9668
710605
478254
490322
78567
747261
981949
785981
223163
449898
839972
667922
336647
973401
728444
750298
354717
30804
59874
532188
515820
669183
871158
507456
583281
736621
59662
73579
542955
827901
699937
875012
273857
236802
168881
230175
146907
432906
946031
434577
847241
266814
822078
842313
163399
918145
476589
596617
477865
940141
761572
859567
181836
36875
746970
668995
609182
743115
704766
385784
842966
184456
588757
878377
737380
228391
85896
556277
957230
33232
210626
455224
601981
304615
560195
249926
748546
864698
338412
710513
704308
347487
501067
57918
255185
777913
948462
233993
930807
339280
429343
660509
97277
787703
343906
950124
746129
700641
449898
333573
429812
541242
77374
584136
583387
314098
90540
388539
747602
973978
108638
150308
150871
426815
503701
438507
322340
89119
162100
651851
13194
885548
468799
914597
646315
448734
166965
619065
628729
619806
411321
444414
552692
206613
928697
964981
277090
228900
637011
617071
645999
419193
269939
872975
819546
473278
796247
564981
695107
216765
618062
776257
569024
18217
884896
35448
683318
751632
30740
652508
206291
678993
828873
143201
680675
425809
745909
396895
848923
968168
177773
749019
144605
1662
140780
238867
180894
995990
764803
827075
538419
121873
204361
848675
221516
501671
983863
965324
396047
811297
236871
523947
277280
613823
987887
696235
234469
642492
342447
793099
315826
717532
613095
706258
694148
661459
755748
280684
702327
149677
237807
934891
723503
210778
489879
299119
208988
885576
179758
492528
596673
2509
389869
630326
975826
344025
490439
721111
492215
120704
574320
567402
790343
256045
143268
70373
728199
253730
831300
626812
306522
93266
954741
592041
528395
862701
918659
445576
207816
528309
20964
472570
778498
360067
430447
834964
751673
606749
475724
798957
613343
383985
802638
136228
882622
375327
196198
471448
974761
413096
531243
920493
648443
30835
948265
902087
317398
895380
751396
776902
82996
61403
959285
16196
311057
722969
899770
589203
468190
964504
946955
468839
150704
556269
933359
345512
457321
728765
225755
329546
262596
480556
776836
213324
721129
384614
356388
214647
859252
579302
430125
300482
169006
745183
287026
249810
47040
535500
11020
87776
356508
246214
656386
139310
470924
780898
190664
380329
398151
63577
406603
329195
25972
384037
970667
61982
623622
763744
720687
578240
161010
216865
101280
652473
233722
465449
697962
933199
891895
329167
249470
983697
354449
55289
956740
817701
780954
250706
509619
183186
811512
998417
141037
511542
443410
999600
79609
426280
93574
181934
359397
205717
722360
429385
768677
706963
798228
548990
632509
607340
171822
891094
867394
257092
395583
27178
68790
136012
680222
493130
695321
309132
753164
296656
705799
225999
454271
951135
849460
980098
484859
622084
200426
758203
913404
901748
247441
278899
89119
267168
215600
221613
832939
800535
782449
955725
911039
616154
524566
234061
670514
748126
203000
583859
941732
615193
113171
402141
579598
456788
541454
929597
236873
231857
345426
555655
220456
201675
77129
110440
33298
696426
765602
678350
254689
948259
434217
288978
814140
14470
819484
323872
545761
782214
620987
890829
77108
293770
3031
835729
381541
342044
947793
132774
220437
220725
568999
89480
499727
681551
691849
230344
330285
196198
595377
574720
823173
387126
645334
277937
743807
99340
210496
417217
767506
656427
387902
1071
717578
63059
115556
585566
532142
697144
845489
426755
771173
849785
299525
416344
917067
487863
115556
470178
242189
548406
684625
62887
134966
791995
265502
119973
199188
426239
49847
414555
648443
186654
798133
663576
945955
885384
781510
976295
458727
696805
823904
977177
132735
50542
608915
943461
155973
972249
521544
356348
197340
720687
61016
292135
70391
798502
790967
165030
692342
811943
838719
512694
797407
579453
666353
767692
209814
265042
102039
296621
631886
528207
357173
168730
315376
800446
851242
628862
687822
406821
985374
460108
11707
566573
564078
957772
718798
904968
112013
498576
832480
556072
44147
327208
936714
15387
105442
338378
547639
371752
696167
635205
317463
840429
58785
705144
495531
961675
564643
555358
580059
882265
551196
985014
577207
435219
735690
672697
118509
371513
673408
679605
28750
84146
135349
284825
478872
165070
115880
810430
714832
379871
530170
119091
524623
161252
86949
7801
720012
988356
799825
334480
54983
298232
5236
96225
825210
828640
232819
358880
394239
252621
130638
308432
507493
268776
414056
193968
443758
941899
222477
314688
892610
865411
118006
255229
506389
746368
260899
329510
934425
750061
931827
542037
308501
59659
439252
322869
415865
928587
887506
289419
496061
449961
67085
312634
55185
341994
578112
284154
749393
112146
759384
585942
976193
187002
820870
493563
83027
476583
394620
755574
90853
210584
198211
174234
576648
387126
288763
921134
194523
959674
870008
123419
947257
968845
53946
136469
309502
6610
744572
678257
374749
653341
300100
272455
275597
393431
638865
760841
523307
377530
461303
274965
537676
755417
859766
617476
291580
548574
635363
720931
249476
314920
703140
145028
868674
554989
633614
35131
33660
351705
141303
273735
190177
840020
668508
691756
745977
213869
719995
766216
604497
849472
807223
286897
644177
870422
624614
534297
794406
173480
960867
866443
300682
635069
333159
769504
385884
33170
551364
751189
686234
82926
957451
614742
757341
833958
480580
37823
457831
916030
470221
82901
634410
572905
956740
417471
632470
687294
547106
644441
749576
564588
710038
258731
196193
564310
194808
483619
511936
302980
173121
567409
201252
825928
632247
689098
805585
226076
110133
806822
456572
301945
918366
805100
831999
379032
205199
299143
426789
627594
1196
139711
771777
966934
451936
263977
528914
79936
259305
833477
927848
745138
36746
83503
246545
139432
797931
531284
874982
126026
332359
470439
643593
208994
947912
998829
462592
707562
489
34177
220098
516043
195288
133092
564459
361083
638465
961771
464166
228576
975128
886948
774742
427325
692588
359413
530251
219855
911833
771486
871690
417606
555799
275800
429198
267064
11929
701452
601853
326573
535436
615243
627531
334070
525335
307361
694680
77158
832231
195590
729537
760770
82373
187851
993722
75356
688870
177515
351972
961182
398184
205244
96722
631323
155552
785196
61613
452303
717527
503922
760399
592194
526583
752344
988435
49382
768185
927778
591139
773023
554355
150094
988870
959569
147019
837506
721345
315581
58284
379009
364016
752093
498034
153640
345109
648437
142914
555699
851285
406845
827745
76305
709913
9592
982724
805658
952219
267212
61651
139142
360755
651658
263065
126249
93020
279064
183880
602399
779507
471735
127776
909934
805441
573352
576471
995132
102470
447841
393759
215384
90494
436232
129555
918657
247037
499620
514682
172883
317639
692845
792674
216373
559381
652589
101004
419573
551737
690868
961081
843666
565573
507884
668664
499147
312978
287862
436283
130667
113176
311821
41140
179045
403946
221213
800673
470924
320362
625950
984419
674224
460952
859931
938286
775558
44758
499040
973065
668107
794751
990305
937656
231817
619576
424053
944789
706922
406155
499575
536937
727552
686171
396551
215524
637599
877352
384447
269563
529229
169104
695196
881256
959957
463106
730423
701996
273222
36812
562932
223003
957089
680314
835160
946431
357690
501411
449919
491633
354698
743058
230696
948273
12227
23029
705593
380144
560790
403722
379665
191972
908609
924690
877685
65598
403941
986989
65457
382001
446379
823510
166632
852015
118091
41361
753572
625419
393112
603830
890775
335540
185247
383701
321606
568626
349615
215539
357048
474617
443525
712336
925790
765953
302239
218517
308589
664624
912168
506401
442804
310286
853419
41708
294190
98943
20893
497048
856373
142046
50214
455467
552253
345300
468418
84385
943314
231634
233219
360457
57288
58988
965789
130769
923949
599425
925457
770320
389766
170665
630939
499847
443916
399400
776542
162782
620028
505730
707588
718520
972264
312
625882
593824
990527
362032
52247
772203
774971
877559
716875
726021
471103
155252
749564
51966
64911
744985
983337
18498
297740
118445
910177
580582
304479
718439
116208
326910
782871
854263
361195
426112
214673
705842
461345
844604
223084
425564
375001
898815
237272
632784
926519
870906
106598
770544
699296
189098
473370
429610
178641
271771
441347
53551
788445
419984
28689
599610
697166
783995
698495
217920
829501
116993
60841
937697
98636
701472
84631
453809
612884
984433
488280
916025
715805
773532
387793
798583
273855
484336
45568
173686
143518
55772
422190
44749
358934
55437
240211
19558
734125
697827
842813
352182
347817
158906
6189
89721
700077
143287
575469
842628
45430
436136
649232
808462
72245
634275
563763
471520
342562
70469
934901
812492
971889
619148
222446
231927
464046
657688
845119
983450
819751
558292
774559
265876
856357
908498
160252
14703
34767
768026
36523
388353
243577
991353
974390
942476
947435
240402
407314
50283
563971
127214
56546
101047
576365
430842
320836
333804
193747
100769
24690
490286
623144
554445
653695
267914
869285
829032
398890
465607
890002
71197
754751
180174
792167
558702
290824
85295
790799
975166
485182
534575
100908
390878
509508
750973
321606
40898
660215
987408
800693
349551
995142
648010
658147
224897
329743
55996
726391
346106
166661
978168
99347
875646
804317
866075
998417
537418
829611
554789
493755
587087
577880
558593
22835
841622
449329
494246
118230
630498
823868
419208
687834
308800
225384
284672
543444
702543
581397
801992
79123
587239
236562
145678
259845
518362
821326
882703
277044
811733
27678
46456
237976
518154
359280
311734
417650
429763
6503
504240
229008
277751
474977
550352
290794
767294
789870
522265
894513
67291
74162
420200
695661
755609
487649
735706
350248
71125
857374
29260
312699
254519
303348
949335
305067
533130
750752
764358
936227
379551
474518
103613
890705
433980
794060
21095
102961
52727
696542
836692
96035
225648
439859
138063
998460
99347
493434
96001
819650
202139
130903
596081
992037
312515
149062
323108
989379
820429
268649
147126
274558
794153
890694
490361
715936
557489
840859
404277
711067
650051
53098
820696
731509
109743
149057
239292
807747
846482
909310
122259
33430
535283
915717
98549
301618
561435
172838
776722
96722
224931
540480
300372
277908
205943
139316
784486
987599
519336
447360
403332
595884
630857
633756
288268
584759
178126
546924
889463
731693
784732
709022
70018
897864
408978
46361
202273
765172
778899
277666
190333
261274
578247
280868
234208
731538
116367
299836
99406
839972
235270
624322
891643
892256
554269
312007
56618
270632
573528
349017
102841
341671
419105
480404
637157
878377
175505
913581
573037
925091
939076
224681
342502
200356
567588
947473
594956
562446
859159
798825
25347
213560
270373
29262
400797
226105
529521
543276
389972
104218
950887
181847
609301
957177
120812
704697
789992
163057
282580
96780
675700
896262
971860
84638
186482
32798
543472
880343
432647
410073
184491
941518
444267
18628
329868
466410
213823
240391
299758
320425
357617
206324
340962
788572
814420
489556
277250
639306
829860
938644
119793
472775
684307
996430
513243
364456
848941
309400
399806
85813
169117
168177
373517
89106
826597
193669
781846
784320
879806
803918
454267
201071
312386
943071
796730
930671
450090
520068
241554
710281
951543
43962
830949
232328
790139
32123
232357
894664
495993
328524
810787
586392
636047
697250
580014
92283
223786
616057
825287
291568
697583
318950
969550
626854
885654
183492
267224
179199
615023
269553
796027
732418
177470
336167
675782
636848
487335
204694
663644
465992
400821
500583
951346
902655
921454
921210
841532
155635
365149
502653
252481
386707
871151
574070
60919
996714
713910
249833
713988
181310
764413
845269
39054
657814
740871
264193
168897
595711
77953
379335
679694
898279
879716
473338
700713
214508
584398
216067
848987
596890
840661
737673
268299
34227
644250
457649
960167
619529
183115
562567
814445
946368
392130
531692
924437
241527
550036
372427
567914
423525
918243
37996
476846
862412
697801
700506
675466
14904
496203
179858
82007
389274
487770
462122
354640
848941
449922
147560
628952
769204
901039
519975
16370
254234
486988
7392
425644
545432
175144
788307
780163
311349
839669
151547
372766
761293
125745
107190
869456
665449
596614
140582
783797
772959
201842
882628
628863
716030
590003
879865
78332
641700
269944
406364
970619
325307
296170
868235
987408
284981
401785
387402
260973
295545
997625
52680
349235
974809
604155
493923
167802
280371
414901
738466
594587
237878
908275
372118
479576
261576
876037
508624
59249
30134
221866
766356
624286
647005
615392
228370
209815
503939
121899
629341
666831
52243
265092
386473
987514
316424
136404
318379
825712
325177
254444
460462
848291
658004
655431
379310
309526
389043
70479
46495
704245
581187
19249
667915
480079
339481
281580
274670
88353
410532
988187
523656
450965
562125
757415
135333
444482
973839
552586
506087
17409
521314
819570
923182
522195
755605
997878
749485
479549
709537
653297
929150
917220
329964
31059
234315
375350
577806
294762
469055
461250
989918
81007
891379
885970
227673
484656
209455
367134
777925
339481
713730
511823
911058
587955
644258
758184
341691
325068
544060
605135
362822
742565
978777
52684
202854
113455
66783
251988
81653
848240
383128
146580
717120
664805
785444
100736
9162
682051
883640
771585
381895
794165
804229
869635
585942
195841
577046
860105
205725
740269
625909
280743
66143
443426
84361
366859
171587
811908
485887
361139
212608
569104
858495
586302
115242
685940
493321
636530
468349
474153
941997
446125
468941
622567
406169
162612
867194
110111
755572
813370
339066
484944
697053
108538
605806
658614
433366
78110
56286
760692
367128
655438
386483
458813
904122
423320
236469
836384
365304
415676
162870
315581
791210
787720
68958
378740
930784
702609
504375
909815
836171
404308
592951
639529
492381
873496
290502
192162
288688
12749
843073
28266
249558
957742
34901
791139
644435
195594
931371
663995
368967
569031
513683
463671
202314
881973
409175
609213
731326
71737
792243
913856
64615
624136
218412
776722
254921
210792
278416
634265
35669
459485
915231
561148
186590
705937
808367
51053
641900
371869
384871
768022
889413
188150
563850
636213
341526
46437
521883
228856
730973
837745
846995
402628
817861
43035
546788
340644
897727
489081
573277
950817
343972
502177
515587
840781
654462
177700
51991
942192
253975
284925
656963
928867
181099
315917
149057
663680
391581
146822
430750
310986
356697
356253
735265
899948
560632
970717
952098
33911
826968
693704
87163
722860
792428
270648
940673
202858
228856
473425
916386
584759
821102
231393
726718
639166
239890
809561
41206
789169
728768
833918
506328
570901
945481
529434
147204
464033
908498
834916
611192
919906
969760
819494
582826
1564
615830
836308
335973
47811
246589
732934
459533
978816
141976
163330
283768
149833
177015
596440
504477
875646
881890
334628
318940
863285
65309
218107
879784
299593
484623
146731
587241
209378
903624
450529
42318
716720
996654
729623
180429
252039
586079
303673
780713
903516
69697
454522
613234
458570
501958
548227
289219
385773
989777
224602
637763
97306
497339
281550
215056
911759
659736
507562
911576
484944
492505
808503
524704
645662
541627
555101
966967
121907
450188
54397
488411
843363
589495
711809
384658
782503
31803
740863
555707
343162
684463
750773
30883
922770
135334
439040
278241
11011
499939
566995
641025
333555
463941
155729
301289
662879
860192
802436
50229
208059
527996
617649
745526
675989
23436
938322
621550
325088
521200
878777
246894
682458
178564
985322
327794
231072
373248
619305
543745
108648
88559
436445
120275
286995
679488
121448
589171
467332
48260
892852
480676
81653
822193
915447
552115
239017
228820
56546
400951
38609
862287
519901
390961
176646
154895
826670
252050
61531
999436
561471
246908
771966
369469
380567
657319
865123
585235
568318
286442
928364
450921
187340
747261
436300
324483
272734
931348
825654
738501
251570
251257
415357
399273
420749
163681
570136
780001
415408
772692
591427
853085
47346
980897
608076
889680
930267
394342
280221
779551
702725
251696
206512
307410
27283
502887
350610
977191
354264
975564
920283
230571
311112
762531
428692
938021
232701
449434
450514
296555
492806
774575
718142
403080
969741
790783
760051
277478
935675
445353
93164
666962
414854
335102
592075
895356
97592
597607
341694
342693
971355
759981
489929
933527
533997
597631
434097
186357
604288
749639
406458
878458
403488
537482
933008
33497
65785
585150
929636
415579
17139
211647
966210
351676
702746
203308
760141
965950
987539
695841
356119
604650
841127
648270
82957
259337
407822
658946
920251
54069
503650
676087
940417
689962
762005
291156
882181
294491
144979
847099
918557
272706
422303
551523
698928
776609
22691
116335
753130
264645
407756
844523
721896
237336
342044
14183
590349
538353
795440
204954
768163
190245
165569
139902
518393
214300
250539
767337
709813
992707
396908
97563
799059
552101
706960
917966
251989
872349
196033
20630
39750
648049
526854
285328
404785
717754
676531
217980
899885
924149
746731
788307
257611
133066
7733
187580
122341
504553
409690
921046
212941
706817
577398
117042
934672
57175
615025
870214
878416
498716
494962
98003
201894
666496
198771
708643
520765
204848
830304
879222
322875
541786
205417
517526
165341
463560
856745
153246
936269
877322
33138
694461
260799
743448
851130
968578
54069
97643
825586
829686
33279
509363
926483
475901
994010
880806
833914
411408
524884
60304
922635
432963
554166
128036
219560
88371
421900
906251
609104
261196
941277
433135
358997
40221
17700
147098
697516
380008
557462
542180
775295
709909
374813
793473
426410
52403
478172
73992
106488
788648
690252
23261
249769
962051
1842
426096
317372
608413
751597
605983
732737
680098
410511
839592
4090
194537
792726
18508
407296
383773
559231
782582
234252
505420
608734
985519
161138
502527
739971
622836
581503
216401
625423
983365
52561
872399
465890
209191
190386
608483
925411
415206
571949
304461
532170
172754
743638
594842
68736
12786
809328
151387
909749
783395
471161
813274
589687
403332
250247
67585
189767
785007
14019
227784
853812
511640
713751
26857
728208
6828
105860
7734
621040
394490
625542
674157
753596
82447
625650
204631
170698
701032
626781
643609
362544
859205
773535
65776
222501
319344
524408
116448
136904
856315
570030
245648
874965
750713
142630
864780
641554
109399
734448
444953
381469
507562
768964
658647
699982
153250
898051
126811
65972
429628
492526
618885
467184
379901
587494
150434
800671
544127
871181
562475
569433
514487
211947
338968
150053
661407
748896
647505
974041
467716
58371
900411
674643
741711
307139
993157
717735
16961
259344
416056
608076
931490
719543
921122
347209
828570
67781
680321
671414
536269
131604
368826
588978
725665
607250
653941
516725
688353
950104
806725
484434
298009
700030
316900
525803
200557
413971
608636
759968
789907
342749
783082
721159
622853
132586
470888
697958
689098
390239
641401
159774
934277
445869
322560
504592
808621
350500
721429
262025
854523
918858
800439
749214
772871
291766
835160
246733
539988
485811
808377
739864
770868
411380
782582
149215
29255
791048
422565
206509
395812
583432
601216
759113
233865
7015
607690
918250
63734
391980
687541
107102
250123
403159
698776
181064
233130
547881
381993
836144
892053
409000
263362
134302
69335
511722
436040
621329
139127
205645
343906
514882
542018
641117
124277
441218
77906
196549
213931
779807
702095
824008
823958
613976
318673
665917
633819
585404
657126
839983
950400
733909
390767
287903
358326
561663
365823
943791
873093
602883
326695
148278
166485
482126
36747
737400
860991
437237
121563
369264
287114
78938
692968
980932
46571
35948
755620
444921
849304
176940
713142
137627
810811
628821
595388
753035
982202
427414
792262
211673
587666
969025
882700
642036
820785
857284
225639
879222
599043
583729
869986
309203
131305
968283
516817
921925
36706
400044
210076
326147
750149
126498
559265
756223
768912
728405
988781
517574
813883
373129
558313
192847
61009
739626
730360
482321
155954
716084
636793
581720
847408
783594
875150
988160
773201
745677
457091
894627
80271
383136
345469
265313
432417
2315
850334
357925
8628
730730
831905
455447
342857
844722
175550
590201
33317
480954
209346
738534
283196
819017
61229
222469
924864
87689
743486
760731
582248
217552
487433
34115
20568
951102
747226
12863
955702
651501
655067
976535
597518
843842
82365
595351
870141
64583
202112
177274
130569
982837
375754
309376
476430
425278
934894
617082
525592
618461
849039
793971
389187
665917
535034
177895
639579
153294
300154
775044
394391
840788
29113
293845
473428
702935
477865
668974
453528
528970
346492
143248
225120
562821
339427
443854
224538
230239
713746
518582
44558
486612
238712
581110
193130
108064
58940
854278
328301
7024
91293
920055
361656
508952
339438
603630
903103
563370
909789
430202
471889
776271
264835
867763
835727
206512
591730
976279
579172
561411
370283
490238
569755
429213
690111
530085
756050
828133
225729
65056
749016
114334
646127
998658
50642
195295
574990
210147
76049
427809
747226
892158
450402
399058
599239
608734
90671
108195
973179
587389
917147
955091
649556
518401
926794
22742
636762
520533
698852
997357
432180
135989
850498
900170
712867
768762
486555
833766
117396
120713
834119
299076
197182
516817
297860
22505
780177
750600
527908
195801
613809
307965
201406
665898
762788
700849
969861
106569
408117
470673
95181
78825
987896
225962
955156
697802
60512
389670
473712
77457
715364
857268
562976
27010
92517
596243
354884
886462
70236
270209
377074
763435
459045
348775
873758
94079
36843
595215
862690
618597
77106
931393
460983
908217
598854
432217
827553
764068
724528
420589
996753
474547
824711
826414
293675
55114
876981
164251
120392
712263
448590
416495
451025
518059
860326
466408
456953
792302
455880
580172
915010
132080
915543
32700
61148
819143
292615
739553
666496
735883
538832
524629
822442
787367
992644
776569
465122
298747
670807
441060
719836
861285
727981
541517
834714
236541
760298
57487
465021
957402
863176
97825
350356
383689
605534
693567
405300
705299
708881
829855
520556
31043
28614
326989
310802
714896
308873
970831
526522
859111
923275
443214
85638
723609
396619
353555
908739
384069
767681
513101
941075
694270
204170
904280
569510
74650
181314
563394
792126
994959
162303
311241
989829
710605
448188
590186
616423
169205
505855
561387
94270
325468
856143
113494
109791
845514
575444
73057
511146
756406
163213
683848
436200
227505
673733
437263
400792
951552
354433
496360
641477
992376
820627
406596
273333
440454
617774
157573
925400
395025
102367
406083
195680
718403
773784
837072
323248
400499
922063
772851
145591
123400
427259
440635
243415
152680
362693
613889
568230
737849
35131
222304
29793
404308
943715
169666
705463
969025
709870
901579
538896
207605
267176
689241
943686
851221
697962
585000
766476
619569
449705
918360
120223
730003
499575
287414
359944
371107
348241
770012
30942
591329
433371
7688
195538
485676
321468
558534
473736
385216
463904
825586
442934
694167
854186
149301
301073
280909
854945
84003
439741
822679
35804
157747
591636
94011
867351
440609
877884
918064
111064
565055
430070
512843
844140
768644
863765
873659
986030
898572
42920
310371
41818
513884
410762
362368
370283
510191
338457
690564
181404
800637
390560
626925
79740
72394
417518
245339
561226
626656
33484
562483
203000
548728
267285
423073
176423
318825
83159
951543
188168
740297
777598
264552
414845
720433
520074
849241
732698
20960
691547
835122
879464
711050
787127
828570
304958
188583
803066
269749
547291
273213
398824
70785
987054
323108
245569
944420
12829
869759
329286
892928
257459
902693
341147
330886
137148
778332
222162
558849
953580
362224
90600
279932
803679
699683
17910
254566
43934
911315
237510
365481
61945
755599
308933
319857
955915
797392
905382
59442
651469
978352
725892
617490
150288
15660
173896
435267
189998
911623
569612
712432
892208
525554
331478
202737
10017
774178
941918
57375
123371
488659
92480
393194
790947
115909
939968
672924
946884
623426
537482
545690
387084
662435
419750
173614
640364
830051
800803
859567
448321
374169
288582
216449
50828
569249
344178
925682
758304
89551
653941
379872
369142
503676
584845
512388
74718
480494
229510
427224
772562
896015
853499
81225
803322
713751
807791
747892
575032
782115
848228
794135
145956
931871
234821
977345
159457
80070
773506
801125
640969
953990
261398
972062
142529
749145
802615
70410
682446
170762
740289
471015
130378
743180
410639
772288
465838
739979
44645
574919
321780
104856
786919
779252
289536
44736
356512
845633
551640
504598
289376
834010
643644
360968
765870
709830
36571
782113
326950
25881
229911
6249
694990
412446
279166
222751
259126
392280
133618
443370
149128
172729
824670
739522
214811
725662
646630
859418
905890
55723
267282
630591
555938
858608
624198
203100
230239
50454
106024
778899
458594
926221
3117
713391
49813
156352
970796
612485
718885
396247
941954
124867
349074
561145
105359
597351
492691
733835
23467
11131
247061
910898
436595
970401
430223
186404
849229
265701
901375
179346
951744
596067
661960
752968
14939
99065
4215
965047
679976
172048
762344
432483
91641
322442
291568
52583
710624
735903
289965
300481
670599
842008
957196
58815
98375
478930
57552
590545
572484
557434
132865
397185
299891
91991
983514
168415
541095
11067
75036
696554
446312
662366
257518
733312
880522
693528
118114
884232
988345
692246
248722
178866
39339
692436
930024
603519
280537
954078
457068
35141
188888
850252
607539
718332
776464
206632
29112
719543
39195
526263
787282
415264
797324
938979
641300
102542
339466
206280
607528
370975
529590
926094
773179
478445
342028
976720
566299
669135
708138
351049
743180
427924
831392
612348
840942
545118
449581
693813
309756
263107
238583
629325
794390
309998
571480
975340
565274
438612
437633
755555
651986
687908
206630
793923
338719
791091
764993
229830
209792
917204
297873
859573
715181
201023
203837
535701
452523
501159
571647
429521
769779
372613
572381
915985
623751
177894
938081
697261
375911
556795
774835
690318
418458
271560
390987
711621
216590
985778
163718
260220
123901
357704
583991
525296
888605
558732
655787
685942
362739
133907
618041
644836
766204
529087
797546
814206
342026
527484
127961
448484
782105
483833
777442
26343
999786
451756
175634
443976
275364
27343
607573
780503
848506
445316
932138
148113
467860
72774
7869
365617
529320
666481
977112
756767
486268
503939
588563
136026
246906
186337
733729
163600
527068
986030
883378
126263
745359
577885
965839
345312
835789
734677
332457
756032
846201
661655
7945
575696
938286
447571
501995
942777
792506
185717
443179
514945
555067
77425
762475
686827
80996
946341
639606
670680
39939
951829
95968
937217
775422
742314
431082
682922
920854
543615
885990
854401
227514
796013
776199
337979
73450
574405
948
840118
586060
225161
996362
157681
688621
774248
32306
348670
514945
524946
55185
166948
224621
361050
836694
716349
864426
771050
120723
775874
254747
238744
599451
485547
438966
104806
216407
205601
308800
54331
708781
741863
190630
683727
491689
225536
122705
513101
370571
199385
280929
525274
482626
742200
798709
873603
38601
193903
15182
7947
301685
116031
685260
645428
261827
493633
464779
349978
796140
823423
396850
210013
670329
198431
63051
567581
979593
59706
607020
55773
512974
79176
621974
644196
231523
344628
608608
403335
740173
364497
450871
424790
775062
734448
796105
144919
33500
241727
825150
392362
699218
123443
176201
101303
360341
97334
261094
16370
592304
8158
72376
809409
697642
585446
42843
842388
215547
904968
457387
170540
375117
617002
811365
625840
461258
433108
312
851876
929122
381725
668148
772445
818929
217959
341968
44966
788005
702903
517190
615253
46979
83169
634792
467456
351707
905171
474967
605672
404940
942067
705658
800660
350852
746629
427317
189226
198826
924783
5680
885572
611660
444259
236060
132743
658081
10016
627357
691939
256469
494071
613682
205725
586551
190413
727737
450817
997956
660902
462129
76336
88051
274236
326045
434097
946831
769661
637877
345187
2721
836262
274730
566716
105868
111052
963441
727144
501762
768
944706
486094
442414
901413
321579
203586
515649
128382
33617
280620
166726
743373
803105
439373
602810
607346
332788
815303
715355
181012
6129
486988
577274
643189
752806
702495
71783
638016
724334
357563
384786
217807
50143
184
499293
784087
581573
682234
284867
164856
632019
16736
18008
39453
310426
432796
679071
287086
751440
70143
617634
218767
873935
766459
396879
414454
912806
651032
140167
605927
279642
159679
18571
248429
451435
371719
501197
347783
751440
795570
749545
436508
204106
391569
593967
705791
614444
202162
917431
911242
735743
120928
980671
968922
186634
280801
511516
817388
19591
248596
661807
438384
112684
984592
246373
48670
258816
139455
249969
76132
236844
946181
12854
106754
18684
777760
205219
694445
852058
638990
255040
194537
786029
152611
1758
307136
606654
595296
863052
741647
813357
394484
256004
692692
624533
441793
7824
248979
376945
372212
932125
6043
667974
257191
199250
391487
252245
634797
475818
972589
662295
883177
380977
618636
998406
565201
42124
73013
61603
57242
153045
793736
511457
161342
623466
394798
86139
173780
707318
462886
650338
504674
355921
273985
135914
682674
783523
744341
876302
817865
23919
488735
923893
849716
80144
52727
73359
944778
298395
870590
371694
15058
914526
824074
507877
745536
251591
423285
270660
71873
610148
11067
147098
609268
92284
768801
198392
230357
647986
353707
334797
100137
30198
100142
25607
194285
249872
454326
281329
409587
549862
356979
694708
177784
236144
780197
174930
400254
135110
858068
51127
689873
64701
378388
321007
211931
72283
89384
225730
188009
52798
296772
550819
538113
804729
272029
440744
574155
564061
380790
645095
35448
50655
333126
583557
902705
588313
200277
443107
278981
591365
313350
497178
487735
185507
184691
218816
184759
967705
183766
129220
813179
796182
603278
822100
298012
403727
277485
8131
168568
12635
275767
650256
673915
681561
175401
441343
530622
744733
926558
691368
730303
241476
655749
699956
147899
937854
675158
607342
423710
60217
151757
566383
137650
319507
620752
36896
514686
329252
84172
293269
854133
219122
972399
890178
914916
139727
823179
607313
259614
236837
890117
276910
585854
553009
156221
952860
36438
644913
321703
809515
950923
437065
921620
319692
624218
886571
595417
124776
497423
273771
656960
874405
87515
263715
568376
969960
422905
405397
844029
810716
511841
183185
950759
856779
803688
948381
289446
28402
443711
829615
516561
545684
974621
393274
919769
898936
849479
702224
634483
500682
879230
448942
630677
314858
740944
614574
221715
228458
416464
695762
874593
416738
107139
530429
286490
829002
41951
860729
477614
16602
192372
674953
733245
723607
103525
467553
905844
910474
107637
858787
152736
959844
690539
732745
914390
796537
740600
488930
444246
80962
61148
419810
272538
197319
32406
209422
694313
113826
191288
338022
720258
140963
651837
391311
636563
610992
521255
148001
684136
136657
233219
585302
737964
432887
906094
685507
944354
768954
970992
457113
170368
994186
3474
549076
169718
164496
27087
135652
396832
545094
353001
600373
106059
170080
539699
303300
136105
504859
856645
468839
470910
34804
304282
145305
341175
684443
705997
418975
156432
857787
701101
410801
448557
536634
797596
291528
268676
705658
655299
216887
364186
465449
982681
739431
577651
905242
412842
991267
776431
3264
658121
167967
126611
1365
891131
685449
342721
631545
876845
774706
216809
221083
735095
20652
454267
18286
71308
832659
364086
229272
762994
591036
550832
134585
437925
188630
414631
270470
154129
233410
849833
243192
701966
778799
239208
192707
332248
454708
823641
207372
426712
755574
540002
336103
336113
634152
589712
139497
297602
653751
898126
853160
717658
876446
928945
910414
194016
814063
91343
772204
127985
780768
483749
675391
486649
545820
198137
608604
11292
683929
4555
834969
137048
579408
500517
668335
840429
853394
334825
869403
702809
784607
723603
625367
44117
722291
576771
680146
968260
618859
862784
652802
137813
36763
931426
883192
914423
572115
507618
222122
973969
573528
159793
430414
964453
878370
784486
460052
15660
515419
320858
70258
158428
240939
945695
105141
672836
910425
577015
174693
969684
955257
670084
798695
881567
217188
531734
386517
607992
325912
685299
251755
220159
68994
747995
470813
413627
851937
853527
573839
133296
918419
221284
35948
606816
745905
567816
244973
451151
840936
36377
768792
542037
185054
696920
931103
243920
222962
316701
451118
648405
323051
468568
198630
552762
193822
266131
305538
348309
606563
786976
379056
994122
231138
745078
762327
228818
611414
112360
231239
104241
591029
736128
492365
400677
637035
688156
319408
271796
883126
108189
311021
598395
602190
894828
490467
504811
713765
610986
794561
635443
607069
670913
967096
95330
774475
553296
603006
392991
204130
968874
189010
266930
558178
952484
252021
546574
291148
779576
5853
121731
970871
880667
788532
186132
924534
771020
927463
838814
653626
653809
28250
425395
140396
592273
145105
476290
562776
326511
641014
313671
660521
928363
21219
53609
309268
560866
929946
865638
465831
264684
313947
900565
764083
405952
446505
635780
554645
183185
336851
118822
518655
728444
791091
872183
229947
57110
956040
802421
811646
942017
326794
389627
939313
633629
696570
289197
612637
468370
108576
10385
2658
552356
318343
142269
23826
724522
544841
802664
486682
940112
466265
523159
69895
589196
754129
708996
991779
711772
10747
498067
918246
481580
48103
473902
251867
513438
442172
763430
808192
358922
415627
884932
148886
857360
680829
110314
771226
349754
954722
851873
811417
625941
900690
238776
900076
875263
867226
546463
187593
12698
972307
107510
645268
643307
4903
514867
246166
427128
87272
640129
719506
423173
422729
1474
242086
981949
665179
906105
702794
665042
651045
532773
539327
692315
608886
89069
190603
292598
87150
189456
12566
540807
968434
464365
970348
989907
736804
687615
198739
558367
377182
389543
185477
428670
667467
815745
579247
188011
272498
466919
207285
756337
265223
503132
661856
775805
476067
327784
608320
314641
608098
61344
894506
147655
33579
391710
132376
629117
964504
417103
669402
415454
176059
981974
251406
993989
810539
669334
680454
37013
88546
946748
202175
594886
70619
189606
811345
442003
973230
574697
774202
21798
716642
280235
559751
379084
587264
238029
711377
880240
698144
60692
707879
695295
952610
77526
766748
423702
920548
165532
540273
216825
273575
827468
79233
553598
191245
908837
85883
776071
306450
926185
293822
322691
822553
433371
104213
430663
948625
234121
462702
451462
611703
560405
8406
341071
1832
674281
430641
698839
820670
769337
618665
549304
567908
209832
28044
733090
880352
786067
745170
429514
529264
790631
357551
827569
340128
984988
640351
101376
105497
819158
9100
542890
377040
236823
500414
758530
968578
862888
273734
137511
641017
653751
860938
623845
618484
138075
581066
854114
997624
159588
591121
416448
832337
52360
559627
970672
105978
631316
933403
436046
926209
339493
392613
701917
805681
674976
256708
67924
560405
174818
176382
936544
138483
169357
334542
325888
555783
812456
442506
791608
98470
612645
191851
567081
801208
737747
625206
83905
592075
940353
2971
341575
220194
360525
845527
965439
386801
49121
729240
553296
915516
989211
582057
680306
445293
752186
899925
801837
457100
241932
341765
341826
370168
89623
226594
833831
973345
860815
963804
672022
905050
408421
168778
182940
639200
754933
207283
488773
339671
853976
758060
587594
87590
538290
373399
682946
597832
729113
645334
372130
84419
220990
929720
374374
755052
302176
599293
930695
787071
945686
186715
235673
819442
607032
639631
406289
870691
728199
733832
662875
776938
620081
463310
299922
746458
475922
834316
6335
502279
488021
395388
798562
838674
932392
807381
555062
738094
389854
590315
259249
26248
389583
115010
904120
979434
99551
598118
951049
460283
60313
61095
880770
42003
406973
608823
355099
545636
768803
479194
313116
267884
854107
219733
523795
81440
64700
985424
805348
228770
124893
83108
485162
704190
551242
649065
13860
990722
263036
791740
19631
237488
790650
817019
951783
802436
593444
580989
967043
914432
738460
735690
595721
133281
933674
56869
711748
98764
450516
732320
488319
776523
413592
4296
6549
490555
256639
954872
716150
436300
937628
830771
861998
918119
840288
938286
839324
554361
165933
933683
335067
630007
218336
793542
546712
919871
390314
744128
935428
694623
445302
906272
340780
676766
224819
791932
873004
140571
762047
124860
521155
359054
955794
886305
276910
751911
161580
879981
291319
507618
383325
228422
655163
815657
979920
671997
527563
737105
600390
443911
954574
837594
499487
537392
71808
867867
242494
811235
3174
58041
710637
42510
371838
242363
620838
340128
287768
175870
563063
545373
848622
817411
502523
363782
175528
795414
4807
353032
750334
196595
585341
804362
609724
770716
573243
20260
603548
298002
770180
636560
675958
928850
970389
454972
175330
189129
953484
73963
293374
768964
488985
567329
385910
914221
784499
812456
934339
468859
50282
781672
277362
941731
970672
150886
308789
77113
869047
242747
216259
363338
1346
948396
154811
921898
781554
210040
115134
999935
536096
548160
545950
171248
618530
186356
606627
163744
493419
941826
967494
707225
573547
133960
577724
693159
833372
92762
71681
769506
130671
672217
593033
121387
800904
383902
627141
666796
643609
305563
854383
164650
406728
695984
457816
473472
843057
544728
593147
104288
691659
600293
865942
518346
456029
728352
92421
757840
134446
747915
821270
500179
839983
380715
782575
92530
100442
806922
426128
402153
813443
737828
414399
75343
803872
49916
499241
641155
910580
70186
855749
332516
994351
568405
524943
737954
911858
528574
320155
419508
538928
175357
610916
902140
734301
507795
17105
735170
106274
552774
851624
898139
370995
292774
10722
797281
239192
237826
343273
34209
171992
973054
69280
543206
387195
175835
661530
300258
348043
970777
678342
230530
389937
556769
925548
104326
503778
647992
303518
124597
407835
865105
695574
633051
689321
73467
274239
506577
960012
515384
86746
859967
845628
937038
521346
673928
818222
880582
360516
443583
462503
947432
506624
96530
139214
112837
859650
96308
347320
420803
154649
669648
318841
496803
969581
768174
968605
649510
175561
363512
471551
288315
156968
663978
320629
980287
559737
844720
41442
707784
651507
963316
236178
939007
498900
488320
544749
803148
198192
372897
21880
374795
80407
368066
404737
464441
717432
519953
489633
834382
729857
397824
48480
38604
511678
884525
833034
402631
873511
327662
347805
920219
854133
464896
985062
49813
73163
759554
75045
637687
304752
441719
790863
598395
883452
346481
253238
782950
151819
719185
716385
205032
656266
371542
529462
371465
866003
16141
589867
582672
663570
768575
515716
433140
169056
817360
120203
388541
709870
571314
420184
365410
717080
55991
909749
225513
864013
741430
597530
586120
465871
321096
671360
90500
608687
596928
17300
357150
850484
988664
757775
230692
19607
172900
471041
13269
260836
908008
620454
488142
562353
786976
384342
793852
91069
874152
547393
533015
338929
758608
168483
843612
237826
794506
431657
358649
214952
557406
935162
167541
496885
666771
70063
60212
482995
757943
62594
965152
863417
397897
837832
224278
24667
163311
538177
356453
434392
473327
84053
646629
890106
271875
320580
216033
149324
573204
408183
465703
702319
406661
79354
268569
900733
177809
521486
254107
78644
886544
217765
774005
590338
5638
109965
716653
207765
869826
256469
473848
702819
259196
924149
567304
446476
310929
505049
321730
759384
299871
894211
417929
369821
470759
978229
623618
627080
63514
982895
316583
328072
87637
728405
919695
323693
630201
308536
491415
38186
142715
703273
272503
596883
766086
15949
259684
358968
372575
693502
27135
560932
744380
456256
822421
589279
770360
753587
464586
164172
142824
978796
292819
763435
889426
106841
644269
506479
208135
302070
317500
84941
787795
937818
690753
140862
919823
124762
112697
962363
367839
505679
625462
654442
283203
966946
311108
604525
332655
243386
115798
419765
685108
740154
125657
630938
449225
164489
94982
798835
677196
68824
652206
695482
247807
169541
782882
496381
218649
375242
472782
220192
845740
577611
999306
275050
143360
761064
200416
24936
577325
274180
374995
400491
969168
501671
899441
95952
890002
757424
173681
381847
583197
616395
194757
969611
835713
557462
845655
999376
317256
497930
306151
240185
258748
535806
858947
476904
305807
307965
720936
311278
123695
65372
99070
497860
230330
821610
972080
165985
502084
620831
315794
438749
180262
612810
354665
585681
349161
389308
998440
490829
941711
617874
131149
992829
406786
442172
210162
816318
939308
490468
290349
743455
687680
231326
921157
155719
653407
16018
965509
95181
943430
408957
923113
429842
959806
711141
55106
417968
352619
385910
232951
299460
643180
891320
772443
861721
637023
21173
901098
357248
163918
652700
393911
84148
892221
190683
932938
662547
823153
165208
250309
85953
380202
63156
343008
776580
500701
92767
75548
753406
665491
273891
633459
252008
794906
910035
602811
34778
233130
17980
626486
886352
751614
574082
254544
253278
919589
865797
851143
366360
780424
275235
532411
545118
532727
777092
814283
505468
140377
751782
695089
381592
779936
567564
857726
31895
276694
605828
934383
101572
357104
136225
450736
360276
154737
539876
21281
926302
711337
293979
206599
371046
726474
633952
954156
11880
98316
244208
248740
223704
487616
695117
373262
571255
827125
34742
33699
847995
129306
258098
407706
758569
636491
824934
21557
57704
839708
981539
534711
354261
686123
677051
358459
449058
408215
270417
805099
555619
596890
15660
480580
71232
809179
744975
698186
772907
262718
524023
286930
208420
84168
771552
634229
302397
836300
112689
530842
220301
140412
315001
551305
973553
493125
1524
835951
795734
606603
775067
989849
831151
786777
910984
230205
782182
305002
698111
940992
137596
904743
756722
405025
720416
814033
979676
483169
531366
441183
453196
269396
283433
385462
548910
140654
851184
998031
784136
120215
437583
81481
672462
341133
643452
150053
463838
60919
354887
257410
445284
203184
195361
267174
87422
64035
581805
356421
881367
27620
477805
189292
839900
91125
373958
288871
713880
638034
947432
857290
447803
347699
681173
939825
118431
617498
978472
629498
760617
279642
994100
4119
505221
225097
667735
250775
835260
516872
384490
60916
399975
114554
16670
182735
847817
803207
311469
137759
103312
837040
535034
625449
320109
414638
832819
129030
408512
399899
631058
93746
212683
178261
23515
219962
475124
111561
384043
443977
633535
522832
671066
542987
381041
260242
679632
493135
911833
725994
470809
766704
180645
256852
731545
234927
540262
453842
973476
591932
550821
202366
155029
928923
381610
68328
851205
901444
28061
633104
722200
402069
586340
944071
605835
348908
464967
84679
197395
738244
873154
53792
885147
228228
69530
866320
154905
886644
505203
895456
406607
520777
282601
119193
487950
404115
54418
870595
758497
768397
960324
391311
342634
210784
729465
368641
77083
915347
347748
791742
607992
825996
96038
72105
284266
183247
915010
12493
565818
302117
608490
587187
435777
475819
895513
725400
431242
671
418943
411822
271157
514922
107663
287903
289687
454252
446985
879366
390812
331417
706626
859585
92936
141819
191086
967251
483245
734849
488196
58745
987417
308856
459200
641970
222340
670520
793687
217056
539634
495366
525676
743689
817433
375639
792964
404130
103574
38283
837382
710518
721060
79587
958013
191789
744799
163299
204880
975598
579444
738767
335474
45951
649201
876895
403422
942777
91018
460605
314514
585831
577933
771030
352937
365851
219860
175637
969403
774146
315165
445282
539951
620987
856957
159865
409790
640011
168269
442536
526929
537678
244246
670913
908408
930760
132749
576847
561516
569677
92552
967096
464183
281103
247652
108682
990356
665918
678723
182150
367822
107099
880163
425641
826964
297615
983372
135664
547968
698656
599269
400572
251736
492968
631980
939922
340650
194216
524176
853121
452386
111046
330648
45678
844241
119113
46046
702445
632076
312515
996740
267550
960082
548137
773287
601616
96242
207131
103292
467479
664805
439026
549470
494127
863601
821229
235587
582048
247526
549874
104793
127703
973166
259627
70849
602384
72924
605837
236325
112800
254945
16882
402274
345454
750538
633460
805446
926935
242386
54127
762665
794839
615294
392559
746952
898379
751673
412274
422205
398696
394941
898877
403117
142132
494710
567844
243908
785796
245878
602408
833637
193201
942649
813564
954691
678207
800990
888801
548408
452964
668338
723671
737608
628698
568015
974703
882133
592397
543927
800950
618871
147437
345321
829824
817893
952846
507757
857225
905822
312715
412889
718077
785400
204505
888158
432819
510426
76513
759363
704971
934788
978361
36074
973524
618490
881865
363051
773037
720778
948466
824486
24802
961166
265071
863672
487894
828753
996316
680315
837654
525631
1205
832102
337258
14339
128710
407704
561748
736491
203292
238813
504596
605639
282780
738237
134634
927184
945477
301569
62883
794639
376499
513292
916810
964207
661708
769332
633974
506796
66190
420664
23994
508096
523791
353333
714356
847412
645923
830908
671390
356808
251556
101886
624607
749181
752589
339704
573809
159425
65764
729528
556773
674882
285196
223279
545286
247115
876530
210174
510069
302239
295719
886167
545820
172155
891292
255961
38583
531266
299413
280348
345032
908849
129638
246238
222931
270772
838803
31971
612935
901508
596224
148014
801865
62716
37394
52264
780642
331905
724705
378637
914474
516023
60351
549891
268940
871214
121374
50250
299137
848240
170035
94729
465946
854265
317992
681465
560826
729836
411956
826893
90411
892871
386839
373219
936126
89070
788207
941322
394727
722223
199201
831209
65946
607990
803423
743608
673200
878188
536523
375664
521067
558425
739646
570078
235673
143330
526504
681093
628654
239435
481500
918525
789587
345697
323973
400392
477423
266551
722232
548315
448128
181518
593026
240508
10062
632279
910586
320866
16310
119668
292806
720345
355857
213857
716747
231401
345224
162581
121159
78381
813791
339471
433127
144137
222759
384037
242672
171879
758992
163302
111160
784627
145284
514057
630176
349444
636225
300311
196903
710353
974711
859272
684727
929122
648799
963873
261600
120271
458903
821632
781467
952367
863178
605564
312481
148226
736057
431721
612785
198095
905857
167737
425252
144475
72456
669864
588959
615652
387606
465110
197112
520932
247310
176640
238759
636558
978128
476631
63500
685644
421392
949045
148758
909310
84375
727688
157696
582223
537612
110466
932183
839210
632634
924978
328556
231815
257312
844614
664532
487202
152241
483558
398407
599401
778765
9688
659848
447671
689333
339300
747757
399716
339633
240184
617
987095
561798
916242
773625
59249
771320
818796
460709
811688
497789
597978
732815
841799
595865
396294
97924
336568
503233
135147
271795
37961
15386
665645
598615
179547
330675
806534
138065
890261
980803
266607
483558
374306
542688
895664
435420
454703
381986
476638
95886
555028
808896
931568
931680
183218
858693
920788
650591
685438
147483
305232
51888
16348
358237
230019
550241
507233
950691
53926
175616
302803
432120
562339
797414
61291
354934
33049
383659
275402
22545
269556
520298
432432
998423
950041
767670
430012
995940
614652
264182
309857
133293
228500
858353
889278
341465
663403
235748
235822
384941
949158
138065
507186
234426
262690
9392
475399
474223
756337
395512
321046
879584
525896
174521
325888
198566
172108
720087
79328
401783
538606
660806
121753
218137
62664
132268
553021
159162
384490
5454
43540
655878
264439
748866
292738
771552
128592
418278
539834
743721
489181
968236
770679
557719
510262
433212
2049
282772
644987
165388
64923
567227
566890
853043
79705
879230
876913
297368
592312
946654
524767
863987
409000
826765
254674
386707
858593
843549
300133
912894
700190
326910
715805
347190
179447
64994
649378
574767
490237
457387
217942
324877
428306
42776
969236
407379
53067
960014
834126
372355
906824
819075
312571
785665
63908
400703
588471
435669
11532
160790
861176
634073
964996
24210
301987
588721
971312
243167
460508
777604
101142
724368
277785
69073
198826
881473
218943
656129
296121
180347
839756
942450
25912
654212
3591
37972
420371
454153
427554
528785
403159
205725
126458
903636
970913
345453
14380
573511
88181
374299
942964
24170
182438
62190
303730
947433
104067
766584
428257
433395
289064
397744
821417
940636
12944
885063
773681
868457
897107
111108
78842
666578
267139
125764
77309
588088
866227
992938
430983
41636
903697
793971
113846
44913
746092
708513
882520
641624
55467
655072
31206
999214
592281
859604
534503
199119
453203
755044
740707
593967
45671
521120
724512
433503
28585
907002
663847
576610
744315
792074
463232
4783
499445
477082
319080
540650
423825
367160
913672
999540
859473
117870
346150
607498
983693
634312
125509
158353
551988
916255
162130
415058
256442
91227
545400
902967
188178
586385
73609
302362
940627
528482
516837
925191
708573
981283
77745
690394
101068
811681
585924
83650
806685
569250
297193
953340
132265
