371557
547375
684336
524285
551647
8388
231640
556591
32017
563932
544320
448672
39842
618066
439067
883567
142442
854323
976645
847471
149946
49381
583693
1188
826026
917672
839699
448958
195134
59750
71115
313268
940890
743625
68830
819994
405522
584807
172964
30470
220498
169590
730671
961953
446880
412048
38145
485696
1423
676326
707481
85204
559991
129247
534224
824116
590933
825748
225529
287223
281843
535979
118844
692284
713393
991087
477024
597006
30161
473505
25649
118435
237376
574991
472193
170959
680987
625779
973153
99072
670238
972580
139562
615875
637964
10615
868164
292342
693084
634709
890108
750983
697806
574705
819918
167291
105803
860503
429562
346427
839644
311237
941838
924081
959003
906881
244693
533193
580851
497440
54988
561340
480942
450290
756272
595209
129911
530173
237144
605055
50330
70994
359904
115642
744337
190228
461088
93487
755713
846604
729771
877595
673444
402507
539681
792923
348347
665322
753457
10768
154200
969043
850588
235731
159467
775031
463656
885276
840614
676525
449437
861277
957747
167412
994401
125879
922212
201518
814581
188101
759763
351729
131961
712907
903254
503187
305614
909737
662846
763958
65395
272126
8940
548629
326388
294465
403979
173269
52940
835253
573837
830213
668228
894760
889231
95944
52484
81273
793421
999507
156972
393414
837367
644384
181465
356239
734674
806814
760115
983586
841529
861759
854508
731941
484302
605387
398681
874822
651320
126924
905734
416326
115514
474332
442685
408367
47283
821110
127365
115953
514724
89397
248446
144167
320715
777380
28106
21132
580637
981043
787670
931854
249706
494047
785926
204548
230888
798428
600855
120447
196587
719240
798726
890785
417281
681545
629189
37793
664
780774
155389
6554
725982
536040
514245
558848
252407
388867
239074
907175
993095
675569
285349
335477
93558
258877
432297
624730
842011
562126
290978
921912
795097
526336
667268
586748
84066
226177
204242
438778
458706
86527
323550
229231
715264
827739
429185
231982
833339
65605
826646
235678
361352
74052
497818
646116
608595
877238
399853
43953
803859
616314
639378
55896
511656
859676
249185
108401
821525
254276
928858
297977
221955
982470
487667
789998
798509
896516
167115
102482
281933
987800
813533
604517
937331
657688
728561
702982
423734
949552
202365
679773
220706
739024
892412
79978
200144
499347
598542
3627
969883
572057
629626
410749
702507
566624
146461
578703
896208
791441
184285
392107
140644
344492
598458
900919
119601
171314
639291
846683
619475
806222
50348
206436
683475
721424
794238
46756
374290
477477
572396
606386
864038
782820
639477
494519
115414
319439
307849
817683
483346
810223
585844
653548
180458
303039
874047
11574
160773
160938
354625
665152
401261
245750
742354
244840
389582
795570
624737
244502
813260
369593
732682
805021
299181
396634
944578
719889
504510
368844
883702
861351
876855
207551
460416
367445
76619
337376
678308
976190
843097
567047
226637
155403
452089
289351
711894
202333
414581
461711
989243
556345
200765
567463
665248
868556
206408
327213
162819
388340
740234
569243
233624
599133
789030
539311
901924
60420
903250
1037
164878
946480
481895
512814
400160
25156
709412
74677
642149
441707
860688
741470
388885
710503
359892
423208
209104
292935
350333
439204
56810
543537
911163
634962
675900
573241
641051
466111
238493
466420
312283
644791
58718
448907
538167
120649
599934
36221
446105
108293
100777
719015
919833
90503
457989
607884
449983
294898
945952
479269
25820
58655
10063
519075
177800
232405
107689
451605
63377
185002
523656
593290
419574
503374
129739
370826
637398
650736
444481
294697
263401
965698
435907
577728
716755
275616
507342
362992
834456
995506
229598
50601
624461
943723
217628
694601
308902
533707
125373
410462
374750
812699
487320
565310
261253
867767
475178
560380
957151
562145
342263
271417
421329
439658
420752
974084
387867
426589
323005
141845
288883
952588
362971
513308
992867
335253
59097
627383
406585
863453
450596
859914
952298
504370
787292
256399
106915
759365
744724
552515
176480
805749
543508
643336
669159
348116
21755
653911
144391
943162
574897
391309
395073
660335
354361
475080
98396
584810
836456
477083
34889
919589
565602
412622
531117
932689
791499
189515
587256
534084
197088
552346
184502
306044
664647
564438
650864
916902
823738
959405
106878
67619
585175
523435
665938
756089
446905
179104
903268
363774
207232
927655
959238
398624
919520
936591
847671
538545
605100
162260
164693
889442
353536
114105
936021
323486
766620
974064
789064
888591
896651
551754
457851
253210
9471
807333
637686
280923
880496
100535
705989
18898
533753
797621
185113
70427
375883
861084
64812
218711
995678
161862
931279
829288
881610
216604
219663
658961
544554
112593
753331
228937
974084
936100
316424
331817
293870
962896
681260
634148
308050
58185
532298
130504
556593
128627
34061
893493
706746
152753
901142
889921
60456
175916
472990
213651
331806
35297
102119
811639
669608
506819
45374
827397
55446
835837
201205
816747
136433
780275
750917
527395
159395
321810
462446
356553
573099
536874
249118
294675
551090
635399
598766
331930
305376
974581
585163
841255
982313
51256
203954
152256
167142
808610
432997
929937
684994
582325
302347
833384
172363
83192
780876
380134
376174
405343
335005
510388
227747
898533
362846
998541
204361
857098
972136
129132
780836
247073
455420
191146
271759
452820
465411
442708
303442
394962
457711
130877
266596
395088
795560
139684
280711
203118
823707
243506
996190
241153
722626
995919
815613
90957
607680
915732
20161
484328
321739
675484
833137
112492
61113
204212
99852
309115
776456
537231
264287
414185
708318
186115
211315
812906
835807
671664
271418
437951
906029
861596
121540
949139
965593
966958
292993
980937
314487
358371
961348
283329
258388
593494
555048
606671
885875
366278
916944
307354
867397
247743
97298
511006
948722
554326
932832
582205
910609
208654
987320
67309
399367
948763
467018
639003
535747
87209
130666
429121
521604
568302
278756
686209
550096
941076
482669
20307
720670
598626
729231
774910
299096
792947
165879
791933
384786
710521
934962
330921
714559
658432
202478
74486
659207
382888
929597
475648
960490
505137
993467
818372
753963
31342
936762
374255
781764
982183
877037
906910
651998
69465
445256
899566
496919
729668
770620
453067
439608
558236
700420
879317
334629
334000
814515
285444
994179
449144
956151
719857
795472
365915
188947
342382
508095
797254
311737
699238
484003
136458
545984
911577
689849
905188
100805
450195
81642
480714
661391
591559
252061
648375
89255
329940
389460
976265
395178
129342
304860
711515
157670
676698
520124
426664
835633
907157
822480
696149
841732
501280
403919
127866
441730
529338
88502
744039
613834
746058
735984
495219
151715
480333
467450
774193
127478
535168
553717
966016
882401
886980
101263
243705
146317
41377
509260
711551
134121
518613
880010
501848
78688
775903
442158
396618
646514
662260
351424
364339
559566
668250
723119
944395
858379
568203
717938
521985
369958
415699
891783
551566
612229
760526
470670
242037
795801
837181
506271
592712
971619
724628
944395
383876
208348
630712
272577
816821
828969
80687
748328
568499
612319
102276
658006
75527
590000
573095
790893
584859
277891
21766
993343
72377
943382
517539
759363
746820
40150
951804
579872
975190
72198
615748
925657
483032
715276
853741
49592
996853
346415
777725
394357
385491
514154
173746
821832
957796
292373
677944
412444
107434
130062
902158
19607
209382
746394
6617
893562
630041
217519
732070
375188
71397
610125
831620
444077
186866
909753
176446
607481
627208
187455
328105
293789
116299
36138
676757
639975
624872
629667
471393
40707
546259
773576
788760
757793
243306
427345
328787
951593
905111
473371
784470
511288
81053
640149
462256
810466
369519
365385
865139
194389
780304
543698
289636
413331
706792
187629
648436
822028
375251
467042
370126
293118
233
86885
110423
692119
624513
801307
687234
980519
29440
832065
731662
775942
695492
205766
881420
895192
700391
741240
474515
92658
362613
321448
675830
819918
841732
977970
853196
419913
771378
286447
821289
321106
13831
847381
882989
3681
88712
909693
141292
637513
860251
396682
308703
302610
601810
71582
311549
451486
641498
30033
801989
793492
557785
481439
92905
149506
211401
405054
794461
397405
995043
367900
305365
549212
699001
423914
896613
225588
74846
605837
675488
185258
347962
642900
910570
600451
791441
582572
449690
753839
169256
953666
316451
875339
577845
771836
672843
426666
282118
209173
563058
395327
981065
388880
739370
887247
555989
768419
899344
629811
909449
66531
936203
663648
352120
509917
494391
6137
215189
29151
286456
490478
904278
873665
286635
702883
901142
639933
479650
563562
184029
109365
125776
233445
51572
232722
257641
315183
204782
870638
895891
779467
15051
35715
767321
712744
767183
275806
551167
753783
384640
759009
971874
780689
384553
836132
630238
268230
132937
422111
914503
679822
133583
419027
93179
979502
363376
956632
276884
186782
140850
420559
802348
506988
567209
394489
236015
496713
153279
38715
405995
223513
945449
447993
603169
76128
566935
528100
471929
126607
493047
278126
123731
952051
536507
377279
576421
17258
423907
527550
709075
796708
620155
594215
982612
348487
359890
909948
233548
496309
483362
47721
305838
183102
819532
90681
609525
572609
968923
758412
549457
112295
553253
816592
391694
775731
501391
710182
278316
986066
930039
853319
729518
554980
597016
197616
67881
724381
261598
22193
391942
572614
958466
520112
382153
459953
546481
55306
432239
346869
18554
366268
338864
41646
729025
448452
302710
607740
647675
613782
236583
559237
816466
149896
461628
226005
638043
210925
557456
51636
481695
223413
291058
545984
305040
457737
190019
516588
231568
566836
852792
964029
640612
258878
292599
966569
575345
279225
32394
842383
869357
439735
824797
554039
851185
913994
875908
891530
534977
206686
98781
3689
768101
131036
771064
850290
771284
44426
27196
409676
100983
145792
611034
906948
776926
937774
520696
431999
266970
169496
914058
566014
509602
69037
649666
792044
389194
134993
816744
294312
908968
91652
856592
353813
446049
962903
220832
352360
756368
833235
262010
405524
582824
963092
114934
871012
263493
333058
303512
658716
346747
34635
699523
187982
231461
966802
597016
775099
95416
726544
460074
452144
278031
465762
349757
432291
528257
864020
101731
426827
951908
628196
135379
451928
527851
57928
903597
486485
915843
985054
939036
454678
775903
390527
918209
166906
252657
455788
723173
397596
284543
530918
708543
834556
669884
897138
494831
846204
122123
917354
663525
409748
911275
329062
634233
502143
848972
242534
843252
174096
474495
543013
145129
518255
715441
394285
425981
147203
853026
238473
669679
85536
522661
242534
988653
863787
84768
706337
462329
730060
824515
909099
274906
188761
440489
539462
609504
154416
332096
689812
778360
455877
957379
237532
519330
942552
494560
666515
472887
50850
893033
652296
970936
757501
422627
284849
525086
595922
756553
512751
825443
527389
586023
706205
647129
408423
819974
505642
58464
758342
520567
707547
937994
579411
506297
716373
252150
911398
940395
881939
424691
683629
532053
490576
363634
679725
154140
857744
544013
108304
347028
21723
718536
897980
892858
998765
527264
108027
713887
893418
528222
315961
450430
867053
623606
546600
599139
312429
102609
720889
719008
654577
746677
9192
787535
669987
806478
647304
830348
775978
798287
889442
884173
711172
381769
4810
163487
470555
744986
684255
530160
940593
78379
822273
274593
716501
206686
177107
718909
52504
883132
247416
45396
805153
367875
130375
771882
622480
523936
817177
823804
123350
613802
888554
351974
528975
331620
888074
374565
220272
386113
374410
593552
986356
74250
415612
846384
58991
134232
418317
142652
838722
616964
349982
270538
360069
145930
203953
895883
876596
384014
623712
429433
982448
432120
368649
758979
47535
885100
86410
129690
460198
914930
41510
653216
977097
427372
452947
614316
18577
807313
706387
345806
703982
808592
52802
73686
679243
239720
356239
447114
647444
806222
772628
489049
397422
632082
790873
526873
41355
872252
618946
355850
287867
491726
236046
287557
117079
607858
616115
675341
878778
165419
369843
804834
355901
11185
670482
31872
189850
685759
900726
138361
33573
100311
15101
717830
734017
183108
514242
395314
961673
352915
908958
786945
861996
177167
86038
962402
987660
147838
352115
349579
97949
823489
893168
712685
342004
981775
244276
449404
545773
502256
53426
997549
42989
264177
818645
431005
787506
779623
707969
11802
744039
265555
753510
827739
667153
361495
783048
552267
576155
347050
187850
944951
171914
26917
736424
700563
721796
568422
249039
378464
516119
342559
970060
649795
351319
855309
922578
409638
984770
506854
599112
364138
536723
593513
595306
14218
971998
596599
821677
267782
648335
301894
454867
499768
702978
641778
568654
40579
637328
196649
510522
364085
541929
504303
19414
294317
581791
430541
907151
924871
501201
879685
863113
748442
36250
43268
328497
843437
48570
772629
516464
982509
666983
510818
608779
485490
798407
930748
415362
144091
974365
674837
687333
191043
98873
690502
328896
308694
77369
897959
875457
978086
687001
592280
487603
782433
492549
358071
75332
108378
971908
19216
263998
290008
606604
55080
626816
427226
571737
430332
323757
628463
427011
581770
955480
970016
30364
850242
689624
912723
539019
855474
313272
809159
685779
673172
581136
545582
591640
109837
658049
285311
238114
552330
582064
335450
94761
464454
194465
853334
78304
237514
540804
399064
622577
415292
430171
320204
320235
903134
269223
903210
163574
683412
88739
831239
391848
804463
902894
41272
700404
951613
148
896103
813204
686976
377414
980807
307629
156093
561
457965
82370
935473
408789
218168
732997
318237
364823
815658
934200
762988
322653
264668
630497
143556
267526
544542
640130
782623
761283
98353
127948
900205
484593
335889
424703
643454
131601
245699
765766
156742
562818
362332
355395
734122
261101
577730
524782
559435
843515
737828
704768
601673
435366
933942
5304
344805
433562
343703
893593
719866
363982
678174
650379
296021
139939
338026
109661
759283
35429
810439
408935
820706
656181
129719
11767
178577
883207
805223
324393
286461
107899
911358
518340
394022
86959
856763
255499
165656
335461
668393
498414
624944
219450
459787
647839
909862
539002
657132
201293
624443
542738
676130
565695
616674
366345
963643
989639
401232
937319
811544
660852
44131
537623
8154
603353
650864
669441
70198
100955
148399
582564
350529
923829
425714
476965
503334
133270
124626
658516
148953
136648
102707
510464
721268
367508
214734
806231
476991
34980
884424
681781
392390
659575
960167
980276
653576
546415
427054
469422
374042
68664
484743
360483
752959
79226
693826
533207
773750
603076
628450
364903
527068
690086
867596
852666
252145
132198
554031
120552
318156
456139
901389
386341
875148
88995
54781
992470
416092
724159
375225
705306
27392
67548
627029
757211
807300
355568
344810
599137
429322
9022
850819
966148
908121
193323
137569
525823
512891
505284
311234
629892
231455
482728
488013
202798
718833
304016
345326
354181
777487
598908
176926
112347
983755
387806
349850
302462
395756
858537
941277
462610
841287
349285
855512
952270
835155
895282
528314
598892
710783
267716
668372
239875
832776
234025
133813
467650
316584
699339
828746
302101
214520
581036
354991
709013
559035
225019
301032
715786
979475
874047
985770
224903
59203
789803
548431
474014
675882
96574
847617
808398
149734
888711
410992
795088
778591
441560
521280
162990
837320
37135
750916
202828
187159
693573
250163
290672
452296
174077
624130
953090
710983
25760
986185
914869
419343
669956
716709
586162
327522
252641
911302
810426
888479
472011
680340
638488
600477
351114
894840
476806
505773
626943
59667
391025
10732
385724
232377
915726
664689
596292
161190
425796
327922
41379
435521
675536
922535
882665
35309
35090
648014
224892
296266
636339
433013
552305
610417
610611
537676
764840
633638
912064
973665
389460
524115
218035
620460
549053
358763
25198
532441
966994
218638
376178
645166
284522
353265
2944
249433
453762
115220
716411
714010
4628
453560
259225
199200
146632
749404
54809
717763
798660
943562
438166
535583
854645
17530
183751
571439
332331
996822
37848
500853
467322
154688
381756
544851
922564
519690
185386
847854
274095
922159
167901
348166
852703
77971
779302
509380
682337
83626
475442
784127
458196
63408
920004
363815
95070
165981
584807
641073
882658
597841
868817
849063
826606
903316
909296
491789
281840
377846
250178
682153
908923
582952
987122
237135
801278
630999
820349
617800
607280
689109
161776
421612
210430
270853
906959
581273
944109
794935
436656
3381
464648
358809
138361
643300
548924
101507
843778
163418
435043
984174
34804
448237
959905
531628
967104
638020
744635
267295
519945
98865
158977
735351
425898
468982
736532
819872
391961
68338
243870
376068
274280
562991
303567
903181
904433
962334
32665
241541
375647
793375
160979
350967
836146
648872
327081
308403
242086
643089
944592
46225
2708
625326
90308
11625
24626
515216
950020
675338
318575
544170
35141
233754
610783
349452
285660
22037
513473
398966
147496
796500
457231
815515
525794
518009
367343
632473
225596
549863
403190
75254
691555
966149
460341
967510
899507
987812
307376
259335
663143
67881
80586
597661
640300
995699
806999
746313
399230
262325
840440
838871
18097
217961
345848
148130
16070
397108
364861
373598
936957
741971
712811
1377
229486
593178
179251
676985
583620
485696
742501
609735
670398
880245
265897
914810
698564
784741
480930
220969
224003
817051
666439
88969
144368
666829
6303
578956
72276
927119
90171
191147
714566
379624
611685
171595
907502
230158
772459
701367
53051
963530
858547
745039
771191
569128
533294
376045
813384
730881
141935
759638
339287
936525
602627
856611
569667
433945
232541
935324
428830
287154
235776
39397
925739
755135
455967
712412
211055
355496
383694
285918
530979
723974
619893
422020
396682
26349
538642
834787
913996
525507
293689
205573
991506
868060
553135
553990
545097
967242
898683
566602
99130
866161
426714
652886
112493
321933
757095
691520
221045
839487
393414
479637
426822
382297
689015
602315
49801
275651
134014
833091
744633
217369
170472
565651
451139
480158
639241
498577
6115
401592
833724
530934
758525
112967
514401
980013
745944
404607
755697
623498
360253
476434
33008
971638
823185
818088
152710
798063
392788
675058
540349
362187
100240
618946
855187
179744
69027
343067
236354
519472
727693
278125
550958
232066
91578
765712
974948
248882
201785
803985
739281
5018
187007
896777
449238
370542
742725
475680
86507
875819
560512
211498
984237
922102
215318
704335
922758
772516
826536
924278
4943
320767
906844
855579
406437
839917
154759
404261
525768
894070
499346
701681
524864
71961
761729
46809
945451
958908
990071
800180
572395
145720
259545
671980
416734
357565
282758
330440
623537
217369
403824
348575
148367
661769
706682
221383
709567
326569
206686
293699
821968
926243
661777
225836
278236
232338
2555
337940
347927
968487
982234
582267
180720
29217
32355
757501
136858
194404
981090
154589
714477
714783
923475
627795
734724
429789
598244
622841
683479
944664
231294
803215
341130
574776
746224
603102
805866
862199
547918
630648
330279
284745
456422
349691
476878
93532
816540
798221
411295
785591
937670
444708
560178
532360
852725
185200
792554
921446
703473
991671
457799
583443
697546
905304
136611
19469
722532
502456
201327
807035
245839
384160
568265
766182
673505
996977
898763
96255
479890
217170
819974
570629
787574
240966
311434
241061
676091
752853
186595
377097
725081
268258
82089
246949
863421
560972
564835
999675
778670
653771
54705
884368
201838
554150
167901
789879
445599
47520
670752
271146
96760
371551
447068
981902
438953
849558
640160
967707
127998
923086
328506
880766
503059
143888
932001
87041
653121
576582
409313
785914
918354
143051
323186
209966
167733
563179
697534
358643
721230
996190
793260
853260
217764
459740
765773
865209
574888
885267
637992
174987
692854
449807
538151
937674
527780
39818
327782
787394
754823
604850
812360
749745
235055
585907
340527
986906
140554
39530
927711
449473
940620
430360
980637
281076
199076
818529
316412
787514
47850
645089
230978
299223
865947
876626
544599
125046
470796
396548
843674
839817
896148
315013
230827
58137
522522
155721
424359
754634
83390
529599
777380
356620
61939
352029
911025
97026
179838
789185
78178
127479
920552
175615
481032
625868
568220
903204
124313
224811
518561
919872
305187
441600
673432
897763
626450
344225
115759
450640
904465
620777
874246
318690
21132
418946
952365
409974
86784
380747
66168
763938
945565
949511
396618
7352
297052
783098
488014
702903
872303
692586
719791
678224
56903
278623
635932
926582
861638
446444
294151
890026
940961
594411
78289
800334
184356
518387
528914
139944
393010
208234
547457
774000
664240
536311
383354
430651
441139
96424
899981
873042
860393
175961
922531
841360
487431
574452
826637
457848
392402
364240
642738
401100
473780
767855
401966
687251
206340
927875
156984
675587
154277
132305
237579
664265
119008
846606
760435
231490
171165
441905
501899
732978
35859
426760
696706
789377
338289
717660
468951
128906
966093
32313
474593
802638
295332
969203
885350
707179
242860
671592
771284
16250
820311
916072
209243
967978
366593
512510
198629
595330
272862
677345
743743
317944
438580
948692
597083
391139
19701
625729
61324
872131
834766
679769
10440
994754
644347
281045
948026
842403
298730
722137
424703
784251
689063
214617
594320
69795
151583
131698
429054
300675
809866
191371
860923
254508
841239
301498
504336
353244
720539
950849
723270
452912
294151
74981
666138
862775
623679
932447
989655
661857
755293
896061
39712
941830
769469
596426
427168
501254
933698
340833
980706
184868
598946
164194
831504
149803
658611
478954
977530
161951
180563
416950
731539
879081
86862
813981
873060
89295
255856
78024
42659
948937
412453
508283
738196
927686
469789
235891
29371
98757
20117
856554
749709
906517
28590
232729
998389
184041
119673
690492
839880
213346
375994
469799
9840
444401
324402
742798
974433
651251
331727
371069
165426
256068
490942
399533
804374
265116
292478
656091
599106
996763
275737
241452
160792
889197
551101
361947
136289
201408
561584
544170
157164
952432
849971
778331
731749
846885
176926
827351
271978
593706
359299
662889
618318
795976
899862
208372
424111
765313
946951
48214
296950
358446
498569
711775
547165
193550
425500
376238
555109
889865
132422
952051
588980
541955
102651
978240
603396
236668
709680
439857
611313
610499
916117
899920
445275
613409
272400
793089
38712
278378
33692
546301
866526
187570
422952
243424
143497
515118
20667
319225
893683
963226
633847
737212
120492
293702
59622
260340
905957
156401
249838
204780
39838
96468
72823
570470
495961
210901
982996
434654
311530
951585
317598
196966
888883
80538
418434
435872
560247
729108
894846
217853
931305
835540
727543
801354
132791
567523
359945
327208
787574
250581
608955
547593
667182
242643
802419
375588
382907
426671
811046
457662
460618
770354
822685
583139
259078
179966
528574
980754
833750
739241
789471
297712
803916
616115
87429
955990
858656
880351
717374
776466
575512
890495
1674
550987
956322
595845
667833
308582
562003
324616
565424
823841
730372
647492
505081
869255
490079
14390
722029
568735
731585
956767
848165
21506
740566
557920
380739
211383
242249
22328
103834
491043
764855
283275
635121
846260
676258
58830
391456
391392
606304
801642
68633
25164
437328
694841
810126
167908
303923
165568
157673
940544
7867
550896
150336
148830
75641
19414
147109
261093
699136
444328
522857
816481
910781
974084
258056
648130
773371
531868
216873
522881
233516
142790
657753
202279
556231
825572
620081
730107
798678
960939
911346
285681
848774
30745
858768
877683
814711
704948
957384
585883
726575
988972
168053
305493
293829
310105
823884
897241
821447
869054
568828
302212
568629
24512
740841
605947
833293
239411
691975
601755
616488
212329
189526
232949
735163
106437
564165
104484
950690
412412
291024
694932
197494
77204
368802
59097
331117
521725
335671
145577
518300
367443
385435
563872
783927
4057
956294
942012
953827
765117
526740
838954
444735
242452
373389
514357
43824
753885
808277
564487
945475
702471
993193
292550
776829
278756
260326
438064
362678
461937
202559
533914
114374
120537
325525
600362
20391
149765
409309
805299
518090
136467
557150
755135
783768
112220
200401
321615
409687
279469
395564
886602
92612
435643
777446
945550
40069
945954
964391
705
971021
862059
815845
756099
538249
804618
825809
957214
630730
541715
488709
742494
198816
912296
602686
717878
532202
136324
997321
689851
930925
642970
606716
628066
723340
213604
54127
85646
135825
175539
126357
358488
687935
132939
889737
55944
589918
196234
764927
459115
631299
394853
173154
739126
703394
279322
89316
773259
241782
799370
529040
671527
531428
240401
618821
218038
457501
180052
741323
994601
687549
353289
768668
635344
143625
131958
152988
394399
330678
921888
679348
150010
727046
220904
342250
267577
686652
783577
566225
230509
208721
339326
652912
272671
255936
775099
494826
352049
66608
92507
944854
80542
67319
926570
337256
552441
548148
342031
652171
625377
470739
635593
432972
339313
452969
892522
758066
210695
488702
666085
389834
746060
993372
832023
916206
709355
910499
319562
814910
720744
147157
246032
156094
651629
880313
179933
679800
624446
18037
349691
370891
549847
491352
358832
937102
722022
612177
596487
323476
32331
891141
761623
769469
591323
726832
528390
701553
403911
838855
934702
185045
317713
761746
44113
316335
227672
872629
140568
222447
173662
863838
48430
906257
953985
235604
934500
66542
794075
941149
1008
644231
936707
345925
157160
612499
334977
27186
829738
546263
533216
296344
689209
956243
893044
120602
270844
139430
710068
734170
66276
903930
87543
223778
929133
745408
827313
223747
805591
462510
968459
288359
588249
491729
394864
672542
735154
415965
818993
245101
118208
147939
579506
314333
735844
147672
446314
304532
558062
729876
355915
994025
714332
381919
821576
650249
155578
26813
684164
119439
606527
833993
621162
378906
607842
179339
270699
727545
127805
204169
551555
821449
104370
940868
624768
492552
984883
941168
952842
736355
166210
401380
449256
524782
973033
267644
104824
122037
419426
994933
409136
232515
167121
459509
803632
228874
71218
665137
693757
663784
65902
470360
271898
383357
617841
573301
479992
729138
224368
840257
158945
905113
865209
377758
992312
574321
893267
923264
420061
525722
509368
698319
285602
180594
708116
74807
568302
991040
235095
622250
858601
352131
644868
406392
730846
330915
628705
112398
173154
298017
223462
85639
327181
51095
271095
475684
617728
937541
939795
463219
24919
191887
461483
416730
926828
293179
69795
12368
415415
29793
114756
150169
380286
628957
907915
818198
204112
545433
404988
650931
362490
356421
223142
496846
53959
711672
747345
155674
982743
603659
399230
313546
905285
402422
522075
661056
240691
135701
422012
691380
418122
752037
119060
619089
149738
627495
640787
416285
95624
244268
505775
745090
179877
770178
50290
149160
47242
999859
141007
577584
943160
684400
523145
459431
283878
242037
486993
759050
595669
190732
439066
835995
674515
613705
602114
360458
348473
999164
613075
70377
626622
399382
298844
305929
895216
910120
173684
401312
825197
731629
520611
246128
803526
988050
124714
426799
421608
525163
532198
547727
679529
384905
308298
998278
943482
604461
317512
790585
972600
712529
716386
323111
98426
90955
909082
240034
789892
307659
151720
671503
551701
174322
321367
65488
617202
185981
642036
605011
93605
944100
646278
438778
355527
484649
425989
994552
339390
828269
328925
901088
782984
14929
40033
805522
868209
855369
76479
748795
646897
398607
732949
389582
521424
742425
72930
790138
518496
14060
84945
106648
259965
117783
594727
364786
430864
251234
318434
47348
361383
363975
182626
56363
567905
884913
139538
536125
37453
107587
341948
773707
773521
309562
311856
139738
716157
614261
89316
942817
826233
830563
815821
8687
322641
702927
457737
59565
713028
790677
389348
129310
825118
459248
186146
861343
278991
667286
396619
755521
359961
186795
510469
208499
245393
973878
178279
806672
436026
219866
220268
118598
82299
66229
459391
631412
325387
91268
737680
119704
463897
686504
598227
517892
627349
70481
218556
100629
598784
376283
774544
893673
176531
789067
342191
76994
157307
505944
841227
367802
48611
285403
366069
737025
367560
715912
679261
216341
597219
224089
280125
846246
24604
223472
366964
712554
495376
912574
977097
512920
772512
869577
420588
968566
343123
191885
318474
119834
358269
77690
835273
358165
393899
366376
108492
365154
863125
240095
384921
497760
106321
281350
175089
372806
750152
461440
779911
564553
281701
968870
296621
474542
380785
71133
746863
799303
774094
619205
261902
375843
62317
598579
562739
576923
47425
814832
320608
865110
247416
726846
277078
137539
185112
825166
863425
868425
667744
581703
527773
534185
434674
641190
696386
793768
831066
351084
342015
670040
100844
706991
316736
429792
629466
457989
774176
414491
9469
131565
130628
282253
176896
324433
767688
704379
850877
22722
718063
799195
363220
470101
132960
249886
120616
18590
512467
128065
831504
44243
986056
473687
551704
709256
334272
306848
777479
292623
888936
59472
476878
1391
130573
460302
839298
120261
695904
212660
82744
577936
294040
160248
977858
964254
695039
828698
534485
247046
170472
945367
119220
315215
547306
671527
628443
419353
535709
342581
397274
414185
580472
767930
579808
28158
688587
949635
753479
143255
182121
625747
680236
869491
594073
200146
185932
937067
702337
28345
18199
181202
49901
30804
146100
563977
111855
937863
208293
89822
845958
544423
706102
840681
562059
710311
377846
235179
712981
784620
421790
841433
539548
868859
385444
123304
473933
308627
590549
405706
298730
874822
585175
171431
524148
491084
510447
77477
288530
233091
829121
954128
283272
558398
871510
459366
8144
827879
529707
373411
988267
181016
247089
409641
46860
886855
164200
402799
710089
172530
190984
359108
629217
775843
150854
587278
344188
4646
522201
167357
854147
389155
556001
969806
725982
967126
995089
117456
539503
573241
291800
20740
67820
507297
25318
581387
519075
722619
579434
863014
627986
247654
842334
142027
426897
519285
858485
510995
770620
762162
695493
241695
819248
95290
668484
149547
183287
558411
742713
533138
733050
291185
961021
67783
783927
881939
98386
431966
66865
2944
130072
605165
293251
778671
106153
192989
212860
294620
108825
213923
840040
368996
784781
63178
721650
681865
88920
202923
860300
88823
201955
289544
120983
69767
557080
935456
149743
341233
695039
177549
323217
357634
983398
368727
383237
33901
88802
177763
791176
956424
952905
143426
663583
107378
246235
508588
155460
189939
554885
149493
585861
321610
950526
783583
490841
617772
229523
685828
4297
790499
260499
879931
576139
343678
596989
653942
94987
692747
613654
839586
75240
640717
234196
237660
136034
391371
911171
606246
856209
213191
969811
859589
633613
470512
780275
135373
647266
765139
110774
682083
932610
461853
728666
913343
496550
179746
779293
560673
925729
994028
184002
225861
806672
329358
651121
323771
44561
249258
772912
580474
149605
395671
974484
45279
853422
179458
527851
303173
244476
775437
826280
811687
275938
246752
188944
133480
956206
17674
630533
252606
976586
616809
636467
946575
499381
32201
390393
931812
58173
534772
979445
917747
526009
107840
422667
762739
340551
883077
572347
594990
639177
636940
667478
954721
617318
188953
462696
125499
163571
156670
502787
44693
543383
624034
448206
858379
759438
566433
674785
917935
757106
850348
462783
841350
709483
880466
269597
703708
717484
469913
210118
621442
635664
805765
651723
520299
963921
414226
120411
158057
956726
579673
123804
504905
938081
413612
441666
359157
430198
76505
635089
394233
224473
607952
671587
423188
459077
653576
493437
649873
665248
845337
150365
675739
6276
306200
907879
381769
926959
896692
711576
369042
800837
666623
335534
374602
828741
327582
259222
79047
528146
972298
230518
433518
631673
294995
896501
968473
381435
388646
824900
64387
62445
775577
432009
685235
555170
912545
417503
897677
582861
759351
610938
87837
373989
590704
269573
617518
695873
553821
733471
647894
448484
766585
480060
263382
393215
272484
468585
712348
308565
963765
79969
10800
660134
921184
733935
132534
598167
726303
241974
231375
812869
867217
785245
947852
221402
247881
903134
823308
591932
585363
483922
28083
938180
263631
271146
889381
2832
175201
51897
364807
905496
8950
850242
761121
185478
34749
383138
985616
32840
726210
373085
718240
375863
9626
614015
685409
575443
99229
654498
501612
243002
497092
995127
30808
462141
737505
864592
888130
500576
357416
853165
918113
862558
223321
61467
918765
599534
114540
324821
937722
264436
708310
975579
420566
180538
955116
109096
553178
690666
288952
670502
914961
55546
434333
390382
596464
269386
62368
909970
565382
363149
683885
225859
644467
103836
222058
52934
135901
71853
123528
612288
962290
190858
12430
321145
372806
611547
89421
604275
910067
573523
269383
98177
405034
411289
923282
889160
770728
592910
502397
882493
459058
256145
615304
151346
110269
614558
415849
317559
848539
705208
65206
54067
219030
61229
422400
179221
59006
739245
325
79365
877913
208364
257775
625946
311671
709680
945159
224331
981736
719594
128199
182073
804334
918339
749347
580810
21363
58573
75350
744524
544523
507225
49343
509144
275938
701561
104809
511801
741296
42152
675051
619496
796741
888271
539867
468161
918158
299888
857305
906609
21646
337223
913006
795925
272733
92509
350617
659430
485219
879319
929283
503001
516966
710836
164862
672893
45140
19971
450770
274549
278060
975493
985833
136410
868347
911399
173907
744236
173785
165475
79642
258488
131850
817288
203137
404307
390606
430360
536891
936120
126943
888901
395618
462202
894240
21187
181818
549456
171255
874212
478972
115167
813667
508794
258882
522163
694621
331543
907875
530459
934615
989767
707824
681006
747195
484891
738543
255610
423838
273849
860766
446906
541741
22563
590801
423969
932282
972283
28218
102534
158810
155456
962953
583990
533184
730314
441328
350769
220715
79173
876326
780591
128075
395232
334210
214472
79331
671859
460225
938701
609698
648557
526787
662325
599075
113373
797206
434054
572614
883838
47195
374042
327633
261559
236384
709516
363323
417233
109577
603752
946304
902140
243040
492453
757741
855523
22742
389838
431877
900338
643294
914482
897012
111516
325754
613971
728410
663044
983207
234167
452912
242030
622686
603752
34362
44771
564919
457967
359045
430220
440072
215630
40069
697614
57281
721353
476643
153695
141728
457111
389944
95030
870592
746719
865928
958852
790853
763974
144476
871266
23453
400263
4533
75381
122827
427566
128864
410546
438221
42411
188027
409006
192122
658376
949198
643315
120456
632354
923706
898635
331950
670933
51052
504764
418277
853652
621738
419815
92658
551968
561040
939855
844232
138680
257889
665318
161810
863116
780184
724466
745947
770932
798716
397395
676231
802019
807509
288209
393686
197724
80687
301274
281339
671485
862707
25165
783934
704421
75855
111116
445059
843701
17334
836535
813274
913564
398500
19348
278643
709267
37092
811610
527823
395893
300130
482785
206729
799923
996442
591320
166889
821884
625933
673076
714123
913062
173244
491605
797625
610423
890538
234962
966026
207372
592978
636142
590091
466665
651471
925227
203625
510836
71950
161428
171373
404265
762204
835706
452548
331326
535585
816804
118999
585620
572592
727731
560957
739960
899888
159110
961797
100590
589815
312083
239443
148524
590000
759765
787201
104192
154759
580655
604478
204928
200809
412537
957466
634904
169039
209532
262609
76209
584829
359439
800407
989777
57906
968035
725249
433448
103321
719988
197637
643282
493971
279187
231369
156545
40290
304690
926960
995966
993570
877424
448593
535056
68102
510490
967639
264186
625195
362170
946875
800340
148461
379536
411141
47
638055
36628
429562
90711
150180
47442
977268
619128
558062
747536
263295
759009
677683
138052
80076
552669
709830
880954
593427
776411
926710
151812
910097
331958
133216
365060
749857
676776
883460
538941
892250
671980
57356
637625
559835
168167
624546
683967
964043
305429
283388
426067
832741
53785
732094
215982
731662
576317
221169
295338
38421
674355
326098
603779
119003
677982
45689
162028
640950
825572
477251
699664
914069
456886
224598
844490
623110
962405
162481
468158
569625
115804
242030
119932
458125
780250
185236
856707
218632
935287
150046
361347
264869
789506
771555
482821
767730
187571
469761
600708
742237
370263
473251
911771
887778
37346
847935
249028
50370
630587
899036
244846
555193
107475
200814
417813
379014
327288
663515
36468
486293
658632
292948
120948
329538
160911
797146
18171
341697
763194
444240
151472
580262
777773
783552
969853
658641
796848
984174
341229
841419
210347
451099
994905
290935
281843
517278
382302
10804
721716
431511
808341
481485
177029
168912
463054
158810
150247
10674
479338
717498
597651
449337
742052
772262
681476
105688
469789
561199
737564
668928
831163
453802
910284
578803
342444
461093
614250
62714
623659
552330
327350
820443
40061
710958
243779
211270
760166
221591
220471
115293
755783
927711
886980
679859
838293
636107
171101
624568
67138
256774
254385
127998
289742
414874
870786
374793
97093
661474
460074
483901
874942
713460
782238
487036
339390
551542
441707
30418
413851
785731
125650
934087
112920
869758
183453
197647
793842
865418
747683
327256
349749
627598
383761
184205
695512
378317
865432
165410
63822
365058
107840
293984
127618
607972
970319
267365
373872
65606
896581
320647
392619
189357
895683
947070
688861
422628
299017
203745
121597
220243
59257
756553
456126
742915
943805
233754
923337
990582
874921
283229
428550
730283
962114
361224
993555
337013
384096
330777
94091
611100
834468
72273
734032
124712
608527
743757
786172
75258
669558
434188
243671
536653
395391
749883
788503
472420
558192
217611
873084
409268
849823
408327
902101
231969
781223
205126
603759
527048
582556
870884
455189
500154
588208
968473
503300
203215
381804
920552
865784
96325
841178
297878
959470
439767
338128
85299
692249
365349
879118
965846
253174
610322
500288
949612
765992
720687
890727
452846
370193
511119
716624
613020
787191
163033
591010
762917
889224
537772
470710
525660
45934
888008
34782
191743
157549
300632
52171
324968
203428
736272
265838
343981
177611
245
63460
764837
88055
763483
778157
199165
813030
545475
391311
207563
351526
800195
463182
530595
441032
563291
138873
134758
912770
275759
18058
910336
318903
361330
105471
831278
624732
937178
643093
736587
357270
246703
719223
956030
437679
339951
206495
73288
888636
216993
197740
922099
497866
866930
403182
628570
810825
936489
111520
664753
512567
178714
696302
576008
10802
591396
306315
129105
719744
277375
733635
190858
315671
995094
378396
958269
966016
488094
121306
818505
623331
629337
821499
854734
629337
187005
107922
516772
529095
473151
818069
209239
137468
309169
575073
976125
105061
82783
576716
909690
554378
701472
251146
311530
595636
254778
777075
826225
521284
771834
630191
348459
438684
860680
835155
321935
257217
805164
132457
489932
231636
531978
977486
194770
581685
886014
729870
140444
472358
879511
657472
782864
751801
584272
974285
617464
385267
267451
865728
301963
135988
299915
608853
980859
979142
716406
836949
963857
295087
295937
395841
410762
398157
950389
122748
188953
35217
377347
929705
889320
533636
620089
402960
737777
838436
927014
636293
812928
662313
233678
201630
191161
278437
390423
898214
265055
457012
511370
552718
236058
564992
579854
238780
129937
185561
174358
945873
885914
899165
166656
170499
696389
547597
992105
889075
13056
493733
832299
59863
181911
937869
379131
9742
163748
934374
727623
662576
221349
5073
104736
354437
667102
601294
595135
879358
154887
416772
521433
726035
1314
848389
772588
528343
528662
908745
761333
810624
88686
686867
307685
539316
248702
72555
870818
495347
792953
493634
643276
330727
752139
724914
7592
62550
924767
632466
966657
578613
246032
353523
826559
239819
865801
429481
83776
155021
797423
23565
632937
153854
998111
398373
866161
247875
667916
190732
337438
958975
236903
167032
925095
122349
554997
89201
399367
74226
668713
849793
809419
153625
275872
503891
895028
993982
643153
653313
294564
913603
468379
868010
753806
484589
91816
954450
985635
21729
834509
590118
774600
556365
239814
522787
909108
722732
964597
722935
565146
455653
688674
811220
682869
61558
455151
460189
40323
444057
642559
864868
398110
342847
555684
274211
876694
706282
638913
623631
939167
765235
837717
283546
954373
129284
372363
346626
540398
252468
556292
50117
879734
935916
467479
71477
599264
101937
391474
121208
756311
604457
434851
324630
484166
126357
65611
951789
549991
80172
728214
76013
848857
88798
662332
801906
874231
180341
889683
423583
393556
201043
338374
79622
536425
610429
477935
589924
533051
496261
865863
708751
821370
574024
379853
646697
1479
782769
390058
17416
769218
481715
298633
810642
901924
9591
328573
616956
681986
888879
121448
80756
387235
190418
807359
430864
102561
95188
864152
693240
732541
572833
148863
98744
389936
693861
360334
568278
380805
639334
27133
972079
297129
693350
586598
502086
355696
712466
781792
159077
444517
705828
559007
587949
581110
874704
634828
749509
917321
268403
274074
789397
602685
61322
596141
502211
357676
273812
856327
557650
943021
719999
881119
195190
843292
545728
682924
407205
413159
107616
876082
407132
986228
60510
935287
389474
729804
139355
326876
527872
715364
588228
514494
4053
304016
813080
333908
823279
20975
562097
444328
521773
965589
233506
424698
443477
923282
59388
528929
519285
822530
106471
115657
851216
220345
548197
721372
987430
550240
461373
48370
864345
92495
334995
146188
188502
220454
343196
809651
347933
571319
63165
198965
780957
433219
269451
912
781875
591593
583535
606629
767830
24394
56167
29657
861082
941678
286517
539838
970918
626281
206871
652876
872155
594141
462497
551329
715362
515992
385971
674999
330225
6872
83382
516742
248121
384015
147335
476845
301891
4023
418359
930936
835317
123675
568845
418484
743968
125355
997358
230089
628986
437804
744635
730368
921091
300239
847904
220995
711749
868583
680635
572251
519049
857014
93792
710783
375940
548288
153026
853972
992773
763332
997002
529333
374302
235474
749308
445520
4955
148282
291453
292624
342979
410829
34764
669344
386280
949652
10239
621359
125737
423673
479322
143149
138770
488736
398288
298970
633766
463089
690817
736951
896710
354965
849690
718421
643688
911458
239356
120061
674763
721957
893268
556870
345967
739379
267281
674563
141462
60596
280668
1486
209623
120030
60587
875396
945382
13744
650017
964836
807324
68751
890253
452489
53248
61996
845721
276858
9891
826480
643093
109536
440355
27099
323584
769230
732426
313748
916980
592428
576655
168744
398068
489721
55573
641973
567269
844103
877640
656267
132802
772788
620958
805702
727065
504438
106582
127955
970037
823602
291058
541801
237702
763441
576748
62529
523727
500154
15475
593865
247492
666018
882435
52873
954222
436633
64565
218215
129118
773576
523288
50175
896231
536865
313628
108050
62923
942949
116301
315082
858017
946975
210297
396649
183757
497919
752833
838801
282983
404703
264666
588222
963643
70362
243119
662649
478547
346812
463967
833586
835318
884581
558312
41137
16141
427684
49188
61946
156430
89174
857629
863885
749137
531389
228280
660179
36061
266523
284104
235732
576097
680328
625520
38518
674759
473768
394004
884714
726910
767928
974876
420906
416926
768985
921549
158976
457851
663648
262282
942732
438358
581964
969482
269992
433769
950527
437224
137751
54605
133531
825813
590301
885276
91080
84799
908945
706888
4749
525910
798221
457090
480333
562689
850218
181260
600233
649219
459282
330348
843167
618215
408463
748776
668861
738441
6347
111014
78304
284724
925842
110765
784215
687498
910640
1901
97581
834387
441493
335085
28208
737301
774912
253982
434486
436485
425526
92722
329694
414226
142715
650351
24577
293096
750687
388150
83740
636128
37084
100955
780895
562137
845347
589974
677819
22401
194369
243843
467612
260987
215911
397785
714877
739989
616991
952462
338218
3842
186791
847311
466646
917976
464332
4109
893346
161654
185639
914848
147637
805988
972703
596674
76166
730993
770737
123214
261912
224713
519437
64264
966917
933234
620958
161653
946409
47801
22997
335356
678120
853376
521548
955708
461916
668650
430892
412784
488381
169646
573318
607665
488485
902140
223241
981706
409641
381001
337812
259935
805101
274001
78004
421348
673231
41302
304171
254530
444554
325373
975402
653889
449692
726993
900707
314246
148951
52987
827861
42870
734573
525218
522179
347339
792679
525355
664693
385757
57935
483756
782953
575548
952161
610122
571955
299118
969159
657149
547534
260332
729743
669180
424579
268823
869455
716420
708120
234909
951580
987016
171751
146115
870605
847752
620859
460126
506185
584237
468539
270043
295946
867805
746060
954755
137136
701064
884732
378069
157150
41510
468965
498606
474506
317423
756368
197949
520092
342004
424628
617817
194699
511704
693400
685421
620247
707219
620771
778169
369233
233328
627376
407784
742185
654032
76899
825718
954524
19322
676577
622948
587055
154288
550240
480953
457331
793591
701404
539455
968130
6511
986236
637440
743978
354958
657276
134276
120256
786944
805691
809453
734500
596352
163272
969813
696986
345788
599872
401906
579369
263886
833814
532091
343164
362608
805969
415062
41491
149984
408538
231369
671320
189021
58293
823759
237217
113682
249996
553561
991506
721431
424048
903774
379944
871680
631392
423204
784610
615637
885850
598305
717348
687342
383545
984096
695639
237756
978586
803269
540471
566039
971662
939169
976625
777726
855712
913550
401655
878553
180898
768601
190259
487229
482728
871943
167109
190773
583845
398919
980462
65421
826005
784157
818529
920552
506302
433405
454627
103916
740626
902067
934572
790261
787669
647606
582298
92159
427586
982685
291254
826734
340476
730285
689074
126410
760121
368773
606136
579251
48220
454135
435478
681438
682121
414130
50139
309635
111043
208235
110416
621639
622407
256311
569343
815997
531113
248390
946725
869920
646730
196085
156475
243609
883313
193665
174572
543757
711364
522554
55546
884735
449267
29916
226996
273909
442397
454773
795793
252861
732193
243155
267618
477101
844207
988285
706598
135606
350053
585096
450865
248222
634093
262800
306914
178172
755786
167613
138127
330330
355365
278453
295260
372013
335431
335477
469800
963357
222557
665336
589436
230733
376435
616418
730980
500930
262276
539949
519405
524080
182136
886929
102377
440226
36061
645395
62357
788060
827461
281809
24830
140646
775693
401537
382032
924843
480474
494942
235263
652602
651484
457501
800230
800703
620359
154331
262460
373843
351951
306517
107578
384431
199384
720670
561149
168569
849009
311947
977386
621492
226919
159909
393761
309549
18333
610437
109942
857303
839441
50949
19666
463070
880480
94288
603542
285187
735580
264012
862795
750208
585540
924538
496667
27477
707037
430220
249623
229791
142129
307212
857191
921959
666002
523641
543383
991228
636820
612288
954373
512814
401607
163748
518769
458176
564788
336165
941240
3464
295788
547905
786172
388681
252964
451457
711055
18812
758553
598637
578081
278001
438287
331555
747001
864479
829035
648305
353709
371594
494218
78354
721375
397972
336145
975919
801374
160916
938870
372675
474690
924701
514292
682890
43575
432129
105990
344355
732334
924930
395857
526863
167431
333431
933791
282775
793882
520147
255872
391382
113167
96401
170940
927199
351421
919162
630473
407481
157868
31434
192193
867397
267782
764674
3828
638408
904496
844473
117782
772302
776818
332474
807353
69795
337561
844491
964902
923305
423838
30248
717254
936681
42606
362910
780533
836766
29366
656288
254600
576329
661415
45686
238897
934726
663709
363046
635391
517635
574385
163058
131074
86086
191358
167050
550069
934614
8256
118638
128461
870808
894487
213313
712272
167205
136590
473942
573256
738542
947124
390358
58259
703000
920836
852466
164251
666966
863990
852888
705278
78813
337099
60675
281270
780496
336532
686411
961095
674563
549377
752067
53639
508486
38674
98028
217476
6713
598637
891823
219760
192207
332003
129377
126672
899493
467098
748646
947678
961724
775175
753870
397776
493877
644016
169327
405979
655558
466151
739126
236172
897382
126711
942878
756254
587238
949562
244995
47980
32886
132241
400071
622758
707238
34415
852218
470765
695704
337749
797816
964373
980962
31516
356421
664503
787154
470543
592067
396556
563299
758663
177013
943493
700396
307793
380744
986860
996485
181029
707970
302998
852410
21672
488963
370427
681099
102835
946863
377303
354580
812381
995349
799720
741490
980938
327791
538516
286806
394443
121872
729408
195192
800488
444829
637570
623498
387523
599338
813981
943707
852990
661828
598742
889333
707068
76488
950167
864849
264483
983350
900220
788847
410439
975125
236104
846876
26441
626523
748254
556309
175837
667100
714182
336165
927049
332477
190382
631480
551822
258767
438823
810629
62957
16263
292849
143313
43246
217115
456150
801638
352955
968873
391427
467506
370302
927573
796873
851926
169482
44815
51905
369358
227398
347393
155969
317820
815099
546820
475135
256063
94033
571952
983082
521297
809953
52267
325458
971208
471534
827229
862084
256281
894358
180116
570959
9313
416575
548736
694716
142160
625801
188662
647584
161871
279113
703482
52220
468104
280912
448057
285206
90706
597278
736201
389460
175595
339813
596915
744128
443592
933444
63092
24659
935124
476886
281405
587380
35573
701159
496643
353711
871932
672757
709109
274263
683457
600789
243062
631856
177976
933788
794815
643273
234188
40697
110218
770642
332428
125972
460394
31030
879325
675421
614069
921679
358667
697178
226692
572418
44009
991087
600043
294635
753850
982468
369039
742425
539469
135270
552084
402037
109090
804112
748127
648683
255162
215348
13844
363815
486342
808463
763262
221123
602955
363233
440132
599711
301348
362323
353986
608321
627960
330622
698704
520635
679975
677242
916945
983654
989747
30523
621183
625565
471641
824858
952424
393020
710729
69489
340954
987203
813673
198582
388607
634753
641719
996740
521991
96688
733212
684873
978704
57050
428699
111406
301314
978401
573240
955522
965682
862728
619007
638301
773226
787204
201533
521852
705605
282361
502012
597873
649684
670703
66354
48553
39058
330629
96026
424703
319095
403540
528376
252974
54736
256892
118823
675012
61674
498544
920994
636956
141277
198385
664621
612953
433219
587315
947320
966558
624130
994720
670425
126800
750714
431635
208705
30989
380687
198718
333058
649891
373735
697151
208340
911494
798198
910432
989943
628202
158326
322523
121220
322077
97507
41993
148576
276692
871427
564496
198652
673167
283413
710782
477522
852086
857852
31840
99980
144943
341697
337130
120478
427755
715550
200012
814022
428699
32082
627018
878770
824904
242265
978654
163025
623753
396764
891823
233839
810198
928560
561385
362164
692751
125948
294796
612752
956206
599031
849908
174091
607034
762829
24153
958429
983697
972416
425007
364895
741020
697925
838459
428392
318057
282110
3217
398330
449887
739422
814124
154964
215834
240324
250428
982535
674068
376363
843794
8579
478862
765791
731891
424686
802646
31540
462853
53276
681692
439777
850106
325405
233139
768801
708172
549487
909099
173428
61553
857717
240522
756534
877549
21132
397428
584963
792260
818053
99527
124466
423732
858134
861959
389416
915149
801918
915781
350770
282897
389990
318476
681598
976871
181245
983354
940204
992950
778121
197190
294648
870530
595122
285086
985405
704039
332825
683136
304171
74537
346032
834136
757004
833795
871427
983226
882575
724044
141785
999857
852737
865154
695639
760283
326612
94962
842767
332154
709439
859321
18861
765693
691998
335463
590938
467121
613110
401966
905351
887483
506763
633363
747447
300438
516518
247080
908615
704768
915359
350567
167908
613639
978237
337039
988664
756840
705761
881119
529388
546114
522123
343717
666069
585261
981490
197442
797444
716257
881176
213917
63784
350406
369014
851478
41877
420976
497036
71231
724648
770213
511086
866562
478583
90375
575731
619203
869403
653907
720551
65956
770621
24516
915292
909827
895659
429744
735763
36467
858180
882160
683019
29094
188614
473251
35156
26681
885998
782570
826536
384848
80005
937807
838157
341196
509134
99537
334654
668046
83334
457863
76315
895318
546184
655084
940204
237958
356664
530798
964383
147214
231568
73906
126828
362332
215215
824627
524190
95349
691501
882300
763970
995426
723569
695070
80563
709867
292474
707267
209721
712010
304384
159702
547587
514489
21691
725727
590693
150169
589381
212722
698970
174615
276459
722989
125174
41752
210689
860801
42457
41075
645913
593178
73478
623889
66608
701871
268695
341292
718136
658162
164047
27343
769986
53912
885588
836316
630943
898152
875934
29776
663767
59149
543841
787473
19323
493848
11344
61435
941781
565005
608549
85134
947367
647383
74940
625185
638500
218592
353259
666658
262464
239288
627315
573389
718072
588146
327365
330689
765146
6971
735057
852399
444016
97992
741813
466230
17222
570316
815292
401162
428728
412749
50219
463853
48121
639074
600169
358059
466483
872103
54827
826661
530964
94038
728953
416187
271126
404385
590334
452245
646330
660157
493752
33964
466523
739931
988486
237912
517169
25527
467149
8544
574162
857981
916980
48521
455653
615198
55881
584898
181327
121031
59260
53462
250060
956000
261807
127292
731960
691384
12855
940500
192066
360015
716287
580830
557188
832305
701515
617404
837805
927435
48406
876129
153064
35415
366932
39123
992773
272937
370831
160477
590661
164928
62921
657081
633035
598539
685070
536024
932687
527072
730038
102783
185045
19019
299559
585099
551057
242766
162741
726049
965646
711258
243471
600557
247277
103327
254808
703429
375485
795155
832299
492745
82938
495480
661977
104978
132157
65367
170903
508583
448433
216530
883817
981048
972645
560278
794913
740345
570022
356109
376471
778327
243058
693073
249482
883244
612409
897921
319093
711146
331729
705691
416631
727381
22155
487480
513972
660551
120906
929435
87543
63556
831066
839217
45825
528121
537180
818824
138913
435621
519005
78355
220354
463316
884312
721889
847009
435292
371088
858677
402301
436105
933772
614876
660658
548036
694653
504355
387398
405787
514350
34970
492994
939167
979985
289132
572638
292906
263238
588534
507785
864458
857262
698221
117755
787500
733189
416523
540624
855138
877808
265
586460
256107
950288
6600
29280
726295
882060
7421
864357
22035
569302
286368
243811
556820
156633
182812
783746
676565
317044
233506
636829
469765
594067
498575
640149
889906
322728
897890
158801
83434
263866
754035
977392
833359
88553
157963
867432
353121
456753
811006
226563
675871
247445
845563
852818
97957
454319
956048
199717
38206
844278
188236
196810
241009
55536
758393
623507
872527
581570
933515
952129
157877
364557
443239
382888
496373
879285
157289
875648
408907
174987
676976
955515
108479
277952
585603
313412
404118
303150
1637
21959
73181
695788
717189
99421
495698
554769
600144
529869
522898
325294
836115
107585
785159
665322
813444
511998
423210
653583
741175
259770
214199
437617
981013
781659
428138
848382
517335
760768
745144
713854
65327
299026
985665
996667
849739
544018
666054
665663
693360
775033
951405
314646
835317
728520
562933
725438
381491
634877
450957
591679
206340
265251
45026
100738
983393
402076
614921
46740
970228
554116
466771
100473
247560
16501
422699
823156
716248
985482
699001
586155
171949
70338
525083
562951
788032
644224
710729
508892
945502
174363
312512
337607
347736
93515
25127
346667
499391
977366
987246
223195
208182
35243
682192
338135
413671
864458
392478
184982
982217
686586
124147
936438
542825
850050
451844
742721
507521
145453
241202
692402
808241
17244
22229
104796
170039
355574
932495
860488
416867
407982
273957
500887
872629
777093
548624
553523
252651
296266
969804
438921
784461
735910
556472
845372
222095
301608
735712
803727
283856
420964
869668
241724
707481
144810
449108
748249
464299
286364
614866
33641
716923
302618
57753
452076
574121
503274
653941
317713
608445
211976
597722
710130
535436
502156
862313
856379
504654
141371
628917
15129
945583
177225
60348
749760
853431
99988
956248
505242
379105
476269
30326
666094
721909
316615
962229
158717
741529
795990
181392
693871
957615
195591
527270
831066
10732
233323
653426
134469
706120
125913
783066
854123
95645
180144
429019
188655
396760
425277
171307
871252
360672
869909
393293
123017
64502
865928
957841
391723
509406
397088
735077
464805
725797
74304
980733
561403
918163
663764
690323
329931
728402
585944
892548
941689
992961
314947
662951
779496
822028
505399
484149
878245
836538
233605
302934
690691
665050
563750
48994
857224
978760
11738
287352
297247
531513
239109
552137
293987
69192
9853
381352
374951
842215
232741
354463
946493
344456
224300
161038
653758
670107
265440
424093
257227
243609
436105
733106
77927
668290
410376
26905
929317
43789
411971
407186
590430
273149
421784
205591
678656
439553
883560
279530
330837
878770
556297
545275
238250
948680
112741
765904
34712
820123
204765
838413
358269
198056
575195
808096
647725
742501
681066
928010
13920
781549
909646
407324
879081
988441
162537
932770
821513
231571
150525
300160
462105
951034
89836
57124
906776
962734
137034
935324
129103
601190
773656
683307
237640
81558
320275
509913
379129
384615
492773
303786
260171
915397
588800
300866
788981
604261
225513
568097
552733
918830
312476
373338
240449
622812
680945
751295
66278
372824
350330
417033
444778
134762
226780
25019
518738
28603
47850
996945
242820
655178
60762
820714
190207
693463
522554
120364
375191
425477
381837
589724
241945
223228
792342
99856
718166
104865
464100
496919
645993
948655
637384
540989
612952
608549
467117
329225
916180
675359
272103
210657
42189
698196
606008
778843
895440
815176
201915
662420
153076
154145
731965
355568
747824
211589
450248
847317
171861
565089
77065
192979
488790
835921
956342
849351
198341
977925
500017
62392
143747
22681
440201
390494
825984
869013
304325
187142
579878
164017
384723
509650
85969
109260
605278
494823
800166
383297
226332
606454
910467
899310
776611
921136
993004
726190
193268
964188
945471
30418
671859
273305
529070
405448
574691
742072
280108
671653
978986
326197
694927
590129
294081
506290
66792
966958
617772
989991
187408
598937
644412
725919
352666
8208
925739
683747
883036
915833
60939
640768
343926
723056
436023
232852
772654
566277
879720
55403
729789
309366
345622
947369
569386
827018
568085
760401
962420
27166
624730
456882
883603
449365
352368
791960
965640
35664
327683
810892
413540
595825
953705
331935
142626
197055
951453
101676
85406
430062
136611
796981
506243
920105
932326
9177
342696
334118
672305
723910
461053
614313
584346
225198
856364
858953
593167
42631
409330
957830
30132
150274
695668
721733
385427
226124
47497
454947
98419
624974
843877
908125
877424
553509
615417
681941
21723
955984
984350
122722
964794
58324
603654
239547
725510
33226
652343
450672
168719
715240
840714
827272
216707
731308
631555
369500
831853
812951
94943
974842
94753
788438
467628
586358
525484
172156
1285
492074
90732
83869
546032
271702
524298
99127
295299
194743
476427
43885
717459
17379
846643
508946
498699
351414
344406
347523
675341
241371
768601
533461
307291
228127
972373
210050
416917
529888
776368
973862
321297
689109
840837
686156
774831
100845
473859
300575
34184
134467
349098
766669
71563
460590
601484
304960
295742
755182
158144
61866
567714
830999
963734
455706
999723
320662
336162
442025
762176
526247
363634
195370
951855
8741
898884
172025
448219
950851
711637
307340
141468
988856
565114
971358
57281
650988
350212
946555
716079
17156
434214
583432
860575
163058
341447
625089
220387
125678
308192
111593
174001
377360
187945
293088
138427
961512
225231
647661
469800
648198
538213
658970
287388
522197
325770
482019
625620
636826
135823
398951
716639
49742
533425
105659
725840
397091
744148
231815
809849
558103
978423
839519
334313
318889
520993
89590
620401
736482
168043
519249
384830
726151
958553
747266
124719
123526
528748
146105
565901
854880
327454
663899
974871
197353
32899
753172
492806
413612
644602
994886
805318
374745
517724
857191
630530
72030
674563
546700
733733
444740
567068
133797
602243
356095
539957
365967
546959
705344
596733
465876
178360
412071
809904
66699
613187
885032
135770
375805
495144
646084
352026
444240
563460
266785
835264
560916
829218
312465
377104
823688
173603
805074
151762
509465
516206
617800
290503
983200
87121
30320
877937
114487
214511
977020
609992
486012
352379
549000
29880
440747
376719
399013
3681
751378
619347
614991
251146
39970
18907
502712
633598
411658
263408
922096
504248
249539
750983
75658
930072
197679
71809
658954
450195
392773
667102
653055
456490
608597
678522
858049
724705
1844
12823
942865
516222
295242
764985
797520
836164
435261
92062
802323
473985
937785
463656
639304
691889
951121
993359
80335
12885
996830
436372
400539
14623
802014
94380
163695
175443
132393
290747
690313
481983
19883
942714
158028
865703
450243
484847
869963
241490
613201
418586
238118
728538
241976
320230
244682
202118
256179
298089
85222
190583
650219
490099
178950
995857
136578
314220
671546
952689
964262
57074
495418
389673
962068
970264
694980
166609
877100
101409
15633
193513
661213
105881
955394
422632
702081
495922
105610
921279
534967
395216
189
902859
663923
950337
276880
463617
617822
483816
604848
992030
25840
704844
824072
670040
13003
26739
80996
158445
904938
17593
152291
927370
876384
675672
129134
117481
910332
885320
722659
848225
355788
938828
97399
529200
850363
499804
497025
447927
168783
47231
306046
58951
32355
411073
23018
568708
812548
331621
527926
125633
285059
164572
19654
219034
834787
300385
174279
223700
761622
360250
502767
32302
636273
982634
231345
918160
540010
888258
945728
487695
564609
742996
845313
726099
584382
349098
882661
308591
295104
571690
406546
727448
915260
111043
909093
774290
219169
834156
727868
775577
881463
878811
584996
673847
674355
366814
29290
707104
262859
210016
24314
149073
688101
18700
366950
389994
2710
296640
559622
192256
670852
194403
368715
275507
989808
301301
967638
930039
624481
269962
739043
473038
881583
70128
298372
189473
928926
635405
493925
632608
997082
488258
223349
581136
428783
892443
794267
925192
957320
703409
459666
2565
675192
578741
780625
194673
53756
876704
837213
872305
808518
796401
618281
597532
215749
505639
432984
628745
399463
699916
122722
363263
279872
269595
456288
897610
988034
627585
949120
416512
481425
723119
396486
596856
51214
174920
193780
300450
757393
127157
973451
947257
118997
425951
576906
292586
111238
348640
121853
535773
135916
264420
244229
679553
389594
105621
40854
502251
801581
135606
67205
870217
201876
841828
531190
300366
362093
724667
24791
553639
176867
328157
772277
36421
487159
305805
988384
713833
324624
213695
346893
865978
932493
53716
156693
419156
53331
229505
288289
827639
897833
773877
48550
382541
408626
433680
55894
824294
439101
70835
249395
953224
575063
989732
739045
66762
188407
101804
993709
31846
834670
