784378
718529
391247
284908
224715
929686
962799
663909
495179
900332
911973
679005
490919
886557
306085
970260
266739
75013
374141
53079
511434
547111
558715
278382
298421
24583
494560
307758
175644
696150
571196
164556
805300
33576
68802
905801
778724
933973
82846
637926
302846
127488
739440
777796
850861
888914
337572
487427
159071
655439
754500
410436
306335
957391
334144
853653
458775
217661
464343
354322
841686
317331
619568
5472
588083
226861
439305
760111
303038
807318
376983
278789
850354
605112
210567
594520
665818
614864
305361
189026
543823
514973
47800
234720
695065
247970
888020
950949
650445
208484
603181
325769
922535
13641
347385
911740
309024
633026
976589
99926
450957
54494
147573
743689
839523
543416
656049
45138
146720
546167
104889
862494
294094
653047
35909
630320
288980
961617
165050
498175
456324
541344
759713
957824
286175
595382
926167
177396
756299
182559
700811
122068
177852
803218
415215
855469
775748
138546
600895
547711
771440
618506
803622
560322
191935
209355
646062
822321
408968
757040
817057
281972
759031
506518
997254
179298
733523
32367
852086
900983
854484
787216
515372
352723
971797
475645
598831
487998
486365
386372
658327
599162
578386
394438
322008
185566
313915
365086
342978
86533
394867
669972
846330
261758
245226
458929
633215
164740
350202
57263
788220
374468
457636
145842
574632
530848
879743
275553
34716
213016
718963
832737
73999
368699
552220
213366
301306
477884
577460
453079
535023
322911
266040
68934
6545
413348
961492
709236
627804
688757
949378
735438
861338
162398
612045
395496
139452
165822
657528
92066
309412
506634
455355
125858
567156
425219
605441
124089
365049
3697
6334
222374
624556
981366
150120
186177
987443
970429
183402
717757
327089
205657
632273
189709
10292
717823
13111
456772
595476
536154
883747
527732
335335
829924
88606
210471
204420
671403
938952
471993
641952
562175
78320
613049
657689
161096
645706
953568
83128
219357
834355
266199
950609
121908
341875
111984
42816
505686
493663
935829
349385
45003
99083
343545
826797
934174
305969
506684
65903
712187
393127
45889
996697
159652
297516
308556
471019
370939
585936
118254
912767
975911
70635
483899
163534
889808
154000
99226
771580
479907
633010
674433
442936
622609
471946
211171
606486
219708
176943
41550
855995
146516
62263
348620
445031
73089
533021
417866
190803
828911
237698
649487
472234
217823
571384
119021
197965
238203
566657
302413
9189
708626
614629
94239
328151
157157
440900
627357
767573
126583
71846
89736
767913
987101
279972
820398
81688
252142
180191
893756
230656
856566
655810
881739
314350
784764
526125
245624
640930
441299
242218
699241
891474
683462
57044
101277
865623
676282
819305
812532
843104
31086
635127
412625
62385
99900
283031
8940
526940
528675
709892
338886
805700
601681
505940
260497
104352
39711
398862
89517
741707
366609
141774
362743
420825
958038
821701
679192
208716
631505
332248
295043
481655
814086
66443
499603
619625
363182
135223
557078
49930
154216
371812
833618
199353
126500
29929
780088
108371
714467
390551
173468
367367
180133
49751
459969
189075
35408
364751
64339
557570
393484
443951
402740
116517
83406
768466
122264
979013
281686
593779
491980
181256
41362
396345
804432
713818
686741
995953
392616
675710
754322
933794
902686
681000
585790
575445
769708
579741
376731
111395
26810
187263
934405
152358
169036
713576
162518
446135
99435
673844
246017
128633
871050
882512
367694
112241
69188
438173
556766
851274
892065
177854
734385
902477
643525
794124
579731
435788
134301
31745
879654
881728
934422
999727
733594
46716
800969
182385
531807
841193
530860
21225
196461
150880
296848
768057
452620
238024
460841
242809
174138
464229
110023
942243
122008
239906
833705
863170
2178
671699
796686
77250
142434
857428
905080
750364
79029
42531
435923
155947
924494
550947
284615
446348
352929
951206
590356
499824
133293
178629
121655
23938
707126
400815
693507
765795
509263
966707
90787
307847
476128
402606
114629
372626
335462
309337
951551
333919
178915
267329
404937
103814
885513
852477
636091
309029
515292
798927
185108
563278
994968
729015
335469
578169
81806
444652
475857
858842
136046
315849
186532
340449
901185
500414
75878
521969
682251
527796
505007
788322
973292
1126
271402
758950
923999
978757
695337
347472
174975
848984
228713
281616
879747
631058
278488
185250
459465
351924
103402
995650
627446
853285
95499
384843
904590
317504
963470
10512
512976
716016
275652
497082
929652
434874
348181
816427
476447
130035
64693
394884
218931
794921
709424
750370
916866
458809
644764
171563
886195
932190
10117
404955
782290
617839
41046
770857
798673
83914
271091
358091
293097
558628
3737
82892
393325
362727
685394
864679
164425
862173
165082
672898
470201
757017
146054
479053
70594
973780
19663
130158
541352
669632
939956
290300
919121
514183
431696
997080
708801
282954
811803
486882
282413
573834
806327
564475
297000
177523
322614
196184
527066
76984
540234
35310
308604
768027
523801
417911
820589
581654
414697
919469
762001
160016
44935
121532
349750
356772
757367
41746
901506
493295
858076
136989
810879
333349
142458
926484
941786
206977
530757
543002
308459
116379
740433
357042
476829
360633
888750
164040
286197
389096
82331
184422
238644
977776
827610
103111
288787
722901
244848
907180
510934
437275
611812
626377
719575
875118
67656
319107
837192
911453
937746
842840
790867
503510
864695
660911
983894
546152
702411
399737
799928
208630
317766
490351
368323
407182
759908
583928
682600
237237
942938
434461
797335
386417
656527
76673
383535
962073
694751
659283
609021
837539
348757
281982
25109
872934
986183
308862
371979
701616
157112
697536
293723
936294
752139
795838
271116
542521
714931
553216
603959
952745
140884
798916
726309
445068
12328
124914
334515
627939
207808
165663
168007
389888
918747
511456
897060
211334
654223
918987
771156
700361
806561
220671
313219
932861
336608
174999
82086
729158
771568
939537
386528
181968
927137
936394
546190
962075
95010
733369
863026
196721
237779
137818
725357
149668
518584
964772
673880
534355
689584
699057
499611
171460
476058
192683
370913
402710
163690
414055
37906
782959
229264
388174
615302
660763
494293
990265
347527
193966
393993
994631
796657
36563
133650
847954
254183
451378
175870
131581
27220
726013
806107
115409
299148
324500
322490
648187
463430
106083
305418
15277
98852
130144
514770
843805
684143
895364
395684
812513
744430
226763
122413
83480
931245
895508
595576
872451
861423
630693
509312
57494
9310
837458
781907
918924
141306
848033
674593
620384
2971
352971
188527
43214
822481
928648
856334
92463
433141
661311
983097
951657
348850
746640
912792
539930
664379
78233
964246
139846
296362
858367
121341
182801
76035
952005
326531
731797
725817
780198
353024
197232
204601
790164
845770
301196
923498
296418
998512
737185
605893
139399
868336
472886
531575
81702
297234
82368
1316
828686
254706
157121
7024
194133
143950
272011
79778
157840
808202
16657
787670
14191
777215
628370
158121
140140
887820
311440
775056
198129
326658
245155
846964
304347
175540
870428
626266
631374
39258
319155
648454
98646
989646
444832
643044
811319
43508
213236
659569
891546
344874
66120
621089
336685
675780
742599
189040
64992
683837
47431
175929
466362
811397
23992
143232
700867
511839
604827
7491
625232
399318
863815
509072
915028
691769
178373
735905
146307
722382
543079
979505
292795
408214
297908
785782
851285
618930
106611
560194
826999
826669
820792
845503
962805
894131
599023
443841
274406
488205
744011
83654
831452
893654
396611
341985
537101
770718
863409
555743
765996
684521
294463
884192
38255
879300
390727
887313
77429
290288
329807
43279
78827
299250
556993
984473
13342
28774
668806
992817
623339
189695
576680
471425
266891
38215
310465
335232
331810
743434
845697
180112
860040
250670
984360
735821
386770
21186
723594
922032
608254
379401
637354
975937
930493
978963
735725
315397
78284
766016
493940
408351
2748
666022
220568
640395
155708
750421
765042
267042
796105
372338
754050
19021
958726
76344
983014
64166
958956
835706
180496
407737
577214
23668
467398
534913
876907
874705
687723
659362
318251
299743
834017
499045
501882
504764
645032
656428
749791
530099
590496
200603
631721
874548
71126
959007
606274
555055
906641
614528
575523
803093
554386
146889
414258
833008
817523
188846
723040
262793
434107
986473
820959
547212
562452
81928
365625
47910
648040
54966
934583
271566
469602
154309
811082
171757
279423
844419
103844
312316
89725
291885
322991
310395
460776
39434
596260
658198
53491
179098
543812
815687
636974
388400
394471
134449
29719
363401
222110
740319
804945
33947
917942
115775
48970
109743
59119
371651
272559
728092
99476
263280
422188
250793
715523
509748
392998
977675
677162
575111
502773
109791
520857
382512
430694
17312
155566
367105
154973
592059
277691
37721
390407
83535
861563
262565
661090
582321
910094
580714
50396
148438
865703
626345
648838
659247
102104
786194
7857
666307
506634
109847
995514
770530
576969
174723
698308
524526
173748
661420
812454
842667
341934
624726
470924
659504
333763
892582
105782
572775
979738
95955
288443
744791
321691
256695
936217
158412
321301
678639
75191
492618
350946
429251
992851
364048
861476
381860
159087
202625
205244
396904
626512
617082
159761
86566
703832
906453
355828
118568
407693
630849
541116
220619
792025
43846
875843
285393
491996
749178
333840
936803
817095
849417
635469
310906
846272
915920
672889
684886
572098
327164
688616
136099
943535
643803
393882
950912
66370
19319
95254
87077
3905
715557
14128
926095
812639
307103
365712
931706
835234
453488
533501
738049
217330
609461
924874
958255
624571
499344
115851
863052
165300
232307
941570
229515
409368
214944
331384
675378
290854
855250
55361
95840
251598
517093
834292
12971
786342
584552
458983
687828
552805
331144
731655
982149
596387
205229
282974
927175
166818
584620
946067
645500
510781
577714
730228
557006
10354
33674
317381
136944
294516
513448
5462
56188
840773
898745
838993
937871
610553
162722
638680
112133
770810
437705
719361
182315
72875
90494
630376
905249
203668
295073
962962
680048
588631
612090
978665
366790
569087
66077
298155
127280
910342
188590
914564
819201
916521
772550
334629
386165
210216
40636
185397
946505
412892
535069
940192
535382
30596
820870
429885
324301
231568
187795
72857
89174
546073
908580
986495
418362
176159
843126
249130
882800
558887
814052
264412
610109
767646
205065
443229
221312
502660
497692
96083
950093
508266
256390
118476
84099
113303
658797
535205
643740
376948
756542
31651
591677
428309
232810
750528
129262
781046
726530
568834
868238
51105
352589
234022
847867
541344
369017
874882
617818
379144
49513
730226
670276
536793
229051
596421
969114
249241
451966
66107
45266
419731
349717
526884
897658
908148
602180
131179
613123
695077
300518
991200
247295
807711
967592
768020
196067
22360
820965
657978
486421
305732
985856
430295
442411
214354
195348
526194
359128
276611
999762
323440
336928
272056
976379
260982
201816
263189
961725
846109
42090
411275
93538
148369
463180
324350
843697
620540
630663
511356
451093
528489
163949
83911
265108
623933
152450
151920
749082
55756
251956
579155
104596
752269
518438
483455
523836
613733
474301
88012
406352
208348
903418
284289
801905
671357
930611
990060
829043
774796
95549
206005
505288
931838
298067
538014
683534
437837
859914
937725
675607
391026
948471
49023
719735
991700
619977
709006
586407
921966
735730
118136
139462
451420
681179
909821
894732
26645
968176
173079
129369
919337
90494
64053
710727
137403
240421
25331
684362
686371
542484
240972
955284
946231
689508
69844
185654
935999
46014
452480
618608
270328
424825
600659
727087
499548
89368
165082
13355
831048
4505
964423
211949
618795
872631
75990
299718
949224
731495
315760
758555
140187
74680
95449
856720
253552
429095
555756
844889
617823
701582
190382
111502
736187
536553
508654
204454
226760
227872
486132
852884
135782
11272
225136
508912
399703
869185
577388
484425
881410
290589
340720
191985
446736
104327
184109
32027
19792
324252
943117
361079
419261
578806
949531
759597
535466
271476
353163
599171
783713
89655
338010
319910
239845
999603
877285
546208
258601
931220
904764
989855
820260
700348
780328
103217
330055
89624
405345
352996
679608
736904
179804
999379
830648
719986
862058
232853
86399
725248
578977
918837
380710
810178
546349
707841
422368
308700
423355
551386
396060
370039
976973
749634
406764
868763
929357
250610
119379
387050
452133
771352
301180
644365
171575
917415
957357
270876
803459
391983
115994
428601
785976
34597
212996
872495
868003
117908
816622
444507
497702
602161
848926
445796
92588
304015
357141
185906
5504
217059
16657
851166
342712
304036
824538
280271
952546
758053
881247
330880
938175
768057
292774
527035
560825
347960
558704
862103
610054
722880
401047
76352
387854
281139
345302
952386
603851
362417
382634
301083
679654
49784
791826
424667
545768
335569
224951
534188
203986
882770
805619
315445
206527
919633
356716
416319
994636
63975
143055
312230
609209
686778
792200
41645
68394
204914
603826
914726
928311
719801
639108
344705
499611
63283
333538
187594
350976
226834
735559
686665
371531
684629
434772
665656
622164
945205
158506
351567
597145
737413
232426
970607
254002
767255
448049
843706
18743
575131
375415
212976
959890
786448
502898
404445
280204
702532
282235
254561
749659
892937
336997
883549
412164
620106
440994
95190
645621
251003
197593
157763
66725
859744
846801
81152
859221
304207
82464
846500
564361
512861
793767
476987
398477
301526
942433
909641
653801
492281
685727
761547
435755
238024
211286
82473
548810
962561
206293
114557
4682
616310
452668
509852
318241
750170
826173
807816
906148
230827
930695
51297
210879
225207
123305
25082
479006
175494
673776
744842
608773
355299
18398
434945
60865
963817
209496
130493
345673
686102
793430
345190
932104
606325
579549
724883
37361
730955
454598
2721
763413
804863
345056
80350
891426
610864
387992
161741
157707
989694
890292
573228
260046
29846
872285
173869
665015
961950
95750
278035
408194
920545
597403
312363
616358
145022
692992
217101
429786
362870
11328
458244
33809
908915
405341
325241
968204
726634
110900
587483
813391
261174
435086
2482
772901
822735
491329
439991
901917
102002
665015
330469
594764
580945
413770
519784
416191
591767
582745
161199
25663
172025
142941
912171
555219
393579
725145
355896
965759
88982
434562
121547
345722
696425
616076
866313
812227
739523
989760
561769
203986
793732
1849
69850
871412
695167
92229
50334
132504
50043
486421
607134
229288
73669
933444
536500
254849
390405
628865
893869
500604
779232
996769
741686
416394
647429
157098
683039
813020
876768
437756
938688
958178
744376
60779
950264
135491
650699
906414
888668
494368
49672
976795
374720
54637
897799
831866
699878
133527
104250
527702
234623
57044
412358
626912
326781
836636
535927
319481
335369
659506
198105
269144
993599
488398
258960
774886
817842
241193
393103
773348
859321
611856
427305
374395
743033
579132
276721
949941
449076
956745
206178
740659
995170
631689
550630
730954
881285
790243
135394
825386
493144
754425
988763
286683
896199
12111
910763
373408
851038
408748
353244
301019
155359
176395
295491
773226
550709
957
416982
435840
490382
37602
38876
220087
45525
383482
311956
447575
638943
531092
46387
454657
678666
644331
5431
252631
26217
173505
646516
497199
703059
225514
147493
942971
12328
406643
496514
26319
601851
208434
4677
646375
339553
844546
57929
90866
75470
669457
93068
836373
326534
84516
192212
636307
162103
883802
899622
530311
998085
685589
795321
801332
272863
962075
263107
481749
408209
449455
652958
730603
276080
328221
140240
904982
617173
561068
334602
829991
79275
569781
884948
64753
914002
398527
963111
406449
740293
551686
357225
511519
445924
670593
87263
98384
917826
472054
499149
13542
421050
129876
622925
671832
4618
185656
880368
887796
341972
729230
606310
867534
263591
48036
326857
138567
733526
578843
462856
101663
474837
65921
404905
764736
592576
331062
748050
452179
734067
763676
324433
959765
234477
292386
14832
576672
798984
448139
39984
580354
348658
740267
62701
532624
630746
268241
305239
20601
23871
182352
242299
730058
17302
810531
145972
495411
994291
124899
862917
20615
755116
839649
76422
101731
13695
513383
573814
626737
253644
488344
138949
402114
423608
678222
886517
294151
136781
836102
818897
873738
595992
956074
111255
555424
855218
850777
803594
652352
774651
61003
383387
308062
574160
484715
91917
602686
746241
36917
670494
812078
382310
610516
173679
112275
938663
859984
768325
896742
514098
11305
961234
189897
863212
242911
436683
491598
49513
559366
334801
214924
23991
838166
645639
378227
699938
127946
984305
8938
72237
568516
836102
477566
422786
672217
573122
157049
607652
692832
676326
853177
475662
625042
115775
370760
643305
463665
457450
487415
38452
308596
961716
116888
162842
927229
321301
389543
367385
152112
504417
955866
265789
659508
875284
738440
310980
446049
832022
59374
543758
277177
605852
20819
780968
125743
747303
297837
476179
651942
983014
172387
377696
208391
132798
776924
675698
365621
437315
456535
780040
141462
932596
520046
124050
544915
476913
751945
279221
341037
658698
717096
600775
240171
37416
212026
555579
197831
528617
5549
953228
971600
632653
9937
40857
893445
553326
531335
84445
674440
767141
994918
72772
871006
991311
51381
967359
375439
312378
933817
863366
259178
524964
442589
792501
238027
156498
236558
606605
63068
475402
297107
121670
860199
779142
383964
67795
52148
229784
729855
901435
84235
148101
622026
445798
59917
520777
547256
672767
460173
571614
955584
260075
985563
799238
118220
524015
584903
768972
694903
266288
516056
850760
680615
832448
195576
697010
775460
210296
839998
243134
349636
123060
14011
115963
115733
90505
415367
744404
155963
893704
817723
802536
279729
558359
978054
5308
567253
308691
906519
178243
555933
580947
4448
814562
354349
846796
823695
776944
135456
471210
852289
216359
967418
410642
153696
608329
977461
646460
391375
897689
466001
3055
878572
625346
478167
963103
642026
313750
910219
466252
752589
964922
310464
749634
855815
463281
634760
476058
239452
457076
664386
438034
556566
620543
585277
826252
849588
927840
83119
426278
871097
701915
660746
491905
444192
256853
1946
446969
784935
134884
667050
475474
870205
332179
570562
159404
11628
769099
953488
494262
733746
756749
613887
14191
992377
133832
371665
299820
790028
315174
317007
212976
852816
559769
493079
931072
208395
463906
361844
691487
699535
847752
212357
389895
670622
243538
615302
384280
768859
788575
470408
423188
407072
583356
243165
569075
420543
582857
312876
818836
792661
293650
778314
439127
704119
101165
294251
45308
340648
937397
116472
959835
148672
783728
669114
237436
947308
78570
460189
800487
942630
829013
45455
441341
725450
767490
56123
187826
434191
793480
787648
167888
742402
317329
290373
750659
902580
821199
680625
188630
624024
927137
904331
811550
760187
635689
733972
828283
764885
817305
805660
671144
699851
902566
761429
894201
542785
648683
194465
762579
206112
485519
55901
653590
292800
437349
797077
481215
76421
756754
745680
804378
615433
251750
688820
894712
445496
971604
187766
401998
947640
437990
562674
40472
907180
983119
114150
272345
807519
755047
167445
590103
670969
722393
783063
290449
250418
380965
812102
553355
343081
879677
228372
318694
319770
452200
85182
539431
975865
230861
982892
30585
555067
317271
216945
545387
904482
544868
866622
415352
918837
85315
310755
262482
405088
341133
720195
877443
506016
312846
950292
723108
274624
179310
828791
255636
950054
682464
792304
352510
271273
977042
552052
733911
24879
728828
446740
822867
189030
890829
988517
953753
793691
12732
804255
204533
548063
455535
877150
864130
672514
645429
309430
25867
31043
337496
934291
282554
109230
707024
618099
564796
499344
994545
637569
935863
655821
520507
743368
685723
551370
865898
309496
341132
742192
957192
479828
627918
357855
333588
652126
490548
27546
437053
366681
365234
498168
871604
385171
855543
465874
91865
771106
769906
481993
302684
719493
556542
535226
686709
953442
283632
684411
354923
924656
120877
613535
646915
270649
524798
283925
85306
272294
795432
146280
21568
568447
742872
972365
126281
750677
787603
919164
283662
648453
941324
394962
489338
305807
716980
515924
980676
680160
309216
449836
977054
734508
445365
334873
452532
907914
973578
635689
944725
78055
3996
923274
643855
703658
779468
949183
489742
132479
435310
165721
843697
243807
737130
441694
972721
373115
383945
794598
465767
701600
344829
551300
140332
682199
171460
788889
512726
366767
900608
308933
294754
50716
281197
494930
273089
504725
359241
494530
166377
787778
382964
385363
254128
385395
876704
257625
853070
233596
537990
817608
150878
956238
487917
307705
235384
739149
663254
391491
706139
539262
437131
345186
631203
448290
672530
773089
379067
34348
539162
612688
237533
168530
565421
555702
594053
629159
738928
875641
717247
300096
506273
986559
473456
279531
229636
910756
77877
691884
484426
757255
713717
784228
932942
205614
396301
68738
513367
135989
468073
236453
104731
704186
648908
869684
190655
538681
711015
180485
636118
757704
306711
745216
102796
35412
459708
474894
9439
174923
524229
346206
7628
718602
273329
70279
573462
831927
185434
27057
610516
665864
668737
946155
67294
51460
42406
340204
768953
434251
882844
37507
354014
334664
707012
570803
634002
91056
725746
910380
820638
481739
278930
161039
758881
530099
607681
575789
457684
342126
104940
253742
915399
50920
430252
182083
811371
489651
990956
352074
415332
311472
393797
87960
952815
387259
575469
663851
171614
420621
700906
539206
889587
915538
672711
618958
977104
525542
545137
419833
435145
167747
606201
608131
513828
835879
319434
176573
933620
88959
277798
5310
166375
648212
585443
159840
879345
235049
192081
133814
700276
42362
678090
116279
78958
873680
399181
351377
399530
559629
135368
187263
162962
560407
235684
37899
66283
728514
469576
994155
184509
901457
557493
120437
825352
700914
627509
475059
776263
961964
905318
970024
86941
530261
439331
624745
659295
640770
950171
413810
238216
811655
239042
272547
176579
359271
536664
528346
100886
109534
38265
431728
750323
181155
793509
938404
685403
657362
328143
773869
902499
311956
485330
92842
380633
68977
766054
150229
346764
54498
592899
813389
636111
308361
172772
107509
88523
352465
455535
992072
391888
354861
586629
445386
888641
950082
301765
324968
796208
904447
357878
532273
316758
696018
461012
738440
466234
855250
891079
616368
860292
925486
536687
939350
367292
718738
244902
981203
881004
597242
695816
987163
517540
79158
18743
437442
560294
637933
776185
984667
308318
825481
831882
416248
610599
35852
611778
277278
519623
413211
387
565980
217916
437033
694090
595438
340540
646544
980957
909634
819601
122046
733999
26901
362579
241725
800867
834511
715183
603826
836889
845034
102953
40962
660237
486751
386602
403471
169782
503319
201953
516278
792833
315883
987041
533255
224761
791767
342807
893512
500596
242716
210190
725693
227891
425637
306999
254242
179520
599173
525284
909402
737803
758566
993518
292408
886078
56360
157620
318162
82415
39640
695987
686430
212662
621135
976174
902954
107505
639396
597456
771331
779923
24495
149393
547580
698418
273044
453438
465058
747030
121079
293259
834797
465466
129585
723478
991178
695639
311800
809162
211130
706900
172850
943201
343985
838983
800159
796980
477863
420163
439875
372999
727905
763807
326739
735652
985302
735074
106670
771429
319361
87927
667554
999180
33491
636688
266905
267218
181782
455614
148757
228564
870951
129053
666846
241575
306897
870870
380757
150222
883778
192519
800546
603765
954867
817053
152036
815368
442830
62283
33992
301799
985050
903809
79254
466573
413512
121180
22569
58395
781717
448995
498023
419833
795153
998447
16776
195676
587562
862327
669323
641656
6053
429714
125506
874813
824581
838476
945700
29850
161894
805163
634570
445575
377758
827544
905888
110939
479758
866814
479177
420972
36334
248069
696140
447559
655634
741838
461735
513858
983359
601054
397328
169882
626301
612028
139045
764885
296744
151308
527842
18478
593860
199064
170195
927415
158122
867319
652747
252294
669250
730487
449110
957324
541108
644298
439670
271077
238962
933863
774615
800161
46054
142940
407190
977520
94628
784148
6897
392096
252690
452342
750326
532677
420345
284057
412569
876889
913736
331204
731929
288872
164246
902353
809368
565505
338652
640999
616017
270387
926826
130705
185053
445885
538652
867275
650201
552220
536154
980670
680634
748520
666312
866464
407522
254477
116824
144152
802798
884545
130737
802752
162624
412489
409295
555233
192016
428526
56261
425464
517
808603
477992
353459
83436
249837
18950
392918
511692
497344
81439
120861
496243
853667
263495
679688
790768
662328
763251
653398
952277
108184
683309
52918
716107
707733
809994
400319
242694
51297
37814
371353
935642
712400
179433
227982
424886
860249
839769
637070
263410
113318
312567
769648
78280
356010
115699
520014
565332
214729
286368
228161
127138
443323
983095
683240
833808
473376
630628
954347
363445
656622
618433
579576
410789
314991
457151
420149
288049
372176
831820
240714
3165
504752
444561
335325
469600
812378
665434
911740
933080
790629
808326
969844
633785
592230
788389
446218
652564
857412
798568
306675
388568
692275
310911
378224
867209
382856
403565
298147
887394
375397
1104
79997
543527
401474
505601
29557
200281
502579
696575
959657
159663
25339
765110
434818
30434
926481
900258
215398
804793
565228
294328
957357
270807
345999
638383
638855
309136
775278
852464
406170
63296
146397
459402
971167
227332
520668
358811
767443
754039
777502
998091
249741
56555
588854
759763
349686
837724
891949
777503
700015
472043
284384
202965
835284
83157
798825
45457
322177
397082
24888
93078
779551
620380
615756
905779
160099
140424
451116
189464
698236
372929
338280
370939
917531
15850
781746
922370
93851
212075
985831
164909
676418
679186
72003
571928
789541
58419
756866
409367
373369
946034
492197
191678
317664
267056
560706
246095
325241
286186
465981
597014
822770
115616
508654
739883
540644
503344
955512
535208
744690
496421
197866
982923
9317
214681
473153
974041
123022
924889
485519
800492
811869
574818
816553
597489
117754
720868
81142
259014
392305
987790
358252
278543
101319
708776
665382
411570
455333
935272
871646
889176
946849
881678
563729
791641
251066
897008
382785
59506
33647
16270
134833
44540
766358
251334
984907
143143
422166
828474
364979
58188
770400
280112
622425
329343
344562
247052
803278
384615
239013
432177
546884
761577
17923
651776
973723
941535
256051
324270
105257
151464
137492
980517
14716
270007
971547
349453
645293
33674
549504
666010
509157
154809
280157
93391
542994
756294
527433
248145
95712
509796
728217
216966
288403
580317
974458
401873
511158
805957
454666
934524
427817
108526
237569
539961
273605
572796
697143
628085
105802
906859
106823
981936
949833
910442
788880
850434
793063
227296
183923
506013
626866
537496
958897
220050
577483
341342
877315
873068
40344
635700
822491
517449
613203
169002
242128
853138
569076
754211
217717
344041
436307
99276
731107
962272
265528
170588
263654
732092
994397
708240
921876
369199
925948
394009
496173
441618
173652
693252
909362
256356
805752
465183
77971
713430
855896
330570
641513
431471
875428
236035
435086
957861
836338
180077
395282
162349
888586
225489
880607
122831
387697
681029
345012
728051
34812
40296
924692
218304
73110
671271
541972
804435
523005
769484
161587
440957
223567
163869
399149
650407
37332
387580
793397
974900
52806
498269
807056
825245
229838
481107
284835
700138
255919
485668
260343
224128
996059
207156
834499
372004
524487
420427
675190
186326
462468
750538
210458
145697
143283
206296
62776
24332
423768
482518
834322
105116
758261
543199
515058
117109
466104
10735
347526
446052
934103
542753
930804
545148
404501
153780
295126
692703
203316
376960
453253
826057
814077
417523
845628
365023
531743
88119
322606
640626
155832
512864
221836
418119
247857
746503
940021
46986
89167
153540
462344
356549
75474
921952
476271
461674
650003
475768
561258
589766
3255
35138
557692
203864
731911
284501
319869
175653
877362
84075
458234
588831
352872
848839
468847
763334
307817
835244
689954
561778
844731
786749
385361
211755
865552
260266
953073
217827
526688
838216
473422
944467
389830
919183
35118
42152
412201
628620
54472
950317
868467
692863
669467
607872
641163
9166
136099
647466
986133
810440
669166
404460
410690
596989
222293
755544
750404
308806
92985
34822
412440
170841
50591
30644
81181
298442
409678
275523
141674
742161
997899
898786
135095
291255
775418
436711
731232
224240
638837
16220
723188
669428
818823
880284
589799
776393
342143
196969
255897
320557
5045
11269
847677
369385
905025
237493
280170
34137
976166
849101
849377
618168
297208
333554
441961
457388
723389
865951
657065
618875
875289
558500
89300
115029
445406
301085
561462
632062
675891
707937
73096
270783
259739
893242
749500
379868
669008
755315
474924
219136
404421
236081
885250
165061
514904
808922
443721
777577
680541
245052
893191
226696
290450
57459
126004
114244
430778
725017
564720
364996
926602
721233
930961
790681
317697
483553
563104
868094
862474
957868
123981
142940
318114
779889
705836
241133
692083
733348
880252
406039
172863
143234
587906
472374
228933
206765
821042
107181
746827
368512
981056
454455
684671
856590
999167
401030
585341
677580
652665
933139
830280
624265
229602
656161
149560
447877
436304
60941
918186
559259
587578
248037
412109
842296
160671
504892
328317
763852
259089
669566
511098
670327
414078
80720
573247
113999
486054
739369
114830
933671
218152
218102
786576
336189
708589
245059
292197
446238
621156
653527
479368
428621
314990
369992
614342
568200
531455
804674
367193
579103
582271
336722
913474
849180
672608
917621
897183
604859
224706
421590
409048
519598
697412
252758
321613
666408
426956
279677
626045
341985
471433
951549
684494
328014
868344
730411
983929
635023
873289
586629
319907
938132
728247
389023
998181
556558
347869
534590
347266
746140
822535
900932
985891
303609
618417
577993
589881
922128
444039
273993
511157
302056
75176
738336
176963
137338
682112
540669
994928
441703
656295
877329
31156
666625
513828
779
331374
623547
285169
138255
885413
708913
359552
981104
11851
728490
119334
143353
418773
624658
605927
978596
612455
185703
127163
723844
807700
668384
483277
412384
507321
953991
196091
299617
394279
163226
86669
369604
657450
270721
574915
451442
983003
734394
857382
738439
978525
227333
47566
389528
656719
260455
144676
652408
246241
357878
262963
83258
198765
805654
681895
222036
126965
629254
418296
600480
424385
840667
424741
25122
61627
99968
472566
272138
356132
364747
134466
843991
967785
109880
575822
322363
482326
886018
437155
533075
971406
51703
490594
85716
165478
95766
467279
278076
992136
470545
68667
358305
841636
443544
675905
374908
431878
367948
805012
377806
202097
866490
284236
995602
386652
623664
343590
501613
190406
170065
957676
213131
99626
172571
128470
271004
253106
443754
946380
863054
336146
917133
618647
474626
21699
397866
964782
109015
742758
338909
329697
688113
731275
255442
434485
919046
253116
668079
308442
956943
205229
139146
234929
799469
479473
377486
787018
295722
69226
399239
517825
208828
204097
813109
852894
687453
101723
906190
659230
194394
558925
899847
863966
759985
474288
162222
411695
357639
479528
385875
153172
698799
513221
743645
515551
499728
258327
434315
62985
249859
758348
442752
249268
805770
350037
353250
605943
571742
32580
496266
686360
169015
833573
71092
615493
111491
668363
319249
230005
479569
391419
424169
888074
468696
351931
842411
885123
750854
652388
144262
45709
805243
49875
419442
169001
912446
803366
795835
936888
157622
728576
958287
982682
725477
304131
452267
628853
6139
81510
142751
362308
749718
878943
101861
206516
359082
355207
219986
246175
589461
436506
871929
890266
130220
134522
731047
866490
234885
729290
515760
353382
767913
2978
207687
958860
949628
18943
92791
617849
15802
907491
671829
406381
499247
412171
325980
768068
903335
305985
33534
543340
561671
450691
857855
60002
25263
921302
654695
974244
409076
576730
836890
354783
775610
272079
377882
114401
126903
379648
783065
883999
170330
186039
967632
508555
675968
799053
910897
402911
81610
23954
982314
191936
143630
843283
31075
224158
238527
120458
446496
997954
410728
545302
829665
825689
659759
652148
151998
216978
207360
909383
441991
247339
390169
183318
636688
291831
264723
627018
211928
99276
782449
91843
819109
527289
270747
791564
856797
215195
276511
996771
783888
190168
274950
743284
842296
498531
323489
289541
574773
336892
971554
813800
486458
631806
364428
307819
427582
986687
638855
522733
814617
216041
294943
729254
859441
613062
632379
35126
975211
648808
445068
866728
467589
99518
382789
715861
533295
460410
986699
169767
370787
849797
692287
928847
782449
40608
648772
792124
231636
315642
318777
963817
633420
375290
512861
745109
378285
933632
92010
364143
763843
158429
276522
951365
211862
174464
482808
599925
470400
806625
477386
856720
93885
105927
477870
223888
6012
78339
990197
617000
825890
308355
269443
913569
210167
375906
633647
392305
705828
637169
914006
552064
39494
725025
101123
62609
850338
331204
939996
616803
225766
284702
901337
179116
287158
251825
188611
25986
287333
430019
188326
931467
481590
465705
510879
259345
911207
806575
137778
742607
714421
519593
885614
987017
621584
964126
817688
24826
389168
782892
6642
275203
55653
753921
245006
757952
653102
487046
179466
884871
362526
214236
257279
315174
281278
83212
13342
953528
286724
448568
220438
676542
248545
906471
525471
366920
369867
713717
36654
11967
751763
66469
615345
625536
312763
669066
271091
847723
985677
31912
908362
250134
186785
474326
943234
70066
613203
637200
125918
439233
223409
767141
521455
956334
319366
375918
563363
709240
453575
284877
288208
30594
275151
783851
14534
487802
400283
254406
316096
238581
151511
481025
153024
327952
724773
100667
539209
492169
153457
504437
927057
948558
282013
229607
280523
8151
906280
411483
373514
312433
721697
658824
138932
853064
156319
803925
671797
577520
562938
698704
160819
657761
994354
928792
735534
221729
216227
615803
880332
747642
81395
660049
409800
947133
439534
720625
515733
536292
15812
64116
146722
350759
957265
548380
540968
744826
112274
514510
858842
961785
658536
592741
678999
477898
388758
941887
560999
73350
445049
340226
662280
391247
45445
519780
349602
967102
956276
141904
115823
632375
402846
674979
592812
617680
250744
655735
838811
326967
231449
315752
113553
898122
683354
617930
628478
282164
773129
824048
617904
481690
721540
481488
777017
20120
273960
112753
537818
929597
756132
968549
792862
911901
84141
595295
100886
648683
588621
911406
970937
610553
708531
993575
730214
803584
644633
848096
292680
239067
168914
792999
42203
333919
116457
395765
975217
444787
283213
589461
879859
935712
675200
420647
60358
367867
306027
779300
143157
814015
594405
294192
573818
398064
926927
594598
199983
567004
571939
63392
791342
547792
740914
279516
518553
141158
768657
440017
548160
987465
759936
643797
854785
928998
396057
225420
11195
22885
33488
421411
274562
308785
79695
252469
695635
532223
996256
97069
129016
342102
479490
527742
10072
851116
962128
400590
792371
750470
997482
304107
232348
389652
500669
564672
352872
48142
959476
583400
200130
576625
205772
89730
547695
941300
967464
193890
502898
31709
913907
629940
155324
83998
523513
575822
10611
5240
716045
138207
708217
423377
45629
795922
11833
680275
266424
712847
114431
809994
996267
476272
54628
309616
773492
278725
622131
488248
700628
424937
386019
944456
239765
146458
311028
87196
162571
302311
968162
181666
926125
10934
494807
950114
449275
774651
297325
782587
194847
362785
625734
732602
240568
216418
561053
620349
658745
586829
723763
52888
999605
590567
753232
113779
946717
724797
91723
780942
498226
824373
461170
800316
123804
87824
319567
123994
397034
300702
926516
73990
968588
802274
447521
880575
114562
185618
835040
385200
459813
199224
795928
524487
908052
829089
46981
180084
519280
150784
207506
453639
769957
564580
985302
167357
486524
665656
729757
706463
67146
65464
322406
433152
888123
420611
489395
769371
611280
483801
46714
918332
707844
119372
893711
308490
399263
88545
839343
151826
103701
284624
413643
77587
633921
518901
657487
447006
762786
580266
713543
388961
401470
472054
601203
420689
354504
540055
312931
752897
358646
380999
204324
524201
371583
128187
264372
570470
110770
408759
16375
308927
362706
4202
102720
642078
802410
702055
29444
925678
336146
965945
751273
311781
540238
501154
620594
670122
697901
912080
593997
471182
253024
96792
49995
658327
657996
63975
309886
265213
970696
719428
976056
694617
377390
548417
7399
410057
618875
659980
118123
256863
972700
417809
686654
41760
219460
500615
931704
708669
75383
256471
561827
720936
45752
772029
650869
30759
442250
701950
972745
833458
829511
562188
713968
312434
824573
522051
484152
224186
508657
328920
316089
976226
722363
926280
955432
23241
596607
794427
800988
326926
726329
524798
604756
297033
783419
229288
576249
271549
555637
773493
452401
282534
479480
28493
955202
657212
527924
924863
603225
396959
508938
491170
945393
996624
157446
418296
873586
380952
150836
573053
821495
394009
249882
852011
26312
13542
418495
204627
686791
252398
248344
46485
343123
741707
883371
798618
171298
355150
396460
292544
347421
918022
472421
63438
960207
486477
570252
695595
247041
355772
343162
818875
344705
803925
908050
634647
850354
243780
594220
449823
57472
125664
540004
550921
393274
342760
770980
659247
203196
167887
832530
82138
284654
346627
636240
597135
80860
754901
51255
409837
435032
717219
114395
307735
317472
340310
628963
398635
185315
179653
288116
767400
527402
551549
261865
43918
878908
948788
693318
562456
800865
138662
1853
312973
969593
196839
525298
70625
322824
918626
436435
108938
415215
406088
316057
902364
74218
338073
504021
268438
5504
972566
20284
8185
317017
722289
898173
165390
61961
738928
284939
77742
610245
421785
540536
738417
703978
4254
634547
134302
618890
241932
193156
363166
782994
847194
279746
931502
563020
989418
98224
711310
409834
519689
757057
944790
650869
414979
628388
607954
632466
708479
745500
418773
885679
397207
475085
130655
353716
597064
89984
644177
459217
465310
702087
396439
279043
525216
629074
404975
749501
266648
681467
453850
149362
698308
633699
763149
581356
114423
773455
961259
439873
316062
498725
431342
941648
910751
612189
934299
820452
677239
413685
758994
996864
32092
266619
797973
155439
495811
341288
797042
581799
913893
503262
609515
75340
399598
215
924173
20260
395472
572573
849210
262696
976492
49009
216593
233768
935976
691710
550248
502931
487572
22121
870171
50794
262630
236915
108372
918848
705582
68260
623420
800989
954653
200111
832480
113043
576736
601907
80964
121053
250474
731231
558889
420824
617342
641489
533850
896685
373269
817385
728304
167909
391128
36477
143601
477731
954684
704944
597304
503728
36568
915001
408831
686260
765972
495371
703012
549884
581607
381443
429095
398303
730111
394520
605594
548757
459077
179386
775539
732811
2512
34495
971572
426057
999515
324115
656876
740306
273799
873353
637492
111672
216111
878036
473905
235956
652190
588791
996622
904670
559371
997971
235505
444528
142940
436353
526792
358091
800658
899218
953191
964370
510496
920404
497806
348198
99723
832484
668282
549789
496108
33935
967993
413357
76441
110951
726840
68124
642604
994330
361348
853269
532195
249991
583605
333478
364838
960304
678204
481289
318630
968748
621656
67343
200109
575581
217433
223280
926413
726803
345853
144845
639629
187290
507382
910897
146149
598931
985301
879059
989148
859442
361714
834809
341985
402397
300008
799902
746177
608545
363483
528057
417036
952404
733873
433804
689381
345137
983536
878326
710300
643782
416510
732811
641653
451806
105721
508954
845853
515271
90224
31646
369549
341907
405058
640859
57005
579053
355169
629860
913467
63893
1042
429547
146995
107469
99723
278459
605170
787554
17024
134284
9806
199539
689571
412968
548814
93159
124781
31308
46954
755081
679176
528704
714926
981056
151284
509650
441677
877580
343418
110165
413643
695380
131159
384498
219780
996757
526125
339393
331642
161666
594110
117631
433292
416987
458691
699283
953614
252633
57991
654895
596163
119966
98148
750766
368848
293798
67257
332326
88959
433807
845003
185250
310651
589654
82864
270504
786041
906324
925922
32044
150717
49452
846803
424919
361382
681711
611838
763698
477983
306468
605180
593743
759884
608542
415389
434766
736311
650442
622693
642222
28091
235198
342723
510533
745862
548854
442084
136858
350299
641668
282155
151979
573238
638340
334505
996516
154407
403083
754501
712001
352991
950319
283512
677440
590804
396992
99168
455372
38748
571042
121583
830952
967447
711463
421407
566491
641796
227873
381813
488017
542709
146145
239345
41746
113920
94414
608040
650123
716324
213172
163373
499097
117376
121369
153106
412941
189272
625274
570603
888245
149912
517943
664746
160917
479828
151106
179975
536561
872567
317632
855038
442803
615007
257031
859526
743460
262218
568436
350786
925486
438878
534350
301625
711432
240621
585990
673696
397613
626157
450738
138070
236362
95385
792564
467513
839882
746423
31162
609755
930670
973628
725965
906365
452230
114298
222961
689247
389261
529343
427800
602573
595617
345369
900708
81077
776572
368264
313782
51758
440509
65252
970839
65680
62214
803622
706894
671043
652248
587802
335833
135852
914212
502755
487010
650911
533063
862873
459842
86962
403082
323206
407113
310368
548106
866164
243826
972307
930720
733502
340064
288264
824571
813705
745999
286936
520799
555173
241903
980761
203710
165586
929652
626177
808092
330290
230966
321
88235
398506
865240
785322
958118
926318
501850
204113
628996
621564
555059
542709
179050
947989
386730
952104
705302
660330
89957
391811
347862
564389
366151
360044
316331
261049
719997
344958
793394
234416
739042
977113
971007
515592
807711
887747
547420
16844
861356
892662
780042
653976
614839
459465
587130
499731
780076
412081
514720
667746
581576
702551
848402
790830
813164
733836
555453
991090
549516
253423
658574
532700
772312
128338
729000
220110
504487
712632
973826
64798
303150
403143
955827
254365
292711
658318
559896
443513
396363
719366
214263
588527
895859
997810
398191
558126
148252
205371
980174
834582
277323
448214
454429
719923
637999
933151
448336
338469
636615
846827
322477
964034
236974
822209
664166
730843
165494
625930
355471
733250
996634
485473
625432
516823
473539
332623
616889
190238
176683
893542
332909
562784
277439
879611
137854
867972
658324
97682
218919
254336
996630
646059
492185
919367
309472
366382
745591
889580
300518
968761
414405
946178
124786
374395
577377
702600
189916
88757
428526
977431
84192
387891
135807
643797
124484
475662
864339
886129
513997
712114
48431
638108
252922
709374
306240
113012
992560
920529
991643
820124
94307
132498
884562
916497
68597
154059
360819
153257
901003
78148
629363
814393
831348
103250
762233
594914
485637
841251
829156
953934
63863
627681
505166
202302
882718
920835
858961
328574
530581
858495
774239
11437
538743
391014
768840
607825
627548
455877
354135
184211
227332
550019
363174
646460
602114
170490
787670
942491
937695
8707
604135
914550
521781
789223
51381
138732
162609
632753
769242
293162
509233
655663
657769
867944
798568
948532
631859
467872
399100
887466
695226
749974
694372
734300
403138
287676
929727
378613
437457
334183
229918
862715
937154
562300
384920
288800
199078
750883
596288
320781
520705
788515
471442
649558
489779
352315
386959
882605
576485
254543
424607
649559
299279
104510
264486
354283
197869
805163
576515
348112
337657
619200
147336
226680
372420
869098
334027
113553
620006
575931
709765
208654
859755
69769
629199
277827
286858
727802
112304
22091
755283
727264
270237
584030
947836
183996
968717
916853
449877
544410
114668
517351
205432
896256
911515
499760
72281
558166
883552
47691
584064
297823
976406
304421
938994
195166
524204
967940
610886
97108
816044
635829
167539
524543
502444
763334
212976
776186
106046
444709
566692
43180
456952
866533
598378
489386
601810
207414
627603
997404
291404
602141
148596
205666
437018
971635
288416
838529
827972
755195
480833
49955
35126
759123
967483
8938
802081
770846
405437
848867
465712
451673
200555
537116
673683
486070
422877
297915
74307
213226
1025
291990
391460
641011
14274
733911
744824
655820
745994
732948
482771
228620
602975
944823
652971
548678
883590
973867
433152
723599
237260
634610
81330
960973
550850
298687
20687
416954
829020
586567
395684
516009
413251
282954
397847
427209
114298
424314
903376
912507
163553
995115
509142
691095
649663
184042
510022
686234
221947
319972
485330
820774
171506
939759
58977
739382
615328
924528
662216
524796
86657
232486
3135
613235
312341
623502
152929
506972
771352
4779
232659
55856
18049
122624
971777
772043
174842
506706
269487
939788
439991
104971
789563
25286
31709
44316
38448
507773
980575
945660
234512
789311
769047
738399
727639
196251
931191
536521
591238
465879
988974
836132
410911
149810
285102
622540
552632
958650
485284
773568
289141
929730
893184
691022
19120
423601
721980
804069
813291
856747
936594
232042
143611
416425
593142
341434
649142
579192
260887
248624
122748
741869
546161
656445
371603
512948
495638
144535
45284
423069
93388
285146
25254
346012
510934
863817
485018
513595
939927
123063
257933
288982
307892
714556
360837
302944
637486
280753
799902
203522
486363
888282
510379
28553
939694
756023
584320
651869
69448
593216
179969
44188
751261
508309
222961
885413
203886
487256
621255
879791
73993
694792
189937
618351
73858
333137
310541
839217
249812
438944
809583
286491
395688
391943
736308
162331
570444
293290
393925
951365
990532
691886
482366
934425
946015
77750
117037
4933
75866
125922
377992
266227
817477
547105
275642
183799
286374
219663
714040
525459
31082
65503
274199
995446
150705
540780
446181
672889
303039
89442
964320
628784
596936
233336
19691
23241
324240
26802
454551
420676
322906
813621
31727
971070
828677
632837
706862
611370
122293
425058
226455
530932
6226
306622
579772
275291
897174
691740
156025
561327
611063
565448
154935
363381
818981
615547
524884
820861
816297
210526
986427
214051
801011
976852
263954
267693
766623
877397
116431
830257
946271
954660
743639
501561
190743
559758
995538
680264
458424
493992
534353
528104
993909
530492
586683
866771
911515
433731
317380
286693
164236
201631
11959
489085
257484
777262
542703
375348
789264
404903
836985
470675
422191
768703
274678
573506
723679
328705
604859
570614
572619
318271
864737
763857
260291
811027
394515
312341
148749
371396
776762
945155
912175
380687
516676
307075
194591
434207
267926
483213
229817
786876
497344
814451
702695
119372
553611
399767
579635
781177
249741
430687
447076
704082
109211
929585
94612
672844
642389
697032
576351
108352
267809
666203
143818
212312
328229
416067
629571
761109
494088
424101
653540
249095
733999
961424
264766
128179
72090
768794
567809
84017
97582
854106
770632
495972
706868
78570
760234
251340
844120
157560
265529
350937
358434
142696
298903
551198
372226
141274
830939
352768
403905
524700
736913
970293
719907
281874
131519
215042
161251
898520
223877
760230
18366
248367
900299
573741
598869
978375
720712
984392
673220
583583
549066
47724
476749
693902
751442
423885
770836
746506
499317
558178
351627
106138
265729
135036
304747
32900
336294
497453
754746
185112
946433
895542
709790
251159
801308
226994
962438
946178
709392
135635
656641
101060
240572
495394
815866
333719
437306
676001
579215
81713
767985
31944
442308
71642
504426
7974
380172
841069
580091
261657
970617
613062
847982
272547
179794
450385
632501
305575
403922
555658
289551
626728
488849
27665
614402
719576
292661
387335
737084
918402
944484
351497
301139
934571
646077
618647
955182
524753
603869
4863
321646
173083
869036
527582
445044
636125
750403
297033
236655
675675
950040
650204
831615
825704
255893
780446
908633
335398
806679
671248
709348
296664
62643
279241
678517
772536
661600
909323
566077
228922
404295
81958
922319
717823
314547
80836
969742
872213
871406
124051
545086
488898
958148
711529
396737
824815
375428
87283
653001
798178
964192
323533
568730
295410
945964
59566
886123
364249
68714
924563
618150
518075
248204
800290
963284
358468
331634
865436
35916
601219
776924
404140
601293
366994
350653
11200
637826
783343
750122
716553
332059
517964
15928
680853
820825
550954
807772
429660
397164
404028
352872
158716
784623
893211
149815
519780
850338
355068
400009
93585
854484
516578
396900
431358
516293
561041
945251
2420
10493
466094
262884
337917
163543
965837
417253
851576
405855
166247
55867
499466
726700
301066
291831
728495
165269
117650
803944
490191
874591
642253
450830
811792
653556
32612
594566
906282
942436
986542
38043
340545
278209
444493
106615
259605
407118
392023
904077
341897
803161
398019
228473
584345
625766
770604
797179
143299
876376
802234
105311
327733
457733
683899
554377
882943
220747
245108
50242
42035
962933
786485
726939
749392
24859
80177
598536
398908
151821
712474
660049
293755
111079
134884
8677
422384
757643
915174
137773
626584
547047
863200
691967
904060
630821
491964
285953
707094
479446
327163
325733
650968
305395
375733
999795
42283
670626
884192
590887
698155
737780
827076
486516
135178
511172
267059
340478
415881
870385
319160
832005
611583
91519
403297
859860
165688
578510
743755
590478
902812
176583
991651
107466
111547
131135
71755
243870
426153
714573
179191
435955
917915
551804
691437
470420
999975
627506
165241
967102
539761
942516
587265
290695
981989
711013
115884
213414
7399
813409
15203
168323
274622
893560
876546
670530
294117
691770
750736
272776
29149
415881
246557
506542
525651
115181
291543
469677
833192
988747
618908
337088
311433
747897
502090
975182
527269
39986
71061
417908
759020
382761
391713
578630
617639
625973
47426
774064
795321
348761
936561
495377
64639
339428
416466
122329
460463
572283
622733
859892
768557
429622
289141
165522
581954
152436
106318
504426
87747
460776
992714
845926
158496
767049
311072
178333
532683
57192
121708
794424
626706
41095
696490
536376
968772
783620
869989
926927
483600
380706
52569
630928
274865
792820
133251
787244
356954
463643
687361
885536
84338
664129
138874
669057
458263
73082
781251
502151
634216
373374
989279
345985
85393
586928
923556
491129
656409
103303
5462
451884
123792
462811
455614
438927
42393
292013
629635
738804
221574
560294
338424
849818
869228
531162
296516
588222
241153
568235
523573
877836
831997
912246
820780
747671
449815
136802
108526
533737
868993
456083
684101
11702
430825
290881
851492
38065
576927
233767
154936
217561
210369
548233
832728
531503
336963
530778
583615
989275
805957
231063
228069
266582
68749
254336
174206
522323
103232
927403
294222
567941
991346
123915
939956
567904
107043
424547
817688
198793
744815
221749
411838
903347
875699
952248
976154
496900
905092
542083
86915
61816
903187
571063
444853
143785
279530
519593
876353
741902
465704
437729
514116
314208
621790
862125
608314
840763
997438
55420
707390
374388
896733
596375
523217
966934
760132
816443
676825
113151
894491
203200
618289
571350
48037
886324
531092
999542
517309
641094
525824
91864
985844
961738
724915
862322
333981
517524
170726
171707
925027
571122
750816
588031
362381
58764
382100
964426
199125
22798
559681
85830
840148
739623
311502
423742
167798
311202
501245
129116
914868
507281
643976
429450
200002
332164
904589
176142
7592
376537
356593
969767
389606
449900
173235
924859
754473
345541
283038
579704
315404
841449
897810
582721
758585
82260
657482
26724
363171
564885
785127
401393
293727
174607
235966
420314
598636
387776
377363
298009
792985
51755
760474
351581
895587
919684
969768
869869
157358
690965
297323
240140
536349
423196
132997
749139
307470
964199
339230
559480
666743
564622
398887
694880
440541
37949
824048
442626
16719
566617
591835
798547
242994
273459
981314
677862
559419
285919
838022
198910
526335
960513
992476
99034
722382
183189
720867
698523
147424
111079
324439
286702
596757
10909
248695
807808
879202
391925
829773
661045
381027
285806
663881
121660
511087
990438
827047
752388
675425
890373
13372
525311
883507
67712
926484
851795
653137
676951
748050
256863
280752
571677
390575
532436
18960
27721
855085
522525
395201
512968
630993
701409
347828
119342
674542
74005
434851
440069
360689
661803
6460
754863
287808
989384
675218
415909
735515
341972
564368
937407
404076
531144
407757
147951
407190
352748
181084
557450
758186
706900
420033
539947
214296
596914
477808
15429
252663
327357
319192
757412
997438
804167
349061
800824
156433
919405
932789
85825
79968
950949
310335
707117
169783
138758
278406
544038
525162
302119
660639
281518
728757
233596
988018
886472
914766
55140
321777
546452
992941
833829
696157
971639
995762
390301
578722
432094
442090
51006
156232
914272
359723
520228
857526
714536
32371
597290
407201
832740
590535
772549
669759
146890
876451
369992
867283
47773
890592
460789
875514
146247
28125
759410
937161
674364
313669
857868
272109
702665
871748
660870
712403
864803
463301
623453
259912
866273
370897
441299
530212
185300
857952
932427
659118
411134
799928
864098
921853
812551
296869
539750
455914
904448
211300
865780
796040
952502
812539
297288
683569
602583
364470
125706
158094
708479
239558
979466
649036
264141
603311
583587
421291
984522
819109
953550
990636
718133
283847
104139
707931
865951
323895
709495
75989
871080
834873
353037
972959
135641
595677
840169
877123
847978
551870
649887
643518
860299
272221
164065
307549
613330
369874
901809
108993
733413
336530
693824
110877
859475
666690
848175
119813
27725
24479
487814
995137
695404
772049
959766
708270
68238
985338
253376
546662
178173
189111
140270
407610
282114
555845
348258
129279
51577
148438
231072
105311
118041
163366
590583
80620
81378
829999
885163
146418
336963
175643
520412
260562
249191
786261
839987
721360
445650
805133
326720
429451
522555
684808
254701
510568
19625
850575
26859
697695
875615
218778
938124
129035
815050
96026
289816
977542
739859
644925
994836
40020
353583
274919
359988
810536
122438
96775
801800
172274
884011
967452
228069
905299
756641
193790
867782
371570
697634
924502
439648
153959
536613
710407
460547
368318
286857
373860
174985
904349
584838
837427
293487
436690
425919
932104
236319
816076
676463
962110
957854
429901
924329
314674
314187
517518
145607
66909
248865
152163
323185
964423
992963
261741
735826
527732
273672
842642
263298
161612
616996
709959
580498
523455
800565
677086
284053
707126
410165
384633
804883
132098
297483
313750
740420
896235
394533
137632
938213
2643
470007
631657
411656
828355
287913
633876
362404
98004
753479
345649
84729
458688
507538
453465
272198
921598
729487
828790
469435
884424
700456
70312
660785
541363
953732
130224
402132
346278
919633
702451
961877
12917
302321
986557
863200
977603
929320
171722
470992
65545
396361
583852
116926
714240
413750
878733
401166
538184
978855
526266
173503
463109
754747
126319
973226
567260
992345
799533
925042
270319
334155
125950
403395
192469
622595
321886
989482
705275
918747
758725
814084
2323
702908
606085
333943
814327
669533
909899
76441
908447
608314
517964
242358
158079
736662
188707
444816
450085
762851
744570
222633
538115
324218
373796
580668
563152
167360
889859
408863
509987
959365
803767
116983
980704
145101
565332
999684
406462
298630
850638
873501
733836
942831
992272
491714
340757
534120
67449
182003
75959
202521
399664
656606
450385
825621
592692
584307
925212
185826
578161
724240
480662
630995
313346
495662
507503
938090
79797
404964
494873
276011
178847
507252
747190
649133
886399
862744
670313
505377
841648
350071
787347
987443
497850
809856
924766
763832
142287
930117
303939
608173
395390
818992
590850
1178
107365
779731
295956
532212
320992
747448
915372
869304
249182
966429
230283
253106
776354
834809
114825
410883
292379
411660
990587
383457
876781
362172
223995
402049
292420
314155
457226
630901
771125
567389
294067
932585
496643
577270
299367
26762
699986
199678
969935
276160
271015
796693
309853
638575
296675
602634
459688
537831
627686
829035
555380
312742
788170
256073
47731
418354
375740
896681
645849
405863
902725
757531
104858
245155
430019
653896
137509
473017
527993
495972
970354
540042
327795
881628
950217
921780
793151
966719
46898
751068
899834
720493
79934
54679
573076
199035
975381
224999
645185
136921
45015
150180
663406
24139
322915
929687
672886
908035
975736
24003
399551
860307
796236
963346
548463
793596
606168
311008
471670
724046
430715
310307
227173
100117
420798
174828
565505
919346
928407
355140
129618
817983
554913
733250
214768
576099
736081
580720
263077
485637
699279
357336
840908
707676
173028
281517
617857
907686
67420
685970
256243
87960
911595
273204
39793
210253
120105
410029
265432
575320
778533
993994
704643
943453
65735
68010
1664
800915
361746
663851
881577
266464
342339
882240
710420
40247
185752
402911
853138
290362
804546
270929
463897
535427
28047
118987
610612
155708
179765
235496
412982
370881
216904
206842
453112
580070
475917
262863
865272
50573
417870
489772
793417
275551
100931
891394
404133
547225
91101
693288
913486
64103
900271
391862
600237
59270
587499
349963
988926
701493
427195
861583
382740
734776
178436
256531
803439
643362
217661
706573
326039
125894
485157
124544
54446
568912
258578
895949
240483
435809
943287
411073
264892
669041
103160
409700
421818
672943
877518
659566
10574
471242
137050
217827
590156
167075
685712
579448
466531
29187
831348
235214
625970
286175
80250
826613
66026
977928
233798
444794
494027
741072
909635
235214
572758
420151
217495
433539
410004
689906
188457
894144
782572
266805
679774
408336
70699
321658
899231
556021
144465
580176
501127
736427
210934
178032
308660
708754
364719
44314
93787
248790
758817
970054
386450
638389
160568
115360
479366
126988
547471
570562
883988
305476
272570
723753
642566
122232
944141
938582
658574
499731
296386
908837
503325
537905
600703
716340
506516
953910
144832
316483
380305
262969
253234
271716
627203
741216
379159
393033
981263
812178
164158
203191
362265
42271
108951
864847
720760
853070
509357
688629
693419
998455
93046
928176
919860
54308
708549
394132
903913
613476
314405
324557
31675
461410
300576
552632
210656
521187
941939
835080
562735
279098
532589
132806
553289
336892
816195
373521
483657
475880
31353
582342
658307
995491
965175
472224
557017
180167
362644
62243
25053
590208
698924
136062
68063
183159
962821
856469
37284
610244
626576
794921
100420
351656
318520
674850
748342
8596
643721
830267
107540
378371
852789
166153
192683
112237
369992
643167
406228
737738
857018
432555
660370
68363
327340
864199
868484
360178
167024
954753
248367
363318
437165
703695
541076
925428
760302
61468
120860
892198
75312
592532
676898
472107
495970
395205
951151
358559
12061
819617
614458
643812
515703
113410
59237
985186
143195
728370
691931
663619
986675
563892
510873
445598
179494
88341
200622
382038
164854
786167
85521
67020
580237
975840
110842
612322
733633
968058
529835
990265
634570
990035
46079
893168
637261
737890
641594
604529
7581
520823
398866
600583
134859
451901
199110
764590
384175
965530
128805
452957
741694
654889
589039
715787
357433
48789
717556
912404
614697
16951
184219
426629
975790
2836
422383
145759
659786
794694
471433
555204
889049
295903
556838
98692
22636
151614
62379
349872
841738
638238
14232
566677
492340
917046
289123
337653
105369
662651
190746
923176
209278
605768
570214
539227
277865
761257
748342
138275
310395
91222
5098
76861
101060
509086
619326
139246
771339
435310
923491
333181
579181
480254
589676
978438
496146
173379
745447
36536
624872
96731
186326
44311
847646
262743
186073
104286
782353
711149
16404
469677
886218
561770
136814
203300
345499
859674
954700
445129
910025
267905
268142
605492
196438
838499
17478
546167
672758
665514
459497
262175
243272
89610
434867
61156
226611
138280
518
61163
864076
465858
423463
635732
73472
414083
720377
132996
884405
642583
467883
129568
658202
510454
833816
41084
733397
508247
971743
237367
887274
547188
922248
965449
212014
884767
591108
429067
618437
772112
523738
530402
248581
461476
723692
226793
953487
458901
567228
740007
161114
159157
172856
421483
504991
340624
672133
191792
392163
413584
596685
147346
13557
85229
837320
134566
147162
12503
734214
368985
815362
839088
250691
473983
555442
848904
13326
470653
778400
942767
887078
605106
818450
896427
342067
508506
607315
645909
806901
149343
651752
68387
383498
899749
735511
26628
200109
288878
626106
580584
635126
719323
652459
931574
171934
470070
583897
299250
168866
507317
688925
876969
126520
419805
227742
809338
521294
877001
580051
28397
34802
411358
602380
536500
653957
875724
681244
749391
788669
396843
850065
447535
374786
984505
775595
759256
176476
430928
51422
640005
391036
355245
791381
25270
999178
342102
251975
816198
699825
575745
491708
53207
849858
899254
96309
929867
915904
87124
260715
146206
648102
636882
139290
364165
181930
735152
614580
821514
97956
50648
764052
735057
996467
689961
400571
679296
141611
93407
295335
820600
474626
859674
895459
601543
975884
366340
77806
632660
103096
723576
831792
698893
351894
517425
851992
540781
402575
714926
613077
512755
520748
468350
610712
6314
15512
474995
534080
94571
634744
267864
687221
546566
842315
698307
245255
361069
879587
222327
160724
813340
528928
934708
692820
700425
506118
861944
818875
886497
240980
304206
793551
232695
995679
944468
563706
671503
147007
861857
223967
287898
236005
987720
381334
87342
215540
970314
556093
566572
918117
585449
673106
886813
16159
835518
46646
318229
617975
724207
909118
991492
825002
877358
282430
254105
719927
138209
680634
859617
348119
804483
420559
685583
193633
158299
976419
270995
624869
570205
762893
836072
606201
940192
211155
260343
562442
466514
487995
287547
379713
304393
442844
330055
729275
167623
278015
218834
251505
274173
109057
409794
742162
18549
628560
905181
44394
331973
138858
982049
794564
913150
355768
512675
708315
773843
905136
685709
116088
741547
612522
601552
381887
589292
359900
21896
447424
306243
886194
922045
922952
479528
566382
687603
556685
868
309282
961732
101731
815122
443218
857824
209629
76190
860328
855681
229838
788357
46998
284552
556683
821070
259744
792662
706374
291363
665046
679246
440078
686602
315057
754145
505361
720265
1457
691175
512864
705647
289052
7908
376398
168808
973587
938676
599369
725017
78752
701603
376925
880811
110500
417251
902115
653245
296479
642677
354533
72417
425484
696060
131421
585815
145312
950692
282640
814295
573909
351933
779521
858814
365799
884604
524015
682033
815850
602063
878070
272800
46667
862052
248179
265136
744358
320020
828809
297860
37477
984569
929792
797298
3205
221430
146364
103688
524276
217789
443386
281315
850509
883293
544266
865167
282846
631280
89957
709160
409798
558746
959257
57349
567483
920715
378650
685632
817876
785342
807496
163686
535289
305058
792595
821227
831387
350285
528052
214115
486698
265826
207608
653390
681438
704301
946394
988642
417980
986145
51682
35342
510588
429362
728513
677282
695287
503661
686945
326251
802036
181119
668177
985498
976051
771087
451963
545693
101301
749400
671254
55402
388469
85544
659558
681416
400000
599358
404452
809846
44789
750118
437174
679456
119560
871894
331634
660558
997404
406941
751350
740831
888371
417809
718844
208301
684408
882327
153639
285608
946267
484583
884044
283904
945967
68325
361876
666307
23406
510592
745525
117463
224846
772413
530054
947054
411450
16802
63947
533570
317829
852454
729676
145060
639729
62832
932926
652800
719595
709748
262578
791398
732838
126508
167725
648055
128100
894439
155632
316680
430520
799662
413383
79158
746096
973321
780572
209532
789758
889854
439353
699078
321589
46137
94579
899830
391460
452127
71602
12841
99968
774509
687261
954038
79403
291447
705641
214981
928508
321175
220773
115960
22554
546152
584903
654202
241330
768064
742241
582545
776679
66591
164591
62243
711929
935454
888777
393876
81524
723279
833705
970617
93585
515901
923694
768871
132479
246043
933336
622638
272668
847100
141521
993820
296921
394234
879207
317063
894606
649463
356488
784684
244931
790552
460196
881004
320470
133293
723306
61781
287871
217648
467381
690183
485958
586039
572031
316986
573936
460387
225517
901024
246151
660743
670411
591882
468365
992711
998796
576781
108557
247635
595362
343283
837859
67681
8864
258785
511831
402740
449569
635023
664895
115378
912541
493211
381770
413416
831076
739258
435866
256759
837504
719148
164894
314916
184458
199542
400155
318704
782807
410324
299330
657473
719314
684000
495165
88291
92692
524487
712536
515309
722914
389963
693529
568791
563249
55222
352525
874825
571732
321806
639388
292269
898477
967584
689303
988376
228053
14040
333605
258086
337504
747915
836683
432327
992817
364997
259361
540583
87353
694428
611003
750905
776535
713024
721548
113063
868392
16057
347633
652545
240667
53489
216369
261940
635411
407875
186393
574186
917667
839157
8491
152713
764704
5818
218249
399020
812760
111276
967179
59824
226347
535307
973148
244559
925782
418435
217562
278985
732505
941599
493992
107592
425926
800153
337445
57681
507896
47416
466671
435299
586283
323724
162339
11272
524914
846344
505976
704196
763468
206361
388412
926604
547046
531298
815022
685737
330311
311816
781116
143719
995130
544148
171673
377936
186118
428652
48455
347633
998635
752400
508813
970488
830257
455414
474450
670129
683798
675307
86234
240435
441996
967760
511193
508103
708270
667821
59500
196235
622841
143583
325530
174027
937660
876888
369972
575483
326743
245562
306189
583249
613189
438691
752763
571566
517030
627543
146617
255343
51234
368192
502390
824507
46190
920472
52383
757206
96164
60651
698232
256695
152111
367718
715787
935122
575017
670084
959926
995995
40871
803381
794869
837117
87997
448403
19916
25318
758254
865697
115607
472304
327059
450374
942084
307198
446458
467363
510897
665621
545161
232387
247023
249498
681541
82743
986041
593809
21217
893563
728894
749738
866164
202622
977572
158320
210115
789449
146091
757810
316446
866643
392322
103635
131824
44694
606506
974998
859846
936455
230606
609993
592884
233256
493079
938608
132045
903323
935970
828673
703103
794816
21270
927291
480037
846801
766874
286663
252739
468366
767690
857842
329612
685969
220569
984384
309247
124243
204694
992250
493369
823798
482329
147092
89838
34323
415976
64908
586614
836419
513092
5210
68065
705811
638665
763792
550118
933432
776965
539592
799753
118459
250613
622252
759065
189373
609334
658654
121456
605218
407123
135769
477694
226727
3280
330884
419751
820771
940211
597669
622638
174300
19611
445177
199804
877291
112529
745485
618475
558416
272678
232118
877671
955868
707568
836869
697761
937085
595153
845172
594764
620684
733267
595458
417244
431595
325671
632667
359788
74857
939709
818453
655699
4720
467901
941874
612760
731489
625732
604720
833456
315606
944557
469577
363166
16891
540759
997541
301128
155742
916270
27405
669937
568713
598484
264340
70963
924506
214851
372155
922483
476072
681824
602069
26271
951874
915622
503528
195269
824616
134833
222209
275813
440208
724571
698961
830398
761398
131585
722556
567554
478152
96426
543609
424832
136789
671362
750533
120165
706268
67847
221082
343716
702373
607872
100603
452650
774076
548422
197553
645005
701410
692751
147594
942834
487944
973433
179621
864721
741340
739885
363305
306631
701373
625403
900022
442086
406906
936366
207872
268177
422563
47416
564566
576316
466636
522928
897742
282732
12877
620958
444016
909999
552288
119776
808017
306737
55146
830364
247575
114157
727170
9189
397082
856713
330623
887683
736907
299544
1724
486365
272017
836344
649028
268055
709508
963156
185876
573446
47521
157990
843335
207253
673926
374827
493178
380146
833760
297814
345908
262136
482912
731844
82474
479800
551341
570714
532599
253177
927137
387426
684903
307300
582164
492463
394906
422023
198776
150330
567913
268094
720181
859786
501619
784681
987118
908326
64958
99617
3951
790972
307986
989218
360097
212032
626673
402945
773372
305074
30979
257584
460790
963084
605096
938364
519229
854307
344632
889854
267063
263007
552725
243302
55973
331166
381795
680437
350415
457951
859827
122347
927367
388098
15866
81973
509000
680904
987697
316720
892887
734284
431775
494337
528753
653832
206765
549626
185434
477519
308700
861423
770633
282640
373547
358944
402933
447761
64965
233768
740509
229185
876236
883993
227960
974977
281547
756292
991311
675191
543199
140093
74392
534762
821816
788802
972564
557157
366514
158149
842284
434465
228475
537271
8299
739885
263972
250726
663978
297389
338365
119059
617583
72281
208613
610861
690730
894443
175493
307016
176643
234370
763793
497837
560963
428391
318012
979116
211545
483914
669760
900217
86369
756252
943508
200568
500282
461644
197546
966539
953043
908007
889125
494420
287368
772455
235963
214262
792334
441087
972403
22160
148095
995483
778848
363092
866604
13193
829514
454171
314342
801870
112423
929642
81148
531599
370699
655676
259677
72417
589752
527352
851525
411867
472804
549693
239312
606974
701868
163815
831299
652045
59780
522147
855047
861811
404089
472583
472682
52498
966435
576220
251090
217495
557575
799703
675958
901414
746604
359808
725450
838476
450252
466647
589460
109777
500
404032
905617
522132
50750
705653
941586
513858
682022
899368
272905
7999
264266
299130
214768
179386
370041
672584
60329
286051
491887
686665
540356
320753
310749
516280
936254
898763
147515
321545
366054
237984
608100
112431
715841
838152
192175
738611
976399
912324
83743
774428
716085
842568
333847
844544
324246
112356
778760
658165
197433
928271
884871
941686
891290
630516
913327
148828
177216
728310
753368
306408
266974
299656
633437
939604
748839
969039
259334
895547
786576
829396
480915
586061
995346
387703
1312
220900
855811
280587
80777
488695
173044
444260
631466
327785
998983
1666
2257
302714
335024
984899
94883
333137
123575
435390
245362
216127
873303
251755
170603
501632
259128
107015
534428
612524
73331
70886
653795
704998
65541
677492
987654
136335
972307
863029
447920
814725
140045
687452
7541
858865
281172
435292
436581
696748
744157
23148
195449
194189
505467
718188
42963
19658
580644
928276
570519
756294
343506
176027
453405
527588
866571
787958
577092
177348
132996
502360
131938
63162
544911
928176
677238
51422
184286
807474
994827
924359
329080
567483
523836
660592
973738
667726
257028
32742
405939
654200
976763
319003
365608
910436
753456
389953
679557
284154
434106
564241
312973
680791
879231
536057
844456
300285
718742
562806
716401
925400
875986
110469
485206
619682
326488
242237
214681
426663
819632
429655
695427
793594
802714
352838
958772
730529
231461
959973
491317
839761
316459
424867
182853
142930
135509
997921
140319
679305
538001
594525
256572
270756
666648
990616
431269
304419
460650
280627
818445
689266
694212
729718
839735
280135
275322
538127
318726
569246
664974
852780
833213
307833
163076
377437
432266
808415
325696
231900
361936
128453
582240
67029
693404
730315
376322
242528
790302
843954
191480
665808
995828
909486
287599
764667
35261
305225
119007
737802
850458
652100
586766
319760
929232
412860
458242
953195
361980
556976
83119
53832
219332
35226
125858
869960
503231
542604
210306
860252
873089
811334
199841
131231
376318
548854
196012
251667
896395
806947
333771
594187
313181
121952
386959
305794
15978
441629
990621
792661
370340
38828
164991
595173
927367
74941
436814
759418
836452
420819
754383
995930
83363
659918
224434
591356
921879
511045
714941
265297
365167
189040
607943
388360
729816
788313
22596
661611
19356
234934
59045
429323
638466
148441
686180
520077
402945
590939
909967
742693
810497
237852
502612
527967
421016
916122
65060
478953
621309
369484
862186
950912
161604
904873
307508
474640
853768
794582
95872
83581
7031
781981
607549
602805
326028
87022
851678
838564
160794
508759
950972
884488
84816
770960
622342
253532
34502
414669
281656
739034
892086
348579
412346
125681
559444
798237
192807
2895
358636
188536
425894
104251
109623
578630
257132
695354
58244
523973
86415
255141
818823
878458
790995
101644
191177
825568
93086
524467
651049
88428
857941
756386
781225
311781
656005
927197
783983
852193
808268
456813
39771
244463
762968
192566
193828
203142
396247
297310
184846
612522
409838
269980
733488
544357
623592
830235
364118
552063
971239
391316
983097
930303
880368
204627
462378
621977
694797
401831
208202
455812
923214
9127
188536
416758
617655
971677
610266
205999
931808
739369
172696
981816
468635
619690
48404
653867
552075
176432
319910
965305
278960
648115
502998
529252
577237
219060
624484
729941
937557
599736
44694
373117
375794
79042
465883
116834
279217
158526
637082
419518
111603
240157
629292
301799
449219
198053
158993
111256
23407
696160
133679
224472
483912
179739
974968
656703
533183
378339
896320
782193
89984
450752
152963
138964
486305
878856
344054
41180
236863
607052
528496
861530
258856
414845
451876
700938
904908
144404
67772
976226
282469
357836
834557
404179
578722
949672
321273
596991
45087
293123
600206
500237
77128
983315
578485
712811
924506
680155
714150
725525
995505
493513
818959
508999
751031
305911
571803
436565
761905
714389
312864
84100
180380
579067
358252
478929
926046
482417
180219
928346
699415
135204
109627
577435
366728
12412
272668
943732
908529
476987
547098
843403
867134
85031
506914
448085
185497
37
262072
550815
924545
327109
216879
118400
475453
992763
136037
62826
956135
387809
221256
154607
790110
598324
364477
162298
428876
968006
325589
930327
652960
607808
442300
291816
847364
183369
876071
260249
540004
709579
619740
687121
575114
469207
528434
211978
370069
51422
919558
479604
819788
232470
841868
336631
248179
718854
461853
905068
132045
394157
563138
616325
907293
282786
354365
132111
455624
170066
62391
92289
218017
187169
130504
95346
92731
213740
971974
173475
362709
383831
164945
862494
781116
872073
838057
784591
26720
154019
463271
705630
51296
144668
782575
470072
377515
461703
235277
548464
221877
394819
590467
814948
874562
14952
52713
347303
539108
335680
954846
448983
273672
782415
311795
162655
778895
58192
549153
24808
55420
129785
81212
237840
461892
567315
939843
460941
600926
509796
12876
170101
241494
769872
165721
61139
39557
666714
803884
530505
289877
456264
118178
91129
160812
168234
949763
405472
956087
471454
886155
521238
867221
552660
606422
265014
729202
370380
308975
994520
336963
293206
200698
793919
997850
935075
254757
571882
841498
809597
337401
8137
668303
631019
243196
815796
93929
561838
289588
717790
835939
468245
715820
596431
305484
262612
704176
970024
323535
973619
546325
958031
890382
943593
915399
17987
662141
311649
617838
628234
998570
628101
678022
404319
64393
482366
967808
510455
548004
187790
730603
52303
69128
719334
899845
431798
899201
837826
512064
998777
237737
770016
522214
557879
447507
747496
432036
335329
402021
512440
485320
365967
213705
694476
373894
384417
735152
723837
768167
328619
721282
90043
341707
160471
945195
584330
825544
322229
456697
466965
919029
49208
387505
465605
960592
208518
125647
20930
187548
965511
723516
69017
194615
523308
558628
343498
430414
924125
448610
311527
90601
492641
434068
939763
678572
84806
218313
388181
212425
534136
210490
602634
642673
53357
618673
470305
876294
244573
824100
226011
879722
325838
889593
595458
191936
908510
36595
816571
304040
691590
89214
534707
506016
883874
693210
689508
291981
188879
792585
758191
873375
167456
592899
740325
650250
954967
894370
514547
740536
497675
266396
130290
560750
357983
578373
834396
778871
847633
102720
134879
33950
42065
632123
651205
238686
88341
904215
793557
900370
841818
820253
868209
247355
116919
893900
28449
381290
213296
73876
307440
640685
607989
318418
192544
542537
649578
654909
971894
106067
298342
377002
394735
94471
939316
333540
515862
388918
463581
515794
838504
88370
855655
243223
422498
22293
637997
565662
100558
894521
935676
381373
373794
504105
671342
980567
791426
920914
575037
779033
423800
798798
230656
878793
441911
232030
968390
513131
772637
804580
282263
290655
318208
967079
632259
184063
22628
677846
521754
852077
923834
239225
505489
156841
648455
411763
742622
92623
393058
760420
322435
379587
793252
572502
217838
480246
516588
631671
641106
575037
963692
994394
127880
566773
416789
258034
261657
675224
197243
332940
741902
489779
294604
45850
155744
737719
941806
422647
255548
958088
385517
391650
727806
508549
209495
460049
660657
739831
649622
709887
195378
993517
307945
669762
972251
420319
809636
7830
181145
474632
924210
332247
39839
501379
802385
316491
605146
368867
119694
939597
188536
361814
111441
806042
963967
691382
166445
108610
178556
243305
892922
913563
70723
886708
68804
307819
196212
315606
538741
464863
735194
357495
780752
95172
309907
565022
199064
812562
596062
23013
172010
328249
519600
593455
441237
990246
573404
180022
559169
325838
340856
569087
379024
809153
992534
226425
423768
919946
164254
414669
754931
762514
121587
910977
809848
590155
569053
71940
517920
843860
70414
183949
685367
706555
185233
132442
45240
231623
155474
474228
598949
169318
653020
712905
857123
685496
729969
431466
538425
731059
350173
959007
763624
166497
313726
600487
283857
228995
670035
719208
945655
441490
854292
978479
936727
587193
306690
876212
884056
503318
870850
225152
476058
508734
759236
524799
900252
930543
467740
328453
764391
539151
700928
255249
705920
622638
946122
396060
956958
963961
386252
277289
18080
538741
51460
22312
18566
772744
143897
741500
2305
487808
887131
696804
15489
403311
807382
167895
388820
660200
711926
385984
562052
310558
853795
509027
998445
54427
463131
687675
152238
463148
238208
956702
364002
882418
133008
952496
339761
92523
299097
448210
608636
439812
434581
537655
705487
144676
254376
419152
615186
364016
690658
172232
981161
89605
721982
336302
58439
656845
446578
984656
52386
187286
75056
300061
953409
896906
489544
374419
357967
608275
874892
415145
863817
74042
816330
235574
216187
623131
327045
31301
105967
938546
929149
502153
789775
650570
650343
278449
987227
820877
696204
671385
912941
381246
5578
371206
21788
361984
334000
896230
87327
252334
59906
979270
72003
444357
881157
58652
381651
181782
54650
237864
539818
847786
399503
2839
511290
44189
450265
924476
359893
417574
201079
606745
797107
23038
978981
173083
385590
832933
472530
157358
150784
41019
917802
443641
818031
527600
887731
658745
42195
64848
283165
760455
837888
40344
311527
8977
832484
520022
120998
121398
730235
408102
136338
780481
994197
164685
851871
145574
934103
606916
85306
221795
43846
932811
464466
165351
726840
795209
512941
485057
671545
909085
351377
170396
131580
624086
521401
432242
867197
643227
606621
823381
695226
177396
217373
744272
165799
880632
731323
301783
285259
276941
738397
515548
80315
702664
747115
874154
690572
149136
508271
934813
658202
468637
981729
767264
525909
762433
353371
51503
773208
288651
557385
535374
87664
903865
302280
821925
505131
348130
636136
683451
527735
250127
682230
215412
59913
719550
311094
916912
76852
258441
323120
142962
833804
534054
508823
657784
67885
549612
244182
146401
318404
408376
688811
388982
537951
614629
104696
89201
104230
670309
693318
942243
77658
556682
925538
960390
861593
223311
362424
370176
881557
389160
636843
496916
198927
556911
208493
741801
113354
102939
244666
68494
976778
888808
621743
389700
265393
679974
486394
408481
608470
370871
592897
766001
188710
47768
256516
404289
275842
924494
144838
906330
271285
764140
845453
789796
73489
675632
710727
249392
857046
465091
906076
878399
243375
429861
488096
725583
337259
259799
391187
950324
227394
680103
615497
842357
761842
372204
83656
146401
984816
907913
257061
430475
17667
408229
935642
591331
871809
677604
966922
866814
905372
418752
644340
581520
825876
194923
142422
991383
679296
831767
645636
99841
408415
457563
971419
474746
672048
763214
450862
184307
746446
927963
992616
139828
597003
520111
752678
223710
243380
293043
620941
775011
700399
745382
315431
675675
209026
23382
339038
824361
482380
711335
131430
300542
381723
581862
117067
673753
606577
595931
24723
289443
651638
606865
726067
551746
704862
263525
960709
605970
116347
534430
219724
585481
112453
845024
59083
174730
432383
622342
845712
436404
35109
957206
61434
805347
760879
765685
269512
427318
261067
453680
537405
724389
15848
800213
892658
513890
914786
970428
830099
453545
132798
578069
868721
870412
158872
928073
434715
577854
950166
212040
521210
476196
665886
375984
281243
970330
588409
537985
702800
854569
866070
387481
653891
821982
914004
913608
978033
676240
532540
866512
207612
114730
853139
478738
797932
348347
808227
436745
446041
764417
446519
854822
190940
146375
345493
345059
348018
193921
924511
4598
420994
282836
491492
525909
594889
457041
927382
438175
747957
120841
523690
159991
759447
193592
604503
719985
891521
574306
24150
794190
617192
151395
548996
730343
627707
929383
49430
989381
912477
835115
596849
665121
627497
829286
595089
596587
437799
709697
479851
932843
597331
224135
704529
976467
944496
320277
842240
263591
273976
729418
676715
858135
308586
293358
402713
212332
684458
841133
454497
107088
461454
702739
286078
114853
75580
478966
692606
538972
532031
862512
747957
988503
947758
402716
304436
373514
76586
822306
722144
781406
877835
353217
389879
445493
353169
789457
527696
663400
474218
914686
324643
141834
257186
995612
171938
837774
946307
3590
181665
221320
199870
546436
70209
885103
617471
476128
118033
942987
428148
486284
270281
674714
473420
173503
189579
177083
630602
429422
934446
714758
462328
276837
873339
993768
163899
635326
335130
944557
424924
473023
415681
134063
214599
315510
234934
661967
707596
290216
927769
990391
838125
624742
949931
699885
866637
140970
638767
179656
433190
630979
524976
940132
666249
207049
806383
950716
112323
342
72965
215263
82695
216552
108211
999696
109117
470821
918501
288330
313902
767491
691449
655131
780470
623522
870291
961537
376098
591048
247869
988234
730948
651388
366244
475573
943198
218291
258946
181873
814591
327040
82215
774959
504678
868604
192603
968195
324714
865782
154480
872599
895357
654724
713959
636049
179203
937085
263921
893362
61091
161666
438765
723539
765403
955510
892278
549358
453002
514953
71291
117708
737891
518740
714667
137714
625586
228302
164748
899406
793497
377050
811726
12622
795370
443649
213363
976884
806051
44463
273089
469685
482359
859352
149836
39398
848710
254752
102192
23456
100144
601673
134255
313212
735908
13037
544349
602183
48750
803321
811477
39713
530903
597548
81038
847662
842509
467877
207244
5528
494429
413453
314969
513550
132285
799243
113318
16996
952823
713576
692716
840580
978855
938884
170490
260319
660362
805808
331563
208055
566800
439759
873973
846342
351151
145680
365211
544781
39610
886883
176988
927147
700520
231206
185025
877424
318337
188353
430341
755375
581075
732190
707076
908320
863993
695944
234348
187502
992476
517776
228728
28442
246527
961640
51360
333830
720991
874621
674085
111441
879899
632091
464485
206803
423466
112086
682720
872392
164929
433253
984360
659283
179298
79129
152762
533369
556164
617560
837249
97859
270918
198409
622026
910372
816701
367373
562461
966947
995988
324335
952895
793636
620218
150965
875071
784245
299289
744408
973965
903627
459780
18963
24427
92829
895465
198323
460658
736998
605829
474974
601872
968776
119073
484813
413547
400568
190815
564902
846663
320656
150230
427133
648434
248655
988898
11321
984784
859592
920341
949087
920415
447761
562542
814734
804539
339761
875817
376634
649489
498705
660005
122524
592591
277494
36159
456492
376508
39461
874020
67042
949300
747776
173955
355274
767530
114774
496220
292549
881398
664746
297127
864661
981645
225697
122015
411958
409369
506268
241903
202409
41760
88349
350134
163720
935165
569898
276143
921707
718330
233284
854411
2450
583758
634472
469960
526887
240572
396112
30542
981082
549678
132832
573256
233673
922218
289825
200185
310347
646835
403900
281778
45625
651441
915459
943231
398887
889569
16472
902336
494293
361258
567680
765638
213217
994181
694565
824
210745
321770
805959
658549
561119
771125
955815
431716
152523
887575
77518
162080
728163
105927
368117
499152
776499
186657
538772
763123
663808
141551
683569
167265
262118
462561
142092
804560
568912
920189
76222
30764
356693
500567
93859
506486
207353
868468
712150
512431
963103
106269
120555
360443
559984
888101
626038
799662
343191
234634
500306
968499
315875
925898
827580
1682
585257
547092
186460
487491
536058
550124
456131
288354
596981
760261
692808
784477
836424
352991
748363
186527
29959
415826
39846
889330
659852
761776
234574
470557
608520
713625
770245
565240
866464
231513
801096
463063
675257
305202
853269
53733
860588
624802
380940
442483
776730
712042
967585
124968
512753
642929
928625
389821
378327
55001
73353
144943
369072
790923
70782
407862
602212
327795
587374
534417
557333
831452
369495
519280
845495
925182
77965
46412
203299
217127
798748
723222
344896
340792
259643
679371
471280
785645
995033
66290
650420
899814
831927
363479
439233
198248
768288
757325
540709
511890
920765
749683
382172
745331
628061
980800
143742
489779
778522
814666
229611
3165
255966
562806
942318
800594
925484
315580
723152
728828
80719
423716
330665
939135
255065
262794
381409
123054
443280
440614
186929
459688
1613
379876
319003
351378
32627
973304
107352
209184
692031
131200
518039
970330
673751
896343
523309
343989
783729
835561
883600
354740
16968
246733
399342
150248
412440
363171
61974
421983
94508
588422
356813
898275
890849
424561
451997
270861
144356
755008
943510
949713
3470
846030
881902
700500
229667
922416
483708
471653
474820
606230
792739
748933
836517
24008
358317
46722
226748
626325
560930
295283
540854
948831
960946
290684
22160
705179
861615
328533
428681
842296
154057
430252
634028
75087
680602
904751
826128
979966
58959
197596
716904
345404
85047
804492
679082
193133
173989
318054
201356
235995
208202
155558
900024
311698
568122
765787
67972
145539
18568
534472
323535
805438
728381
298903
262218
863933
416827
610806
936972
799344
348911
207163
637652
512258
147496
201023
916638
128127
736948
345135
215060
122085
527088
357660
653428
327526
301468
902778
113587
244118
668432
506656
765903
118423
449550
198374
772021
79492
594936
178633
791893
725468
59308
330987
652534
653976
532225
246645
479128
733789
603320
501668
606825
363977
68797
296663
461829
229351
504392
601450
773381
612274
517829
276947
591665
672911
575258
387609
39508
948772
367756
605931
39461
839866
298829
578799
991095
614495
441901
63899
589391
779699
216026
427259
863839
567470
591709
686987
198367
367866
685014
79959
359730
688593
22637
674289
90874
236
365115
369838
300925
7672
408968
227038
988268
897917
89010
659988
33843
10820
749476
241854
823927
495822
70396
792803
730403
95380
848585
491522
746640
81973
497764
27362
629482
947876
574724
942011
144822
201133
338268
231041
734337
252411
103927
210009
859604
463355
437958
898524
730948
493615
572467
192843
84418
515310
190940
758670
471825
241197
112268
120607
51360
899265
828866
737084
150106
480411
110194
913828
81584
774966
866287
18260
425223
136358
799594
371179
84815
47165
115922
32268
470016
635539
206996
535501
15183
647466
818231
144680
284477
863359
237699
467279
978426
922685
279434
325581
591550
502703
117650
289640
207193
910078
326734
894579
616150
809427
211170
721899
737036
360674
242443
956589
502157
479490
314129
645710
684611
554663
821591
765921
429285
711307
982988
676001
908915
208221
47809
728404
281057
683616
580195
828016
587512
746944
605919
953647
903239
724228
723569
187197
701582
411992
880618
698950
641001
2960
860040
735065
622566
274293
881700
273960
840281
440248
803884
710081
16289
492161
284956
315606
424862
517886
673244
143353
717171
139197
482620
636159
769761
192620
531087
615487
821223
987526
499123
14938
640502
53701
470958
237022
972181
30280
415380
653533
473782
585983
451709
789090
933628
295823
578067
126253
15203
883268
952712
365140
250137
639449
200401
514852
491786
725944
791406
118883
971860
413971
793212
310649
903347
6640
322413
298920
918721
880579
89627
324786
526719
512624
855345
51095
706770
36051
72249
672459
311228
645553
714040
341411
726128
697823
520157
745560
223634
467863
819742
701922
491292
117969
687746
927984
921030
108083
189060
369949
650054
399263
163345
739095
707082
619423
291584
464707
124821
254889
197520
917708
42989
770843
397042
103976
871414
1638
834316
625293
964126
730717
501257
244095
583554
540401
931813
42195
383605
636196
423154
520091
977300
329836
726234
787241
976330
220315
126993
646403
608312
471507
688884
307549
71938
563254
958078
835900
390676
56056
419874
250820
149668
957929
510925
761103
589309
112762
996304
825430
113999
776069
493054
358664
263775
979314
844373
152725
727361
173523
851323
753929
356678
820105
518082
444889
759373
726558
883026
471733
345503
279456
925192
375709
864072
82132
414925
616151
194149
779721
265236
337131
842483
124720
195301
218679
660896
331676
66278
779842
225941
448973
453255
106835
330828
106439
255221
425187
307851
219332
619411
939889
578806
616163
937709
821377
160207
899830
254941
797705
572135
598783
778420
576385
328467
920836
670620
643949
255129
620745
735036
657546
566188
807124
719796
980500
299442
168112
12798
839253
854109
182226
820630
142902
328264
500956
692788
843636
904467
669428
337826
565697
280755
103648
795739
531092
990353
320495
517513
237135
488649
649810
507159
20215
805571
265948
779921
968496
5038
151157
920241
921500
704625
259721
215357
848108
553354
817385
44608
842969
574894
964227
582522
86358
385431
77489
979036
526122
571461
861353
845253
383357
605797
289388
89949
171450
523038
463313
78655
462071
435145
344610
448309
199218
548431
573155
804872
943295
935877
368820
462811
208495
67130
319744
464229
848260
239879
804945
265203
708695
547057
652305
946323
713561
135782
30589
721499
709904
619185
573711
525987
43639
94491
570641
74349
386681
527735
794424
461521
46063
541555
613230
780150
575397
807247
188759
720397
909157
790624
748537
740061
975884
522495
515566
940888
377515
657129
48049
758038
836578
200394
410207
644867
80349
317169
530678
638831
879225
925163
87610
644449
9005
14880
533284
34155
557719
315037
379374
577600
601847
358355
48216
998606
561912
914144
840380
165023
580418
467483
749076
761612
491660
636403
522951
180512
705969
714718
175933
203011
295759
487804
436431
250483
752729
282762
592692
785518
640693
248147
878597
278782
330418
307508
292379
824198
470417
702264
399377
500136
34262
515102
956414
655911
535881
356751
534731
510052
493769
85702
853653
286105
10458
125633
287985
103335
793466
712052
247677
482380
612110
774428
818670
292502
868106
271018
781381
953700
49057
42168
659356
552660
298418
989811
817608
889548
205303
370770
371840
953586
131404
872761
873979
554001
433415
315017
172007
960951
864872
78042
73065
450847
62379
644983
964595
148321
475350
409678
743443
76021
269351
135176
363380
327057
600010
973002
412929
734226
414781
533638
808997
342489
615782
930992
710331
420163
113784
160019
925286
754633
25191
973846
900105
447983
942663
362799
109847
206624
983596
129976
167553
914697
350103
817967
314991
472668
785723
489527
678131
941028
835831
577864
710920
232108
560979
422611
677035
315271
780008
386973
808837
422214
91496
875316
946388
152538
584760
322818
917251
452533
464003
199374
961600
385624
546340
497077
580281
289908
719701
719466
824576
779346
281329
906774
272443
96060
486678
232470
161123
218971
207472
320476
805852
159273
786367
228515
21751
425856
435314
906919
445683
926602
943641
228741
66732
133293
450974
694789
620872
200646
816787
575714
48404
860097
552064
510427
423514
678228
760573
645394
209122
383186
744989
525651
638087
318136
781298
252725
992775
645650
67561
736
843174
894602
55856
210115
234230
808165
509157
235589
970202
413512
56332
239032
593287
853437
907049
448762
470767
512505
961625
703772
199027
5760
98646
310627
531238
854315
761685
407201
287898
467561
432777
350378
758552
772899
636345
547008
687442
659980
624871
134526
909901
348067
906543
733836
261718
707792
632120
410883
889239
131834
476684
703461
936120
299651
134682
737142
343571
169164
566677
604037
831997
78970
595242
920183
86696
286456
309974
733142
309396
700797
970956
873644
208677
692430
222162
965837
176606
780698
570252
521966
247612
601838
296261
443403
919491
771456
136587
41425
769789
45823
72083
10828
384046
232852
730325
396566
993335
441490
3424
849265
706139
647666
753868
193840
92435
17412
857536
723335
404791
411025
826383
49255
916626
172664
568200
443250
234954
356717
240259
490643
412431
883104
75278
283455
619759
43947
656081
151953
54494
70528
611295
440469
929580
640859
968349
183000
399414
807557
237308
722930
220394
276629
600526
622733
744480
161679
728243
820306
481307
494054
193287
669471
274289
480562
897571
963526
201453
624753
647776
854102
15890
51243
555311
847645
887754
541402
313814
486865
377396
456813
445561
475468
787977
441221
35232
337282
422136
650712
28342
910507
581661
316101
870286
268025
146033
488353
328055
611658
511157
146531
399509
921214
321246
896576
103888
776428
264394
153755
776732
94017
760033
422687
260688
643855
942337
944466
939537
287172
919409
831553
895113
263387
239223
456525
147017
476216
927110
47760
54729
685230
840969
475363
695516
383208
100095
228152
482265
142736
860676
835737
403101
521703
