410651
176424
289982
607798
847287
94595
257126
497480
282453
737284
289058
515175
619679
796973
517319
93378
495794
282753
500343
626774
233968
988510
931129
714906
424085
786385
485583
110056
483256
887507
405010
652087
131373
104423
552996
252978
763346
122219
991412
315062
381331
912638
629513
360549
442136
278133
630015
617880
159533
227986
227552
678083
340280
486150
800423
453419
901842
113642
158391
498623
590809
881100
147312
243132
812654
119045
335480
527558
950476
800118
792066
447515
32463
41195
436976
549746
903759
387860
814484
421941
802109
89992
55518
642933
625054
169045
881123
126338
383311
351432
801416
225678
100308
735972
676442
160241
620145
116688
743683
212002
224497
833380
504536
810138
334975
651448
98817
882231
301604
304431
639600
515135
437222
746752
215138
152858
527530
298009
319067
905502
359431
505094
669036
979946
240429
698989
774653
533890
549214
133160
955624
894629
786758
16423
299835
428057
798202
221222
206081
52687
822275
477685
21719
614434
947630
293952
670419
911843
918110
792040
473528
952417
731889
866236
835472
978310
93370
254087
640841
81966
439739
377237
613130
746881
111281
572263
924427
910611
675501
573674
665383
568487
412636
43629
888848
429127
913490
413774
105245
334944
61974
871417
970770
595106
206592
421802
47440
926008
452202
543465
776890
597423
231430
398025
294956
429583
788285
714890
897621
226617
286573
373156
510975
923732
463792
289564
219261
958506
336700
26749
916558
705859
41999
599544
142702
215621
510637
462820
933738
74120
980917
563289
382402
83337
27392
404189
906629
315615
645570
924741
702776
46454
12510
450805
623319
764478
556633
143589
97540
880590
81283
964846
238567
717400
660050
595801
974479
157174
723600
88738
642818
586736
648914
69934
889072
779954
304465
699218
61319
632194
873756
803749
297047
904791
897027
363802
292531
595077
463792
148667
444233
698644
648938
894102
348521
221802
308600
657183
732863
762806
123330
359450
372493
464319
908663
977028
304490
244238
592112
163006
381796
305759
463272
295310
188050
406442
330857
216634
124712
484051
951676
495325
622612
89563
620138
76655
328363
120955
524265
93334
287785
677328
267374
857408
828647
823830
92094
85244
734801
594322
716444
803918
390368
801449
677463
513199
811408
49377
157550
771560
278210
67984
994645
154306
990987
647007
341161
558828
842395
135483
291081
102605
542068
284558
930844
792302
19787
397199
124270
856535
29134
938302
656786
176214
192468
360170
326464
9180
258119
666154
919018
148183
379303
221773
300061
908316
160063
26635
362561
604346
511592
299419
708268
912082
904988
897102
627103
722345
341634
383622
80393
41534
202246
585455
433691
673805
688239
635351
347721
57819
717997
447470
326610
299388
855330
24299
212408
443410
851166
526111
52484
74133
982315
545333
695930
982870
937711
718759
935274
170763
246496
248516
459695
807023
722721
559942
894160
521792
197898
169667
659494
708822
736614
424098
803519
27080
858590
978334
515201
880917
331513
677884
323400
255470
660579
584699
909577
175413
562050
952624
260058
867956
74701
195338
278334
883513
367671
360577
803718
432445
91673
980409
72436
662335
775967
271267
607037
988078
335067
880696
209795
309686
349151
728361
902718
141878
179026
504807
953834
30311
248324
835715
13094
364435
104413
632706
508080
412898
671616
704772
424319
144408
517380
405804
97843
692582
897081
226089
820155
331260
746155
195526
328150
221445
963191
867645
70815
362358
60445
74891
814434
30014
731165
155839
951145
926600
76700
563643
737799
218471
308975
584034
871679
937557
897561
140999
340739
669399
232242
397863
559175
224672
456514
150179
704635
821072
754135
587250
932458
288420
891559
65322
923191
269562
150308
226251
738494
456107
543769
436221
990262
103341
735834
951077
276338
734161
348144
753814
110206
50341
717684
686510
192228
947597
424547
151227
274085
426223
488245
792054
525449
557708
125010
519555
15604
717554
635515
716467
266885
102743
493945
747257
898453
707795
458476
169909
403619
276294
237663
759653
27847
31437
490480
624915
882078
716228
804209
230611
496748
305878
427235
915540
575105
551504
208766
868512
633718
980758
55305
188392
818407
248625
335105
525739
72653
531899
8612
364162
894635
144977
700769
408495
740520
243549
354119
412818
802591
455410
330965
571593
180203
238399
593806
15270
897989
277018
59014
473573
147171
985503
677942
998032
173125
446045
157761
726399
34152
18592
582419
638335
739439
95889
599166
313815
367216
531835
137276
245528
450263
781688
945150
421064
213827
473084
789009
40839
850920
32549
246103
594299
361662
144473
795443
438035
314879
262519
934254
736609
949435
87736
325432
300981
358715
320716
471607
712691
952523
157518
192927
112302
378840
329065
889412
685502
947544
996043
217020
979523
275979
334509
477093
226934
761260
500347
1655
877081
348395
986541
40557
715237
613819
335326
148455
68213
33323
141535
66289
24
683600
62149
919177
884431
207111
387703
70887
890985
435803
174580
83785
667328
841074
611155
21763
438840
998946
684629
114754
276224
284296
44496
220893
966389
989445
506444
142046
833964
548590
191642
824737
759798
414237
626525
212502
554548
338522
233876
13071
638860
849178
327365
239662
318098
182587
441989
547737
871500
425762
641657
256737
618968
861458
972744
983902
671026
877940
193716
253151
720451
732864
391273
585556
869661
542765
55901
247820
998030
216647
543768
71156
444130
304951
683026
164636
462611
958148
955935
944852
70557
242638
820132
632960
317881
36595
274280
334323
21651
529465
426565
660778
826363
933820
730758
48086
529802
941496
132355
919569
700862
500125
583036
78885
358508
310158
319755
45244
596477
533133
683352
918690
150405
124680
978819
609083
391383
588648
191745
722609
716058
44487
746027
516791
258980
254283
336961
831190
282982
486201
734502
290935
896652
145194
40133
536765
409274
618595
416930
773733
234934
945035
585180
163627
300004
534074
929487
25090
202777
127133
532011
768240
585847
542750
453970
401216
344758
467094
733284
687795
51648
516062
934799
485024
948332
743335
91811
386979
498597
527810
830899
506189
429238
145071
869858
114286
752730
680266
324704
28432
263639
102329
924190
124136
521802
131002
896292
275872
793542
536440
638866
176087
966717
786359
623417
587918
422110
238301
263190
984522
991412
90613
829750
640476
804591
560616
481902
125365
129875
91613
392216
636851
551610
768035
57105
761814
316270
582350
834375
455009
461175
601261
813608
365201
704297
843979
647151
483158
708321
844224
621731
126462
258989
590548
727662
780556
597635
964676
195297
655257
2412
992260
569840
907829
333783
868571
54985
242139
631789
968922
688653
182275
155741
914971
788567
993
969704
899452
946838
429374
684034
856831
797640
361111
120106
525933
662466
94097
791050
720324
782582
617863
181194
981540
844789
789662
619566
686013
366496
622198
772122
55990
316093
523598
943305
450047
236705
882078
649932
380991
480701
430509
879515
163891
421730
650872
112085
364459
141182
676546
814795
432935
530796
216654
230312
918717
987743
242964
226991
558653
747296
804192
74395
13141
973098
78686
518244
66358
855724
774233
564910
855376
360785
916131
654159
625220
410244
615439
840735
909071
527730
329526
613698
597360
254101
361308
268955
650615
407629
212302
666303
414115
201136
125698
556115
158989
320607
158840
199173
229002
715252
497087
647721
197377
372260
367551
192063
39119
543100
428203
981336
422190
384008
267486
171220
835120
869024
294196
12423
322530
159708
392415
389911
666785
744790
599534
683819
254143
62264
546849
117781
130809
497143
868901
58801
285980
913523
288974
101037
231068
248700
674901
286444
564923
853698
97508
771870
704297
449707
760806
443778
233260
413861
635487
973972
932239
204930
614304
250524
431921
289941
165675
640445
149971
200455
15273
698818
295712
629
66683
958698
842131
675595
398352
420359
360167
471789
766712
149780
321735
991304
478164
454583
346943
978298
530255
841073
606796
187992
511960
869731
251016
689421
485388
69249
579113
607319
336893
376959
562837
96365
770192
96831
376160
832551
171234
705578
792032
780556
250873
722150
720496
234680
256425
299175
69513
921616
231604
554510
689563
708178
156959
248686
248123
201438
172357
279021
350721
23214
957233
983360
457833
488311
599602
352083
457981
398799
591546
276756
406479
740633
159754
661956
776235
305105
53763
176527
904145
723723
379256
8225
116968
682743
477380
119421
964732
287518
903722
622958
921871
916550
231290
90014
712549
910975
850304
93294
892963
358298
884478
524804
155366
707634
705140
689702
825001
35313
825693
352862
716597
762655
46348
196688
618641
618205
365218
245006
447837
535707
652901
337466
939362
320983
733514
209689
601448
562646
312672
211877
571152
648250
704242
133639
163134
535451
584288
690083
721792
974781
482559
838704
775035
397075
881414
1534
429597
519607
596574
961012
378306
817666
997635
768265
556279
422703
189273
903238
413847
190678
35814
614547
326529
443728
322918
515029
85756
372472
519727
417807
614044
42128
140505
821724
705612
482160
560215
996638
211296
719825
659044
853446
829163
286378
796123
285689
929361
434268
159754
203878
759185
450369
181260
7890
846166
4039
709652
451838
12976
110891
525763
14938
819443
468093
61504
116044
825980
299689
205279
712173
950840
525270
160536
619949
501619
285592
32752
501286
993243
127410
824985
419530
414600
409554
518231
903168
582586
958980
954069
437634
665169
439502
935771
520626
998393
356852
623144
604539
757654
232697
639989
743318
12386
494282
454457
727232
526598
428406
755500
53830
119964
561809
520923
148384
151356
516420
226424
855003
445717
845126
291681
696098
814929
594089
947082
588949
844175
331676
369250
308688
879297
858750
671359
398577
311598
978716
611489
36137
287832
753873
542015
414620
249256
286022
18421
371880
790503
441376
97983
830179
525238
222730
804500
573200
204621
44704
723403
598177
702715
856674
319428
661570
593295
806843
909018
913341
908421
636461
375321
410944
252421
408913
942766
151513
994088
586535
678400
739920
252929
324028
565873
446669
