600702
211113
847443
251734
820107
804723
549279
772784
761628
757627
96836
388118
794517
499277
390312
150767
348947
455257
3890
980188
728973
606582
302966
601157
102541
6253
400170
147853
745135
371571
436142
63557
129231
423487
747300
46513
474799
509787
392387
568221
281594
66822
952350
908219
960187
793914
686617
164043
853941
644197
591282
566127
472257
417503
24378
527474
228571
931023
368078
773796
815166
13789
243455
253022
618508
384874
637433
660284
38463
777544
18234
388606
22603
130294
120064
195401
609588
26301
941637
277755
208780
832853
60055
999784
443614
481213
78727
400244
460788
541803
123686
297302
512547
824703
646197
306585
399816
868433
643676
650320
485727
678665
376940
899300
440787
94095
889609
749374
939329
867207
909225
567365
740096
738488
25627
39824
509559
748469
222674
41168
251547
779039
412063
957751
680250
589214
436073
185800
208195
950628
343223
746875
599386
183818
56104
847213
606980
729867
502822
630468
419213
203500
252295
643702
321469
35821
709574
737696
774534
491244
973880
970408
966228
296174
72618
85358
352992
155278
578873
764064
274674
329298
4761
156415
846456
814548
907196
267824
697374
269213
768663
96217
849743
257464
979579
193180
76825
635033
77577
419872
118451
730658
851829
283420
529789
962510
68050
946569
405901
582989
160844
498930
612323
686510
582999
349953
541397
577771
587151
374718
952208
994819
19628
693237
179412
238079
581113
856894
199364
971064
214630
72340
948463
476617
82104
160511
113967
692146
912726
914364
451631
989845
401958
625806
579506
179288
915703
480793
698334
92707
838921
19794
817320
779372
17520
314023
619537
194356
83997
44207
817111
272359
1308
167051
566675
386035
366470
912422
339732
166056
17382
812105
753874
981787
390898
984672
382836
96278
468302
204926
808915
560409
707538
61148
220888
663294
824117
801658
870436
406427
544397
184934
833349
607467
499496
822426
140254
662343
604467
542634
846005
519959
127720
753589
665135
133917
219455
80024
645087
658615
993022
461713
367475
688771
796034
394516
300843
403074
338821
455607
899616
44525
365151
515556
843209
368264
180395
236427
421400
191518
874404
870350
125841
165054
506698
879768
446362
397544
745210
958216
473050
102669
346334
841694
933881
954262
88895
33777
978495
210999
727698
75034
883988
300700
173329
493439
278981
30014
558312
400732
288970
525381
876661
700987
829327
276503
610097
416118
543728
597722
160729
841089
770743
308263
762369
865382
580745
564990
281661
699282
320477
884850
941675
168346
757647
941172
36705
925122
861987
430375
713474
424138
507149
533424
346456
188592
940708
201870
528379
627609
395816
639080
717400
173317
350685
456684
695649
480509
763391
86728
324527
506209
833094
748239
186868
875374
940034
163117
994146
33785
272101
922031
360145
753639
221655
848870
852868
830645
643676
840792
62563
260066
319585
896957
757121
965785
359389
789809
824349
224878
66058
859800
648044
382850
960445
86017
808150
285262
808715
520977
925164
809485
780234
329686
983153
495802
566848
975006
774350
656548
863980
810484
258252
345149
568972
126861
750120
672302
704748
204267
839085
144724
15245
537420
617961
241185
626134
866888
413228
636836
580299
795124
917608
732575
363043
323737
197175
752000
66884
681670
259056
876744
847544
922309
68093
296923
694911
684209
630123
764449
582831
488632
541775
919809
325307
321363
671010
256948
49770
536187
38463
638358
430487
885361
177193
318659
828902
163475
441620
80511
531184
903795
929312
919769
506658
861316
612018
370774
168630
443033
589298
586661
831774
99915
831532
139590
580561
715393
180575
762219
55042
84890
441890
51109
549428
289243
924696
666865
545096
365742
453010
731321
977221
654470
275970
278140
806363
416087
304117
958202
707646
398754
762560
102893
759308
762365
172185
383356
729585
180700
188615
576488
306719
918883
810729
224342
58939
851113
28432
847027
684010
406754
957311
317583
132981
628553
974937
708735
242149
459626
376975
8921
444826
959303
884623
822980
99283
181373
410776
683078
261151
639692
810504
72
334543
919218
935687
327646
278693
249396
46398
572253
209810
132982
933956
980445
468086
884868
101020
98568
675078
549838
199520
801932
388616
315910
996204
447333
689040
875547
983169
603426
61324
65485
51103
156795
651806
483315
410613
210991
675070
279084
138898
293395
852535
949996
690345
496887
60739
366367
192434
290819
679832
48041
331959
31898
886022
320580
28372
879679
260499
841268
528698
87537
24623
311932
108149
806083
385941
365558
270468
40680
177362
670522
739305
458384
306493
835091
797937
687864
89591
973989
436307
418380
407
968279
329822
858658
201991
359633
60655
402205
969776
331747
896220
633672
719636
317054
593381
360036
128530
514462
230932
490353
737755
842884
817774
196096
418232
399158
422525
780532
61924
872576
300850
218327
920583
191684
618648
842129
873662
822793
478875
70585
978517
176309
184073
937747
608408
437931
356657
311034
875956
709662
634313
736384
770233
667193
620135
548709
808639
950786
28099
420073
882889
194539
800969
500808
448056
757118
492417
842431
238687
394762
38723
274689
308608
907138
949191
523352
71045
966899
926607
851807
153788
584048
603934
944614
47157
616038
141664
465116
733938
232953
583948
705055
601463
505213
276321
267302
735913
162337
811958
68560
635031
995298
742232
407430
337300
796954
898268
993997
815520
233979
58017
217529
20374
461628
335772
386252
515233
463931
51800
868273
285853
931950
726791
604617
503908
18896
612501
493274
835637
489562
767869
645980
864175
691536
28721
236401
30418
815886
474534
267672
272391
614405
724836
804380
618465
595913
894115
7219
125947
86716
691804
75403
339302
20950
717912
821842
8557
856498
501920
270844
94489
659113
43345
462166
720865
47873
728073
73711
807879
532561
456033
167761
315030
957002
469688
767259
775802
452105
50428
143686
549657
811664
167959
578992
901978
936886
185726
441617
460550
780578
23113
221493
613996
399203
820220
752399
840501
807132
239678
824708
669794
657079
714950
432618
373003
757098
70558
290253
197566
583956
77002
404593
497241
440492
566830
147791
43125
108109
795198
487102
574797
969308
839420
53249
148502
626374
594174
632924
102265
921966
123457
506376
211316
636194
798367
355817
16037
800796
119871
958056
530869
942277
913889
58110
965849
784964
432834
611121
167882
550435
580620
459966
137745
116884
912344
945591
507929
541780
69466
789700
745605
293058
268384
870127
187487
112249
528821
818277
294370
100588
11592
918589
609455
124318
916823
240530
664128
398631
986201
244591
459270
46716
385448
499416
17617
958846
20882
250969
540094
843339
819333
732585
545352
707001
850207
123105
286866
904073
481430
532854
605130
884601
862414
312572
24821
927243
209476
724786
120380
444110
468264
899061
155771
313188
531302
815219
682819
295581
377965
705119
495829
625932
367294
18849
240202
176860
785762
481389
379948
643619
581516
649787
624384
25517
890249
910303
50407
678450
633464
105002
439604
116928
799998
447309
850881
515939
646499
820952
620694
439497
802450
267713
104243
85558
779867
981136
667335
154374
316545
667649
588064
521195
223502
262794
780396
678067
63266
872083
786021
144170
614859
365145
985545
472428
668532
462509
161255
357190
976454
636813
136179
212679
779280
492569
501359
501307
65814
62578
682512
358281
122223
857206
663332
72340
44646
445023
900632
682905
565768
506313
995284
372450
299003
687562
236286
536068
565534
784136
865981
721373
396396
923614
721264
881953
984341
282337
290433
757120
347556
904782
839979
79828
496599
924622
457232
612418
213107
689153
654848
402942
508187
541024
398971
106009
676720
290386
505096
259919
476642
179411
165265
698323
88078
69771
255885
869515
255414
250021
832167
764053
760467
765975
306469
736297
253421
601883
169991
315774
271457
482871
696624
689134
307292
506710
650475
378524
844229
210757
438234
686472
126526
720187
363908
52845
875707
188278
485574
320729
574715
901616
164004
753223
274823
523261
702307
538693
380637
905653
963198
755198
810943
727175
807381
50370
642417
815188
534540
673510
576115
152803
892393
576432
181797
378560
95621
595686
121799
221760
806244
132216
528520
656810
640364
470799
710806
709485
911607
763391
19414
451370
370185
271698
515417
34780
369031
459270
306616
884869
891096
710462
316691
671526
526944
875841
643752
498785
995191
119920
43517
732172
707491
813081
105058
715034
978689
690252
440839
105808
495213
446984
550884
261054
879939
672383
556309
653956
736701
398306
430464
89238
803405
212366
852853
426534
984852
590731
837227
686295
226868
400565
52061
676139
402409
217911
243613
132982
971699
781032
74143
284171
25313
199253
601100
681628
706391
355130
179573
270664
698918
566433
577906
441413
670700
981160
596669
150703
290286
379594
964721
454571
169991
599402
683356
334465
981652
105176
328544
122112
811763
97520
204032
460813
419376
680368
765263
647197
961860
779170
324074
71274
446254
971364
151464
212713
226508
395816
766488
401738
511287
56017
450565
206400
92962
366998
622624
344514
912503
201314
123278
909409
251272
92993
363135
609734
396620
501462
221563
2820
131872
487867
683096
272286
379392
782396
780831
231820
374435
271561
888275
960233
68580
304688
298092
942453
14026
860078
690720
857322
413620
669538
271622
604710
454950
30988
75745
802169
641322
506902
800560
486551
633535
244008
445655
71589
847054
437746
482487
977002
511710
429446
134021
762458
931608
470168
579073
22729
43966
976549
748131
442464
810485
38463
511845
50460
465642
130932
18602
666805
355200
221325
31675
562395
111414
239661
378538
704937
518785
689255
831036
887102
11533
962690
658682
92236
626642
802162
546497
884665
736527
302795
288718
333851
657401
19894
165660
580314
637329
222232
953543
527880
511554
577433
780172
794121
981282
522041
20785
283906
571517
931695
329379
53491
598870
267211
968130
229348
146612
845964
760532
499970
132393
237276
359837
493919
838876
902357
179114
855382
167010
692668
319334
485188
446924
825163
516308
116165
617940
186891
532378
193036
520354
889641
434376
259065
111865
744375
380009
840956
519749
11916
171774
110225
282254
150777
754011
582491
320889
523383
250733
369768
424152
657403
246801
748295
244561
77872
447525
540723
283632
986583
173375
837331
795514
423475
374664
365375
758820
880569
897722
390426
827816
455873
176517
176468
668064
868736
187777
506565
965579
653712
501082
497635
198314
74748
985575
897703
389128
208782
442204
845805
225511
952474
831667
526944
623645
454703
416660
756346
10783
472754
330339
553432
691112
481235
400358
905799
228417
624611
84177
107982
789337
454459
35116
268365
146127
252673
536872
632490
935666
73159
926907
230637
14344
692115
971051
923934
517428
491928
197620
252715
7411
170050
666895
21169
668330
710556
510140
59239
860803
364168
327812
279233
574591
450926
866676
117871
102332
588262
961258
118767
245072
177041
42333
795124
153735
574031
908788
215546
371387
347896
319612
320061
673668
311522
550672
931439
911776
242861
291661
194604
519979
800754
817664
726865
667285
665034
601109
787248
256292
241858
502147
718901
773715
114493
884064
683199
70070
752888
770004
407158
575532
559388
109551
887604
201039
205679
146084
334353
640001
629727
66935
697762
745637
245572
258558
692787
6867
162968
349579
712860
111598
764273
955
755707
13156
657582
653392
528659
485901
28542
416667
783775
78211
44321
151668
279121
699752
91973
911897
820044
637505
994796
390656
186013
967672
59218
217397
717820
640927
830743
917925
54555
765613
229479
416829
805734
566031
296019
831030
785516
409609
764019
629194
190505
551341
170005
919221
483705
924961
131579
70920
805979
399625
611544
454920
979726
688875
984558
932535
429063
656341
276784
616778
324881
570011
922695
387414
547358
963832
571517
523563
748637
379836
512311
698121
32860
110041
604837
354665
24754
151321
719636
333574
633321
597519
987590
203837
910774
453719
615457
336633
248868
404275
510495
18533
491293
119466
437402
388939
139605
32529
447201
148469
584667
415141
28532
898586
126143
587117
644786
800892
444182
921436
591440
66812
539234
247807
765902
662501
364318
424272
802669
789769
168445
781530
677073
356232
811416
201402
223071
532954
97518
23200
791647
973637
675431
340602
795550
334537
77784
686941
924185
965200
567513
382077
360723
373595
121592
750141
614657
33079
149777
980730
831172
293967
749395
285975
857871
466851
22603
419559
235626
234252
440356
186554
408687
571635
920704
167570
137236
991452
553344
96381
226064
622066
526248
301203
845337
274045
127625
721812
660910
366848
593958
48409
849523
396847
550783
243387
364559
772901
889630
356899
948969
653021
200414
756239
344984
990219
628032
435779
692782
131393
817541
545771
154092
21259
941004
873069
665449
696624
953069
365885
669996
322314
629979
827628
613862
844402
810755
496952
342672
621044
960280
129799
217013
975858
654603
198839
614145
126864
23305
279249
285561
878809
932383
693868
500111
172438
419948
745119
34829
142645
918479
866130
215546
583847
15420
794522
869860
863452
567516
45326
385564
827766
187006
780938
958404
479600
508010
83053
608972
764712
465612
514267
880031
279902
376934
827037
200488
114542
377979
739262
938371
902859
807187
631964
422464
236778
487836
742753
432592
562820
644611
823948
361307
788973
334819
224668
436315
614881
510467
316512
652713
976903
583224
987982
795315
731901
91538
203933
128421
360717
616847
675815
78714
164382
237998
588643
915196
158969
890171
71444
988018
765744
563441
986801
131199
380034
811053
167719
754333
133188
109457
146779
924106
799758
827783
908652
984433
712851
393619
549345
173273
768760
383855
540303
732130
613720
908454
902911
818730
234189
252715
715305
198214
123559
290492
875598
102391
585951
104334
677073
162475
766191
490088
61230
20212
859873
814635
620711
962126
210832
985416
951940
763275
339665
855663
10505
633281
393462
35254
799894
564018
354556
422434
735161
751986
67102
876518
102896
104817
193206
23666
764100
436305
15400
599089
708961
393328
556601
996971
823461
721261
670664
35157
374975
485516
960403
79301
892086
868421
119362
324901
678846
473639
532761
862951
97554
367329
187966
89578
378891
910876
852790
446800
98744
710478
65824
736585
774150
672067
188042
301374
287175
619167
737577
399553
176289
831893
560112
842682
505496
983758
338076
880831
410776
691635
690886
290973
98425
171213
949580
11918
738458
528553
933320
755128
520843
947433
327459
813107
720661
107141
963069
895277
575103
32663
541384
561938
265174
292245
914252
950702
510534
215216
565768
332264
617480
507835
344197
681562
980844
549305
678513
91636
234200
373680
503798
261528
524847
454115
717347
967398
489827
156979
608232
486032
386570
265029
69588
736882
177409
169566
939241
794852
694038
719703
506880
946335
165570
163541
490612
16786
718907
113382
447911
565840
352153
891028
568270
418573
96225
473931
818226
162474
642290
429307
7752
260906
351962
682285
671293
10032
714111
871980
110880
82399
510661
598220
233482
203102
588151
299029
208317
150735
591806
218081
600347
797415
967718
878942
920715
991585
258503
695171
94491
470552
680759
885456
583234
137472
567173
813670
385267
811628
898923
99960
442097
286857
367131
738260
6575
833568
438487
149535
902571
133474
66538
447897
639658
793507
645254
490906
528470
162178
119031
696616
937431
698411
708656
409875
554501
964308
455752
11932
597545
532761
844821
919104
570516
46656
783367
9956
668748
203321
430510
388262
388129
54645
463882
103264
448686
579640
523604
67076
56692
578304
85756
89936
470493
963562
507021
789219
244510
458611
487271
730492
436316
128308
604135
23415
927331
832826
105114
661512
167828
243785
282484
598076
194115
133430
166747
913911
697809
638694
406206
259719
746041
334678
177964
979129
287629
458563
990439
557209
107123
324641
635083
169155
948622
341596
762135
922217
227913
854686
600309
636329
491819
346856
180745
470035
318835
990759
162015
355151
181577
75251
196913
907411
281613
422398
756086
496144
873152
933177
224455
197602
411011
131242
951378
772315
195131
144975
933746
60951
763841
510360
341733
476429
453862
593760
970771
830643
783788
766697
364535
939728
164651
2545
974624
905157
386946
934707
995830
645087
990691
596722
217251
579999
51978
493870
242352
930106
659793
273708
526612
558755
312731
625928
861845
873938
849763
919428
315556
419019
149078
343511
582981
396301
712620
528073
106817
18988
17276
980960
374167
471624
88917
528498
83583
663052
831984
739629
693937
626945
613448
967865
820581
76115
64745
313428
979117
185907
2098
39824
892841
690323
769334
307548
930356
169781
168817
590877
533405
418
819850
91397
693158
483220
232805
842129
772856
286224
722497
576751
431617
358807
207199
617898
781428
720828
337956
506170
805561
714140
643581
656857
7624
197549
870952
256138
568740
710263
336041
931051
447324
848683
135324
479284
979123
450261
273369
141523
193780
59990
795292
764689
966110
534048
258969
927040
522474
955461
177368
667525
870694
73070
365261
27957
317163
872371
810497
946678
273649
168803
106271
879838
28372
849098
40653
493228
583178
970628
758232
676238
983736
307987
621190
644556
962420
835461
116344
969867
518306
235452
725049
338291
290096
243717
527196
436163
630883
758115
127369
702853
706593
575206
268897
70936
421719
193036
366571
786707
148668
673115
762849
228412
641404
818767
82077
864763
710524
326201
217458
393935
183923
947535
381587
506813
27385
446511
117814
817811
327410
541510
725174
141717
435145
966863
944802
584071
793469
851220
479408
580025
86280
619098
232541
300583
430283
298546
305048
318642
983802
256662
239469
754070
177758
849646
500293
346181
505191
846381
707200
997984
317503
115956
207202
107490
922626
679049
826457
778563
367674
749620
338348
974057
202141
785385
769566
644871
997106
628988
528641
215043
579702
852878
708715
460393
179365
394246
596321
310246
432955
343481
509527
909647
691231
993873
777081
505496
974899
179136
31493
63867
436951
938598
568084
237195
696227
761796
2502
170075
967679
572135
153739
887473
1436
445057
580353
42117
773013
397495
586042
744801
771639
578169
586207
254569
151063
622614
755893
138863
771973
199965
612192
836855
925156
486584
471719
830524
823561
571441
866946
755520
749074
639108
10923
651561
500015
892619
939556
360862
528014
677664
108967
847549
808977
129205
585282
150975
921785
117521
316221
57501
302893
22543
228641
771121
341387
559032
18952
338133
205291
298192
423091
268179
811758
360532
118988
481559
966287
992700
680900
550302
753001
900357
91930
418309
132080
48782
613098
273862
609897
538158
576061
575873
782027
280406
247740
114527
993455
191683
756581
295933
275971
691807
551034
97308
900057
51923
196757
142218
543612
906954
597226
714056
567454
121247
487219
734469
516770
433955
752468
540163
375068
963038
126573
568084
617017
328219
123345
476335
273134
856055
997101
504711
99130
198959
230621
458596
461762
366181
878070
548588
308096
337554
23965
384989
44006
86162
783657
127507
964526
834989
255810
429327
665852
405701
595112
47616
557074
949161
439468
273228
525313
531482
423573
796509
141987
916496
773547
84975
181145
857521
277347
753130
488185
811712
812105
944939
435264
603262
733446
960870
681543
749121
924407
796634
686616
764028
103628
706859
34838
830990
615574
579139
745619
776224
669560
151169
395673
581220
323758
501805
160320
416661
275854
461339
626135
455278
616726
150445
523
643462
468123
67736
53364
590798
789633
172693
811584
124272
240766
498179
474744
415019
685027
467126
720196
259365
308548
552421
643968
773259
422201
215216
374824
249002
368425
874020
519588
160411
925680
19719
161007
968985
329146
851997
356711
875630
423215
348387
809274
46593
799090
196439
761675
784725
695242
234509
607706
616606
253952
503529
84497
637187
494398
975672
321816
124852
198891
834323
588756
613315
269456
798950
138773
72167
336068
611563
84971
23107
464372
600789
94368
972495
336843
856881
535647
641700
609715
28830
954004
435862
791917
550053
30139
256519
814453
429333
146650
176619
360029
173273
721722
777783
551472
797005
981149
505910
243080
226194
453857
614737
797957
196439
240822
761889
686566
655117
266036
764919
819772
704593
124318
742906
99688
673130
658203
907840
665574
738850
617015
806326
821038
192551
495220
607609
839176
147246
252621
992668
219951
106786
388032
836466
810630
812325
5734
971492
143959
135835
128199
388449
672363
950335
376513
70483
813193
122130
746630
405271
287157
312361
460432
403007
552023
862159
790550
687562
720465
201160
668461
801210
445275
265863
331317
233171
5994
360183
723212
762768
815620
77306
381285
868428
956728
822292
24468
81377
838108
897971
503203
541084
313870
580768
856866
911206
52609
333341
972866
474980
129745
3327
836127
145568
391792
32938
634313
917713
665785
275180
611300
941988
551486
182136
585123
586313
149612
822813
428044
586874
748400
856232
156561
420406
354602
750086
265650
972884
232996
718067
915196
961758
667527
647390
573292
973349
654301
165112
516661
337028
771631
858910
956578
421576
507529
345816
594566
806389
925096
871043
517466
349336
787958
779575
241747
169663
235975
376965
170416
915218
931374
498717
819900
984593
924509
226197
314795
781025
397540
267289
288539
627687
876904
116653
922808
872938
122112
896960
984470
730961
947488
436232
407615
784858
520976
529956
749028
21290
382593
737725
178075
60912
16213
942002
552292
591145
148211
146198
487182
191389
13291
106911
513228
672261
764551
22065
751283
753822
951401
357295
364083
897552
136895
510745
470493
696646
357190
452949
226516
870387
863732
411163
783448
4636
985652
819504
704937
621396
271497
791393
739206
932433
148530
416667
804379
411809
744888
333358
871360
848203
731758
126747
103182
305297
18470
315493
353979
897289
639424
743012
743861
488085
558746
486149
551750
432477
570444
305350
615030
739954
792929
698441
908351
165989
767765
646305
240262
243686
429635
862806
947467
572589
182525
507374
358794
418361
595599
712901
770528
381991
318920
968926
391640
302569
448463
524892
628644
223608
34711
75177
115709
140104
189205
920032
764592
131727
698574
517
363237
205239
741714
4934
683134
92301
789315
439780
174303
931016
231396
514018
609170
688052
467010
663633
340094
793294
173613
571212
875645
772796
336511
68606
786690
285840
739418
963700
551927
249505
779826
611953
135252
931856
785238
359231
31065
912747
76879
836771
713100
874707
351202
222497
692503
175672
139265
365881
411788
798188
138706
267876
340065
956970
743237
564392
664128
784921
739885
271077
737581
553310
391364
983822
543376
668406
555600
781253
574519
175615
651011
397688
905869
700358
820602
820837
331413
406103
303247
26298
857386
484339
273639
555191
200722
774039
665089
883053
378542
331221
525915
190654
260388
667350
118035
114635
615676
490156
452034
510192
258729
331427
845975
469629
85309
202497
675997
381917
976950
36244
842131
341302
41508
447074
243904
952057
32490
435846
655317
518559
891255
388186
733645
185648
112802
796352
67366
312507
551853
436907
459216
278806
345207
151134
286348
660351
908945
252245
829579
401153
853133
470467
989236
144376
97045
874418
648715
133940
392222
715847
887893
702688
233702
857637
403755
472205
779759
861311
193016
738240
352127
659299
709474
283134
370480
425302
305135
415450
193778
718396
209221
798916
442613
342302
355808
972938
81066
523064
513432
271114
618659
48687
142911
503989
289369
885494
341520
685462
773275
537323
488679
500835
620469
740406
267624
743579
110522
790133
51856
194319
746637
396455
221876
445196
129598
896620
277232
504492
381439
231296
968009
817857
919172
533482
153079
391241
409122
899210
397147
359319
389109
613486
911220
88494
559225
82509
587609
865794
795199
241721
623941
125325
396556
917599
463975
720319
369776
437142
367420
920910
526420
209507
666182
926710
968178
428329
511843
847363
153137
11559
866493
781864
629627
136200
706202
54705
577004
645283
847187
78454
565259
718895
768627
818530
144198
204926
195418
908429
590969
741142
795098
957682
124219
667209
707340
794995
170418
981058
799777
17766
43727
519025
834936
198646
12667
75214
56632
17297
565123
522113
618894
111200
942394
729598
242747
77289
946995
799847
743119
625817
190405
433005
427645
49770
6672
82077
680308
614770
682060
635475
45095
574492
128312
726147
327700
923342
70862
805018
547887
179573
895862
413806
66181
380653
155097
519678
87494
348280
570020
502861
802640
606796
720830
568452
880497
925262
446379
323468
679846
14474
360737
412664
316873
535806
160629
937664
857962
477284
239316
448548
360693
293221
368522
735297
76604
816816
734478
609340
627321
218771
627284
822569
318990
263606
873564
173796
708960
875681
548625
657986
655611
973447
977000
714607
621503
257728
9536
432532
178567
466715
598705
528333
725213
507050
913534
82783
420237
410613
763112
741748
294112
94368
908224
555227
972155
656959
303247
139391
801059
592900
917727
694996
100818
615023
236294
406991
778880
606477
651702
113033
806221
419370
46281
958996
715644
532678
960689
778555
589684
660184
246583
93602
851189
391838
483959
319666
9746
573327
165306
34972
360390
450058
426112
115853
212477
68380
970887
816581
657050
971805
455425
12496
710023
102279
419017
249843
711302
236711
939209
412495
438828
492919
270664
673440
691429
651657
126349
938621
477138
541476
839401
754349
524739
618062
386547
849743
66593
241648
520450
334516
736097
562727
347152
562178
19459
257341
117230
659119
112853
198483
298155
376381
667949
490739
488444
138409
761503
202183
586813
463934
299188
673587
526970
361644
129027
211262
411909
485082
428281
731869
831862
554065
824215
468101
568077
396789
490078
196952
494178
427733
837326
77720
995206
932261
469432
15252
571211
779127
285561
646718
232535
37154
947596
753125
380983
399158
977988
481376
938766
482816
884147
957002
589192
572238
903240
543714
263343
816989
321083
263928
874062
642322
205097
156137
34643
238996
199596
650379
258626
624945
544701
599358
80256
864905
503074
665591
630324
45504
364250
5604
122360
694358
37741
940454
463623
779938
73423
700502
589385
318448
361634
564451
684254
503268
367200
862638
226777
867813
162252
548427
808995
21413
179230
865857
252213
559542
335845
163435
582556
963846
906853
514900
959023
628422
515728
942105
632829
261146
919587
471128
176602
998240
19846
264952
277577
12518
316534
63620
676554
356456
29681
758371
722513
130757
192407
697762
313872
900306
809995
716380
630529
492946
115111
667527
53857
326427
43110
334643
440134
400146
615680
317582
692103
742947
883560
743406
382417
69282
27045
695647
841968
671621
472431
611409
846977
149590
427262
326058
147987
585126
604719
968111
958861
717562
960675
720355
205797
546318
435068
184457
582228
674349
198589
104513
877783
791384
195583
115724
168020
19857
522257
53750
223014
912745
264915
317108
789395
18197
176792
866492
869031
319910
784541
351004
493034
826134
876736
164949
14065
346834
391
116964
923748
762289
971777
854800
913665
211645
136470
591713
908791
404465
510543
661468
980296
837616
731299
714533
224685
267131
584295
816554
198767
92647
606683
17981
216084
196913
317374
174256
293237
564186
974174
162271
42262
247471
409730
385369
643986
982611
250970
577563
415019
498224
221272
65401
848188
115119
360650
659217
792074
539893
895147
351930
202382
994470
884144
567839
457489
506961
916502
907901
975095
3347
338257
873991
343954
798377
355295
339560
940708
66481
420851
415674
716060
343492
320315
83935
505283
662838
684136
998627
987551
492590
859563
939743
446848
322977
880902
10431
104026
26407
173641
247024
625249
170573
277536
424709
334627
939032
547149
576421
38455
359450
783096
480356
695408
446071
940023
413567
232910
992212
52253
746735
67347
986766
323769
830279
32565
640352
502141
809412
953058
814784
796035
500655
727440
893695
910522
429096
451845
933891
811954
599036
114543
692935
459575
437953
279602
218691
840949
609585
194744
237623
772908
263140
828338
304283
549533
532127
676944
278693
244951
397292
292882
872601
550676
606773
542365
458209
524592
812825
82946
763391
801147
308983
432338
133794
240202
796289
465569
191037
667197
799096
602382
502397
161139
750332
115261
577689
553544
416214
33045
202713
564992
440853
775966
996574
954123
380991
170418
22902
703622
599991
800754
465512
277415
745737
852438
684140
347650
444298
963294
598824
706920
267046
232176
209038
570241
799662
50598
679716
208250
426473
780892
614422
62649
921635
652588
730730
473726
33092
493772
141391
894937
436502
710023
496380
26755
737490
965447
744854
229822
46811
312075
692927
784219
798435
7893
398693
345159
530302
708303
957658
285825
452974
686798
555678
960824
787940
953509
970250
683311
786646
333805
554622
215476
101033
99168
583159
282230
831162
49084
540605
758985
668243
593743
384219
580526
242139
317365
210171
970203
630168
265100
975201
470033
462677
495896
190564
443274
557459
783533
826388
771047
576836
433238
515543
576312
438234
164924
672514
470014
565521
136426
569234
637664
278369
16639
822973
899035
209981
839987
982734
378933
650491
920141
479154
993320
584249
588049
71589
441573
35849
569541
982912
657229
324334
528533
137185
259487
179603
780302
185629
477248
222863
399475
524739
528393
146161
199422
923608
735968
792947
808897
793863
253460
88147
656301
826184
651574
423036
862649
348008
962177
705045
74321
495476
217690
9361
251951
642801
709120
120282
875638
470168
71084
794203
332976
204366
351142
921445
203724
907406
679394
616469
233724
114527
424749
871238
43224
790342
877775
169102
289285
165318
896852
645170
376721
738430
472432
439738
170941
48071
111667
91905
374150
976548
908454
766755
387495
748894
290714
290203
456775
374489
467886
60180
220795
611864
813602
292705
260345
23675
626970
821222
180694
502440
570997
31854
448206
552333
285314
679015
463821
225384
617826
982087
780009
666025
724024
182233
760086
94399
17327
494983
421590
273359
822999
432333
407965
396321
96418
197242
720258
723811
38083
287701
618551
311641
522990
187044
325322
593007
724783
819828
260889
71384
206640
267918
316839
375742
644878
973139
164105
410626
902882
671805
123372
325039
885283
299060
97004
582995
26456
75749
265895
835430
626264
722676
409321
474773
22357
390823
740446
156129
653700
182735
543456
38723
687032
992388
944878
837323
745963
491162
520149
962455
248882
385271
168152
261424
761949
778487
899732
538383
703710
753357
616952
227463
748478
48358
872049
207557
109061
205669
965953
710571
700875
865320
933525
830643
996361
961134
452156
803647
721947
427191
495299
167666
983867
229702
968292
127256
246732
259786
106829
791296
436638
549255
379711
802367
593604
374170
688016
332274
562865
382491
872151
363013
169344
734666
45538
802640
42289
775077
546103
866886
466714
90547
103506
23017
398982
286827
718560
975979
630371
878780
442630
141599
575999
264990
829218
409048
54042
560571
536051
157334
600592
88932
46704
30713
570851
113025
426950
263976
825104
836127
636561
959027
845247
86043
867876
884253
887885
524556
713288
737738
222973
552735
368894
643044
161576
87592
488420
773064
485170
159925
912155
828978
716687
250826
97320
816654
557826
229470
491703
49454
193948
357796
322368
913252
313945
899389
311711
528043
425041
457468
402068
198482
534717
121329
639535
611389
299255
294880
431350
278631
17478
108523
224741
564439
409478
944103
425369
749306
845261
9291
214000
742311
227904
24674
905700
149702
261676
857537
450227
122514
452224
687937
692695
199537
571142
160784
383415
802298
957643
937666
636170
413778
250109
452924
290537
184097
677608
737913
828647
373946
355245
352059
525580
398467
209920
259336
437239
333242
920469
584273
572046
752068
344200
605558
884723
398678
381105
165114
914574
46772
402158
54128
295933
521539
732584
301987
145029
328683
98095
249304
909187
97744
254018
883348
881194
306171
750950
294449
426966
343245
964744
256569
538828
442330
405901
48330
117296
833275
458789
485232
457746
41282
655910
256948
591291
138023
464170
914825
603144
103114
920156
94317
126769
782940
640138
279455
830304
811062
292554
657098
436006
577206
966183
55787
207571
956287
397201
598908
994907
216080
150570
852378
164232
855453
492177
858909
392032
9794
705936
169465
845275
28874
786911
137028
762187
497142
254642
279380
881386
810308
631987
678855
654991
518649
666160
230777
632146
522769
48292
597043
330519
518827
483785
574858
604034
901092
379632
245345
348660
967717
934420
184441
910761
71317
835157
290814
805490
65433
651561
557111
709139
799847
996798
413092
124960
999280
466665
141617
885180
725546
172185
785116
548394
953113
27061
349969
686744
682467
926216
594908
380931
488467
927944
671415
293916
650753
718892
108744
505295
101509
728516
735779
778992
379299
548601
983791
262414
283461
319587
297319
963696
201214
945595
685680
714125
985226
410540
338540
222092
322334
641606
189058
772062
444560
921693
818925
928650
496964
163174
799157
747980
350786
556699
657354
282940
728209
289398
265857
392678
157861
295729
846586
807905
615577
756039
864021
8261
723616
391252
781928
495348
678065
135484
13062
455443
77462
875661
52578
414114
383432
704772
291089
842832
662501
946043
642618
740682
646814
864163
2293
205448
97596
116046
859504
855044
886248
113693
215987
615152
61880
950848
669552
572067
478537
964591
566403
674737
175781
60951
685680
416675
581648
246834
593684
451798
412455
771529
470783
989288
758879
347103
868640
9713
737845
828902
462142
538261
290385
423140
505233
472008
54837
495114
261456
153141
338373
832184
312049
632667
491200
444189
161573
457463
583631
833820
460321
593649
222189
726306
354804
500124
287638
501812
691751
851577
786847
463326
359407
507322
921980
92701
709120
774180
900696
337718
584817
23851
782382
969850
342698
668816
383336
57234
582268
859588
948344
319851
73849
683356
385795
125603
457753
956868
648187
81569
559604
736613
938047
94746
788684
351926
436911
30874
653331
738653
68317
217094
838053
787360
827986
392911
926156
945608
276545
186571
704461
633379
655376
640397
37552
401331
33737
738558
980065
118203
968793
197403
315399
243898
778449
363969
78535
582476
585878
934807
709763
298451
835683
630577
550247
937422
560975
327859
426865
526027
954136
127241
877655
845199
6538
607214
43836
719309
767184
306528
78716
350685
63660
542172
505099
186775
778169
110055
54566
649370
410215
514433
76387
579156
386766
148561
409241
286336
479909
600309
481020
335626
176985
87544
651812
937211
368736
924238
634534
343635
152732
645356
520252
210817
400595
316687
478925
724809
203650
624227
340265
912141
139548
133054
913363
57108
565563
242417
596829
806572
137720
570955
612418
920729
116825
652606
478804
464170
656999
733395
420427
861738
146730
532472
836705
467228
66076
787317
332709
165492
959227
311583
668245
3661
154167
292644
25408
104188
903190
871723
900427
734655
337951
707092
333507
37979
400582
625944
18928
607548
293608
246154
586042
775931
935165
761286
699480
322372
655466
779713
500934
578252
375547
344884
55671
782377
123113
231163
231492
975933
980195
65652
373366
465813
840396
136025
201282
557209
427064
171666
395540
72510
410379
226769
935731
15621
921480
708163
897047
745096
202700
128177
274765
103721
189529
924597
523710
781575
271137
318230
236083
957919
748964
280641
684254
450962
721619
476393
744165
579054
433101
325329
681064
609257
183575
259971
221323
579326
992020
440241
473417
343200
642503
697592
866701
31404
698312
496981
256454
119531
797816
923673
159226
579343
925585
714528
799899
341946
958291
994042
514998
728182
460975
516500
299064
925826
458147
198707
226741
940647
829852
686525
786690
338640
992427
472278
561086
479488
718241
261399
946980
721264
735758
441025
888080
165054
85962
582867
362953
885071
834869
584579
190041
551552
827495
382316
770966
500145
483491
507698
444078
673548
476588
866139
738674
948790
232446
835754
823019
121510
244591
586172
559340
752274
256454
739418
320515
626529
800222
490358
66360
621789
180398
8002
515783
851244
357725
727098
715843
191321
765116
539493
188305
641777
216011
484926
196734
281525
5442
540727
649171
851982
92783
981856
702112
407908
370470
71285
277420
736678
15973
329967
334469
617212
83230
609904
663960
794556
549731
943531
169368
827092
49911
358840
622624
925113
627966
249769
96246
17450
886078
723500
167114
596949
209464
487763
545158
101143
428640
638103
891519
305493
891803
757124
957549
561392
453010
851305
360419
140249
264234
917515
968239
596287
228486
687093
505191
929005
686913
854340
303547
373839
898845
96412
619136
468727
348341
300590
572379
272996
703772
448056
237630
226077
902404
98199
37340
361704
856895
60423
284473
513774
820261
381696
831348
243527
352120
967699
295138
117735
90547
660504
346891
236388
338674
691927
750393
88807
937608
92171
250925
120954
434205
540401
82758
8172
515219
446677
794553
347822
718035
493052
5528
837034
937214
611159
553927
757584
590089
116416
16376
666900
317439
131288
601089
850692
367285
678199
96750
674085
479672
941717
262228
110054
484398
446929
386007
555324
775141
728052
792179
197885
451345
484146
134272
632803
823555
237397
894370
483762
791318
950816
703267
23459
988433
911745
203952
58814
424121
656842
695672
431067
373299
235293
458104
690623
566923
710178
413757
109598
406193
547881
435775
711799
900843
829196
299889
483451
463655
127528
292706
215694
719440
948540
822510
664893
291225
977894
460502
687086
759742
495726
786975
574393
66215
511470
155181
447077
204301
785605
268178
202628
836955
429770
228928
976780
955172
703393
758657
736196
566375
718025
80204
646540
850154
770835
27618
187696
535752
470071
371588
752068
183827
341220
67981
475633
117467
681114
944138
460579
990217
896859
360192
534725
514306
99533
451948
592612
188516
522687
234209
457060
424181
710955
886374
43816
778311
478162
985591
126469
141466
877014
857237
241758
880420
453626
408606
459673
255415
314
290935
401968
743854
965260
803675
553247
290736
710263
55671
840842
61880
768639
838165
420542
464772
2132
932784
357327
83522
663468
867876
839846
147853
162317
736829
891904
118450
718355
67909
75326
220652
183163
656507
535098
853371
361166
360491
832617
297681
219957
972887
929191
937147
620122
513940
999009
801393
747769
452464
509609
545861
203194
334238
774674
941870
590406
303031
731758
206346
271723
901647
110483
639637
139401
671202
480568
819263
266414
852632
429733
840840
383519
858658
597967
488212
239249
131932
964306
841115
974282
893998
662100
20412
427741
741612
707901
111381
456911
28496
344270
883217
135541
716359
191292
970994
508438
18249
760237
162404
278535
607715
805533
360648
413852
518974
901628
941747
297713
538338
437091
244666
941445
549123
851834
788184
710254
177541
55460
993217
712473
898459
362449
40700
873482
45900
281894
56264
443529
138698
676356
48113
59855
190693
293764
909404
989044
32342
984964
37946
481287
277869
635303
553432
194388
526329
688958
103149
568340
167010
190755
477599
12475
356617
623960
534306
144122
653670
294511
331651
129109
507837
50046
917929
321132
469341
493636
397051
174522
669887
973450
900777
204104
550565
389519
918416
444162
499416
339979
181377
92068
926675
400577
870555
688319
816471
379090
178765
558266
118047
385063
789582
932079
288739
250929
402926
516272
158329
334896
700315
487878
793224
575487
507139
229095
399801
119314
497052
982970
290305
587349
772043
454953
160755
449892
186975
496887
113962
848846
774684
517468
114347
774761
230112
16334
409550
621588
681808
829513
349667
292546
957907
695807
275837
974616
803798
722285
246192
151648
677833
768842
348979
413192
464151
178773
613112
116247
489883
835549
478813
308305
335247
901733
385242
591235
504755
98747
667235
578394
848223
437556
963597
339905
52548
477346
602994
612672
221213
774998
46579
540477
758637
308000
865320
862337
86178
950103
185245
39843
113715
717049
337707
53735
96023
66397
404194
444488
884093
215840
862194
612372
605096
152179
375219
594544
122533
681537
736613
432506
615911
36161
581695
222283
11873
390701
621774
143839
970771
181983
330339
967592
486394
58838
230892
345356
383959
696467
432034
171476
910397
217992
221335
652715
225081
94076
658650
242917
13570
685575
689319
928139
479579
448519
531927
198761
641005
747838
586642
776994
570760
945081
67169
632922
332402
53227
802847
622939
441220
104188
644889
965012
716412
726475
999248
163285
369254
822742
855402
110142
620566
720404
806066
89498
748500
375899
96692
747162
394304
72218
466091
641404
413940
369419
932689
525915
158472
886456
796395
90442
669878
389544
378429
221722
793152
754693
414924
655353
713645
597370
667443
508273
104026
231498
325253
583379
117897
46710
318763
890866
393456
610935
599311
184072
245911
579788
215987
89252
741514
544316
4007
12374
97240
148616
233945
900696
362848
669770
68032
320033
463456
697232
245007
24030
918146
338339
585024
18538
655523
867903
508336
132404
83053
245268
373991
987216
433562
205788
847036
457674
227919
285691
652573
96003
442864
865131
92347
192180
300652
599242
455752
76095
52068
164900
846598
694505
173814
725532
199540
8045
158250
272037
83161
483058
476194
119921
650456
678510
254018
617015
573212
71681
399998
490761
424335
668973
129198
517029
845657
624103
293431
127747
837745
579583
94753
370828
608890
922227
840656
648037
332310
189407
373846
800682
960856
303190
421400
445020
357915
512270
285046
396879
525878
85345
330528
132077
84069
648612
470812
646128
173938
674415
803578
812235
320513
208293
573452
996165
545534
668417
734783
773050
884432
252109
281641
987493
224305
887506
90547
379225
557303
467959
864203
9336
687271
434094
397816
433071
604730
567443
753223
817603
284024
785758
57188
952526
326752
511975
79301
380931
734393
184853
223021
394859
802392
778532
607469
804411
89266
367811
168064
409425
339247
418747
988190
143523
952716
879922
563441
922920
467309
42982
743855
928471
728865
230574
762149
369768
961464
614191
890842
178858
568486
96663
702322
533219
631794
249474
696729
480418
44330
232396
10617
934434
703793
878549
163885
679624
971874
451825
580822
101531
813082
762199
339951
315996
338084
167443
758542
529628
1826
620001
924185
411049
617423
774054
831162
981878
620896
622496
298583
230805
786444
602611
294174
723053
16452
579977
637000
11986
385863
471294
666298
67909
854765
734456
731337
271056
956986
839627
269984
408632
758291
47006
954467
534445
665045
49825
354060
145658
6307
883252
548513
247956
575265
646121
401524
354241
605212
808277
242149
996588
784651
821150
482355
683268
763847
376176
167461
642277
617222
693732
756870
139053
842744
337555
107290
788477
150444
611747
894835
126323
195725
413654
685408
295535
505216
784136
671910
767673
189652
45259
258896
185813
807309
262010
176619
213010
885654
448825
245663
356259
10129
786876
56164
972489
55023
144485
973023
34789
606492
832561
163821
486319
796837
488376
995473
660017
397739
468578
661171
421584
698184
579916
658750
651661
819210
809026
68612
746559
858402
347817
280377
742977
93823
374664
698113
350738
977614
99032
122428
522667
364611
69771
882611
547963
732622
20498
802194
240965
401075
810085
854933
581942
608214
478162
966075
974547
614652
878808
30874
27042
419378
43221
382508
837084
366330
906462
202168
799684
722623
859388
428968
758048
881320
957260
787548
339245
63605
210601
191369
185629
517568
302811
443086
882671
298595
709116
211336
88871
573768
292578
135126
813433
788739
872551
301968
313528
653560
206341
651574
456515
145766
257120
879764
703969
677841
781062
979657
949281
371150
20255
986616
407908
681895
725364
896920
440993
723205
744798
940578
284121
227720
673995
322857
333507
962257
723340
481279
344305
947116
861228
275372
340911
562975
273862
289022
277345
12356
245481
718082
519922
987572
508041
402014
733293
455780
584843
216721
823911
891398
674866
231506
479715
629154
968338
23861
874272
289776
192579
264829
893311
835922
394787
304688
939144
745637
945531
489256
799615
456328
48762
310042
208953
690161
500782
495553
13842
185691
628087
848019
832661
3615
954345
687531
89034
875220
380052
781101
629931
748501
173234
676455
252115
722119
200837
476138
407457
28599
709735
688815
672334
48650
348128
211181
420225
185955
96619
305989
296924
430073
338990
367387
816340
984153
744813
75015
172642
316751
896609
903729
609467
970003
617826
513984
650447
45324
711875
478813
657251
938481
487367
116398
456779
21431
188138
731860
703081
83933
86241
359021
188159
505099
318101
631082
326901
746350
391641
988616
615403
810113
783507
770299
262464
853660
821527
293680
785753
802290
497418
21577
940689
754021
192754
237363
227451
265970
153632
623245
982485
187805
249962
151710
763802
409601
39187
371361
33663
926025
133282
408340
211913
390056
416698
129342
677467
422309
181656
843180
622258
85228
894729
412422
96026
425827
567253
719443
565960
712031
544064
581272
354507
183371
385171
37232
393707
626642
510152
993358
734104
580395
609143
265270
155470
885847
219694
434290
738166
912987
657788
162386
313109
821615
559013
581188
303710
130761
896856
762236
258696
363905
827822
693080
796045
648979
929196
315678
695910
966795
470571
32360
911607
279955
972144
370733
251934
899243
324521
224924
250187
774459
836520
780376
323959
709474
874020
317108
842688
392441
929778
551147
521309
693827
688019
893878
961837
324413
588099
316028
511928
734943
904894
687531
302570
483058
751986
917696
505739
141841
595310
259487
476196
710379
400225
604747
50428
106124
752190
817146
452924
457366
164572
791153
915041
298687
988566
111358
652734
411641
879848
187013
865445
917717
20885
524022
565770
565123
68658
14886
487743
364285
653141
167115
259437
437035
525659
867885
326959
667924
544684
762982
616539
483274
561616
689969
392147
665450
27799
19954
71025
404922
734759
155239
436511
493669
78511
268179
249315
49058
934838
857287
51170
474079
818915
493612
948853
893988
723180
605489
174735
438839
33582
744733
318675
109583
321383
391492
402711
461619
332812
224919
485698
709011
671202
488573
226713
680826
492540
440012
101416
941386
542640
942693
620070
529419
866712
130906
665407
167003
93334
794170
178941
151439
362925
618517
493005
571145
358031
119777
327538
847827
743437
350089
594186
805360
583428
194630
959372
490450
883125
346300
463161
435949
950721
369593
533699
751227
442548
431639
286563
678090
437346
985312
493054
334513
948837
193526
794596
400673
680572
728782
720431
809693
842126
625228
394374
682579
190405
633645
875640
840819
247772
975305
404897
927144
232222
901195
959330
842621
682246
273528
938463
490659
116265
986591
384801
305111
15099
543488
496221
32946
106823
20912
818015
4637
993123
972686
365051
758320
281382
630912
503419
19699
508187
322904
158524
260384
167586
760324
229529
711505
851296
203215
602809
197147
685054
840823
305069
890489
935190
568561
956542
104956
402509
912046
604118
473525
185203
155268
324687
94323
890835
331259
804086
64883
551783
575956
679577
787292
517712
604404
212020
229577
949151
530292
652826
123941
518059
949276
918088
103009
696659
291969
882671
520483
199329
895158
797335
848518
57640
926276
262345
601254
599775
454920
731610
122730
587833
605940
45643
187006
808297
259698
220333
909457
127949
579125
804603
633070
380486
191498
979976
827245
452129
381771
218862
682637
307788
58972
136834
434067
699992
296554
124318
852081
207282
153449
25921
211761
281829
596949
985367
795779
729109
655344
763665
380088
779886
945741
60180
684925
566893
411851
595227
234714
92058
904153
809021
192989
367319
762004
608451
467677
277077
668751
188592
930132
36372
562158
819079
127744
464649
161319
257464
566415
492477
195556
803075
74666
863600
981652
233821
362349
443633
111667
236606
363968
376761
43713
898678
486443
484093
445026
678022
489823
484327
724790
96793
956542
390142
502013
309118
646194
839326
553065
60359
992440
242066
776570
310687
397471
135741
400210
23443
966502
725204
802975
561582
706723
35029
961326
359478
193599
956578
499424
66397
692280
375845
459409
725049
195518
690847
873714
506880
587691
830870
835530
243717
54257
319495
226678
172116
306567
385502
613556
350991
981657
317741
576828
954175
267073
944005
345149
872861
756321
392003
702329
375694
141985
612310
325503
469140
231070
292882
301104
413418
780679
211285
844781
81016
931549
182813
801551
913928
751253
991446
813289
515131
801671
428017
999938
314280
320276
698081
783754
170611
37501
164733
484170
531731
923510
525013
37486
15560
416314
96231
50504
202481
560691
170058
254194
39658
615702
519969
159116
703096
466353
481457
43256
172623
558256
570233
73964
403557
352540
349357
764931
865170
197405
685038
282300
891519
741849
153319
701643
228290
567851
958664
498676
309631
968138
204936
643419
859773
230445
175134
800110
704921
7464
450991
599538
228317
36474
267400
561113
238769
69481
848464
327357
194797
397094
93020
503241
535252
715491
531302
196300
279169
38846
5506
14343
577291
772867
272037
214161
534702
613315
163885
234630
293382
725178
91901
544378
175922
427893
269750
739097
356006
962756
222919
800199
372802
239826
890108
949402
343395
692218
190873
520970
933275
768760
851866
965265
351812
275953
812568
140025
229624
784099
231594
347245
152942
27093
13686
60990
613871
925894
841193
857649
400076
576059
890128
304376
385673
63269
595702
938628
762092
67792
995720
37381
999348
462145
607273
784466
159693
885724
574830
688218
615130
897810
309112
153318
729404
636937
945368
430626
254346
21305
230476
669246
873769
458709
100547
881646
99182
676670
76582
320531
529061
27045
698080
612122
498755
327195
191625
773210
546388
503145
561825
180998
182775
472658
687361
827289
2087
287933
254558
929384
815146
877801
192580
750296
16271
994981
5481
582075
178220
952646
169200
701693
946185
393935
694731
555746
38808
706833
849037
512270
472658
326457
678492
336489
687124
366622
110645
388818
305470
301228
339919
201125
461619
353994
257931
488825
479331
862683
28323
942693
733764
267499
335149
777967
238026
390815
489386
598207
471715
475905
676318
732370
101846
690792
911011
880555
984870
519136
392227
426091
469809
972770
459465
842846
135741
572479
705773
306616
124931
270250
967330
747885
366057
875690
682053
214904
789939
607855
166766
181425
92502
223858
337765
328821
566916
809905
528286
548741
505911
319437
142843
554904
876442
972931
164382
810819
309479
86898
822715
458028
187103
685110
737033
3376
795924
321648
424879
567291
529885
984510
513597
469758
519555
870382
398949
500522
787172
942135
944887
556635
25821
226820
399378
762471
360550
967717
473107
840234
916897
311066
927918
287336
324134
547988
592879
328579
340373
985024
898525
811221
576848
765968
755279
132464
814453
383849
850964
719875
387339
608642
443647
546252
624288
993620
677053
761387
985206
639585
397422
608223
932883
506877
483785
82937
981341
443952
302175
100237
928416
902708
861843
259334
454938
171388
441785
259552
853226
402123
493118
788719
115923
471867
600691
145130
523822
973304
356732
389668
724092
902128
913061
961258
915235
965448
822598
499107
503686
613962
795641
172370
205082
454774
935042
591093
978978
322708
955
636010
22926
567814
23721
308430
262376
980227
97868
730864
626462
689769
598185
314395
42455
427556
980788
77756
832474
745718
950628
873883
456604
870682
148550
954645
8327
592879
249266
651475
532559
52609
631222
428750
170119
477419
585754
566532
340590
113224
89457
174274
472278
700805
659365
190313
630484
864594
659076
985583
659583
520215
855149
961531
