741156
683066
883764
855785
640689
951785
481072
683725
668820
859982
730234
962772
626640
790810
589810
333490
354569
990542
52029
116115
938633
457574
508389
170628
520830
857071
283201
546241
184024
597508
924504
754068
418143
173600
41190
500289
392012
265854
827234
861863
322312
513406
662890
663263
893368
846861
774961
408351
757935
92568
721206
804236
714382
191747
766427
686275
196436
669651
690051
241235
284184
805263
190966
672703
137919
224881
512
861119
322372
382646
359451
931922
873954
162148
637758
859249
365482
747680
610441
429850
516922
284720
538562
491219
62902
774411
722738
259263
480038
344476
211341
480794
92577
374510
606177
48597
638199
256766
741803
190959
939656
169123
953300
156609
756854
878317
834555
965769
328168
711657
383431
263117
24101
487801
192963
538472
134712
590298
191120
280419
673992
948458
227516
353198
32158
541688
266246
284570
487080
428201
749091
500901
98298
817863
437376
347425
221840
419065
712424
345817
541593
734140
639138
707665
452412
185932
769445
620036
910923
267049
318148
946173
296417
213038
447957
693211
357635
739901
126778
359276
484177
599594
346712
19397
748508
159792
83126
746330
338154
878133
915629
676542
786804
574595
595062
17212
720667
814236
934200
299731
765593
222549
696532
596051
199921
563025
489511
388755
713768
20596
466541
636509
487098
979708
44520
711946
50868
126730
386054
729953
238904
314513
237044
238423
981464
755951
764496
770167
199681
213038
273631
790215
58605
542801
306289
450722
970294
609634
461119
220539
359083
39242
613767
491340
961333
847211
266519
445607
729547
290955
258471
919196
23075
654121
62389
930801
622048
99761
757146
470723
645848
761818
296616
577982
668542
7465
876029
490533
761989
613156
566411
937825
627638
939311
421915
348179
736290
38734
580106
243244
582038
748844
777771
166843
190268
320297
384302
200922
386849
169742
188142
981283
729826
892697
659630
50451
39610
161213
663204
600304
695265
730662
40090
236151
480549
374180
747572
649383
747777
785145
83980
779027
985871
527546
821802
473160
5375
750794
518102
801143
685003
480402
325540
210806
843554
769801
912105
319707
975095
461875
69002
732715
922704
561588
22998
133327
35152
191711
395515
771459
53322
881063
398200
843781
570456
258983
376489
765018
45640
340067
972163
369918
118035
608263
781485
200949
896273
777487
765022
416547
89390
612704
559724
511700
389915
58717
80833
377917
517534
581245
881317
210667
830326
412501
844212
754918
768680
882382
20353
582741
713902
52707
155386
803070
579961
581476
234154
547549
306120
296450
148224
424030
495
903942
294486
308090
783286
66508
780122
652894
550725
548573
478349
234935
576746
709183
100501
763993
805863
8836
49024
49760
987841
779922
721021
457208
825479
658468
288560
601688
856116
383814
278907
372858
849686
64221
979399
507699
991432
612079
517699
244198
887125
992162
505688
853620
994612
636141
931688
399150
489806
948851
110612
695360
980175
944971
886045
588796
606262
542686
265953
265817
455754
381096
613846
918707
677652
4154
220982
853562
997015
671964
64349
289744
868840
88522
494792
726522
776546
870540
561971
517838
37740
608206
388671
344493
858415
847524
137447
806386
965251
341530
587123
879363
143642
740369
99484
228120
951636
254965
591901
732896
819763
73204
629877
471254
206184
795850
927418
396677
708538
525209
876218
870082
734540
956895
627516
250294
491769
910777
604696
338358
139536
625987
537340
269735
278544
439222
369054
51035
576121
612649
161450
815041
248456
552453
67239
906275
367654
888344
134514
646221
476775
452146
239751
475536
20694
572301
777475
79529
340744
288080
887348
955957
228069
698485
713702
618318
787300
162807
338258
652853
931621
633482
428728
40011
129396
589700
135671
831682
984979
151239
178608
85420
409919
5756
935746
843942
134642
232869
197269
656429
263309
292657
578120
156801
641191
854874
457738
256459
461819
786473
318833
98236
449887
814143
352090
73870
2687
843238
138578
390435
352008
444609
733318
282862
434551
907272
490553
995907
93335
911307
335150
771430
462914
969307
349018
18885
943066
151577
132367
528977
479956
94919
609286
651776
263402
846629
308107
788737
86283
79360
347089
957557
974790
694181
66248
953890
64794
654307
347790
198087
484790
668831
363496
327548
206596
837984
913147
74470
240853
717101
758707
417075
829965
741146
761325
582188
282514
244530
316560
63088
809393
982842
286539
198711
954165
52949
87980
977315
149020
162261
57746
423252
763269
765159
1345
585950
949612
697810
326631
505090
980933
51705
146534
737774
38356
884375
480205
402037
43776
66829
848247
340722
31353
963220
548955
908748
139629
676698
191296
855105
788012
576809
662606
664843
717728
155524
574402
664009
823942
645981
8040
97399
718638
698005
381119
185360
234316
151859
727683
709291
359574
154661
610928
643241
253851
508136
620852
660288
667701
157591
775655
26312
481670
300199
941243
903390
736109
64620
228491
174744
549763
231821
458132
933198
440277
729655
123948
793203
294323
296775
690051
748266
737774
143565
308906
443467
753642
40116
62864
682849
192571
105701
779017
19397
841585
372467
114294
952152
933373
389320
571245
959775
919331
680236
107621
651560
279149
457532
318493
214693
645467
228314
404121
596694
841963
940492
381661
679954
154772
642875
282180
146539
137560
41411
655722
418517
770784
145291
328881
822045
404657
284073
574451
85994
401721
110585
405449
127763
720082
79644
942568
759357
497325
294828
466623
770609
837246
117745
888558
631528
240889
184369
805892
14281
547204
889256
963389
201329
34752
386735
38002
749382
276846
426739
700517
395432
6477
502713
522957
893030
921779
721977
279426
880131
181355
305025
775409
476002
617145
429801
402428
426228
641911
866383
677514
536947
120772
229053
549561
329744
714638
426504
11152
644993
848622
178032
444701
456756
562123
119829
761410
524415
803848
122151
478883
614815
124426
85079
683353
328995
277860
609708
361681
97160
970702
299613
545709
384500
446212
307382
445475
892476
194755
767714
924473
199488
473215
658274
735484
187934
777651
280852
7662
86142
48411
49538
660891
904790
450083
869288
964668
589195
505479
751176
871616
947402
597862
356034
789069
888374
97452
559089
325673
103632
782806
291891
404481
235242
730860
790572
34418
955186
305946
551950
574110
9391
728961
512942
614298
736957
319469
631582
643317
943345
258877
744953
713053
698131
828776
316532
86958
651440
354781
279720
978676
454541
432179
348563
593065
621854
148347
963712
841036
683127
597646
860170
662175
28101
785160
453363
23278
281992
419572
52139
667732
438998
541264
481875
490873
590353
187073
552305
439808
512412
567261
128807
853077
174323
292725
530580
455875
158950
284110
632346
563211
843179
343151
424012
27826
334489
265777
625855
251295
784850
41683
357863
519742
123283
717930
988854
143552
922461
245922
324974
386218
166812
964524
350594
51585
528917
665686
132020
478957
869068
162733
483540
848114
952
951713
198442
584712
731542
582124
510433
899470
390669
462792
314347
791748
9398
641929
579583
616528
419297
398948
389832
104530
871576
325657
870523
301062
77372
383696
801018
671382
164345
76991
362392
92361
785274
288043
624332
776673
162087
259471
659176
846861
684864
816344
277486
219553
117403
345019
854168
223806
232365
417709
495454
564256
392928
528861
16133
22280
326906
544821
629085
777393
457810
281709
346712
935340
429456
508420
750523
38149
997724
979696
960363
161901
48494
205952
800866
626033
270984
498415
278232
364806
146455
515401
806512
950400
784809
159646
613832
155093
221557
910024
836991
70316
729825
166025
964728
773251
86384
332076
340438
938639
22108
540627
413096
406958
750881
33115
978624
747935
100741
333438
738881
575118
801897
866016
573866
865762
264096
723566
162163
557296
695668
534097
250766
235367
234820
835541
913617
406608
679954
844049
711466
919894
757817
974402
498334
451625
160097
887950
11102
414699
760328
925540
412505
436539
508700
30124
737485
201030
492275
251087
852978
485059
367305
31357
240334
54520
791216
296300
870130
257109
44150
107024
223957
958740
275458
248106
570477
963858
732941
295364
407770
59640
300180
527159
674148
808989
529
996526
760209
155666
358773
80760
337191
651047
788908
695235
637058
372858
694949
228522
333004
126753
359135
691289
515474
482885
771133
85014
986822
937616
403267
484138
99862
473297
287559
645233
791308
790845
56663
862553
388911
666174
168069
325781
129396
337612
974137
942114
11564
262858
889474
805556
377595
433796
296989
203781
670364
991113
823816
894335
661242
464615
570960
863143
175859
151436
856947
939131
704691
383884
526702
452209
652
457542
183555
950342
493089
368065
180589
347117
996023
746642
981849
375684
92799
708797
778056
499004
179617
111253
748818
684585
935936
808935
246682
651618
179988
67745
963834
850275
461648
50133
482994
704260
557060
973759
286398
910558
177444
577601
376783
207025
438089
873904
848741
856608
9684
83313
153493
23691
26304
900264
996788
72473
873039
957063
899630
453480
271256
838382
708469
251855
865739
911448
396269
35373
526137
271835
775409
299482
804451
182468
161228
849756
960573
963179
364491
470236
945640
829914
864459
898810
905056
824370
795524
101681
758109
176185
543082
804781
403606
125022
198045
545857
398950
192920
377400
271194
486881
363476
328062
7400
444116
128899
817233
271130
879593
554954
871539
866423
229474
778542
816684
676477
59288
668588
760373
924217
804188
502252
530831
454609
756190
148949
365814
750821
840700
493092
286322
289729
738629
578440
336300
695835
425478
523900
738457
283428
10206
266365
554268
566902
632074
580831
288411
378059
472124
21932
697341
95776
929206
563331
840608
575649
193345
297350
764496
38377
667704
931435
528223
652531
639631
137965
930663
257318
287744
214319
537462
701352
242174
872733
359049
81417
691463
667334
980618
48829
87009
887433
447887
367461
216532
375114
192219
895863
142668
261855
891163
420104
22819
949868
654995
734048
917350
497650
608931
336355
74549
468774
676340
398315
275616
358034
406182
475719
991930
422157
599785
794842
744210
554775
523576
183281
63504
419762
501667
779039
315295
95166
731438
632696
629827
825062
965331
510248
458941
723687
209070
570154
342391
232907
303061
891820
158582
510394
813186
77068
9095
541553
91401
321378
9779
788371
536482
83857
207914
98032
205821
828493
368815
46592
835189
632944
379833
542879
957906
281792
368859
110186
855039
237232
839479
732639
108865
582575
841688
974052
708230
519836
998077
266364
956177
745020
882789
755297
328364
635799
963365
730807
206440
919642
785133
230099
48326
918010
75328
978603
317062
849492
800132
650356
750201
283684
206328
359347
828358
145895
249670
985621
74993
523960
538310
405303
833675
918132
313137
826105
400293
91219
685636
488920
327936
595444
238807
481897
373478
976753
115268
864839
206821
531614
822616
934012
270631
66400
451507
255469
599640
456396
107532
786465
234141
855286
355434
39582
526452
893142
149530
890452
418337
34045
54163
533261
547012
690343
341155
39218
406643
419572
636166
886627
747032
901466
867261
364337
408869
229132
668043
211551
981246
846590
809239
149575
787378
498648
818743
191827
962951
465169
975792
144376
353640
952251
864002
565335
222577
748053
48154
357928
521999
668927
59581
428282
731640
565166
1705
235673
225368
786744
461936
399976
801898
6363
971084
111714
456552
492325
287603
731038
243169
289383
109707
181329
292929
274189
712110
22422
670243
930486
156476
6258
362392
919089
368493
604755
426516
556475
245183
569746
569087
759555
96010
745563
84690
546322
18109
356200
265259
392689
968008
280684
852497
827728
6007
5501
152223
623606
549498
83912
894879
655443
241568
430106
64207
338339
201373
457738
409796
568856
948784
368594
324626
140418
838521
610078
775665
852332
764689
966827
321279
814885
393571
293931
572486
986822
162105
181820
750085
576462
649446
828377
125814
76927
477162
95166
778516
255371
107364
799014
684120
260065
58978
902912
200919
416382
193643
269199
771443
891636
440477
494626
716294
874539
58359
618645
583012
93076
796396
542518
814811
334353
891614
366103
673437
357862
68598
119833
924607
411077
429780
36402
11209
176202
978895
309727
644235
137080
117177
320281
175469
14354
652751
443825
93565
37467
545762
590227
299653
292803
60848
639524
914837
133803
138597
339824
64653
326831
261906
355738
257137
44053
194284
378452
524552
102401
685320
952597
185077
10309
627089
610967
953701
295262
482221
905105
221279
664261
431710
135242
535127
871186
360286
90167
841541
454299
33689
139157
474776
432188
852836
817866
489192
473794
986698
511724
853976
120265
616728
266197
633497
924155
268949
120019
254959
889610
729770
362810
278044
296314
420045
280375
790306
319881
908317
77626
163666
668330
299551
598331
461930
597894
934200
905328
79059
546628
890567
915577
371739
106042
49004
7749
735753
104934
764545
97845
297202
701002
254765
367808
898834
122518
693617
97635
143826
419512
181153
274854
876856
921057
780273
608044
308073
422196
612957
946401
82471
750305
789723
869574
793506
686854
511035
381653
80141
425674
537600
92648
271142
134658
774766
536722
11980
984
394334
260492
832992
808336
41048
61061
330305
794077
266583
108638
107699
356338
304581
845153
116090
833090
249422
839925
188710
979643
816800
839234
432948
237896
286262
478807
706832
16114
818495
461529
29452
415123
777360
877894
190561
641874
855157
403305
619926
834870
415668
354798
16755
372858
484687
487366
538915
674074
261554
498932
348570
977737
292122
494888
512609
960137
936769
119387
742358
859600
913972
183146
206455
77573
437433
543368
976373
62426
68406
660534
789855
458745
788073
239086
892274
796227
662144
882236
800153
747794
496475
276902
491574
254105
280122
980927
177403
805001
463560
639819
30881
295976
79896
580981
324380
505619
763251
612237
402579
155114
617984
932730
907570
63751
746069
653629
664383
632445
658613
256115
640728
158946
827018
296089
867191
405245
147356
845151
173168
22919
193927
273292
54329
196237
439386
698863
530702
316811
632353
830392
546574
151244
435470
648860
373380
403526
954136
551674
797178
348797
446438
723348
324956
649997
605814
293931
668055
469990
390434
816454
209878
621705
903300
64951
370452
465963
643500
155874
326054
679861
214902
677664
683422
143838
215521
344118
360935
130675
90173
430742
475484
602255
27822
571669
756175
245466
374740
905265
184369
863637
277566
698544
383552
741803
817955
187656
99898
577029
321717
226424
462895
442023
944163
76722
239011
67270
640885
694167
617352
167102
362647
897486
951554
955477
565534
393165
291362
853683
948164
718851
171170
567349
25292
375518
955423
255752
297052
522880
101014
922150
801557
51531
230913
961836
522174
123587
417068
876669
299990
724701
324079
693614
557386
627073
145177
586036
206564
364164
432749
133286
719529
609769
404554
391306
186248
495249
93477
101769
388721
386142
989547
941367
916340
958069
461427
951411
645340
997817
339696
811867
864120
401021
105351
990455
567253
692023
380050
379235
286718
705035
557531
869179
225730
645233
835544
778210
11889
370603
377124
15341
117256
43862
880568
660549
167628
900770
653630
122719
473289
850275
639524
901226
406452
649997
238185
652711
658882
598297
214318
848009
955667
438073
640085
791449
33543
345831
979069
845254
669480
118340
59151
784881
749843
299510
406762
264936
487511
662594
910350
577455
309235
287458
155496
725311
889830
812113
112171
357566
159445
471973
126163
267714
282896
10346
802433
774351
39582
174323
783286
518739
778597
441967
216602
482537
482811
653897
256218
944688
15976
463428
169151
297692
200661
109685
412904
549853
544914
570225
332290
529251
169206
254256
131828
867614
667316
208422
295494
972321
663169
182629
976402
423728
420352
109413
809628
846713
106415
213922
956924
612433
754383
517536
369392
760896
376842
325798
340039
711478
34818
43652
894662
654773
536809
943152
156188
58921
214395
414517
982203
209305
179781
179977
30640
7966
873560
342574
684607
395760
586453
545540
4449
969617
253011
185151
511377
330680
716545
594167
963065
732410
135946
629696
839818
295470
681415
880503
859696
285441
82484
735915
299524
167845
187593
909293
774807
263002
321155
3195
966333
31847
819361
44352
812784
692234
580801
278685
906323
283683
321341
614370
343942
690201
598065
892463
