96762
376588
353782
349325
959186
843315
525971
172467
50169
260590
874556
349932
656072
729565
670296
301503
769023
716278
282457
611456
472199
92999
828620
953317
657830
563237
956733
756883
351389
679737
470788
228320
276565
439941
413832
517784
956925
765727
976655
265398
821660
72510
157471
17692
145410
441881
970294
135247
873807
832777
474970
748992
482223
717123
956078
562403
22370
900403
498791
51719
691851
524829
742417
949861
807844
298686
913681
758566
197192
523103
135133
114937
462559
548912
500897
185159
514662
797891
643207
311127
604172
734474
636723
190882
271875
180272
743353
86929
686669
716500
508445
482609
840210
824258
784238
922244
910209
216712
213735
693088
246858
754035
920882
188182
510582
170350
612386
422761
913500
593079
839955
297430
156573
668908
842524
280315
712468
957631
948285
286019
122845
922972
415221
847393
806482
992683
197407
990635
366455
195609
565002
894733
509167
266895
607127
113755
497178
532564
305760
51830
91245
625513
272146
322252
150417
950938
78982
822556
212788
517651
698059
386858
102803
769269
631618
311620
605141
146374
752437
343712
431994
533370
220522
391368
400132
978864
720828
127731
538863
836573
80903
433364
764618
489705
923166
331147
592254
370606
442955
176992
3915
327374
555177
544266
833340
178483
444852
780598
193370
494793
290119
397019
762385
902398
686254
258511
485339
402958
386331
300223
14865
986368
192072
732410
195285
818476
79379
269233
611473
891074
484247
914893
821514
313480
916571
429038
178747
43483
204703
335579
766696
853770
108155
397239
760576
190791
372649
97828
761574
486463
856876
469747
228369
626045
781961
915500
344402
92969
25805
451366
653687
350518
224417
373577
928461
143940
850964
37914
374395
979983
59618
109087
937737
407155
653412
572942
406602
96277
499201
804240
746817
270362
451041
86976
366602
903746
31968
453716
697320
333155
829563
682256
606495
815707
773143
486321
70884
910114
632566
432890
279672
253159
657482
926230
699293
126666
922379
640375
357389
176226
264471
748463
557129
978306
344189
309866
521867
230552
557863
554676
185486
325911
641501
611935
314138
291144
784177
38662
231555
206404
949277
145854
89574
933483
400895
670836
647152
104713
335231
491839
108620
279856
586827
41443
726927
373933
791518
511741
396787
506902
240292
759766
579588
20521
768988
892275
207922
652119
989678
110385
346845
653670
445679
221111
946324
306792
45772
593323
219081
499571
995559
870162
199890
134052
522054
565835
131287
779191
409961
505474
89208
211322
961015
784807
792025
920143
10988
443051
184070
602749
251351
420555
724392
75035
127102
824130
180945
632623
80633
851658
69609
685378
165292
888051
223514
226128
312029
305327
834802
909850
695889
920394
726186
905221
271850
540093
378073
4830
600321
849281
440637
191233
292655
422198
322982
598809
263712
974809
940622
741502
80682
868643
231232
371786
480756
767516
853350
646599
17209
337408
752061
30636
550177
621960
697473
204875
510777
528960
878906
161303
33293
196192
293070
872607
522713
786212
540203
752656
106995
175315
930642
748155
601634
827976
634181
811135
66809
58423
32466
539862
967983
263935
501859
150686
192960
177192
612422
90611
401350
544126
742185
114663
396141
553514
496943
195088
971099
75877
545831
684640
25529
213110
587263
656265
925215
863368
459746
378443
145111
181445
266813
332627
770761
254321
778925
341159
866647
5119
667374
85771
841074
229436
242675
947268
798536
298283
78204
25760
559753
943182
121494
212068
431438
348145
479599
462872
958676
893919
122372
871023
966700
103609
678066
913905
452910
587465
153616
676295
286637
62352
775844
363640
167557
682975
832863
616054
607127
799424
556333
334951
647104
623526
260617
134647
740685
332095
830277
86391
70373
827009
428586
367144
678293
919791
649368
537635
703775
767404
402627
434050
928669
388644
84015
714112
959424
651258
775476
462181
225551
809060
80199
868841
620733
808983
259088
179619
756820
948350
241519
996933
466156
513836
924062
517230
913081
138876
105521
855188
762446
568414
175991
333105
569289
11947
227722
477791
116660
541319
773409
324246
341545
179050
986865
101896
544256
486889
901641
110259
931323
64203
944411
683669
445080
975749
737465
425840
976068
740780
427780
396973
295457
92541
116477
327738
981990
838240
535520
37090
496625
520420
811485
52548
422561
264454
343002
316289
827406
10516
461252
464121
264837
259624
38648
978616
651050
785699
435885
143859
261333
937624
61320
491090
781185
75035
683432
660909
248503
145339
175586
582827
938902
554312
57219
840452
74535
885616
344547
11314
637640
608847
722287
916200
270420
545980
653364
505413
197609
564430
209945
675366
502621
832409
727943
827976
8102
408827
706977
562835
592014
675096
631424
681183
868139
175806
30109
941133
180810
148292
778955
472881
561449
302049
793544
800214
654055
712468
998491
540880
330222
403580
833028
359605
931542
100997
390881
902826
299136
576050
374132
667862
615810
173104
123858
685813
19953
493233
493146
638501
327249
323858
588712
755976
917197
189590
774000
879272
825991
214229
697117
429836
612505
737432
375489
995769
717989
185750
606749
931455
640660
872515
341045
884950
744230
613539
140414
962079
361704
780161
360636
299014
57696
13283
869602
544856
589002
475217
527938
730537
266862
950512
908877
742148
400857
821966
106425
415311
141038
244675
879864
676269
340321
319870
363119
81489
725194
982538
408822
837866
59729
996476
688789
876940
530120
483663
271641
866238
901775
10335
698143
580100
131580
174495
762706
961752
47303
310133
954156
967764
571147
259483
997831
572045
795176
81806
182996
991973
73603
952913
508692
197540
60746
137304
551419
281690
678037
429532
15350
415168
54224
576233
196310
648948
822736
384619
73461
915807
990634
389742
291410
986138
626516
335344
190545
800360
101121
431296
446287
611760
15789
728710
541468
362348
651281
985770
528565
370421
874698
371534
333020
695720
353026
17074
492719
836252
328726
239422
307721
83122
18884
316257
34884
865080
642259
194249
480371
73333
427223
367328
356776
315256
629182
438473
73530
765392
874843
728824
373138
924745
224946
471821
35763
978820
419620
794721
351016
97612
644060
861037
196700
976813
923046
326339
649764
685958
976068
733629
264867
413557
489917
65156
793086
769153
147514
931649
721998
287962
550231
282899
324335
984958
174703
781916
557598
819607
335552
686954
19588
803142
441885
90832
1943
497350
209553
533216
488847
542262
476134
27727
290051
309936
16968
471400
529215
449038
243853
882592
812659
8993
195627
846377
156686
369549
297262
676450
778452
650512
961413
551864
673929
9386
240476
447815
236080
26472
303907
702892
526822
25888
17045
145483
997970
99232
326021
791375
578292
328129
456729
201946
674002
847562
189604
131431
203686
702065
514606
576802
198886
239140
95659
379659
306419
645661
247589
642780
727384
493615
591784
727452
772164
29248
715789
565594
444928
594806
788817
101731
65429
63252
895918
614377
534900
721349
775938
529223
143629
156783
667037
694074
344624
999910
350736
216967
933286
493071
742324
20434
192959
525804
841395
450989
117538
73149
619104
724613
77304
467764
278282
600110
830254
95706
136600
79794
427694
307141
997701
828611
781424
132142
399109
617558
607479
975276
746237
361379
930760
65071
857891
798442
945096
17653
573424
998808
758302
220943
794320
817913
999781
169492
80782
222790
552772
241385
41816
245627
733232
630345
491058
636873
346655
332610
267721
118631
312419
475951
509552
408227
667048
901763
970079
512005
600139
301649
178215
457440
884992
374885
491735
28897
448528
459192
886266
152700
470788
629987
241428
734404
45262
555300
531425
127206
429053
646954
673780
112765
872202
779912
273865
508356
81924
76175
200310
435006
305953
664925
638249
713870
933508
321787
747181
264867
267518
522968
762273
130311
958044
163797
362259
417010
220363
787342
295049
633720
250394
170431
507315
169052
469604
826889
66032
263882
156697
881214
361748
669340
846680
405971
463109
200421
85145
992781
828784
634275
939018
364458
583151
595921
369976
329195
147125
541565
484891
981221
734403
623504
364363
315859
518064
87157
218830
942361
199274
11959
178277
233127
953046
25914
662010
449474
245046
507446
359547
199658
527487
316080
659544
524835
299850
881109
713824
342837
414261
777631
191516
510600
540002
876781
770867
644540
247296
18458
520756
521053
640793
374548
777282
436909
748677
762762
721027
562990
130631
229086
615375
603689
69839
651583
78631
856202
850882
769147
541468
237042
327958
113219
103930
889037
255549
762622
873995
268848
705891
250080
735442
693519
990582
388417
626217
50692
19102
749651
470429
694494
232695
619776
445902
510951
753364
454089
348580
474312
460435
208507
469457
591884
376863
186477
384602
103772
240933
146359
337529
274286
798583
483724
95984
870344
713142
428447
629824
20251
125089
27822
47771
690737
423490
176151
426038
625536
400242
201676
93219
968830
146094
46971
167184
111451
634386
233484
173942
534019
304922
395843
778909
299451
527607
432886
55230
466614
800460
625035
604997
203999
845792
496359
335521
175836
252620
101759
673960
748211
603911
835043
951932
832142
142783
130847
32873
125185
995283
257766
813642
259805
707290
585631
847449
567313
250660
788655
119426
79260
866976
375426
467503
821887
344856
682778
628384
188255
438492
548858
57908
322464
254320
563270
660980
459385
480951
337794
466852
232720
539779
88803
565907
760219
700237
97022
601869
94165
397074
665566
439696
300089
936006
630895
163983
25111
683433
77846
22629
248835
947404
409338
666099
706979
214144
6115
771698
632679
961930
836136
212332
365318
56891
252661
279264
475588
697389
57925
959227
950636
956840
958109
738074
851495
689822
437875
494713
503503
605870
40444
652209
409877
403335
315489
278670
348106
623213
499487
324117
729785
666599
685169
958327
200894
857817
1191
648643
895194
635326
772463
988545
800266
68766
282279
612921
403228
953374
66773
940483
903339
557190
466081
484910
226727
619924
366640
517868
819261
840485
449587
481308
529759
405729
616327
253901
743986
852013
847145
440930
494074
878244
958437
831146
611212
260394
228661
448989
475051
523561
720487
748771
575117
843558
286326
812980
403927
701671
288337
630935
724544
464161
392759
273467
807727
609517
896653
205986
282955
1320
722055
49073
547868
16263
263628
819898
94312
136456
51462
457076
288876
289579
779653
110693
143214
205398
616797
901710
656656
8682
289455
198884
489972
163699
233325
572599
844463
700581
389036
121008
258813
557153
596040
722997
266033
588370
172447
408704
322511
396977
925690
504783
980168
406205
44862
629987
473440
927894
919646
871308
505596
807359
115842
148848
182024
72597
526457
554424
501985
486801
735769
555351
675010
890843
14708
811835
469385
368516
353296
769240
540799
386476
246190
138452
314692
700717
634409
148178
492872
477791
266802
398654
837832
438835
643977
619533
981583
442659
160960
156866
896636
9670
887494
731748
84951
396517
430894
346873
323881
285155
610289
236272
583983
257691
888044
540701
704323
782360
195012
798245
98149
610813
887655
566984
983901
959932
489755
565407
188705
133755
197956
818241
644666
380448
156561
952618
129178
941146
335563
518308
385243
413333
200305
730419
685144
157682
346039
816065
161493
812348
271935
735636
578658
717564
544207
175869
543016
535576
833971
860842
132489
28374
990747
920116
848144
955718
787468
607172
960169
502980
721423
923577
201948
615137
897676
301585
19295
116055
755913
578041
233774
796437
905472
182641
583837
501173
119300
30403
363884
830711
651583
752711
788284
953195
998090
127658
93275
429447
975993
244443
401923
202924
297648
597140
495344
249783
833131
174437
647255
279309
446864
417908
11771
983144
540154
320129
890121
632582
116352
248801
38041
92736
339721
672581
605982
180117
829396
399280
855984
947668
135346
287651
279192
454777
857002
805728
820274
760065
57312
228749
603606
849633
86409
183813
833866
613972
391076
841461
769789
676125
383221
870685
798996
849258
58222
477688
899625
619095
62832
688146
38417
55504
732903
588440
621960
265461
663980
474359
140016
580800
264806
270580
277454
781397
689000
163576
339663
62986
101658
847275
821099
3913
74757
59984
518007
301271
47657
375924
12346
175872
708903
473026
997286
908430
773312
144725
459191
730863
806820
939974
840217
942108
862284
93676
437895
780385
114820
177867
183823
551131
146136
187641
123999
3109
525268
639389
24682
548078
926222
897463
289339
488065
156412
474743
568956
302070
843767
151333
568969
752163
263201
221564
165199
28756
752471
736401
377786
623534
309608
648665
748436
117598
439463
20887
364222
258666
190491
455330
281079
276665
677959
615830
393052
847423
372580
766519
467080
243830
939187
38662
457857
214234
499118
685261
617921
956051
466610
764745
195583
287650
295338
849433
803353
353517
106834
338297
643660
770407
29150
50596
889303
857730
838226
795112
223087
392113
99813
540583
712377
870773
645991
725737
59647
608023
666641
966154
148111
40358
382331
515315
213296
555520
938014
992355
960972
4302
892570
848757
459243
789853
810141
276428
74108
15821
827453
831555
782270
511904
806737
514640
873314
738308
721970
512916
424793
609344
854798
711329
761357
793266
88051
865843
246424
605115
968276
193942
695723
631880
570659
384245
586049
592188
906088
445769
372848
291444
242269
128285
430127
363673
151721
832990
36588
869568
55770
805944
242002
845579
750411
386617
987714
838247
424002
969206
455247
424668
179660
949751
27265
188736
652739
408633
501807
574696
983184
200888
706029
7987
572046
95996
562608
158115
444122
149317
36681
751466
746385
29985
423537
637483
835945
482423
855825
960109
533392
602796
413163
108606
668394
868778
229834
628597
55116
118538
292484
511174
486715
925566
878920
984639
987879
976711
515217
268335
618711
249616
753403
436756
989404
93379
218780
328804
657314
830451
141805
263387
7748
84753
18988
560371
185393
974935
766305
292814
423941
757888
148917
189578
898162
366932
687007
244793
242748
356431
711565
25553
380594
479378
809701
749632
761535
76454
788747
933412
677079
239738
681210
304996
16327
466464
223577
461860
883634
672309
147785
937601
102400
451425
478155
998598
514856
270256
570880
950938
815901
672539
279240
586572
170403
907016
880420
60993
6798
855238
173497
714546
153250
373022
159148
882306
908769
666001
769135
271219
45178
770527
725350
776910
190523
167841
168552
458425
445902
401528
282722
127349
304926
753508
384975
274586
575316
539238
693771
12678
844122
410019
822074
330620
613756
354338
112636
551914
755285
356142
995929
226912
574700
841633
772132
872719
704490
357492
738968
805888
460889
965409
867318
930474
113933
235578
409902
64820
539636
635106
10944
874879
477943
149219
87797
737634
292538
837965
113461
598888
211978
712360
237452
989309
439246
310220
805189
225385
70852
181096
113323
109111
365676
922648
401250
985387
405833
221602
724022
394727
196473
280561
5911
667766
293773
916737
229436
969215
276446
423620
96748
754174
502893
184116
844708
447193
565594
801801
985249
775335
711083
610703
727452
178285
643281
751730
937020
225989
632554
739545
695440
57312
114059
82123
335245
200521
737792
277581
678036
992903
153389
47653
751323
580355
820404
448963
248257
997252
19917
851869
296382
676994
46368
119682
340835
784850
327504
9860
759054
336244
466615
919987
947067
128901
770249
983410
355098
897475
526093
817169
748072
774944
79123
36425
930271
581162
67784
863122
49040
403464
250312
699859
815277
357634
821366
136517
56045
689654
56601
545669
464618
163736
883549
324826
905001
351654
307663
237647
923166
938699
594890
903911
249276
586019
34767
993685
953032
274684
571195
201399
503934
958688
1731
943635
873343
707824
59293
799272
406834
306628
344904
916455
319230
908527
70468
442050
119108
977203
353276
880930
59171
723898
272801
487835
446373
233560
61891
332049
252145
336701
544401
725065
740475
798605
647781
737140
208926
499413
11489
522559
946730
911321
137323
963590
483043
7678
696232
952712
231581
353301
409983
901999
508965
255642
328362
6697
257
362504
146761
706344
517521
530741
388218
41845
920432
449285
941301
813265
436898
493108
718144
359996
710414
672526
568128
194058
369071
561916
764957
311712
517915
561169
502981
278767
609486
533644
298429
990384
692749
359924
543584
155338
553537
882109
452844
444289
863201
596912
675408
252116
579046
955742
401853
214830
595599
342358
311807
968107
991188
355439
672603
495649
962392
156015
471947
576810
764443
130286
200650
575982
11706
661059
982544
172179
368794
224425
556170
469176
617225
511270
321970
404541
889673
814881
260707
815579
585915
30120
805721
455574
350135
944015
129482
190545
382855
908912
359022
886022
746168
430701
708696
335940
487704
316361
984069
858846
28862
657997
396025
89208
787270
600835
491743
311713
737173
413093
575476
543483
589960
914595
925038
821315
647149
655810
645716
342345
