31361
519630
291895
98889
955341
933695
869273
554903
963309
76800
719283
249117
960297
466323
452317
92334
590701
999027
27953
363032
444604
960608
508168
885706
290808
292575
474120
648919
676644
222554
971820
10969
992077
76034
580792
338661
150316
511717
963017
560981
819170
910084
208641
341351
651908
161629
522306
653154
108796
44793
191701
590970
620672
748051
111217
393907
96095
878478
436940
6083
483880
278858
745722
283896
94823
364161
872748
490971
422905
586395
746837
436423
534854
515045
368674
809291
960092
451109
860618
412564
474344
789582
495783
674214
304998
852611
372302
931478
502327
852615
919024
844961
292190
146434
383347
476199
518170
440673
30140
883399
684268
910339
822352
175720
58460
898992
553771
570777
321761
409966
814843
666389
307244
692171
788090
108403
340306
755002
290457
407247
496795
959210
867640
951345
101834
377722
168321
163357
946589
941889
194281
691791
988752
505781
267691
995680
459408
27548
699661
775235
745541
932160
899162
526726
331607
296392
443472
216272
950334
610442
674944
111842
421483
668964
968650
434599
440144
504705
737230
315874
580392
468874
127289
610944
931565
116628
305530
962254
231812
337841
272076
629174
581210
836741
303330
562092
977651
675826
157343
711853
378692
373766
648822
688570
8867
227220
645001
459915
255920
233695
859183
327921
197389
615325
285644
506069
69406
364913
631857
908076
872902
250785
598362
219845
253817
498091
558860
729935
138649
989137
486138
272308
348485
97415
575620
231872
213949
95576
299530
815539
339361
309065
739092
11053
185714
44926
346569
736823
97454
94466
178501
859066
280780
891910
31666
81387
530153
470708
24212
587665
907689
218812
916132
228288
920028
104503
826962
537088
471174
435625
288912
229111
857758
208274
661852
110884
222804
963204
870222
540493
596048
302605
681841
647858
420573
739986
327682
535005
661038
345024
861829
337994
848850
607936
376986
241650
686699
257444
552007
18121
559090
71043
872872
672644
473787
105547
768435
940817
278864
693283
839167
696033
40290
677575
960603
837642
253643
947923
477461
465609
735448
460654
134906
95034
581978
20342
671206
615131
102482
885620
715734
417110
775271
32867
477872
74037
584480
2685
146562
431838
52816
54985
605030
571170
189859
239137
456693
501930
5936
208168
795783
967868
975703
509267
319356
180870
950202
773941
23548
162596
85262
731173
364496
541590
446214
31516
423202
523302
465962
445378
789121
679518
205692
937114
389393
884185
628214
112194
29405
188297
721409
935987
61245
842814
249616
262030
697742
78084
475917
305364
961314
10077
533712
163738
563880
351523
651138
231019
182968
202355
263002
446464
628065
244790
173857
740944
123565
404741
307603
364038
550916
283076
783168
331724
656727
896350
394493
572381
325716
674568
161694
48699
404369
205287
919490
361788
14549
624012
972021
784918
952343
166503
300621
685995
58035
288630
16024
516238
614202
740726
215238
465234
597282
334111
459953
819228
465188
984033
787467
845499
769596
288087
658630
897824
958276
715365
836003
674855
272500
765222
890041
599546
813247
422182
647718
971597
187969
897959
428912
691971
242054
695135
689848
863101
544691
75480
518025
878928
766541
454950
231963
876546
265122
222899
875920
966531
531435
987803
618004
94306
238100
951357
112468
485780
669804
766846
411167
386011
678510
867164
424434
85852
229417
301879
682152
101467
380961
691229
899675
996773
992142
899480
536749
577082
172086
623341
975565
749057
434717
662561
418057
432236
374463
526208
972185
378477
315935
282037
895748
701361
197627
219539
60313
296372
986261
147846
912750
983810
402774
465831
575049
863110
995207
531966
176194
111932
615208
65836
62129
790437
276006
76863
992537
845732
606973
197018
662184
405977
406155
406988
584678
201497
668913
346182
911587
381227
638068
175764
320520
675369
785910
661813
335723
682539
192693
813084
637157
146403
668908
741949
636495
450102
75634
32922
881803
493133
958005
615790
213177
636425
284401
618497
352548
590267
360635
353889
383825
142544
131685
881959
788653
272275
104342
216855
420302
700444
207431
667707
691426
495707
367355
727506
153354
122758
401388
219738
927456
354322
216459
616532
236709
762310
992310
682760
315249
366390
353210
590963
757203
949525
559262
540580
190937
515146
977603
946890
709076
54985
866983
909060
975629
772829
383417
9073
387229
908043
441441
76087
601682
225659
976550
73791
560011
663758
825832
468377
181230
398677
31041
120538
898839
415316
936946
681015
783542
714243
85120
753802
264277
719030
119839
523956
743696
370363
461636
285177
684799
829200
404154
241542
500421
589644
503268
116628
788088
491361
109613
705029
652260
988861
453886
670282
608922
130173
562961
170316
423743
47149
319194
553732
298066
776705
595007
836349
439324
248564
902426
570185
43780
266499
28442
86248
779575
897400
408012
113031
688637
824546
708272
375645
482972
833895
180020
29451
443820
78888
590961
970890
640660
216166
5675
935034
627075
801219
937836
754367
666286
401634
137206
84767
739266
79920
240506
953377
120155
919717
396642
419261
305587
508017
528265
844717
724679
651791
128864
848843
113304
928456
456135
147095
813363
440421
694516
713654
358293
226920
205407
514219
118980
907066
849071
195119
215926
393589
520486
539242
123202
678399
336140
719107
399379
601027
734180
936065
522236
787635
62101
408936
875462
682739
578307
865033
710841
763575
832544
709388
623716
716003
689632
879687
609532
250474
644718
766514
839230
562414
206059
766270
593132
656774
929061
188227
115942
254306
115424
190091
842613
220021
939078
988197
346370
612570
878461
173948
850501
562536
710156
278233
911049
922749
366991
684397
925346
333202
87061
14926
322682
550443
892296
280901
744180
390090
650768
424599
206050
835409
874762
880279
366697
374237
17791
415787
568262
154080
69513
3963
974153
373978
988903
464839
155640
638118
308726
318063
974578
28967
136109
158769
844929
444963
136191
23339
457954
359828
645542
778236
38703
709681
859745
365437
815160
835147
575917
62253
305065
956629
490725
975658
899466
860703
115208
37800
780370
255261
765160
910364
608838
187123
656153
737663
680249
977821
182401
693862
611399
100630
944642
616983
655690
209890
790922
951909
594410
256144
568347
23210
862288
162435
462855
457444
881117
575244
154773
818422
197665
98532
778710
779815
167716
573107
96735
137238
402337
855283
16225
513518
648900
541266
964703
330466
974820
285709
778156
742907
78816
200439
712892
746857
419162
9745
383025
390249
329269
353165
72492
787590
72601
906967
193575
163476
201334
840619
519750
349787
193145
557667
264294
500715
59603
211278
389036
194921
699682
520405
578454
891067
665604
889073
550059
444477
341552
276006
499993
384440
20463
358501
544359
648420
869246
536505
275480
261338
599125
680876
148720
382888
826438
575144
409114
296905
358837
542262
429082
790000
804718
408174
938682
125813
328718
240448
595680
680244
924108
651544
599793
712901
526125
244170
752787
159273
523640
393798
100073
261823
97887
475507
28651
531236
8458
848303
355400
148561
380676
286251
833162
410427
255188
907800
180019
406667
640677
212958
995151
711690
450397
464739
435776
869695
426329
823184
247147
46948
644656
637437
357942
336509
793315
183649
725324
273059
795925
832544
284157
325370
223466
447519
655137
991362
667513
338530
759099
562428
967837
721740
1102
928931
994647
373651
853941
677153
524995
152854
135974
366116
999949
223898
117753
710853
949599
437109
496499
472720
982393
636643
906002
604211
240428
965836
355166
380245
691829
273496
318167
879668
946244
483756
257423
447815
524842
408874
330026
777373
771267
280878
208043
78096
69037
893493
511278
141964
468477
26808
180611
151766
117080
571008
673373
752532
859545
983031
231175
161935
143904
612873
887505
918684
221411
843861
74148
962906
750969
855706
11953
611606
385314
793577
173341
709073
367715
87041
406165
314732
818955
929139
946477
555351
771306
831615
630303
685098
339379
297568
94372
878501
698885
727030
487058
142599
732974
719886
68627
178056
629285
742730
100054
13159
26784
296874
623241
645172
789000
523648
913954
717196
394151
99537
178366
386705
264245
512407
317109
782559
202082
476489
78236
264299
609163
393047
611606
678949
726699
338201
697386
828617
250969
926658
565347
185930
327884
115202
773498
712404
223147
320035
144761
176692
175624
367669
960307
777948
877091
660114
396129
314985
407489
519481
295133
452486
179470
489121
567529
454437
760985
477728
38844
732303
484121
218325
171190
499847
606034
592225
819749
410308
624597
48529
572763
815785
493771
182043
214903
901251
377331
639089
934590
756904
966709
718813
483618
710733
672986
767878
673658
958556
997173
248705
861073
244870
393714
52846
636781
281342
728198
789511
900601
28200
227095
210910
874340
120995
60553
329242
20505
610215
511683
981640
198902
918324
360966
574496
765300
465743
956355
964261
249801
134874
69939
899707
514593
515962
210206
384595
843092
682912
192071
484054
648689
120971
321741
844620
162069
235612
563158
202979
442849
180751
572241
457089
376992
322666
590782
531221
628916
548214
152213
889740
226829
192469
955815
185285
200095
260949
439012
181508
810329
37966
389392
63294
677477
246640
851116
614770
840060
139259
846066
212989
145327
417658
463889
757094
821126
837676
156832
364202
148898
851367
155998
865101
756531
944617
981835
187317
808234
281395
502189
891344
266882
962931
651585
538141
714391
798257
841285
738528
257711
879123
471063
688458
841404
447306
902443
139744
183944
805149
672149
223796
566589
810757
629631
191579
503740
579261
274786
788402
448028
514729
376145
525858
997945
739912
629483
80785
509727
330048
760985
244276
710704
175852
177456
866526
642378
920880
902214
684441
691144
599050
202989
2352
76949
974006
850378
103617
193769
590901
860738
52009
536607
7066
409764
11459
541463
597148
272489
543465
3607
20389
499695
678240
819419
308618
659412
553090
368519
799902
384002
619248
416615
29749
694522
869343
414433
557454
974185
27722
166256
947418
724462
295647
354007
727776
27498
401225
359315
558927
489902
820565
789674
717554
54690
8454
666897
184694
426678
298977
780141
654738
467861
67
266614
315521
470198
969172
794740
444877
88919
466488
388505
176545
317053
14215
408874
170158
27584
403152
529489
126680
823077
147207
375656
228090
54081
690988
397851
826717
96646
892436
719483
458968
411561
326286
86662
599402
337981
157187
105025
57080
773844
280792
884494
322456
192771
900985
455736
258925
474931
567869
586292
318004
731141
111133
775219
174464
994313
644332
262447
386045
580542
833574
592132
984625
9359
240898
313717
79038
926386
851059
284512
349849
270701
285702
760522
707488
786794
682618
602353
261960
376033
949652
674665
29270
797349
101727
797412
882679
455594
157894
601159
493452
956107
736870
630186
128194
333748
400735
355827
252604
366659
987075
765861
4626
53105
609056
222463
640768
297919
260869
379825
235483
320056
948466
390482
803067
579792
650780
360563
205573
622586
814902
140411
330711
498560
116079
313207
152275
566559
976852
388445
175412
369701
988971
533394
580308
309983
11161
820734
341351
658533
518547
439596
104448
865961
681683
463817
525413
720995
745196
447322
841030
78794
266315
102463
840516
761307
113052
97320
482412
630933
568170
195048
243607
343060
324496
690582
250278
40164
133307
692726
226328
282889
77348
689254
539602
148153
842723
435509
455290
163019
401598
245065
975218
30806
100286
805328
269432
899688
922591
811990
382367
125751
651883
705003
673459
651883
368749
665811
874219
998085
515913
706681
516637
599760
538471
24430
696253
37039
755757
647144
678221
622628
47660
534073
951425
332712
839877
655059
250926
466007
850756
614550
93148
536151
179988
847862
293842
557473
617790
684007
308813
116750
573416
584812
832004
34597
531221
896608
478337
18095
963125
157766
587307
539172
328980
159995
539329
83930
966009
10083
43078
294424
312175
255658
750219
221657
157706
751257
731822
217624
6850
300302
441656
259710
765689
801777
464263
579315
465459
937593
545481
152008
323237
339695
942915
495523
531992
318882
40592
43157
721108
33929
839178
120013
512655
168011
952829
693272
447375
467783
943408
261454
148153
822071
936423
591585
692856
180484
242522
706686
467634
442336
660008
903872
318913
198892
66988
278440
763359
193899
13709
499812
601047
280398
77399
72322
939966
976481
798956
961854
944139
476539
150086
703458
355033
410891
240527
113351
336360
253862
46376
696393
881117
933683
716849
935706
385574
997687
55299
375529
331187
656996
827680
748905
275490
642505
425184
707566
728570
56744
488153
344249
406950
592218
484797
356581
410421
253781
961155
832786
534579
832720
860476
71222
723706
178118
48677
575650
171172
359184
341845
870463
155207
404831
327630
974349
27059
646698
309646
251092
967906
153086
396384
357716
242675
394327
567282
714662
884877
685261
232037
799586
194627
124555
512114
375451
317012
429610
850446
844161
175444
693736
827843
277083
616384
237102
495707
881271
294657
406787
653666
880096
194511
812931
243241
998308
424974
122718
588708
29206
378974
828963
142179
829143
30622
283847
224684
201349
242400
921072
30975
952737
656701
311969
104855
286813
707099
636495
942716
248843
382148
969940
297015
861024
228492
690588
149050
292580
637374
378966
581543
585457
381850
862755
378319
930599
100038
400498
244276
437311
347620
676305
766540
268490
813391
493940
749101
214001
406958
167761
746778
843966
767476
900252
410792
669393
554638
443426
114491
543009
814461
843767
590754
432220
608616
630019
546746
927989
534559
477829
43076
66406
25301
85828
452378
683861
612232
134268
560958
97540
116284
124352
441834
319496
959533
135834
409853
714021
181802
645442
831249
531398
673562
887626
499286
356562
666215
756625
611145
305975
466532
405090
535095
636807
853719
628558
938404
468944
38617
654395
876656
504717
303742
128075
135054
554945
565256
16485
109933
512763
24521
674679
879687
37315
204634
25853
336916
329846
200350
295322
474799
643538
383034
117545
794375
405906
102753
356223
427139
649399
960224
61047
96686
732887
485200
451826
373795
558703
62625
714568
544404
150520
639172
706360
744124
51455
587995
531868
884102
207993
655392
179261
700213
108849
903421
184733
494474
44295
554347
906391
675779
958519
521599
135950
303381
612194
221087
120054
7211
186797
686399
253425
538396
984707
896552
528111
473924
986904
289177
560074
24029
577692
60209
533026
228090
909131
401702
515114
233126
276054
695377
666830
564808
245634
537819
268841
491090
977873
322207
468075
176978
782162
563468
538811
121471
820194
459536
137602
533868
251742
898962
24659
458919
705827
684751
573175
339522
822872
705423
774327
793931
60545
612738
515085
815011
505785
387179
793230
154879
292587
801668
391964
948182
615194
579983
654871
778731
25115
420943
362342
397996
575308
827300
829851
784397
994604
572282
342579
325758
350492
504638
345239
185870
551237
160449
874392
1456
399163
676948
546169
600439
745782
634812
465943
871061
655373
439631
475055
181959
757406
502789
155462
579211
109861
193567
255988
924169
331957
435232
464026
238930
62721
741096
490303
321682
54762
607582
507562
585460
331065
634938
470462
98142
845243
165401
65389
839089
363244
203845
916410
325804
773184
630943
262256
586060
824165
983400
548305
257711
655908
150316
986393
46938
460481
937415
856756
768746
720861
286527
974077
699751
353240
379141
367691
81582
72958
742688
557298
949314
816026
58629
160444
300901
160300
398436
646698
266950
471662
38075
977691
37673
239207
932059
97669
281857
702825
867021
273109
328352
953330
113816
60426
949254
315022
893181
651089
666344
836881
823238
573459
363943
322191
726959
551193
13388
84189
372048
245598
924834
451227
389405
255101
252870
54432
960273
687260
534920
423440
952715
765539
177577
143496
655171
252177
953496
303750
809039
763427
212724
529455
31434
476247
890769
648420
3157
740359
232305
671304
496494
591824
994359
701276
91965
163613
649784
622376
20756
679401
192152
153016
253798
312267
972021
286350
445851
703189
1078
536000
684881
551993
6390
40988
381543
371724
134927
275158
751382
772339
238836
865869
871351
664809
739531
803727
88133
519697
832218
880183
783211
282241
274188
147140
280785
218207
632933
627204
292615
178334
621837
977574
954803
959798
161785
637570
905444
172284
693833
102169
155847
172218
343288
289870
134201
437505
405215
82841
698496
299136
830942
188024
235102
666973
669613
157083
505700
615641
132171
894567
474457
224055
497282
398941
732519
47885
828159
608131
851946
223515
789930
180650
689636
795054
843569
788178
881290
555569
787459
931196
501749
715365
358871
170353
503789
826506
509585
67560
889968
572169
153253
59495
960635
108634
25931
798094
677050
443212
424348
916889
884716
646964
949448
281189
70514
320602
298409
147146
616949
629528
313017
707465
774743
618043
863126
223240
346880
126470
554717
963190
53190
773580
47520
650488
831994
60709
655348
12404
261072
971404
683299
404166
259770
49781
160089
209002
750752
279343
676930
12656
943638
645145
185280
44502
229972
493573
56349
932967
387435
722911
432947
309751
328792
418279
523041
185278
10390
655824
739383
390797
572528
442102
983221
252716
248609
161048
607340
679793
13971
141719
423558
340930
181735
373979
498880
72184
448253
366957
948733
467182
155102
545119
669085
192474
548208
546405
701447
603786
101887
287073
710327
826103
114979
796247
264300
740861
403122
497640
764283
196230
282133
676232
789091
810821
418355
136995
994359
877056
693145
614702
484581
36284
186046
645669
465713
765241
593286
535180
152822
669813
146799
195124
426115
779403
147478
282223
411077
836925
730546
711223
573013
525660
524577
468785
951330
441121
625223
298246
909956
543743
924245
731131
313370
939310
364896
94699
939420
342814
18708
491903
96381
710297
548677
227509
979796
186398
393247
85816
742371
177615
901477
820360
141663
317757
27330
514887
296427
929227
929750
958183
420448
297440
919954
443204
981175
847121
636727
663869
397115
228089
389714
884910
774350
963809
742661
850982
205480
304794
624026
340266
799010
796707
335973
432871
275615
746030
389074
364287
904750
47462
322672
73127
269989
255072
326176
144126
137699
255851
248157
944049
161168
134148
776586
598175
298586
306122
947497
720119
421539
986687
50676
790215
725159
74331
970517
518459
906139
25035
37195
511943
881351
765251
202780
394245
254032
1231
570561
247701
960516
356648
250098
836140
116207
658808
35410
40971
313032
695072
603116
292385
651585
810021
521374
217277
987059
430555
207976
545773
309627
472406
658538
886428
840058
48401
664799
828204
592243
349095
724033
997050
62638
354205
351829
124364
784879
887097
67426
511717
626886
239916
649625
425712
736768
850661
589812
78638
395137
220300
779868
696920
179223
56062
382907
111476
483391
145692
450555
838690
687350
579577
115955
625434
61957
880185
550334
934639
671272
254948
727706
406574
263159
777267
248841
889884
311122
989943
10473
740458
495020
518297
698919
426644
172706
281095
701230
901299
751317
422995
135954
731568
916277
454885
321847
156122
626541
687911
858243
630066
902720
314535
483579
11876
58866
630147
847051
745526
559578
190361
500313
826865
191909
414395
170383
278415
392639
60226
790634
897017
981780
76402
44677
793377
863243
37933
880159
160107
385832
416059
85812
867727
466025
695135
857985
523399
389842
377585
461548
886296
239483
886124
725690
329785
128959
412153
751016
297140
289210
950355
471764
45582
709577
528689
550006
386830
313273
547833
214239
247863
930653
118970
956345
844945
69554
888164
81786
882778
819141
848874
998533
525591
787907
298654
985465
264899
9592
158839
366382
861141
151654
371510
758328
972298
36158
690224
801173
507813
266503
648684
188916
781920
78997
194685
364429
69948
919043
637379
224443
620049
540769
877431
161422
381578
792387
371952
363386
97984
376996
803522
116649
599533
911183
670442
646929
609183
256010
483913
867356
969466
403963
72908
601604
175261
821907
219678
95
192072
54080
873485
893170
511391
93650
546256
225742
477032
792344
530005
256319
444770
835614
442680
207909
407468
227979
287106
669852
680786
297189
336897
528606
196453
194921
885159
811688
512785
521892
106130
269304
858707
627597
622212
329435
356501
10771
427606
31802
496094
75388
752506
712911
596339
831701
404348
337850
139486
34107
870222
491267
418881
561449
722152
727843
177817
926297
246511
905261
438917
6534
719651
503637
712181
727125
369791
995005
757690
912941
803530
616141
963615
141819
717439
826365
20933
513432
390804
711563
639299
313043
826021
950589
972309
347673
935970
84281
388335
899931
286472
545595
325633
314073
616368
551296
640053
764874
494541
219841
784397
759197
268611
551272
125881
4889
460965
280552
324089
249163
647590
202335
615118
768072
474266
884050
269989
150772
202415
5100
411463
357836
189384
865363
558382
314935
880838
723688
108437
674432
393469
201078
550926
787122
730088
638646
987070
559755
321530
393213
755051
365904
318050
748246
401790
975179
361627
637729
98555
430340
958060
830579
481706
373188
478605
255016
98850
398981
718748
65841
229141
890580
564934
699156
738172
559429
433790
264253
983369
660865
363112
469829
424909
756060
844318
761523
837564
341486
854921
751658
119229
427920
768475
654977
701048
252534
788421
627056
19241
873104
579983
812887
334991
807072
203913
790272
597147
970285
962875
320975
982140
876061
376828
25042
617559
278277
107059
846196
872191
48992
384200
443115
352077
969169
350706
218796
349495
775816
818566
944506
507853
287969
261126
941363
566773
191960
43431
852179
769082
765563
862805
585764
242523
898147
812204
653703
10128
6159
88052
666564
98300
75577
919662
561976
872068
422741
477062
316628
255462
885194
57007
955418
956724
71222
673978
721469
552858
521019
523184
657802
82051
233046
845728
866929
400502
158514
224456
528319
216284
463802
773417
913302
956171
825576
729434
603672
893105
929757
883940
724615
209905
797034
349370
821334
612858
28736
790736
587036
773260
601239
566704
728678
851696
378114
341163
47345
286837
786959
413324
725671
5216
710814
265626
213534
377408
483971
663140
284815
930020
555911
632130
131101
954379
556318
87240
208648
867299
470472
269150
899021
709752
43026
115218
440485
908390
903586
487504
107942
120071
248850
20088
90354
394968
709750
725145
931052
84689
978882
795570
490833
90790
840627
826578
70073
457632
959994
650305
588160
671214
134266
638694
585511
658714
864980
572283
188637
958434
88369
977641
954700
238565
92030
255395
761435
137580
797929
336775
611907
650917
583679
165791
419827
371785
749279
755282
716756
201939
12800
537552
223963
155998
777807
852668
708595
105018
947923
722569
129668
57637
795168
803865
575914
609719
793851
312013
676581
274482
806153
625105
843604
801636
212630
971256
264163
850269
147156
222700
565629
642609
885643
209717
516056
184398
239279
388518
85852
291009
432025
365769
436420
608458
98109
139080
222103
825025
88941
745389
930784
792387
130918
649737
626749
4060
882832
864062
930725
826152
602369
286008
483987
517435
185650
380737
242484
848447
655421
715791
35136
833172
130884
612194
781512
347422
184214
973401
554679
683831
838991
476422
732257
4582
625402
911141
298383
802215
21276
459985
460700
375229
720249
848888
970863
854544
575368
478362
678710
238014
833443
411630
212652
476214
316918
439608
782513
873795
363106
642979
287797
92184
347774
688585
197312
12462
913127
912697
390707
669135
990227
945069
247930
280589
487657
867124
668172
945032
766179
145929
820678
531635
33101
663559
660822
179451
110246
765620
616953
943337
763288
689531
503657
307923
630589
475344
790651
580673
803004
716393
450223
691440
886874
660156
706816
337347
307467
678587
887674
454468
754228
848933
163590
575740
535388
724519
369368
545727
65420
768820
194514
146562
445229
613427
985475
660598
788619
628299
70009
659143
697834
631024
657337
129775
75074
725688
351826
430067
978442
627760
326657
571170
128149
997911
200364
936064
162314
708464
365932
266034
432290
201012
407452
720169
973880
914139
450414
730947
793203
588734
632717
767331
193173
610858
182138
905155
863113
830040
209262
242970
470252
390422
78233
577542
583983
280567
807851
714243
391871
846258
525238
573984
479308
908251
940454
634948
614863
815756
663440
20933
162075
313240
39128
905596
687173
177145
269839
451749
924468
587223
994348
645842
868573
311854
144408
50688
297873
484681
795821
438180
369368
875822
970315
445112
159075
553124
804272
327698
738534
556900
285968
624904
522279
342887
604177
792025
329216
580792
398885
155998
896832
474498
850566
900278
80246
647760
514524
280152
116050
193625
501433
191945
242246
579392
965916
121738
945185
216015
961361
778275
369889
449345
469765
455451
565455
788775
38075
817670
85251
350470
78193
195415
755776
312863
52231
541434
989510
183923
930026
131621
165451
511173
594755
530436
557667
443939
44697
899652
819811
19695
957245
721897
100066
958372
886212
426090
153501
478575
229255
401733
741788
267844
873084
272308
855060
250932
677168
949869
248534
743193
641990
999524
30973
641718
860665
481265
32811
935774
96875
410421
575318
964751
920875
311437
157062
440544
750969
428980
560776
212202
772299
112306
929380
430092
311973
740183
297116
641040
744872
85236
352834
807030
798332
483307
468127
904338
974769
704233
262175
171357
461984
872911
942415
591629
516110
37811
541280
100230
342814
318652
372587
948466
957675
715089
542026
187314
406269
584575
995188
766557
160136
583332
509788
194783
222291
954628
16881
39723
414586
576687
639118
627770
49779
517922
312843
390376
368574
291933
599501
854418
719790
633969
864298
300072
604276
672322
830784
63177
419919
554969
755973
166708
720817
303032
511943
644595
84612
514325
369575
209723
630
702006
8210
167749
643702
796832
663023
470708
575349
43875
807692
570147
2522
335725
114827
964402
106213
266672
23988
208739
484011
335281
868353
547891
640071
744895
952085
105428
673284
787393
44240
223965
537301
180244
321948
681225
361933
434842
664017
852396
99917
4697
381168
828246
850011
140494
897246
508429
80539
277563
50458
211184
710011
457394
766890
737805
237494
189177
28897
237327
158269
256124
50080
68411
784478
366638
193840
197898
918808
199151
185281
138923
819776
477013
734911
427858
830182
408777
607812
20489
124985
214790
550294
962073
545212
99676
502220
119494
324182
257965
22146
559429
375132
724283
920705
314560
465659
167173
979970
435583
221713
701176
5822
806683
571583
33577
366753
342476
398061
681344
669813
77640
542801
522885
65178
931510
767978
621731
78467
427002
20691
782559
873930
954116
601623
13409
260373
545923
211499
203646
597488
440212
429743
633494
18543
947331
802777
34512
327876
1708
294953
547465
162025
614852
523640
535116
573007
443024
842810
179935
513577
154263
826269
174586
544843
574367
561405
453886
293916
534071
433822
269748
228330
464297
463278
392220
577610
30385
635234
268728
839377
189078
90442
805153
653317
545043
592452
457448
819637
599125
567202
473077
258639
280822
381705
219148
64116
145369
49491
67942
814865
977112
394347
674607
176125
959136
970015
59137
266579
4001
245483
238295
800290
90568
789511
740137
177014
546576
507826
53054
42825
953888
900041
765955
352567
798870
804699
516515
216954
731740
585848
183233
783921
917316
659244
817235
341261
974531
22644
498565
361085
166960
733488
490145
827743
155544
327078
939898
614398
611808
963728
422136
571464
847058
248130
66401
939152
772432
883562
254006
518213
56055
1655
335875
956972
792043
70222
608695
811097
374709
968432
381864
828514
192549
468287
932167
511415
402794
756762
473254
693416
247140
153562
87649
714843
800650
433209
916427
184732
708591
408342
495523
616627
946045
450041
676059
243895
495125
529640
146030
927754
342010
414592
560724
899152
245756
456596
620986
848597
596421
810656
440642
943242
860672
885008
569223
757652
967939
637347
596557
531034
736310
69028
712074
578859
907592
588646
773764
731978
878508
511830
817174
503337
29093
483472
759881
641854
847444
655657
724457
148904
235266
683495
377956
610120
973167
378470
299007
785830
369313
811746
277201
820805
890248
198806
822740
846538
997688
882966
235460
514857
591956
761009
666815
388830
398565
988084
227711
188992
675786
296372
165400
471953
698755
572365
19336
35799
957779
50455
423776
444336
565604
154339
163581
356539
150281
10947
558130
803483
350596
194755
377925
967056
423031
701179
339243
286825
954043
402600
291167
986385
510834
600899
436770
385562
407208
226100
647986
519980
196826
858774
108565
485468
275980
17754
544325
795619
399703
711733
468287
6245
812563
47525
570897
323068
647205
336602
575946
283847
7860
73851
66188
388941
867140
729605
352570
84326
332177
186480
863417
876995
479528
258400
568026
234217
335163
943003
219040
20319
35685
164371
747144
598573
847887
796141
126907
825957
390715
571504
326082
642567
894604
181180
82540
610947
33883
194915
168396
899089
641185
559927
627
890976
762266
123783
63486
340585
143296
723965
326473
614034
701451
851755
433603
156493
936961
339992
642626
152072
4106
315395
927699
260762
234366
320588
221981
228622
827206
211735
962589
414759
25047
924718
348607
92611
650917
637926
180572
656092
880011
100430
609163
666013
516823
566894
73460
800767
638312
535541
505403
339998
996198
975913
55685
942782
907578
482797
882977
173175
573404
310886
375029
796971
160879
897745
79572
319649
567435
652132
577933
265809
983181
84866
432426
135705
552214
684799
907676
621766
532281
768141
399372
739503
887242
611086
280589
566256
517914
527096
377382
704426
445616
722683
756039
32632
369581
574019
597973
234866
846196
913697
697546
450261
919081
834649
641801
992378
86135
532763
910155
824127
333736
364011
142821
717973
250661
981378
877242
418644
39167
633493
758242
678240
89019
292698
773789
196775
63757
958046
127729
231976
115641
854890
761294
233507
153923
379214
72184
337536
157736
412042
146402
322616
819757
356268
120433
618460
502311
613875
253101
773240
423340
30933
355733
413251
791717
822397
923290
147452
456471
594334
722339
617013
717173
949956
674941
827300
570935
777622
274317
178168
71997
251421
113924
497380
71204
442328
561122
102964
939132
108084
210228
85536
486785
364772
757561
417105
219128
842655
769970
563933
864477
729977
123519
994349
973830
958118
568008
966387
217285
678049
363505
264646
772560
874866
929157
914503
649047
542995
416064
553416
65084
554200
415022
520239
518436
726697
986963
137883
32837
962791
857240
619088
403850
753126
489071
165357
955970
847371
794335
252484
953677
791252
118264
986172
843499
514526
300310
278277
293059
331290
574090
180056
400720
854325
167969
813008
400726
674090
593295
553415
944960
180438
27046
193128
279594
606206
653773
954665
567346
294677
729192
88715
428452
206308
340969
113924
274375
286720
144918
43564
287797
586594
905696
132066
52439
907950
347525
318839
368535
274342
794949
988501
266647
839131
945775
430342
917402
894364
415378
447705
943003
546037
719066
816923
41929
424865
201271
135035
896314
146048
185941
651569
382426
242299
515619
623409
557847
369940
938421
973604
877645
986554
909060
820530
918748
836727
875226
702159
903424
170844
849595
257730
725837
922125
124571
185941
49139
478937
802267
472005
368689
922259
228862
703159
951320
139810
135406
389291
251080
367104
469313
717428
928149
162865
887813
671904
322658
128576
286037
311812
882049
870732
930396
391261
866792
63505
570045
489714
754674
912838
322456
935706
760866
155751
76863
44294
404362
659045
812739
956269
38534
178852
154232
719614
56423
414845
606468
597313
869955
942754
162845
516093
708279
253760
510385
568146
362449
498631
901589
962472
476340
927228
389419
990843
909249
337880
569963
369654
109167
560212
595949
804210
543438
443564
147568
522528
203817
385720
380819
750184
378964
328174
890558
755478
721596
79215
204678
40132
215518
262739
989435
198754
518708
624871
464592
380710
66962
235150
277664
553765
811912
614580
116311
898524
430806
587274
753150
32952
482863
153640
225674
864493
280466
876934
834171
829765
163564
337413
965808
784639
68692
824034
101246
15947
309124
822524
662765
536560
666724
378392
564215
52620
52620
716103
459183
432547
668590
865828
372216
848086
842835
574294
979693
988470
539056
765961
885750
150222
110644
341046
763137
725792
107871
360117
475975
484441
138545
981379
739774
365682
416288
769302
476477
957027
558346
537488
575468
61928
330401
112064
261543
790196
19241
8238
730151
121022
51148
218568
60282
221116
295326
681644
319161
382728
538384
256067
11542
44112
528884
960916
187098
737739
960890
293036
431311
19036
465008
629759
658036
662462
661510
111579
617650
465043
69094
163414
851837
225715
256175
849559
611234
236629
790221
35849
880968
572013
190617
910659
155783
261592
552443
333133
891105
115221
824956
533700
865828
762278
889615
399554
31854
181180
755653
217851
248703
521867
435231
855872
972294
315022
110883
316628
404244
988512
994050
320158
655254
917957
952311
182558
220924
156525
17328
257859
893811
233767
571677
779013
713150
352624
287079
999697
224251
834830
721153
723982
938443
287115
335018
888482
188613
738646
267243
38242
187365
38085
396687
888204
690402
673208
42442
300693
491081
999868
742371
467856
791733
692970
403140
415104
913762
937415
208416
635488
135066
754913
460011
380373
506339
332232
784055
263546
985318
198195
535882
351174
303949
603893
436905
366002
695183
256979
886874
935987
240023
600943
651808
720772
938447
893305
599886
622325
863622
614459
858765
541802
784029
523379
469033
915422
347459
762140
115432
183362
834596
432856
608013
284343
899045
778494
67904
704088
682719
13706
406275
581048
242914
609412
481727
886906
130221
950263
59800
542356
545742
93736
749462
495373
331088
315517
907514
980758
402420
431880
203798
551032
868528
281062
39855
599050
217480
478452
974435
353929
966020
983518
708359
56197
655392
766567
718299
294640
490496
141181
752977
344374
509046
94498
529184
440853
544055
453216
20166
545652
266485
370811
443525
449160
903177
409026
10030
74303
865379
340136
51
605159
599501
837734
433460
403141
913568
377697
985860
700092
387474
218805
271403
133647
78467
572354
897704
582683
163493
24844
403802
761274
839294
879911
792202
153205
768385
388252
928978
529570
195258
112690
398816
15341
113010
874814
98317
3991
303221
222324
206092
447603
357766
355422
496520
908074
339960
634224
413586
285362
726970
46804
145165
645037
379696
590422
156832
247194
602160
356869
894940
197196
512887
558582
187489
246809
878616
602
432369
147955
371785
929926
367189
348893
555998
899009
575678
918781
682979
889030
936272
653255
34580
375930
414582
428757
757592
228313
49898
960273
775047
501897
847778
592001
234368
675705
193772
51614
45120
835085
827587
116963
839603
542477
220309
328482
718701
214492
622752
854996
210728
272070
658225
13354
670963
681612
149438
169164
490756
438143
478470
717798
999180
985212
595089
697642
314449
69648
426959
628611
28484
588169
42374
240114
27799
93389
845254
587108
812246
476407
120723
614398
421532
215467
991634
466939
77493
696432
242476
753671
262415
867299
543832
905404
231801
726449
930710
933896
33358
769992
183635
589573
275141
321816
698574
38066
511328
221267
599264
250728
775418
867732
179636
636316
468762
613286
130917
13646
635458
219833
159692
779417
830899
770535
595460
418430
648423
825914
458442
378654
12328
685261
621547
766834
9844
769700
839470
806000
610675
440821
70997
237865
722795
994349
956349
159596
996102
234598
321022
162380
782850
876834
24820
19014
498692
655171
825900
353526
915753
936065
962814
500877
444847
111922
776541
821494
259998
290132
498099
417275
617873
390139
232412
494290
603013
739135
967866
124706
521178
227840
289406
575809
962399
546439
70194
902689
788688
440657
658631
235192
783936
268691
603149
952890
151381
905680
908187
644575
764944
280072
792624
275241
751709
245710
116231
251747
721990
634759
283499
893187
746596
17662
930374
679709
997911
470078
633782
789674
393368
301846
127244
259926
104306
72651
787982
147480
761546
965269
599482
99531
882880
460654
395235
316920
68373
944023
684388
927737
230616
779029
374891
97007
245091
43001
63306
950478
710360
522791
577661
168146
172566
710120
847835
287982
920093
668620
474017
772232
790299
736894
124915
497868
26687
517932
989947
32585
912233
583755
548430
42291
762058
38324
294700
537597
559143
238832
421867
330533
294881
600190
300357
587420
65340
750019
585510
