279480
752651
59799
250854
410693
709874
531371
434310
199562
236974
754653
62174
944253
734439
881555
797892
560243
485564
932277
198187
585527
306673
916480
788546
73214
471901
392943
467438
299074
995723
691060
260344
408476
843781
884468
268799
586725
674321
539349
728223
4881
131584
81680
599831
807116
370102
350157
61266
442849
404193
135810
412438
832257
809904
116116
446311
751386
555873
732120
34974
94124
675850
920080
59050
342108
439001
244324
593557
43027
364075
609729
674884
645816
441289
687200
684007
978239
102328
418046
960742
537654
358769
826336
603665
481271
205073
419686
702162
282476
518978
428655
554224
976694
255126
548144
25762
83875
160070
411264
474355
862405
660567
226784
250524
362837
497884
313865
79238
677886
533846
488970
671345
443645
629817
866334
960411
20376
57242
180199
401397
391453
429787
588285
884722
658326
300134
503786
779160
796599
600064
123769
967779
949108
86347
34685
614269
582220
30268
487255
155039
822619
796331
553023
627569
497655
560309
582326
184797
41999
969128
171623
695690
887316
664376
218654
227428
258065
915777
583659
802743
89486
397074
716020
654590
427917
502825
519566
559095
94007
51181
595844
483820
262265
613835
73984
17404
842030
605238
17554
264185
981903
787163
625836
958222
812622
661994
381239
342106
821192
474100
776214
732863
926799
304360
833232
19084
429441
933668
643026
60216
979189
21758
708367
453116
622175
709173
961785
8726
316537
822941
725957
956422
884739
719373
369443
19987
770585
461894
439583
407346
886297
287079
42752
631749
452011
789536
441135
976641
686055
452904
160727
275596
595941
845720
272509
293017
106201
129871
426716
118310
30836
106451
13376
475937
827131
905011
644719
254941
343723
3952
50922
963093
593853
955200
917039
427598
200277
192205
457257
793891
990222
166938
395234
337543
71353
362843
422739
286305
862724
643165
198697
137841
937783
771313
116168
991150
133688
618727
849469
525113
925698
320344
155809
343493
62699
847259
350210
632420
485556
216339
684171
564072
596654
933598
168733
504631
136376
350815
26054
777397
240068
357329
748154
761212
929589
430613
456178
623417
762207
250679
617176
553786
22670
908586
590857
269634
895157
910536
321410
607759
253198
48666
586890
366548
687411
742062
491473
239938
736397
765733
763219
955144
874816
810655
536331
309195
756769
449220
333125
457305
975500
692698
481254
338957
507579
585340
693303
8299
27566
745435
991075
571492
81478
345392
186015
520621
248588
131354
333369
482000
559508
62843
358900
531350
772349
603347
356848
94665
348728
447217
433063
450394
555213
597367
592186
758359
985142
168281
484136
922087
69469
824872
248237
952888
956758
311550
914570
804310
178879
97474
107505
398261
912742
595362
969262
348165
24128
610237
938031
669543
27711
481978
392354
814360
914780
367674
19919
103579
868423
924176
372892
205816
921631
296184
143018
295937
50641
234207
660245
871525
833778
136578
143217
878749
916066
755935
693073
366488
419650
577790
343315
462831
627181
380649
145716
342773
820791
512992
566192
913902
749267
168755
448395
312414
307386
788167
991103
204209
512926
12823
548884
899806
760085
280577
273494
676456
809241
475745
519417
235228
771230
278993
500356
88106
164445
123656
38427
644046
556032
348062
210564
780876
272659
865468
83163
637684
956701
917015
77772
331412
995684
144669
215449
501217
184443
407894
530569
906977
889051
365326
802500
2613
435607
980386
12172
173608
205639
334640
502831
733571
988043
82226
165062
834539
395695
685618
884612
422899
236486
770078
125818
859968
709414
963537
261181
636825
878259
153710
709746
115636
405985
792799
722793
84472
656883
907167
218943
77616
321567
143626
743039
111659
422347
203931
715426
117244
125402
283681
926449
58727
812082
764187
264175
50963
125730
778179
811818
872901
478800
718463
344205
89234
492253
978175
613254
240219
763053
41604
426682
278607
158410
814614
90047
890694
562085
854030
330877
742709
933427
656739
396582
131766
337819
411575
55930
324446
605919
681103
703769
282309
88288
432065
542348
75071
159787
616366
909436
600355
408598
149357
352469
274168
804028
785951
174455
424528
987023
621394
802941
848040
499345
413054
429215
209179
881408
938703
559480
672151
848041
157202
555274
339313
13325
79941
488013
481353
933594
918599
106214
819135
490754
251687
126707
95052
528141
52695
894685
203323
962335
700592
749502
630038
177331
612634
441088
221822
485066
560745
756121
167789
739782
248126
938862
910008
258755
504766
835815
74015
167789
367735
451135
689063
931783
60320
387101
674183
470036
31072
512910
333985
378240
301294
762120
541976
518984
445934
47287
411137
882434
996758
440820
37776
985949
402159
987761
416436
367826
654033
489991
233845
282040
14644
571281
190813
229306
700248
480200
542888
80097
855296
302439
982482
402878
494836
994832
700168
70761
196533
702379
171082
277558
527565
864748
875594
433360
985567
665367
231321
247666
984043
698119
636207
640634
36266
934468
259313
749658
810685
800467
760722
835271
60651
86474
585335
822155
297324
773563
419637
113348
866691
45567
498278
282913
890200
684950
582602
280026
158720
993785
956224
874965
673199
8924
159208
920782
974913
817205
665963
148981
168921
468408
379189
34040
852165
848132
738724
527290
501644
812088
223522
302450
400894
676495
92392
999675
168503
533715
719095
772145
7709
988605
869965
109949
335017
167437
662583
382719
669903
78241
374769
432438
164698
469083
811515
689055
963344
130506
142382
166391
279396
858768
275564
298781
867316
670154
487346
206420
372769
245254
775310
303459
183805
694805
283497
190348
973670
44026
146738
914693
955591
790625
594219
409075
832264
513906
850008
460619
830593
469228
993785
966534
738434
838051
202202
360968
803543
750018
770072
591012
590717
824540
46444
554133
938289
570115
386769
505943
595386
805547
883082
429811
419082
936749
981265
726593
533953
185152
947150
229771
985512
501639
413986
803630
155891
958283
333125
445322
338430
467570
542590
682646
505964
622268
857280
843838
404371
249979
656084
147893
377786
583032
163167
835510
38471
445954
250139
455506
798285
105761
304575
735740
265034
873070
652084
239726
700069
607976
469595
438063
459473
171726
510001
522569
757876
852002
85566
463284
826963
731465
680314
99462
31153
878594
901689
45222
716246
671225
833815
151145
904134
468455
494872
843654
795140
86305
386456
66658
948672
274368
854381
834390
908539
929179
543767
575185
602115
707881
772938
279632
269490
83079
771045
425191
316771
716547
217053
89524
132557
57027
652320
885833
960002
562698
832044
413602
404930
599691
319337
603024
629768
748835
60216
570512
588172
479534
463540
452169
713077
450467
358472
933896
429295
524780
30692
91530
767211
569082
414988
598355
997775
399875
310448
573057
129618
471628
263540
877591
169591
667323
618138
970529
336398
56284
83176
702539
152838
521548
175561
733784
832952
583609
226068
441851
665084
343698
563921
174574
425482
645990
924319
646272
595972
753037
707495
661948
494828
381190
232260
432554
631096
827809
326898
535015
302747
401865
178813
996166
692208
504108
988782
671112
772313
230160
955334
623760
703018
948823
305848
154741
176013
5465
11254
843833
718892
915349
319632
775
594704
844625
866691
145335
653484
191021
654376
871056
385736
880805
634861
997635
182294
544268
167392
723044
127943
248974
35713
372241
678715
279396
74256
860270
372216
624023
735016
48268
93818
469188
492994
743713
614581
852670
415475
188185
507520
943980
854754
85650
400038
991300
591689
23676
383517
173829
469183
219617
941108
439292
918839
851488
307981
12391
358289
599168
987341
428618
406624
684930
154154
49019
822218
249072
926102
898998
361791
581884
663498
693302
467728
186700
54671
188631
640653
290334
158084
756756
574024
784344
638613
730692
830002
603186
719217
879420
2696
810166
40676
115750
732105
737874
262860
420779
908511
401979
892348
813249
276970
736385
750272
158407
575637
302513
413118
864027
667278
621638
55678
605581
78901
974998
911164
871205
600728
671083
812059
339482
975679
945198
403217
702171
542848
849808
982400
641277
716375
453215
426969
816883
337956
822466
443514
31546
322719
670627
256903
732105
301813
397281
46067
607432
706886
680855
971212
618153
957155
723998
998319
917086
123102
511519
431656
639117
774652
548295
809607
323261
334304
907167
819580
487615
370023
318669
288941
391714
851885
96394
280769
639349
561705
866006
977144
790624
907635
940861
27566
125105
368166
200346
634827
452434
700636
343803
174639
524122
497005
320329
381294
289377
418167
369542
628350
65247
293085
185334
20913
942539
932279
65053
868979
178411
658151
220882
526149
940743
631110
810896
80451
51968
882721
33229
301394
977787
348844
903391
440080
386947
4891
454041
6710
586064
392543
435177
197469
841838
380640
230566
926699
529056
558194
560031
728729
972028
88201
163959
929272
155394
579925
21810
741403
651869
355120
241761
710982
321345
684007
344183
295881
830636
222704
44035
211992
20703
405349
341459
740366
255270
696160
880923
673271
793096
393891
370762
447007
99061
372681
632696
248959
203182
890032
21713
729318
893495
405396
476785
287045
944295
571807
33849
333654
14831
616778
380809
469795
793056
70098
588395
374140
253978
31441
627544
517818
908903
781981
586434
816465
579796
157691
453848
578161
811767
481194
382487
443008
580999
426024
12831
989734
26002
275179
230617
78575
716134
762852
412153
335685
742765
464395
616411
650869
35190
812001
414499
758616
749631
353616
64710
474779
211844
112484
337883
673197
279336
558050
381965
330707
96737
463008
604324
167145
417314
153800
655973
641513
17025
705811
536418
859472
577510
189060
20715
341440
676423
93198
524570
210354
716017
120118
111519
387503
564798
264168
671977
600389
425087
875896
60621
961803
941485
659350
599909
561276
775593
152738
379548
126912
43365
476402
271355
102581
946150
146673
701525
418493
363637
645747
971
918791
875180
749709
974491
732533
516878
768260
857620
237252
183062
361998
370447
910181
599844
761492
713731
861991
626450
51843
605256
543764
418660
984183
199372
951432
565918
557900
205264
361998
217160
873136
615142
53246
956162
86373
525655
311381
842390
832455
633786
50014
835425
11001
92934
728186
586891
976880
834532
940305
202613
727775
145406
23298
935352
801606
299296
929001
288548
789886
568507
25575
876378
726303
233862
983712
625845
204478
190893
720582
528307
362873
634319
500748
525549
238073
95041
176056
964718
746310
424281
872228
591678
277976
369237
151886
701916
456277
158169
941937
107520
773456
833332
404937
977383
952805
678127
293499
253233
751763
686275
709963
735931
959
602375
206371
982152
297930
801284
621206
690605
584347
230684
960058
657481
812006
974406
184841
787291
589424
29560
466528
746233
958875
731398
258611
507367
326197
916942
373733
106726
421877
869705
849091
527114
710062
979349
861916
762195
306005
750770
722580
81797
952867
307026
227251
44072
82987
220319
628865
859551
622254
907786
383923
799526
632792
327303
248895
129505
359929
832155
821135
539205
974395
370097
881496
421248
474687
224595
42545
576606
108093
836152
398565
352428
76845
661414
244928
467033
463796
671887
756428
728308
726679
34428
901149
288708
679690
998466
961816
385230
805449
675726
466484
723910
886161
287279
319892
256472
845742
508189
731809
974283
690333
498498
385087
288772
483013
80780
743622
841207
858392
788607
754194
912695
555925
342942
231216
653104
26262
597463
953253
771917
810763
70013
365741
859914
385286
105741
532491
390433
394404
610112
559397
359320
512585
841316
631843
762472
878756
244064
484088
395666
520109
842788
183245
488308
656519
714519
717637
434571
620073
256992
791512
916043
486272
566884
965336
402763
726094
127299
874115
776487
823050
357028
323787
711761
6432
29084
407854
330015
644051
358044
698520
311987
151796
285646
183496
185568
478381
66707
108200
291968
565735
520786
933594
836430
278154
268918
530753
91580
918647
109925
303211
504731
191822
256014
335876
999057
125510
279833
164370
189023
927793
539692
699114
75617
916585
807497
593069
559254
746814
346035
754133
602459
141056
591706
578018
301249
793525
20485
435384
958467
238908
584707
402391
815340
997692
893495
695779
443859
810323
56108
783711
260708
820144
545484
744586
509028
266243
140830
261629
892134
34816
110061
965929
872014
648217
47680
354393
42248
494280
725341
815542
308791
877354
509911
524578
298563
142152
277552
432817
564136
743325
973284
269227
520788
459926
881777
810061
418167
857263
384345
26712
97830
412293
629162
911665
122810
381592
253278
90036
483734
652357
939961
391837
675474
679053
166307
205330
151824
435562
520934
198332
313099
124928
760877
735553
804497
682646
21030
540091
74689
731487
344397
460788
375498
183024
251019
295599
557031
607523
471701
362047
344920
978736
733516
804978
441140
772701
442547
133617
978320
510106
33068
592580
297391
802370
588312
431616
14645
11123
543000
889876
744808
153162
900209
327190
871626
970437
561550
690754
719532
41421
207698
864748
273723
138005
241036
132410
993458
536490
333808
190659
613941
786008
344002
201136
905944
837726
70692
702660
249661
49980
708953
742005
238635
73443
285320
447941
589749
676925
997911
224274
209857
302567
879947
756118
10506
87674
211670
817904
482927
191469
794719
708957
745657
473726
515407
164801
746186
917617
683879
436332
356415
58029
652651
583845
987462
171726
992537
488503
242846
9320
961236
52063
519955
459731
272145
424017
36626
334107
499899
200938
998229
73330
799558
653254
504017
3790
259249
984038
182773
110152
288111
393283
244739
116866
10367
811799
65159
30888
475807
52762
990212
699117
409808
122265
315505
330143
739446
789578
311473
880028
418481
999535
547860
411147
692236
468285
53894
189502
139708
336884
682711
30782
793942
958578
877396
566758
710082
204556
225786
443916
757706
350662
435933
732780
125140
225054
96252
58902
806281
124083
674809
616999
569401
723187
31863
139789
396554
49722
207408
687411
745772
777033
679890
730463
443126
790111
386766
629100
565047
341320
367710
384138
501400
348509
948339
939915
560215
945998
357077
52023
794014
843861
82678
766197
457230
719084
866063
253760
911916
266870
566427
412981
572566
468422
952018
71427
665752
477512
464809
372521
259125
300796
567873
76737
576342
193394
552942
929117
974348
776257
629412
831216
915222
259776
288677
28264
263793
610275
957022
231364
498352
106888
939679
715263
600252
879062
926587
24853
75749
21261
523557
701693
56610
802077
516695
736181
83736
973323
677435
488627
245821
238650
36812
28442
641513
333432
982275
896365
495938
955794
192020
909599
936455
293355
748961
109042
804504
291456
516005
127341
545829
221454
623739
796720
137355
298693
849811
218645
122137
38819
153341
363522
924439
848551
553517
522728
617271
834169
382209
469034
975316
486214
918518
465218
914891
973701
239805
420226
933732
115376
915289
142809
369389
713852
438568
283863
84643
934709
512376
410505
150364
407711
499131
676982
58929
601902
328823
374397
11147
735313
716366
701709
495947
525717
95862
547823
426802
215081
82922
262833
181385
220252
484528
844235
294290
283059
290070
501725
358319
814282
841219
90433
978673
995673
454397
819777
751760
457866
349667
938141
208680
750128
608959
831866
366134
616102
788019
38448
395368
976580
447043
911325
568931
843324
237873
449806
671327
713807
711341
105193
522916
321521
721839
39082
663646
280174
838535
890749
839913
906134
225169
71229
738674
379079
950462
747490
218247
518305
489423
669696
42259
650565
147277
585878
217047
222988
297126
231221
991103
111487
563704
981123
652862
981525
288916
149574
43616
932626
947770
66182
627650
950875
347999
480187
616373
495154
300286
379059
25596
268234
44916
649574
473489
14605
65192
711135
972344
688589
88689
924614
543008
615485
929762
825783
250791
519836
213483
885571
968406
167698
436776
912375
612768
284469
562083
211807
674792
379293
42545
732574
918870
449382
81861
697248
691754
92032
704286
565520
213121
741434
741627
988766
172751
748048
862581
658717
937980
828206
214834
547162
642373
949679
626944
145734
133353
579077
776257
244305
338662
948457
593209
936304
127218
240338
915969
227798
144176
895378
930495
648967
758026
421904
470869
720196
96593
114889
394038
669964
408162
337291
272337
57378
92866
721364
990705
41172
685576
15329
17581
609652
148953
587098
523419
937827
120196
28795
252487
654590
863093
26617
135597
461952
900295
903328
481866
479436
555877
967228
269525
546982
133738
836339
926197
55849
94183
312972
796763
656282
853254
100521
966923
784271
788169
284747
829353
201163
473299
205215
807116
189427
309962
685450
388167
797897
562308
638375
277410
364013
415010
490370
737585
932726
581069
969966
233902
89744
916127
713935
122606
889434
935897
182688
138192
192675
156910
989371
926481
923978
805623
941141
204225
932876
282410
672917
380932
846441
186162
177754
485694
665312
416146
893878
926870
243661
870520
553769
142322
249351
561514
3993
503254
505886
826380
664376
12752
344668
992891
601468
944588
581558
78433
109987
29525
899493
724350
135355
211935
938277
76453
33667
765733
994929
120851
14990
495700
549031
121514
719300
497799
757250
747783
481315
747067
109344
624541
421706
67223
97383
799376
854794
423231
453621
629785
17866
661018
853792
27763
934542
740529
157489
49704
423567
42222
718413
647988
228115
364088
321146
303060
210869
295162
649874
209085
247035
8179
561738
162759
877501
509764
198957
689466
981462
176660
727391
330193
85087
80844
349603
883461
371226
747932
507675
789589
48691
265015
712941
605841
963794
639451
399049
895341
383517
229306
721727
453421
416181
688586
923683
556723
231024
822464
790634
554170
255607
348003
303094
788493
329085
942823
856634
452574
490523
224902
579710
293705
995821
776530
448395
511380
514357
499530
692694
780355
707759
22821
661012
374257
406808
25881
794834
443199
429969
767986
385992
640940
493958
766
635883
991651
816620
821110
302237
521765
919559
994853
326457
874983
134291
72638
339458
877232
922594
789463
42740
913286
47627
108189
686562
238817
639167
955109
34536
623441
72
437928
934693
549022
359142
551145
867674
556807
325270
98607
5566
723448
602013
326724
596696
819821
558948
95726
325182
873878
698810
954594
652230
96733
501660
34024
659363
268767
598282
497776
698733
233624
919737
295000
158245
29919
715399
515640
760405
728186
491509
514446
438118
83772
679843
64962
525473
22756
977757
842790
302483
965626
136937
881049
949108
309302
409391
563694
628355
637576
281699
837527
891412
708075
885288
955423
899897
183488
961840
439867
197285
559270
255255
667603
596611
537666
14185
509068
397668
975036
5717
181
249715
70960
858556
959449
580638
81299
732181
576587
465131
418750
564678
318102
743456
811951
341259
589283
608987
524720
511057
281521
859362
192547
678321
292182
601117
996305
461952
421807
581795
807688
724555
175724
772760
73889
303143
786857
153547
144140
384780
955423
165332
1359
314626
992222
780456
517663
887881
359624
917612
108458
417
589539
853589
288168
987515
268987
721054
913093
190517
832363
364792
757903
851685
93034
373111
115365
572958
16907
640073
67598
317274
350775
738931
520772
10607
6388
516414
562028
673688
742782
608183
216849
695837
993247
588381
949698
957107
401314
36146
644065
551367
553406
933170
889623
371981
985518
820602
134453
655780
823496
145444
445452
529352
343785
354708
144103
608314
437691
659946
644743
971521
834242
575025
877619
575340
653116
248616
346850
154885
24613
72402
493825
794582
649968
598024
578619
136353
466953
376769
624868
479093
237198
41103
877907
653174
236286
382490
439737
473913
427577
40820
642680
809666
496994
353369
483979
649138
596823
836847
609620
937161
415516
819135
22162
604857
615771
295296
152202
445175
78340
269674
613056
219285
624888
867018
103570
389362
903513
538620
427633
763035
965701
535337
183459
835942
194831
341794
338995
277651
981002
597181
128326
940398
99866
700387
641952
181123
799137
522140
675548
766274
979159
74566
369723
63458
790311
523024
707133
746435
229806
748936
80158
352510
248588
880797
962118
885341
638927
843735
546468
698172
712447
634697
364059
89368
357931
976150
367996
312110
681615
194427
338326
330772
641067
622504
279743
917605
240114
187842
277776
274710
2572
760445
303555
455843
213555
999406
29777
970927
339084
498969
411184
940851
292016
782186
129779
789522
790078
818560
715627
232125
980968
594356
554982
893271
152534
654747
528538
733571
388596
96878
679330
502464
456847
606557
847159
844338
990291
39759
881276
942701
577917
989531
90128
259115
925514
742161
977524
135739
965888
247379
405881
174031
744648
940305
608250
408236
61994
212644
326128
313294
564497
233907
366835
268407
406182
916315
224638
537142
799932
380387
83299
297141
511351
575727
385079
977554
732853
406572
307728
559277
600124
199623
132427
965667
144044
690114
946968
188951
353792
882622
77909
179353
65268
993450
576530
869045
863638
308939
985862
715246
642533
820657
79495
954722
165420
211634
133673
854234
905487
711105
412905
227695
237753
42643
822086
239056
914822
466437
6107
355575
177731
737850
612877
128047
660573
12479
220225
919900
942406
371226
752205
847616
876467
186642
584692
302303
943980
982174
780804
432319
810015
665265
457509
403147
451397
522834
441432
873213
499345
19068
842412
977315
986281
869771
898594
685356
188690
436513
244491
461045
431143
617970
655171
234385
772567
398393
421079
234816
360973
666881
855104
531145
19050
446826
28878
330992
211366
220442
351575
353893
47886
989029
953860
110311
65533
458411
31853
148056
357475
519911
648269
877360
725179
474100
693901
452407
317890
517560
689330
715291
271289
415683
300661
586030
265380
208265
662952
771375
301956
31306
894047
675548
466249
220577
661123
624039
718829
313419
425044
885867
553236
320597
463968
76731
114809
857647
271237
591615
112481
125535
485715
527067
350753
615554
525817
926653
413053
832230
890694
370192
434716
629165
428723
188724
288601
568686
791842
102682
808619
494027
984524
590552
623476
132204
625244
650214
310511
207060
502456
390111
226397
32572
23630
387765
226972
768714
246185
809863
551218
607676
355587
758906
859523
461567
264560
609372
178358
880420
240873
472353
659965
430268
444033
962412
581121
746452
657305
545762
973852
466592
2494
592803
927168
995812
212816
612867
50857
973148
804740
454499
88697
310556
651113
879418
51842
638339
238336
475419
815859
723882
222927
335304
771830
115982
50848
497435
685076
542771
241858
817921
317522
450263
847030
863772
10568
268663
807573
267476
36351
327232
585076
330442
397947
296416
528791
314968
175486
716551
681344
631324
519082
134024
761320
321416
551894
640123
309302
904868
968782
575461
638244
673220
643844
665798
463423
738771
534235
749105
608672
194671
182167
528750
653790
446310
830797
478074
161079
935491
572419
577132
287673
613448
725713
600982
52956
754816
930409
131561
525948
840363
181487
653462
399668
110705
808148
387916
198071
31274
302901
964342
794350
784493
757272
590592
622331
102301
358395
660351
792911
40426
911742
353928
391737
284331
334047
575387
920078
468976
902453
820899
164180
97532
468103
382894
682326
963709
896830
534755
59425
366814
380774
174670
964954
546827
262119
693954
708543
425548
201814
967115
762265
658324
317688
538279
330426
511955
104666
247123
358575
849826
493716
726526
64986
201461
509450
210397
626680
188335
316867
936801
929685
367423
222392
103410
87383
119933
608877
909690
660389
251715
72750
934606
596187
174688
755773
423383
926083
86747
986316
719159
156451
871890
281808
756974
734484
287133
140217
204227
160396
153177
347876
544972
915843
589770
646653
596727
737017
788108
301005
154775
972367
135480
79995
985162
36626
740379
562203
406635
746811
625783
172112
4011
59418
260574
391415
404570
675328
71877
761849
937528
362746
835197
788188
100126
658476
921933
126231
94574
868171
63650
931273
225404
55781
563076
922730
477694
258247
409172
815297
669903
520594
38449
569350
399187
433560
638782
359990
255075
927287
357427
828555
204932
691754
305990
269158
192362
766393
610065
550284
792965
458946
156652
405978
927767
125039
508787
831887
202065
83323
651165
431953
861155
104539
577411
451013
549887
522176
974458
314442
289550
679371
646204
811815
83299
844526
31581
114517
399319
416428
610537
694964
76006
283277
518733
270043
385887
835543
529869
387117
750240
541333
436782
913124
489510
426695
252057
663980
130780
931876
693361
855096
89791
909806
105534
587762
463572
590652
126127
243577
617542
145401
836575
619400
181475
437101
986325
588648
208514
736598
477353
463406
589149
272145
93689
322761
701949
639715
259357
158079
835656
500768
190041
604118
425025
242898
115492
613316
458560
687995
137941
885627
436234
251642
635363
11011
792972
509380
896710
828551
42866
365253
69598
643545
883683
336710
504586
381843
358837
644686
832193
659492
46138
735501
140207
226031
347910
603240
306298
743845
222722
998564
470175
577516
14185
205573
708688
622726
212517
128670
236630
482046
328939
349039
907486
986758
373987
275100
498651
428596
470750
354701
628661
73751
259431
808605
948017
670015
559461
170487
984953
677686
250100
838074
240473
172664
613112
377239
314353
318259
493754
860677
398076
657378
188828
675541
634574
281179
179362
550106
415806
20922
141759
582719
2915
701481
886113
334181
268038
724723
855102
977092
821984
393283
33955
656895
308150
428936
244301
396103
222189
451896
179039
421855
394217
838954
393360
738269
503311
885070
134266
841525
136194
328668
281044
63365
760350
157038
473451
791569
189878
292857
844000
47391
868150
830368
781937
636758
426844
133497
221745
685830
537409
299279
228363
799351
47447
205477
528732
196139
482645
784314
495199
788857
879473
834350
56443
933230
921320
356874
882701
343305
768688
665139
388415
262254
799255
861250
857021
903239
194632
797187
376848
585488
50994
205289
755076
918714
618897
608097
921181
496430
961641
591184
552557
75576
679199
800823
314783
927475
138709
687390
339087
221647
568873
605831
820459
390770
556849
121851
80198
709384
60265
665367
117246
814454
674771
920160
325306
426353
590453
137561
921962
195353
58041
49226
977967
784538
728082
945834
837339
758998
757801
782929
963965
624353
676888
435703
633588
220558
478659
645722
52420
871217
606064
595247
649842
447167
517819
652420
173210
998692
396368
769527
617232
913230
351961
744186
10972
231723
295665
235908
529107
622049
358194
894447
253427
298422
937428
594748
786803
92183
27661
282792
349389
614616
508966
913332
500338
501840
924690
106869
942140
15459
737873
296790
850200
517463
49299
76013
974377
434391
806767
564379
148493
722596
368165
446483
313593
490364
616496
975679
923711
264269
784755
630073
258434
682686
615567
419299
507340
545124
937001
539259
981894
484934
481493
146074
654695
716953
975552
582050
649803
527389
60595
378540
43229
880550
585425
122959
208248
368541
274672
563482
434391
114846
878956
726823
579612
484984
15973
552970
582154
932724
731840
612063
420066
274594
84935
637082
318610
237212
924176
314155
750779
83274
38148
415908
109725
570594
701736
375321
239110
73195
648878
105048
532003
309666
601104
783972
655123
703295
767731
952146
856059
773556
939946
23316
972542
476566
239582
362960
353101
109508
914284
31950
209792
7432
248841
671227
885682
333066
622187
20927
111807
419163
398902
809920
623904
318172
905592
12376
340745
934030
486450
230230
680949
256018
939915
191261
725235
188817
730291
373787
187638
497725
597737
51539
317021
502330
158063
828754
762616
514141
116308
559466
206371
543034
218213
391176
263554
718031
349627
674053
235498
322472
585068
471227
300969
104902
302792
494664
818618
315506
188954
388175
753883
67718
853154
908251
986333
805130
278537
508214
219292
873913
392329
604146
715880
375875
899627
723725
677525
238392
767751
623526
299032
163872
626694
995812
678969
841866
64907
494349
221817
694100
613582
949545
197651
271431
488500
585188
211597
908047
511934
388871
203666
280317
647088
989143
460293
579252
717935
332346
254082
128672
609638
453811
968418
224238
560386
685493
652320
346263
629817
779613
36674
852193
258195
917074
970958
174639
407795
789498
701587
122810
54857
936721
303807
693550
206149
884931
685644
378332
718846
40819
75298
861768
374203
899288
855833
411145
465051
483350
288739
380932
364108
460512
146779
836045
784426
592888
578134
737470
204636
875170
409717
243553
460201
856785
328447
641826
443915
845065
357931
76285
669485
311115
920806
607757
30596
230156
64916
429384
915138
80260
301733
907029
405926
107239
626698
632527
463848
922422
695915
920469
498980
304239
545920
246574
922871
817904
471834
756685
481493
213874
855055
331679
970863
997383
922844
770316
63708
910926
532643
172120
238657
98399
457097
550997
702560
911798
741480
691297
423161
387608
251600
165402
644329
725894
481090
349814
916750
557128
590874
186642
300563
659315
16579
291251
751625
588677
199963
35575
588643
611161
472684
310271
53131
847216
813987
239805
844732
843032
485427
476755
959399
493459
894460
64153
225570
171669
322355
641746
583845
248469
369150
203229
14584
107623
692137
443150
686847
941497
275578
803533
145366
715339
909573
637553
510538
616662
368088
564904
443978
5448
178296
265603
743467
999540
924583
161363
23565
248580
561831
491070
334163
844930
625071
962476
373867
653987
664477
224238
73321
397758
686368
509731
425810
412435
713215
223821
392059
688970
41090
623880
516770
200520
68838
339363
978697
628667
199572
732993
667749
442589
82987
812543
668780
31023
55391
245939
183520
203385
252009
475370
334049
305359
36510
45728
636009
251856
360551
170948
982208
550461
685798
797356
636042
75748
693160
277543
675537
203796
770365
717483
539660
89227
76353
339488
9151
829001
325521
154320
795973
168169
398316
858278
367578
527066
614983
574431
995452
7306
60409
696193
739023
774694
843556
616192
825843
734118
595396
152171
397668
443462
738900
982979
893564
571492
839560
18787
964105
746147
427885
665221
473171
656093
974758
16052
633027
118305
944990
564597
35874
317238
308933
1338
825734
672517
232541
231976
918224
364685
872965
133826
216849
711203
156193
779582
434070
978460
3403
76387
972647
7847
187193
221801
308395
502038
684693
672071
191368
400039
436362
844311
796319
996064
653902
171970
749136
99338
55720
916021
654172
26277
370853
58433
727603
461704
21632
867364
589778
39153
953028
776618
464616
46810
849374
183292
305847
386195
98364
980783
888127
16474
817898
819236
691924
885246
93542
789648
430709
938202
163045
511858
30325
842904
537924
176959
575104
575628
261620
59954
978616
159780
58963
380602
102966
246152
454632
43617
222245
516998
943690
485166
620003
75358
845742
289071
873546
555284
831881
848100
111825
60515
550006
815385
197237
161056
461687
308689
607261
384265
874532
162572
592736
751080
791889
907973
878193
468049
82781
236582
658707
43421
263269
829217
769196
205984
488962
331371
592062
518347
167297
938752
380360
43611
783992
300750
337747
999411
162076
156284
80376
546787
439737
472355
567515
334657
544075
235202
463591
873917
758251
858626
169241
989211
589483
576301
402691
305340
688706
854132
50885
688791
924690
895397
445346
362059
693270
819660
751386
308801
213324
865619
642057
455718
8889
356828
234895
295679
488873
950529
786704
345554
989902
846530
731965
471028
555230
998693
288082
596044
829781
417479
999486
180573
231888
280504
199333
196060
922809
803530
880805
235375
549817
463540
521585
463809
467074
453145
98154
981290
974754
204061
752370
722200
611328
344385
689409
491331
691615
327567
895572
177868
93645
262860
661200
208328
464132
495854
984384
524617
317895
220931
771928
653377
302502
726388
858429
237217
490569
663654
123872
151982
640739
783201
505486
122851
170309
447371
993489
312006
391561
428818
836408
662185
839699
731809
242785
822999
800523
606198
122630
144455
339609
866015
112376
797514
189727
387197
274867
57263
971026
362047
770254
733647
896365
548021
3596
96850
957618
505108
301662
588793
459130
538433
641840
966278
418782
73094
126229
76731
269131
168558
136667
359796
265662
335424
181182
75793
931133
742751
508599
562611
695779
164652
780379
944751
451480
633050
432452
701351
556786
402471
948406
545376
518566
368201
135875
377496
175980
165481
563925
344852
990808
285612
974010
659570
715893
328172
674867
468209
787382
712297
296621
405062
159303
34629
605329
304061
77095
414923
721517
421801
527066
990233
656943
987141
977231
503079
419325
974171
642825
337646
316027
935886
582784
771649
541278
777812
350963
358080
40385
628342
871205
505881
26413
425523
405699
699067
645824
706501
562403
338661
296885
123151
767003
452645
824490
228188
440952
83525
622268
944846
635025
159870
118423
611075
267486
608618
308911
745996
957128
985972
462752
830673
461045
89029
330097
191487
941573
478591
911145
395659
340747
412512
159171
936913
453202
659231
282053
287500
789103
416051
931225
225862
27266
269886
225971
797566
174466
759458
711805
235869
729734
368841
720271
407011
559778
114985
969279
973148
691861
526942
101459
690940
159914
645492
565644
655749
701709
816869
691733
931364
298538
834135
477340
713215
833098
970017
610213
896307
989677
959740
223846
772187
203206
831724
246906
401996
872343
988533
328101
173190
832221
304490
351937
109461
205984
580432
687107
359647
22958
394732
866968
916334
179817
165420
710773
916134
798513
575087
472146
595236
711032
450945
980662
685646
704138
878135
624243
313294
363560
697619
640542
812514
181187
969161
611346
786272
507526
198592
998750
73186
638707
717935
229398
534939
38220
143839
924276
816667
542200
314387
542817
528831
112410
109686
920415
864032
864845
618828
99256
756252
968251
77429
515058
487777
550208
363581
441603
766095
108626
655442
152048
318288
429027
621881
270199
995281
543568
207698
322497
476739
461121
365253
763365
557505
670553
459114
883594
16633
777068
28521
816929
586159
350028
492298
424036
877360
190245
698290
28202
22999
848849
173384
869802
355150
456650
368511
902172
946690
769547
486419
789256
361380
608213
796590
958123
55726
914353
653924
761341
354224
677976
599595
633850
299296
199997
952466
113196
751131
104326
123707
1850
828625
20524
441936
92149
176109
642754
832290
827084
512063
962240
985703
21169
216640
177386
487255
563361
425240
616406
957218
433719
489574
145702
910889
294728
429345
49743
131952
465247
675919
790499
540392
818544
715013
756971
405201
259718
366444
278983
414947
390111
197450
27380
397788
415908
129960
328990
467522
433347
941765
157240
624269
224055
83565
211266
769355
645055
352803
543044
952919
814561
474926
72513
4572
734580
972128
311515
270472
741168
4344
253488
175369
860988
946393
779571
927121
572091
264124
603934
987772
374091
485556
105512
691451
506423
802921
179838
379181
165981
382543
536343
537164
305073
902053
925497
784713
652422
748612
171985
492704
415307
431862
676848
361729
708541
430087
436477
101167
727055
242968
321138
887990
62316
721420
207757
812185
66132
287319
99369
945424
82972
537832
629932
472933
375275
364119
348624
648177
922716
196316
831973
330871
126680
980152
75392
301718
791575
772938
212898
784149
749344
729590
550573
796490
576341
643722
695840
242391
189624
750530
816770
248416
295199
664904
980394
9
847107
765450
142914
306746
486979
600359
165351
548223
940124
685534
562225
332970
205448
283285
267006
316829
828645
71756
104016
952061
270111
967944
3384
199376
782449
929616
911454
247396
82869
230750
458368
90154
493124
431928
496232
84468
328326
701277
735506
465118
657888
247101
395664
931211
183804
153024
877717
626217
251782
907245
33382
995417
452201
365540
244355
898458
681892
687539
748795
788383
372476
918161
100268
512012
777254
507967
609974
831209
649414
167778
622385
202210
635888
902251
829049
745062
74566
886568
964888
440248
844895
257781
303787
406427
152349
431348
8769
918865
933951
636793
853143
539259
125416
891331
999174
527059
164863
42369
742187
321826
877275
977664
854196
259125
448874
355871
475376
583972
370197
425204
268981
254132
409614
124
344779
164602
228540
952766
654426
41298
30782
742040
984844
765722
838387
98187
911122
550446
741094
819859
730828
198381
96547
936018
875772
579497
440345
149767
461045
567306
315580
562936
383125
327190
47774
961954
546338
978303
992886
465959
760818
200250
854942
364687
350575
36044
721291
177371
343739
694417
707058
673833
158316
700149
121557
158766
459556
315746
148184
428906
896329
821786
134354
674839
723771
473391
775038
898316
444072
528082
816673
297250
410724
145406
39114
672067
201832
89725
777730
609891
704956
824793
621156
802619
724864
321124
203931
952403
292032
521380
362495
732874
802500
917364
657121
322826
630833
864537
331785
740375
209309
144592
479376
901339
71779
613476
930631
688913
248237
327138
116516
653254
873752
139052
85891
335046
619761
324584
531906
114041
177251
147805
858220
620649
673007
230442
424875
842401
111098
633002
905580
251741
524408
676524
644292
231525
388600
777908
732130
811995
295029
28082
145383
678516
446056
702897
476218
347786
693836
731284
60577
741215
390255
824312
769640
325523
845937
708011
823621
284625
692370
740722
138123
964446
561550
301747
775459
478112
432514
709527
905772
534074
665127
146359
993723
708075
313133
573417
336413
277794
205173
803042
177346
166180
498883
747289
908013
145169
682513
938078
536648
467133
794325
313149
152811
572439
214930
229082
16992
968096
400106
806549
663817
774810
825735
913069
940173
498516
475246
473349
339790
750920
510220
209164
29038
716170
212570
907755
264214
153434
941746
536184
953771
252727
973412
564774
772194
63342
469589
213180
707030
736207
694422
758225
860947
235095
796811
630976
228343
914917
870807
977482
780442
668303
821396
112606
602189
840339
568644
27725
217449
378493
62110
399885
838243
579252
444486
616653
478230
446316
574482
163102
432833
985517
8536
383305
434066
801888
708409
592514
612249
650318
637914
866339
514213
309070
68932
527005
645660
143949
429957
794929
152831
300182
507200
641346
472757
859536
682262
920391
592529
414426
356800
159009
99386
423747
960696
177067
801127
747746
942119
450168
959226
463114
592528
467126
591985
132484
547127
405696
452017
714445
7119
241534
924302
155667
305359
3152
15017
9141
699631
528263
211654
230281
627563
102788
894650
990762
678709
897569
974406
620443
930122
211648
632256
382943
1059
466810
911011
761230
576022
76012
429768
863185
733805
210055
217023
200326
643225
156483
863317
720860
596110
569654
523962
746194
734560
678320
561481
878863
8144
747691
279620
892380
335790
25101
740305
221153
579710
873941
657142
497013
502724
814576
479167
291215
494820
430156
681274
30186
968999
360293
564424
950542
220463
722898
71959
449530
789792
105556
821574
817538
585440
199202
962577
107521
290008
557877
283896
498734
909375
34027
641916
434954
962516
164652
625883
514144
705655
212992
238042
291441
946181
665012
975981
718730
462848
462040
928824
619320
476003
366137
402075
743175
330992
644833
657497
817439
438394
460032
122275
637883
416107
640439
783414
960543
837190
56964
310066
658683
132147
464627
824098
284781
1783
287549
55146
532562
788033
37975
869542
369359
211480
565358
208313
230356
495950
28055
550826
37776
876825
172296
505774
56451
315385
458267
87594
211807
24121
316563
807063
322668
1250
745672
321000
40434
485715
24667
222753
65042
183261
768270
146471
676350
816131
884533
722106
880098
503859
423028
446123
149338
546759
627466
2628
374869
479093
926527
580912
878043
47965
398794
716053
124074
665846
476627
259953
873890
423163
713521
421116
399398
296675
9814
62483
27540
348149
10830
983157
226688
64697
894228
903509
535525
614033
45693
911377
250449
56050
240133
320996
361340
408687
428458
811130
762614
440965
998372
388858
931304
415864
889371
323165
386502
214878
320624
544415
513877
135747
604416
627662
843654
878654
542725
920264
23053
334140
167093
374784
917066
574812
666069
586165
937959
684318
422435
397838
607016
744735
504142
171842
105729
203820
143465
416653
455870
74029
555411
877086
293686
332356
921751
711863
539478
78078
746007
268224
819486
691570
860871
743832
188770
363083
75071
581366
503392
251814
193170
190135
462205
524910
413436
708726
171780
82183
442955
131822
144592
577132
222409
796030
296366
796420
864803
166567
137858
968406
715000
852639
327274
481458
483068
250322
560385
21135
832060
289335
390967
704715
394287
403667
894460
216144
693237
560590
174309
894391
955341
954460
873082
60401
780984
896032
400131
897709
419957
283896
391760
995677
911239
896032
500236
79849
788444
496866
315607
470745
727432
282214
971
594224
914527
366879
245563
313936
408802
772539
802977
413203
169131
882345
704070
97455
2163
485250
471076
646012
266148
574328
900708
588794
848451
17877
412027
325821
967425
331135
958552
186424
538630
842620
892046
839103
393505
159062
67916
179820
384367
402675
3398
562673
858263
999224
954338
547768
99338
765343
202416
920554
507869
691271
783160
54696
393335
215804
292189
407731
30067
788603
943881
647031
126765
341903
667532
401363
220540
151559
173788
791990
460960
714228
403421
885059
631843
945787
278841
19208
542055
244197
489709
250524
61693
780150
496416
385545
156501
239450
478267
597720
318528
32170
190895
295927
870824
957510
912732
460718
842119
495343
546338
628566
490098
516744
161565
422699
172148
190771
806497
227990
329285
411370
416900
718960
94385
106913
615410
488293
186711
701714
688238
242712
625569
849334
875223
99043
541130
984068
437132
445829
197137
515254
313253
847865
860797
745686
105363
992314
672852
532180
851934
17410
658865
462363
345475
331100
310945
248039
263762
278423
759032
710851
178861
59204
614528
832632
827285
499576
961128
210383
42210
46646
933239
387609
352266
217684
234539
175679
452055
624243
789242
631116
536831
492338
810149
463
727668
352979
507813
99380
526218
673349
846573
171085
497776
78929
612039
470663
71344
350371
180172
697942
654398
605522
120763
514659
392962
150529
957116
80685
438525
930260
203773
817716
245261
482415
825454
123104
236154
680550
881206
737122
765534
179671
921874
343126
612497
927132
270014
51813
938854
715752
575745
744292
847495
585403
892203
850211
501339
257942
860117
749844
248613
34061
289829
832875
748652
13115
134758
79230
43825
811818
518978
388748
720126
561192
176396
929179
769668
658366
9602
46754
832029
829525
57185
434290
490339
205026
129366
239926
322044
55894
858033
349025
222424
681853
240861
784942
19305
929251
89688
122339
504586
795856
191592
109018
747311
410753
601075
579334
378468
358831
860159
260366
734276
323415
41604
332305
2444
784715
353264
665161
926304
387674
711785
391201
755507
903836
130736
769604
132337
410785
955591
920859
640970
862203
765356
977219
731098
928907
122638
138612
507411
716994
849547
102422
260949
164043
270171
600822
410236
343924
113884
206765
757231
235445
548114
81886
695681
580886
519637
676315
423732
983988
375670
954667
563732
890497
67553
505277
593991
26867
594987
675224
860052
692190
165400
439592
668867
542754
358897
427297
531758
964302
614727
615231
272052
475807
507370
660696
561276
909878
551604
483307
664510
887967
58073
177093
861900
721415
155995
859501
976630
278432
208153
811820
285795
67897
503885
446050
338742
858189
596877
149541
354919
434424
326703
820891
234449
277777
266670
270033
154639
437296
979492
600428
993415
477895
473458
431377
775404
198353
164146
570799
798454
204123
701566
702559
944260
915380
430845
787564
496416
650499
190323
690732
109293
4075
274368
555771
747257
9348
224377
168308
111865
847902
952165
116108
789487
595907
321658
954135
417402
739528
857621
973447
488123
717907
713202
440939
370566
357571
739556
163353
60397
875131
158544
787392
693916
66204
104214
812188
313662
1850
733981
826412
791990
343548
169918
847361
312768
248645
186904
976509
561900
657056
276572
736385
221909
812515
807028
206765
530114
620788
735591
596612
632452
861916
472416
150970
467910
266468
275285
875598
590091
465565
299814
777960
328326
563172
931324
402515
729482
983514
475103
245820
825807
108235
615520
738851
745536
382960
876402
547059
347843
357049
9298
41819
339698
104915
943284
55572
572224
394599
745204
648124
118310
520648
659099
14329
858919
459030
345130
953242
758611
330839
599841
631130
972773
975089
838029
599554
540577
198769
457760
91444
79565
376466
364740
713355
549353
798334
799492
576457
225873
736554
367919
83322
913218
401845
20927
936529
912422
319050
686365
694009
873613
833967
139477
662420
89081
256320
891313
885351
289582
374041
456820
154352
232687
367827
141880
417220
637798
451301
368745
687702
497810
537399
465491
696916
267476
801586
134291
583018
328447
168099
167032
553468
129275
507047
707943
937966
818651
888770
745244
384418
857541
20377
316484
349728
521267
568013
221696
41621
359306
98433
77861
110735
610169
735579
121900
953585
767072
527279
469034
902794
641826
146076
274867
976709
283297
385149
10292
92647
639792
816968
763452
210334
300109
720283
955558
636207
466336
977392
312895
769744
128988
607998
90042
847135
696528
342442
98212
723530
20913
422392
8034
441366
258434
984524
516833
523437
41621
773174
200685
714294
124262
923344
711337
114121
735052
266499
221252
761928
138165
480634
23506
34258
988327
421122
460254
478317
930428
689039
739252
934315
398706
438163
536734
362699
404937
262902
953480
588437
182783
183981
702388
126688
685537
35410
550404
343307
463284
964790
961461
418157
280302
335742
515450
84065
996833
162470
60520
870673
946156
164340
721431
905376
210394
805026
863743
847276
160196
484530
786188
373463
659711
239231
588385
187053
532483
641144
866233
613844
670547
771551
985865
293948
672464
178660
765961
195471
507344
905215
542754
164716
339048
158507
954760
652611
179820
151795
826324
167570
637139
24717
471429
214551
664425
264773
869519
965006
377953
53953
329380
98624
48309
819878
67919
241942
295035
94658
216259
501771
810100
838664
646399
885331
332809
687882
404027
129061
241522
744567
910669
703433
640452
17228
157604
623730
925420
897858
712233
253693
849488
775693
41308
577974
580014
957508
688586
810563
305538
766999
626103
610027
879004
561654
360551
520788
353762
248666
530063
845439
258593
253158
857982
289791
814093
114765
36141
9714
236345
291927
32012
87179
626794
848343
875427
357546
477059
370875
130473
288987
263014
450206
543526
17582
354991
188960
850190
298628
244712
240595
402861
390312
734918
64035
704349
587079
910120
992845
844414
775577
877656
87163
58972
805456
48725
909728
528931
533848
503949
319406
813031
512821
943804
639111
51353
535043
170742
153248
320230
682745
886820
48432
682177
959010
784084
839378
883218
521072
98680
193011
736013
773166
617492
385681
786948
972652
653646
25646
709187
585774
533927
461671
441514
496014
837982
574419
193612
16031
546607
363046
96007
226564
564392
243599
462363
207757
121962
969857
221167
495805
129782
320857
662622
220057
687573
370416
890418
228418
833258
318391
849856
249590
199518
172112
879957
965515
631025
3981
247730
599689
115636
442235
833450
791999
863550
289155
309507
824872
61796
54033
90619
253796
810713
327353
198172
133293
681416
68259
383931
186305
796020
633814
40636
258195
419171
922794
312335
436094
861217
7217
838004
540035
942252
869527
773788
235445
138533
61259
200408
369231
660728
271825
439574
788409
641604
653733
581483
126668
674731
266431
878063
484314
448073
862710
850916
560592
440981
892604
396577
195136
768074
700798
408195
483625
38019
433746
123590
615607
448214
762875
106993
47653
446840
6607
941440
791125
294442
404419
541405
949541
197109
98113
438928
485705
136122
166540
53374
444756
996305
570773
52705
394514
890334
585837
445674
446207
148005
319639
89691
813232
913850
336897
43203
741727
518290
418704
603509
354676
196859
420274
584149
33439
731677
283507
315643
915420
142291
544410
251718
296631
983143
768653
798563
780163
135231
903178
651157
156833
696283
482228
136033
129160
398107
443757
88873
648653
220252
557231
485102
912384
200299
600893
430734
568191
977736
330193
794596
103990
842002
981296
496625
546290
411646
684890
16190
460409
93962
819259
843254
742120
260469
447694
446916
354555
732763
291856
346526
310719
102723
808735
87801
175652
27713
901567
403227
812047
550780
474057
837702
770117
290886
901937
400200
374922
357600
753498
2766
455063
493878
477798
49353
826694
504875
115782
722968
879330
220809
442858
357600
815901
720676
600200
589739
396801
302842
341259
273930
319777
995859
702649
276968
614173
309998
118387
597580
97435
888680
936974
838074
695278
758
234641
397336
961884
834102
386079
541522
917362
739534
416212
216310
121024
986808
869240
599686
522140
205779
702170
441623
869648
106969
697435
913376
519681
372558
725285
879133
809382
109911
598921
414319
638744
961797
344195
571058
505845
152875
248125
710583
908221
237258
452201
862652
512545
241813
734216
601465
43421
636821
537688
739614
63022
457789
881675
180476
333111
133125
638490
472189
119554
7492
608748
106378
835403
307937
618073
913376
287673
990528
807488
9340
917134
385563
407740
915076
464031
270717
989779
913809
376160
137989
772998
522839
738088
183182
860288
591045
80467
925298
75836
689753
624162
312254
300796
794341
949044
326302
663866
268656
234920
371442
606340
454795
553530
582342
215336
937629
56503
247749
533394
955448
66517
494247
692380
850640
311114
260259
297933
426127
162273
172581
19956
407001
294383
787010
673250
114167
297085
993001
96544
801250
700404
848517
706513
296762
530889
939095
605371
93539
967198
452594
838645
275864
77129
560090
93901
178048
255512
788099
88533
38451
910501
633507
159171
778666
676373
947041
94661
402406
997136
950415
704716
623196
630174
903282
575591
243804
927392
42406
607349
32800
958498
661759
148224
490403
854864
969390
611454
738041
352871
581793
360292
455627
217664
742451
544429
373942
495971
344720
546713
599497
388330
11239
693758
127267
429787
860307
711967
767521
520934
873994
662147
54181
225830
545346
850818
748159
698235
360389
868598
334751
338087
746930
605892
359931
677404
310849
759918
542287
526026
578017
175522
218938
233335
613398
36909
606027
87365
263848
306190
603694
919692
403387
478445
228308
16012
123592
490559
951858
470120
525570
48390
68790
116917
57242
251756
645747
692662
999342
861037
649350
884643
235121
309374
213583
146133
326458
218065
287151
664865
542942
921581
945030
669237
395856
958276
856611
524926
171381
30701
494836
593867
433083
764368
49157
761996
613236
115666
841443
707425
148631
946519
610276
811670
650343
645014
684366
882169
587610
40039
661447
444532
61652
783384
531415
871724
435253
907070
375752
804054
30807
134812
915015
752107
675850
847254
245857
164700
381299
765950
75158
911402
543178
696153
461624
39843
961128
897320
737825
274708
926535
256801
662767
596090
367117
158710
762481
9071
693347
824800
588796
391613
744112
372524
312201
597548
777622
92780
535711
321742
831717
230934
71902
392886
311124
213443
333998
99464
589625
672256
424406
140251
130565
918044
187202
612399
1276
410363
152464
410902
668069
733459
580041
346232
251253
276600
125782
776884
432663
209955
414668
913405
592132
61274
210368
543196
793638
875223
79155
656887
569359
885597
347501
17605
237753
930602
629455
812507
587407
151908
676495
793592
608947
824611
814141
407529
33328
877269
660711
816358
412726
533749
601787
385783
516278
143124
291279
335953
629333
361413
564405
613217
195234
583919
983277
294181
40679
362865
424108
894494
543437
895173
761355
280711
970845
246425
964357
748013
168522
125802
360758
101102
26587
195024
862095
287011
515449
988901
416436
272608
504548
435262
240783
690983
432616
963701
734561
239771
285076
515321
570132
778162
944990
25650
463125
321486
713308
165973
499292
236874
280366
397937
555877
374990
334928
519768
69851
459618
885347
742097
623354
722551
546080
940828
744808
686656
98092
414421
852776
201068
122971
389029
149301
326241
194171
484179
689613
419256
887294
20942
831987
59716
320016
229654
139313
553995
997340
846225
516993
537577
812886
833655
583310
295225
461615
592279
587005
928572
210561
413358
984775
680268
63881
700243
284343
505938
576328
455860
728130
398409
737443
680281
529876
900644
290404
941440
219430
522860
736249
138317
855932
350920
769861
132555
530925
630214
491891
282360
97632
934252
15093
545829
537096
623774
398028
892957
63209
941658
921839
831442
487130
387630
469769
974936
868722
260912
953584
467
531461
839006
160015
647267
424889
265978
390216
450304
589546
136398
804497
267264
712187
428413
32072
203229
407458
815909
558238
110538
994768
732967
914092
572094
47805
381676
774409
343698
22223
252727
229503
569462
971349
41475
507096
249615
786750
928231
580228
699537
626234
696663
22919
27107
239484
61847
219990
181818
235669
410825
858301
619571
808878
915816
645202
874111
788757
421865
156452
20287
424264
91114
653865
541405
501628
62243
904684
971234
953808
53031
74331
354583
780791
595504
870923
625836
227586
138911
896209
792873
100612
980945
266336
278707
396610
148969
100858
12206
114196
257590
621455
464417
96669
60355
20530
727352
796405
379109
418425
589264
432568
518131
434296
630901
793267
116308
611566
940868
2061
324593
646255
524275
876
394573
721541
882129
231519
477384
333645
624073
26705
614418
384721
408667
846996
557029
403387
588679
470404
267025
307711
812920
973294
90292
869482
152723
192830
210528
134980
653979
760292
407811
293686
388228
976452
832214
159418
319734
471081
762540
364962
536188
529668
617035
850795
451990
900654
334038
215796
341808
62414
894065
135710
508586
305800
173516
905546
259792
295220
441616
934863
717430
19701
743767
623441
417697
170840
385577
83330
190967
754516
652024
491139
539316
935580
681167
831759
97530
49629
520001
315055
707806
912461
84294
405056
10477
817936
562313
467028
807752
349238
737455
424595
152769
357231
131669
245892
579983
989077
519281
715246
10044
297927
510513
387553
775578
166420
813903
473619
951029
721840
557930
885159
548061
817657
357724
211760
434671
500305
392957
337618
436519
935933
720394
50857
427594
23062
295085
833124
611473
802399
931633
212608
460587
855639
563736
907097
313120
571010
843065
254168
163078
177285
883586
537065
693483
772142
526016
406917
640634
35881
141559
210838
982030
533661
686337
536809
943327
623324
322314
121816
114898
746553
125366
624328
712267
256018
739025
22020
454679
967571
974508
554584
816754
268972
138709
753508
359773
127718
276979
100470
246679
106943
980642
70689
978541
237147
451828
875223
263773
133673
561171
570668
105760
23878
563994
461362
771279
71314
714967
365849
159991
986873
207916
688013
88568
336183
278972
669080
250016
233614
139645
90596
21646
258139
605255
117131
57272
724782
911166
412020
525274
145588
296966
839194
6374
478487
475590
567029
422623
587079
195173
944128
990716
468904
615604
967371
71423
995499
361801
996126
572227
257366
883337
472688
232260
484064
768830
524421
288586
126180
279431
482377
848805
429370
509879
248434
469616
187578
991080
837691
477532
958988
206244
787012
627140
80518
550833
351925
667905
587540
522942
177429
33151
571336
945284
923416
934596
982631
828411
349149
672057
747199
457801
292118
209107
853228
627321
964118
716038
457950
136033
943486
646908
728460
981860
98565
419667
622198
386283
334159
380710
369736
455923
342412
198530
692308
380791
109542
751790
408792
657067
143582
431809
691321
673293
527909
912184
571996
838039
350864
303157
921776
640313
700076
688715
816073
433174
597550
377481
459673
100996
829438
401320
357378
294020
783777
284890
616213
654118
485347
404335
680082
466802
851694
591602
640600
998493
771255
421730
716246
297458
230946
195934
559794
925325
651736
53415
916556
918079
898794
906937
205577
322673
97358
586577
817193
417345
558655
427122
340265
750232
362716
666285
167856
617686
945835
18967
827940
800381
726291
634095
673869
895297
529439
334380
34061
820927
18348
326228
551560
586494
578103
637559
214102
810178
618858
623022
980386
862724
99342
784149
453421
896269
832022
722596
850213
675043
681661
188275
446734
395586
932162
72391
853140
972466
76879
785152
504550
992890
928561
234153
916965
338104
483107
944692
278809
597211
50444
202705
275284
165978
833033
379683
872175
204573
374250
46180
428406
51762
505435
822088
251455
907662
632279
65025
15409
194568
146345
7617
190564
119933
166844
264483
214527
105369
665289
624016
747604
910466
255604
234684
620785
604948
483111
102531
9037
49187
347031
987597
503601
824908
176992
734903
913376
170242
166955
332965
799986
846497
871491
242588
187413
980622
832793
145006
234458
9613
677824
133957
573751
472343
171444
29921
886880
322105
474182
314716
884612
9445
550197
275338
117022
862882
500138
872090
350832
291078
504648
763622
546847
41674
278874
296387
101417
803759
304238
149033
267568
270866
468013
777840
247115
737938
494255
752948
214533
761069
668876
796408
196789
209187
993789
750992
304845
217551
397055
476559
826426
363373
454797
598
416346
734334
340945
211590
537924
195306
670337
482822
479956
972665
74861
426897
314155
958332
993257
44472
888192
314211
839967
469091
760631
186928
411076
637130
491688
919068
226996
457187
64914
182538
643346
592349
260096
775294
308082
650497
231577
723664
356965
131903
982780
896150
698642
56952
216088
744971
147553
195835
292544
876481
604580
805444
944077
132168
668686
81193
320854
905434
735818
679989
193127
447638
881694
820058
151824
585876
307397
953218
812455
921874
3290
863177
732853
22098
471737
129479
336585
97036
854499
955312
566988
798592
71889
421869
738647
325904
234723
72451
474416
903271
356343
364647
269022
512935
306474
882721
157474
891979
927163
501725
286624
590522
390398
841149
356842
730067
324927
376982
754905
203385
493487
882656
984590
23910
929913
752374
628466
172987
309156
37894
634739
30401
483334
311408
808734
732002
595578
554230
57378
569492
590481
303293
579008
536639
117105
204776
805451
753048
941408
683805
377073
856782
430775
208527
867624
771471
763482
589356
561485
526337
282675
401814
451699
559254
727062
410382
941994
814757
138001
815281
329331
437163
750475
119107
639470
199488
649115
791451
716884
303714
988199
333726
355567
388870
586908
48737
949540
610803
215529
723882
953541
422642
458964
334255
933237
372729
972868
225256
658093
408550
563316
476507
786005
149965
536859
107303
319263
135282
229503
827059
626826
409083
182162
540822
523938
53374
832463
112023
412051
292412
898285
31767
15258
448906
590926
14975
899396
544414
458265
633615
343746
344092
692695
255248
31196
274282
380868
542112
377560
644165
941595
360930
724220
728130
768556
723211
708962
425580
401314
884317
783160
459114
795118
813347
493758
142332
689979
119854
389955
642244
257680
257262
885627
197479
77720
114517
399765
661532
811320
316436
172697
540357
173111
778569
518610
144526
903725
69173
970999
672377
859733
303001
330799
906816
565439
679053
879878
848188
191834
327081
227858
357475
255520
618666
877579
300813
444167
737470
997775
765325
15362
427457
519164
450443
745387
295239
763092
670340
517478
77268
833869
645388
83619
661267
197886
776807
27389
45359
867341
644668
674731
418914
66520
197280
360396
976977
274494
835184
358321
790526
887656
704676
541153
736259
285101
620896
585266
225254
441068
429931
443565
962567
861102
434511
9712
881149
768923
664856
486311
658898
109831
230061
318851
71101
582074
303775
627734
933742
255366
604095
377478
114813
393283
403035
976974
169046
849666
105069
530640
773555
142124
624156
300137
58361
664341
790519
310077
288636
471082
792201
459018
594562
297060
262057
612970
746318
612465
325894
459473
647125
954760
908824
907609
425675
825735
127955
612497
58171
704226
714283
108458
504875
260159
737040
987080
298983
63890
403260
67547
631526
903120
487594
247030
142155
295074
339958
847331
404890
174728
26158
128638
652115
978150
844358
694197
505357
337279
902252
974119
269634
646399
634685
949865
407872
354051
955268
858295
922276
411901
612943
20233
241972
922239
689012
21553
244640
43471
857494
154646
83096
209974
171344
24964
902351
601335
77613
699651
168759
272017
188869
318670
51047
10254
861115
841659
571679
109715
413775
97809
966020
670542
539494
700405
275090
443332
733448
638393
64651
942661
776933
531018
92074
27372
924336
328347
363451
762020
455215
480466
536280
482021
409483
170598
743302
166711
120345
279620
34936
507620
825813
24053
1382
112501
603320
286645
1390
524275
297541
318195
726731
812185
766153
599346
493755
933882
146227
918831
326639
146835
27440
859265
624936
268647
984454
773494
848068
875184
608947
973152
76853
731398
709874
183436
64334
547070
86857
276440
466251
877431
743601
619168
800353
790686
769396
341038
107287
906577
421495
969954
34092
354305
599144
602589
615136
206157
609952
38676
318288
140482
893533
852566
15929
407978
911886
48905
494673
894595
419082
401653
363219
301130
721891
377050
462714
26935
454898
115241
881765
642186
874470
28151
728010
337644
764904
608580
896710
628825
793221
312489
427297
479128
803258
427756
118293
208887
768700
754075
107707
228315
372946
229969
310908
576644
467560
471883
469719
325559
23302
861964
698235
809920
662160
726947
86691
531493
519936
351693
809560
91722
504360
85849
480477
703031
239710
301573
136021
592888
395023
632452
23760
537225
516829
353773
843113
174913
848782
697817
861812
751119
777688
682292
747319
115234
534064
257516
548909
860228
83846
993745
802329
147499
442389
921161
368657
504398
816077
817291
495557
920998
146931
603708
174211
643096
604655
208035
939955
319437
383420
518818
634538
956053
931004
806802
256373
667223
485637
332266
131373
309282
438630
194327
58840
436849
114167
627386
77932
773414
917905
198381
240538
422084
334107
753603
497189
583578
764328
733786
447952
300578
887171
58688
301721
56161
128326
108948
487548
979855
129756
291427
692201
991988
919306
482050
834182
151282
261735
341743
735073
597906
686185
325715
57141
906278
126164
505436
773487
397919
22433
420606
445151
58893
584768
396826
59524
221041
653142
499379
97435
670663
637186
377519
789014
38263
455190
879621
736377
245892
335186
234034
326616
71089
139815
111750
766265
689652
780355
894124
219261
222158
979529
191962
88873
260217
812325
490116
128377
944231
616918
11624
866237
516449
706382
88530
503530
563742
841595
252270
949205
14416
605505
299611
808559
546203
490964
486161
765755
993595
447013
149198
751516
421785
54620
656136
194223
148908
817068
655928
409567
128326
962243
618324
641951
112491
943048
546455
462594
355534
180413
231597
460068
318573
743264
268325
900468
577604
165863
673348
4731
763862
552436
159821
290196
918339
412150
928307
823171
496014
198050
375329
849258
75916
255393
814954
176619
246577
302059
621349
516811
990587
555527
162555
383440
791440
839662
737696
468745
766969
769871
150696
461514
390323
74718
597110
595446
524394
989815
186389
341692
225786
182267
666663
629746
398622
768783
797130
81708
31790
263270
187313
325923
841595
343728
998521
320999
538754
233624
40266
432324
857089
748581
444105
538561
6237
624079
361933
288780
811970
839409
33441
445346
233773
961840
226243
453993
241075
157990
502565
851804
790905
355102
641902
423893
159755
973095
166712
649110
438683
164267
398148
878208
46756
701352
731070
894529
357344
396145
68370
621254
857806
401945
655460
579066
66673
39823
765305
481532
302483
963251
398437
377239
883276
435343
493215
525476
524538
845763
167900
736117
993372
91674
171109
583907
989522
345652
306684
595800
783985
277413
536007
255597
272525
475116
185471
20318
402779
59791
292461
510990
491319
745322
499659
554434
55793
70947
277776
123839
778712
221672
117690
231461
41294
865176
845849
105446
387195
450589
953890
908085
33788
172652
446923
792388
421025
153172
939694
246626
152358
193756
26413
838062
262916
154956
994076
61678
655614
717480
864892
428906
662790
568115
771049
927075
637230
40434
812515
750987
535320
728201
970361
673869
524314
31798
227185
255328
902455
206501
657067
762120
547084
638600
506716
296467
142573
55005
341138
214616
375414
622972
564097
768737
494773
222882
382664
797187
461629
804422
693488
350832
295209
76985
446172
163489
62083
246754
311113
244511
144862
914498
16878
868860
647870
911431
537526
444006
633543
876796
869168
199625
484993
330771
512114
493246
203418
56976
164791
232710
330631
259715
968706
315740
113710
265438
582039
727894
670971
395740
462474
851982
546080
950562
826312
544156
824744
640334
905330
378391
306288
671202
545394
569940
956964
806758
966013
320420
7415
703703
554649
309641
152598
743503
667833
680468
519062
824699
24504
355209
117787
399892
461030
896536
832805
239369
662952
16708
299167
678812
231056
413594
549376
839708
54572
572174
874918
331960
507397
680255
895369
170476
298140
983256
533333
671217
296011
845627
395125
31632
63623
788186
121489
974612
904807
873004
987700
685607
139581
884062
447405
133497
196316
160331
371202
850402
70723
553247
107140
274306
756853
75958
807099
824737
106946
776685
455000
32933
49187
186787
935156
375724
43821
432859
32156
371267
853756
352360
282055
306032
844478
754970
538019
29052
743973
594034
776530
672617
543200
818397
687649
403880
152842
479824
862882
136881
341623
210598
589749
419362
984302
557629
363369
539840
714084
813604
761612
21810
90598
994482
246310
614856
21677
366614
329258
499121
901863
524214
189850
638674
309647
699854
511099
937732
881178
176924
198032
634828
330742
325310
56571
696101
73628
197022
187218
759939
264429
500186
370285
183145
391
567843
129482
403203
786655
212907
298935
15939
953300
578213
189219
494022
370102
83026
755009
980167
551750
83884
523475
539542
325067
249182
337533
676146
191425
913455
341459
974637
517601
150232
843213
807693
879619
116878
536957
597787
456541
263327
746224
685120
95570
471959
410389
638613
545644
929608
638345
276037
379995
964019
233270
954074
946638
367764
209515
65955
931022
529901
162766
380476
735589
661072
252890
676074
146754
631885
552230
814066
98781
884346
540213
755815
268998
945295
138472
159463
121958
874609
336332
267568
523434
88574
325347
738195
928878
94841
253949
154029
995385
477483
460395
885072
410940
802169
805119
19843
949950
457715
480477
462602
204080
882422
473635
299623
513535
544738
746832
189735
999664
473614
343536
590555
961721
623732
770307
286552
434250
672454
154355
552230
542177
395294
28287
163870
580625
270884
760907
948067
409718
237267
754614
476515
394562
693542
456580
779316
463027
725496
392568
379313
637421
818412
911073
96592
826394
916665
290492
863497
9298
936206
676925
372424
731404
583441
260199
134394
336118
821560
9794
480668
969324
901193
694731
848734
762282
62699
738180
643321
972423
472985
185683
961776
297391
65107
549447
356169
662901
791350
915028
21671
35570
978513
286224
763291
797750
880782
306552
552017
147872
285102
885295
521308
960921
858058
360475
685783
832780
318827
529437
632222
532824
309519
824358
996619
627537
28331
155829
77445
186305
786606
758353
506282
650289
936374
193736
23960
21939
109911
4239
833490
195846
233902
753027
628900
521263
761385
702162
167435
873724
236498
409842
600359
580434
107370
539091
275945
775404
858211
939741
229191
151772
980642
727752
203257
417120
298227
403594
579340
379375
698270
543574
443316
582555
407349
689282
534971
50875
484434
536834
302899
110877
388797
740333
294348
915641
261330
513213
490640
670337
849707
243649
998181
276442
50871
525450
446035
375191
437928
416307
116480
408192
294618
669152
911411
896449
741918
553402
82622
966195
444883
977581
8955
270746
585432
918865
943215
108996
69550
647989
799307
879969
351693
967461
269445
388748
526335
537489
163572
791976
104234
392507
812884
781065
348479
810967
455631
214596
778037
949754
230750
823214
456405
554733
630817
541381
251617
654365
261295
555133
69357
660075
303422
406851
888812
572562
839596
920611
893674
38081
863498
767294
237990
247899
938841
573988
645069
766844
589743
991791
647168
474119
315128
166417
77005
344100
511346
420870
51170
611409
67165
346739
910038
707486
958711
866214
766683
199232
509855
825121
843857
580359
943189
758033
448608
803245
172430
55488
56431
601687
813406
875384
361376
1640
906300
50567
748100
483987
583629
477884
755993
362802
146894
42751
216550
313336
436513
831724
45778
675801
203932
202361
577364
749477
897514
974750
228623
843314
880662
501400
291454
974602
326544
664915
623987
127739
641131
218403
871589
346848
36579
616853
481142
146369
59425
239748
935491
675919
706986
356753
759052
300404
832022
264142
34699
591490
859332
997393
226942
795118
321799
8413
162019
850667
550956
973591
913744
846624
859627
995257
729926
838980
578983
156552
142813
780096
5420
56108
465358
44563
669640
353173
445533
292391
363716
973050
242624
57141
218216
405893
467921
466987
232230
307208
55670
55378
647242
225321
935929
133598
69368
86613
559450
799403
852258
395993
114132
961635
720639
408433
498719
260741
633543
489500
407850
945787
142672
747756
578898
814651
859614
98654
641345
608438
12402
480206
848257
653015
471452
375174
11092
722126
588725
815092
919599
134291
623804
212936
993816
287859
437714
927542
907847
372671
247123
138584
244752
962536
186249
158326
221239
61906
31306
492130
770508
746088
242366
993237
650555
90256
226137
295386
395632
76708
743713
456927
49007
901802
538065
822841
132146
715779
411370
337291
679666
563694
760799
220680
523906
278742
313438
313948
821356
483114
467814
802959
963458
288721
686045
702245
181232
9431
20673
312255
594590
220051
328737
776265
125150
194
832603
828769
975500
49824
986638
585629
576230
105582
661980
760946
17521
984264
509449
491675
573168
795695
154695
17773
993781
676049
197873
535697
810094
459207
417540
485622
929643
248197
6715
653938
13966
788405
285052
116989
864641
743383
746284
943751
445023
350327
650706
599349
867639
929382
476164
574082
393603
923617
747343
620788
160179
387544
408792
909690
602976
402054
671594
148538
150340
402302
863697
548072
834829
108628
611566
505746
430818
556004
992673
286219
41739
150277
4309
905592
29525
106677
535748
264550
128413
208697
966925
274335
980832
373895
847151
305044
222605
722473
414996
608370
413018
129579
330566
142085
302093
75438
721018
879461
649149
225794
228676
40158
795661
214600
352353
816427
519232
417822
895157
357227
640363
75287
297427
657309
477459
581791
398343
836745
98391
667131
49585
675223
48257
410154
161738
108921
191918
530133
590874
682736
223147
233686
807266
426859
243275
155704
867374
347929
544837
723639
322826
908003
675008
561235
553817
493560
312680
67371
325299
379107
489359
912674
250119
973265
780434
568293
925958
550605
138386
212191
490186
178543
363851
73758
826945
686928
6246
179186
592557
796735
377244
178621
284747
200393
508808
387448
811895
194692
853762
432212
756313
282923
988886
227628
748101
100797
629751
5496
625463
181886
613866
180991
169518
653054
573040
97995
660817
440083
674167
738677
325321
857980
581644
702604
4819
916995
908954
598038
478384
286406
286167
714460
982637
632053
538367
509112
45354
440104
900364
551030
480671
425311
806226
96509
23630
140768
177710
707116
203077
747759
399384
439592
25303
437134
415744
357475
406964
878863
531852
322849
604826
393115
178406
546841
857935
336999
645651
781843
266670
336954
883406
871163
4707
975087
426755
90764
618869
409670
229953
604273
234937
717806
689086
291456
133781
888271
886130
859285
969128
579361
489868
99200
984312
226736
690840
583684
117428
824968
292037
51394
298334
900654
817466
598937
187218
383745
322280
594860
494417
755047
410345
928397
979386
719795
608262
419635
138847
509029
349923
573673
982805
135959
994717
546632
359320
702537
365498
714082
594274
897072
613321
614856
252953
619010
120146
504289
499616
338364
440441
578465
867199
921526
92013
239667
303423
367049
145120
23059
892137
533812
34474
903956
783677
552249
454935
976900
646237
68986
52257
879142
162353
561408
191220
788186
800824
783783
932336
494905
65735
443280
936513
126051
232263
722364
816221
968430
69211
774430
826514
5046
722716
458363
624455
784311
32317
343864
196883
817827
178426
929270
777661
543008
915059
339751
134731
743168
307159
943552
717755
632957
848824
805225
404466
498656
783128
640440
299210
227401
373112
142843
675290
967719
206198
504253
70355
331011
866347
910501
788706
697057
513239
240104
212191
199333
261562
473526
236335
2608
494046
204451
442481
376605
946237
178362
877269
642799
307202
908374
530921
807565
762349
606488
290288
586456
91900
530274
70332
285865
935671
171677
946942
459892
314658
875448
502920
818801
469229
645621
175034
480284
754900
935580
783472
688190
650294
173829
799312
90807
10581
328231
534252
160288
657676
365313
392551
740506
966506
475956
599431
359745
853522
635965
682245
401243
314506
77390
170280
934542
517969
227114
227343
880827
269366
89227
680416
371457
