297797
209381
746598
382111
73514
380633
644296
73916
525314
645905
941163
24314
916635
73922
266811
916527
278282
995668
111881
999353
139813
456216
466391
278989
508162
405747
470326
957181
341958
288456
118326
198779
965044
307625
329711
723981
461123
694437
282330
749480
229291
405143
579203
972897
202459
390409
487047
490035
266311
197366
215992
119233
135824
713121
995475
407475
748852
609605
17635
94453
371601
975701
734251
585483
945838
765161
567563
567357
380915
909743
86156
520153
603546
219360
612388
879656
959581
602895
110335
190193
450733
818669
542736
577995
195260
123662
779888
795159
266579
586006
138762
551986
145789
779142
139645
751597
403544
335744
527658
346991
221546
558972
215221
298329
684729
331745
26430
635783
706607
85738
204263
520834
155746
482193
684496
245370
612509
598307
415433
756350
959481
442750
495110
223454
58571
293351
258033
490564
435036
325078
167616
159286
509820
939013
934228
655876
742125
730903
885263
343204
980365
527166
801190
715412
587267
590442
210752
828263
539699
505591
45906
149423
183655
498448
973941
177904
542993
783275
100664
315913
799283
700252
356484
391262
776700
438765
784293
744827
501317
813988
269345
81962
930143
710173
483828
23692
882510
88238
604140
934413
220508
407254
952135
592444
467828
887224
201081
701832
602207
504843
582791
699011
291641
907634
100138
536261
700658
763070
438159
959706
603179
302098
675956
749742
418702
436397
501593
731608
55701
132241
146926
804126
309303
349341
275674
83708
73822
986656
861981
363073
252072
658553
817289
496290
512536
984583
965833
9223
693096
751588
947579
268160
246814
85873
56740
446739
745630
173690
214882
626443
198936
334751
467373
271972
807201
999205
249445
185606
190990
373531
909808
317343
917873
47430
32661
28657
326683
26671
185320
33360
67168
593521
103592
718775
801605
211597
509269
485006
384698
583458
529065
104272
908497
164412
914192
436657
547478
879614
555948
750600
441259
205976
15756
862379
95573
836605
310848
695029
466494
243627
72930
570420
198113
444018
888226
503431
552738
117044
82739
938278
477551
84562
852151
740945
636325
684630
428757
338415
556477
174005
798622
670332
21780
219571
237283
905598
130051
610910
434027
172813
498824
850726
558978
702845
756693
290474
110357
15277
292924
676281
999882
826275
784082
13502
370061
495511
307012
599623
864582
420826
849990
434200
309723
360320
809969
18592
836358
652842
847036
774168
770832
360081
278529
64145
56892
146570
77533
965817
527264
113559
28081
192203
421577
937739
646353
211467
147650
269783
449499
822425
452333
739899
602090
290499
729127
750968
458682
694845
914098
939360
282109
726327
428376
466055
209156
372752
526474
666030
134020
476974
516146
682334
358750
602956
165296
457605
559003
276413
733120
794998
862848
146332
930720
108440
259731
987381
576280
310746
206670
178843
111980
977468
225601
266447
415645
120751
752359
560195
900211
181870
417323
226100
594814
178457
256354
911472
155454
567681
576158
714334
800142
994343
482870
558384
599990
249668
921205
65799
354694
923741
680138
139472
882112
117612
118500
175880
795549
765953
724033
212116
314008
398635
839423
802566
978061
485695
641161
773634
304037
212555
10421
409898
252933
976164
831962
570528
544317
834086
62675
107528
382445
769767
331864
105912
284301
363426
291915
834114
477930
482407
614316
490704
366185
104669
964129
108135
205037
186503
380033
32042
166530
486838
562624
231167
497788
824706
532854
288618
723268
69025
805797
924177
163513
618288
406241
718218
894945
782112
334141
507775
242629
318625
111651
549756
605097
410245
396635
318077
20837
466438
389309
52355
338381
422142
538525
66899
13654
424710
425424
845120
69201
783226
1247
618073
439894
678503
54505
845086
563669
596600
405524
31874
452329
956425
438835
892804
805828
400503
982893
288698
517053
588271
880662
414378
872449
483245
235917
785257
117632
24003
792277
126040
788647
963027
490873
80646
570460
179611
620923
22528
786547
565940
483980
75547
947146
808786
725023
669463
208404
804466
888009
172207
433264
257431
365376
883169
236382
54971
333312
289251
156860
466091
923310
666772
837256
533209
366127
950309
230067
217173
665819
679780
345661
417749
137360
563093
837267
625893
393802
311265
936431
636767
367617
645482
438055
764794
610485
193280
281426
184593
225985
542768
185584
393409
651153
892152
185187
378702
871783
350288
576061
464073
798155
248852
783138
167993
814570
315032
544853
803631
947018
34917
42795
457573
349434
626990
776073
40418
221691
382055
79467
809675
400461
828931
97140
780434
926161
847275
208055
600482
216383
120159
943467
90274
548870
573988
785740
80881
962415
541802
593675
759731
915407
709323
548990
351482
637556
879921
585528
166411
429693
156903
467350
903909
391728
698501
499830
677936
929597
903294
48771
99491
623449
523542
785944
96615
223327
211049
517110
767887
591305
31591
855263
323859
204453
526108
11093
693137
418423
879249
504405
448619
894754
741786
722596
453217
945154
718237
59166
94343
637411
703600
436219
386619
644863
611814
318487
377401
340117
524046
232350
95654
755391
792721
873435
604191
564616
577034
460876
761461
418968
163602
282045
671834
815838
196937
877962
103677
928199
876287
801447
477478
52968
134420
847514
663856
436859
609699
524871
171101
662447
887554
5149
558074
750544
597939
146923
892067
28709
25464
553791
687198
566659
670414
197850
621381
575800
550548
924942
316795
145234
514307
486530
332385
851402
219136
286962
756731
709572
250420
527208
558489
53577
54578
761624
966267
535593
17923
152196
430630
338131
44968
769655
119153
117873
499106
958690
915914
32905
524649
429838
456394
311253
69098
894974
816276
141109
625283
598334
73084
733925
563694
901989
545387
354980
461987
589806
656125
902112
251616
929920
549565
294453
352026
140500
714614
2650
477696
573647
81510
940930
582247
120567
907056
408403
441777
814284
256172
746084
242956
877218
835556
571194
266333
85403
173634
822385
3140
689078
695193
706032
972002
565289
196452
409299
858557
969077
664729
101272
570135
929680
974410
986217
109589
255886
940401
723161
898361
3491
526302
516233
975990
560775
26168
46916
785638
475342
694365
875618
42259
276167
624323
494262
884272
658338
451880
979842
983866
147568
64476
427522
83218
299777
325334
148096
244233
718225
486587
881545
19430
473954
886490
567370
465657
760418
839449
419485
254853
4890
501486
812844
268708
355243
871912
151781
329523
30450
895150
963416
432013
323468
44150
792715
144253
205506
253636
644902
668136
201193
50711
404229
706187
870153
531484
534894
869600
539752
770127
363807
637604
625461
913778
307846
167310
862465
8868
945147
200458
682716
485751
116751
12225
246855
562652
886731
431135
119717
518551
665507
689052
795700
908209
141226
974110
414526
290661
270221
996954
928881
664806
675923
860556
420636
834342
420469
496678
551625
628088
479836
41353
605009
891922
460930
603891
165519
684977
764333
702613
96011
691797
584853
121458
461806
453465
996251
109831
733983
274428
709923
484533
699280
588385
66820
746611
773981
239790
804190
575285
526299
189672
734252
113982
399868
312582
973136
125277
929165
875462
832025
408711
549431
536551
654357
614490
945265
883254
444728
938102
227019
279745
462535
279041
108700
325230
799251
303797
29417
78134
677013
301299
372793
760679
792283
346879
491140
967004
231500
12817
877622
228823
9804
291007
380690
650905
979079
476370
700637
167799
421342
929280
878751
519491
881816
3366
809035
896211
195623
205130
686648
753388
867507
403662
940020
535855
305420
265648
377303
661352
277518
801040
947721
338555
237359
709645
150575
309903
245143
918305
541679
776169
988285
104544
648705
701999
370229
273706
189742
123094
579361
711335
901943
569122
811162
788644
899407
930365
96427
902202
135101
789544
318484
922099
592669
418552
771551
744063
936039
827012
597963
926501
332237
226032
468967
500116
388120
399906
900518
484104
790571
760747
925459
547238
849467
596413
478065
228462
263474
763543
805073
329598
749497
749497
676552
317546
299081
598584
236776
542811
9442
30485
31901
561207
528140
727565
884776
271532
568837
872086
566112
465066
255271
753796
110949
462387
228823
600436
376111
388722
498603
132940
138863
877857
476984
997754
606725
698825
142173
604764
39051
949377
146673
137144
97081
576740
413784
253018
812273
795891
23155
216537
140280
777900
304343
329068
225184
745842
316277
747100
621841
432543
376176
550218
489274
689309
917080
172073
839467
371221
403380
488825
350716
400300
189102
121423
115048
547794
144925
69590
710140
634363
813075
463441
807848
545312
188499
579280
793675
286359
876071
209045
250646
724041
218532
700645
746691
77623
294977
33105
978732
378496
284910
401707
761378
775688
338191
424747
246734
101050
420208
489397
953525
5647
376626
431065
942166
556757
433150
600177
86637
435740
328776
78895
821231
89800
828983
348923
983229
542105
924904
229174
138291
930581
280173
498111
263682
904752
526148
894730
153971
696414
800451
219473
609045
246060
869377
348033
560146
727246
220692
148746
422366
645676
769707
927392
446955
563021
667199
817559
383860
121483
411665
66400
948598
962427
879316
860137
696064
701102
739207
257325
401727
323782
689395
834834
127844
274744
973592
668835
355248
272937
690945
439070
106977
443693
550682
510217
945244
923041
409182
269240
628399
589069
608280
238980
963129
168302
747956
397884
852792
164320
40929
209508
789726
298240
168636
864439
133358
930143
281240
240250
844841
471907
74888
602606
816717
261084
273262
100671
230470
69465
594648
666129
481041
88706
111345
988053
234106
404767
184373
18148
106290
462659
245430
872303
445654
853760
651918
947419
959228
861775
762275
818372
513058
990982
155806
970336
759284
874183
198181
552496
604832
815663
962301
164098
55290
569335
116408
380980
653103
71797
329794
857361
905432
284375
405404
106338
384582
425264
404218
741225
174645
949724
717672
58546
174140
327298
630505
554740
576701
871950
381845
622305
360972
758090
50261
987574
556706
605627
279968
363329
947148
960357
555209
818470
321810
503534
468761
93280
279550
895909
606231
414784
671474
38625
329045
605436
743142
496023
591036
518959
936110
401618
365321
391401
432315
79259
316723
952219
905989
844732
476009
107351
775016
267243
74
558594
434069
14735
223576
554190
266789
653304
388074
705265
496481
734319
829089
92185
866595
198649
204089
822323
362647
341174
772185
926798
257667
817026
652978
635298
778955
483617
971790
500848
818964
448073
741942
224232
974210
402090
670420
596586
233722
114458
863634
345571
427968
519335
445294
216843
295812
315890
94942
272054
731344
677444
819354
734251
345995
724927
705909
895381
871916
371444
551475
567135
445198
557684
269371
845548
797394
527208
680384
931803
301134
336513
451428
11944
184321
693747
384453
106212
953320
483925
533556
538456
598967
287582
910309
759369
115231
235304
136300
223107
118307
96422
467224
524707
160161
34574
257109
1713
382355
299407
91243
681953
832432
881160
44372
919118
378753
813944
758988
140528
827229
996771
647563
795488
211168
505825
514749
484884
365204
433440
801882
940747
536267
636881
918169
14039
603132
705464
522649
945046
830151
330307
229721
83860
297088
86882
190843
694363
807501
12147
264951
741580
72335
335988
475136
545177
505665
41353
798271
127810
114843
136846
80010
18950
103122
149128
705025
766528
679081
294417
682508
561640
766322
689076
293913
890357
113668
830550
177231
526394
928097
665982
762046
212939
233428
954297
682005
869328
101361
321800
199550
335029
36689
67895
593017
807456
46181
901242
16259
48872
549619
170632
494642
554714
582587
723708
665461
967152
37315
744466
497804
825602
657410
120175
702711
917828
454300
599795
429560
921548
176566
443938
332964
699414
190439
705095
21078
416160
698990
65170
524971
631572
213918
367137
874958
842931
753485
43061
298001
443821
145016
371900
58983
342444
307012
4131
521188
550909
552779
76361
500529
794339
819498
770999
438518
491080
555745
681894
490068
238854
131075
201327
996667
508767
506420
378003
561668
500255
636576
68624
251198
681992
527116
880076
466438
787555
135076
966937
160557
893462
415550
402172
490995
828596
866058
653966
236692
837869
511162
906328
801090
169941
889625
948162
267521
242327
608449
870900
920017
151134
66655
52423
212105
886333
777255
507042
428682
71751
190857
513473
969117
966580
353656
318589
595982
193598
501391
281230
42037
370977
921887
56637
636744
728351
323292
128554
454428
49058
506713
289633
992622
164989
204840
341480
434868
387096
158303
557713
713720
378567
584921
204257
523666
640862
336935
461026
444045
455734
80192
874310
526134
878853
189513
972513
938837
80119
553438
334405
78194
258481
548624
342329
808943
36236
534664
88863
48035
811320
67650
253555
691156
218446
605132
441277
11796
877188
882585
315585
187373
651767
397179
995789
748406
688739
112456
544199
945133
797927
188577
277633
112477
777666
133102
269806
353926
764016
548504
981397
213323
491310
653872
513664
312318
974344
81967
481346
641365
202790
144428
768959
901659
898165
880587
681598
560176
799993
592758
677707
919426
691569
833906
618226
254471
464336
399715
123841
351461
139637
97045
557624
899553
194272
967307
315951
492827
791931
178790
161448
859163
250156
375180
839174
642968
37918
772541
32660
499398
55342
523041
824071
65467
808892
152545
833493
781903
166601
930547
440271
313195
515484
228723
508547
546949
495815
462865
761712
454075
60139
561875
694915
933477
522962
45562
433717
965171
254029
152514
173305
482199
37255
691102
719311
473692
472415
291016
127777
729564
366411
535859
930862
310542
457944
237019
414661
92167
593168
510497
442750
541822
277589
82456
190719
798036
473641
468581
169658
721516
704401
226368
860415
940133
809347
747396
581681
546688
496515
524997
286462
364372
364526
127023
661603
417410
646565
379189
249254
333778
690457
431624
337797
974454
332270
663170
790847
370301
306885
994573
724128
427909
760896
449649
617803
605433
217768
773923
832073
207348
786335
787936
113842
745348
981691
64706
571608
651564
858466
2494
591864
413423
616905
785202
454275
619622
370621
836045
911890
808364
294800
421272
836477
175882
747328
528613
390869
554437
889192
244251
324380
802783
973498
623748
924003
222691
221703
861153
322801
458682
672599
323816
628258
707713
524270
240161
275343
501571
574220
100478
646210
170286
389720
528468
840686
375117
356151
889244
309123
949159
256294
723098
506532
665816
537170
243226
464818
583991
200535
819061
247884
712723
483478
744973
944077
857767
871449
737124
737062
80640
991801
321024
269678
248995
589496
634431
882072
270668
369984
26086
464084
338365
324005
936843
739097
53948
883447
645408
641424
567860
443879
6727
753390
645403
881747
513012
732515
577625
93741
983640
197811
847177
262393
706235
637440
261579
84583
94023
783639
188654
228598
260644
115460
138455
728055
310555
959956
861389
364884
972021
36979
742722
19948
307225
404708
666044
682184
611058
899832
513652
637974
920608
324343
360709
533208
23960
548500
641002
603892
180852
909034
502580
801762
233367
207333
9971
219818
612461
234012
784100
49164
163305
798127
255114
75661
209361
887151
299354
11951
535544
812612
518031
128145
512740
988211
481838
880849
710186
467523
770705
448857
400077
383974
388813
536869
51200
579529
26038
754636
349744
872569
219584
252286
471313
982377
634907
581730
857910
135030
361827
885322
382938
296206
911869
297226
436780
902867
642227
376233
748969
808717
687354
939265
658164
296630
718048
218479
768054
670122
994951
942802
525165
850980
384799
10397
413979
143422
934422
490832
357277
87422
49886
679195
319996
820594
566129
963768
945378
313950
397750
97161
747239
844088
291007
71889
131352
563900
712631
525807
744085
946276
206670
630830
845404
151868
513904
799918
890615
9550
103461
825148
882919
733872
59621
712233
292722
630027
32371
41517
326156
86008
348187
647267
877915
183189
441772
276219
432826
645756
15254
619172
345101
881523
414752
200356
367336
593756
318660
20708
937817
158992
591428
804171
604206
730860
440550
891709
648558
949372
894127
216316
103266
856467
110520
183358
391858
226298
122351
295791
271532
437234
521970
910682
10128
878278
485847
664092
547969
316880
608280
488019
193375
99776
842645
584960
470989
527174
655965
578901
330706
195650
670571
133895
687121
186295
791435
897775
637079
483400
405265
741729
577701
730099
22734
708086
945683
770779
117098
860947
502985
790273
284479
813511
766058
129456
395556
772845
354905
432078
271803
429022
859397
580852
90296
670769
786775
425681
165328
481329
148254
51587
498478
246883
209982
802695
431242
652126
430222
647129
938708
972448
675943
65936
260185
113839
967617
647642
518356
733155
808180
916342
317059
511181
72651
891730
917990
362427
580948
848535
870148
637685
833545
312629
540248
30530
650669
466465
207772
481346
731212
564054
503091
224811
564928
744827
317940
806718
664399
701993
583881
676993
109075
328990
586496
735423
782318
144326
228896
142590
572629
279963
98518
813504
883861
547558
448707
278975
429500
833555
708781
980472
738818
969876
91150
780285
867048
653966
716348
206047
749198
75161
362175
402444
985379
158875
278458
483358
305529
301248
822698
734485
7763
410027
64134
43698
12035
373784
106379
882878
388209
745834
922724
350751
636878
381383
601591
979941
660857
960806
55139
596553
726601
894720
170429
994455
272537
230482
832861
772707
970854
811430
369995
632826
332183
194363
864471
756124
517506
925121
879222
389039
990811
790397
568734
867786
489808
599557
271967
607982
119960
87591
77215
236232
964117
501055
785573
91885
405218
386326
398986
943936
787179
436939
837353
498762
777677
365045
929667
887424
643664
489122
828263
851749
492436
626242
93857
236213
576311
529597
643246
954873
94833
262541
151181
166003
453041
230529
240649
920033
272268
157594
247482
17428
669933
125756
718322
109858
233729
741440
914911
56264
917535
592115
290068
332012
501600
19247
74940
192357
965551
983772
157430
566084
799669
484581
946475
322742
465840
939179
791832
936554
70309
790746
56349
171117
618169
819130
691370
112214
150167
443917
437985
815603
175788
336186
498723
905865
923857
70984
167143
321079
42258
129548
280503
634246
621602
100064
42892
938394
273953
770774
813835
237823
124079
110348
901099
575019
303232
508493
660125
904225
71185
552323
222516
642939
787697
539512
686301
602043
579497
429574
775130
398913
879595
120351
766883
260969
97198
929138
162443
716031
5186
470634
98515
151099
913839
774954
786202
138556
209684
59304
146304
573088
890265
881996
426069
288127
670015
318915
257343
266235
495539
439263
253919
138839
443499
294733
134491
313742
696739
967068
191354
787890
625514
923693
104444
420743
986853
438470
394832
223433
547976
661261
407284
317426
247389
171508
896620
660461
316296
780224
432526
285178
22958
796560
306904
110904
831342
180578
500315
677104
976228
486967
174094
309713
627114
809849
611023
553141
192425
986802
331092
380430
137431
203578
31286
379218
967793
90376
828951
878719
443019
352262
300972
14334
484491
538294
433008
977744
974651
931016
768765
539107
4486
358829
70921
635944
363611
48984
294260
12737
445940
896678
176520
854684
233738
660667
803355
973437
14998
502789
231060
273294
820902
308917
941020
733739
233319
573370
868804
33897
318549
784420
935182
918548
590538
534178
566173
816965
764805
558497
466553
780269
839555
345772
533069
985552
736997
608707
798347
414460
657573
673098
286163
763322
190718
244677
211234
373082
925231
957569
488410
11568
984554
43133
242626
226328
28505
856546
132192
657942
256897
904021
58997
824896
36775
775503
177384
441781
980760
379097
558767
699499
340621
795959
442710
189115
896379
600083
541748
606289
639240
919970
857618
530630
660833
63218
104572
501394
64971
621192
827042
238503
55237
610910
200511
61135
848930
223775
958524
618030
146763
312796
114740
337184
228114
874933
418802
910981
371962
275681
819700
482320
669604
282327
187006
960597
634965
197606
186947
798715
706889
128698
993580
197327
587317
479027
295948
446862
163610
588237
766791
806666
986583
329732
255187
963990
297163
641832
141775
843714
114895
658132
680363
72589
810088
95395
448342
619745
76122
723299
483961
32381
840009
454702
46558
809006
756124
621276
455509
193125
965868
35831
840727
918059
749140
480157
115298
294068
512865
507216
275298
243669
350442
264987
303895
965812
963922
770439
208225
881192
874207
339413
901056
214487
715766
602890
358412
54267
765598
861118
521318
501784
315719
259156
302240
148232
598753
900983
713830
320929
757169
35831
977504
374779
641973
114735
840499
297298
308611
372253
90553
346425
747218
59070
415858
127016
330652
447643
345324
395206
526486
938676
222056
439971
176135
703117
262238
523610
426820
548105
507742
222232
267306
572880
369793
476345
542121
182073
203814
382233
711380
669310
352509
408306
242582
422354
450635
873503
465657
780174
231176
682003
984222
958662
523484
28275
677125
307406
329594
732160
328558
508798
893445
682646
349706
708017
873325
231282
695142
890967
804098
158001
629252
13871
814776
970185
128633
807318
611480
495252
90277
843765
78297
604075
410533
580319
483250
286008
111492
498532
639966
177932
945186
106629
138726
433379
647813
114524
141273
836113
798542
231803
584553
911870
133604
780592
123915
939007
162267
142095
357230
588693
118426
230260
130945
784664
874711
58260
729511
36361
954499
247587
94141
72670
982380
174566
366959
377872
331702
487285
888077
659517
510176
681524
265817
836497
536510
15611
452446
729043
786468
242560
134297
715957
767376
588684
279710
340202
349226
344682
336347
998899
7393
24657
733159
342415
310852
788392
826232
534888
103259
749762
913081
390315
268590
472351
990106
165359
179672
960060
930720
321914
738787
361475
565233
625902
683388
480992
636510
631032
254812
322407
193797
916133
517364
252680
3920
829563
327791
174067
685847
242076
88060
919022
643146
939745
856507
763931
13825
56246
153273
268077
730611
131238
840107
420993
538567
180010
48022
844461
922734
151955
597854
565828
397874
777408
81934
628115
731594
605675
25854
341547
601237
359331
920266
109921
712256
115574
780879
447245
326765
449034
470059
15449
606181
671007
326827
561770
331502
915703
727887
400599
744956
497339
158373
17650
2656
121663
296018
960612
348176
371973
595718
926635
822990
569939
740248
302288
799972
841854
974276
139810
421252
740932
42457
150636
832256
23046
774310
815534
731445
469825
161654
650109
256868
833909
575765
27
465563
48107
143497
948744
243877
920285
431219
131025
409002
262228
713254
449098
240979
596642
685355
860908
720725
296054
121073
821664
333145
625667
843431
516902
166244
886316
534558
117161
581764
447584
237831
558462
124715
218073
658376
209816
892994
334821
250440
425141
856058
662968
681634
827606
599708
691065
605436
328186
769957
908433
918719
576168
113172
954781
585194
486984
785903
641552
381719
818380
516188
170515
105399
886798
164098
857092
478216
114797
798540
886293
133394
799789
431339
894974
544548
780253
636130
907609
511160
889306
392419
657969
942993
787982
383091
146238
638614
216639
862783
346599
449738
765513
22349
746660
880443
963475
988074
245207
638672
629204
821123
421465
542406
238012
145658
242202
432351
433176
405817
800240
291750
453878
601413
257872
188783
698759
505445
180020
642088
180843
371880
84562
706091
945064
806548
429302
588843
475363
516556
323611
448249
649683
573351
185151
42669
520441
85338
86099
923219
368939
158393
745525
883511
669787
961220
457400
590134
598636
389035
384282
820962
781508
655345
151784
36827
583161
761169
895609
378595
276470
194315
699974
482650
327012
687261
86398
913383
211253
938742
159055
607792
859155
889111
795661
969414
372389
595078
555731
617339
920162
67936
500096
740427
831445
228872
687251
443202
834694
760171
443254
571057
254950
469104
308106
138821
35420
814684
477383
433146
643199
972704
813371
534316
704578
500247
960683
147874
655982
590942
870483
793448
948298
887888
615798
94184
337466
664594
133579
729869
624361
814981
178124
570673
592987
47577
14593
382298
127328
15921
234025
525343
203932
662853
678239
577456
955722
668766
185070
227027
145755
938320
47630
193125
617387
315933
653087
792937
837888
336806
780456
494365
586412
848830
102461
940418
179033
880730
501244
608727
462118
681444
140360
416630
93055
956260
752898
5348
944196
214029
860620
556278
190580
625311
545795
712982
432603
105632
443979
369233
332493
154175
914454
260738
696756
497425
564303
643640
469104
311642
727582
84102
544275
556621
4413
389312
180296
587416
935790
155612
842057
623859
890321
479836
381399
566264
228221
95573
104392
735806
297209
647623
804126
901575
11368
345720
741788
867805
326881
334067
671406
619242
92907
132790
401678
89797
195059
277001
677527
669841
85775
594310
730711
39254
602732
940982
687523
96710
556460
395722
116057
90316
126288
945236
82456
731108
50848
18270
73860
681303
710001
70792
361244
644863
463280
907093
990696
170468
157807
234810
658400
59955
228696
130315
906149
723473
960815
873984
211272
188470
604010
655656
858470
397960
257539
513473
284981
351432
359753
624040
695801
970993
288357
14075
237166
899208
968846
58380
256875
398656
249340
960200
215379
529533
269780
367720
267271
23905
55402
509002
6384
612725
89707
761463
526096
903876
165737
329705
224397
422646
392126
425740
805371
138354
579615
33009
140375
749141
402162
739715
605332
407082
649190
805648
706055
840298
732174
315312
362030
267265
29042
781865
278707
410450
782879
734668
564305
909814
389141
442051
550371
974528
854145
780043
581078
825647
332055
203071
620744
906999
266536
953890
860520
455312
188851
200233
134477
494812
181080
654641
540703
434947
201547
320171
699364
973687
323782
220186
743476
706983
987606
950702
209617
255262
778626
667329
536901
182851
315445
566159
599703
77182
94818
880341
748855
598569
690661
66827
207264
418875
503854
849622
484703
727012
261517
171946
157262
770447
187506
173246
135517
772714
855739
974048
440111
896816
393913
511843
888501
692473
747006
944446
920926
849974
44762
167887
745331
434748
167419
770747
563519
502466
845169
184911
167573
677349
978557
101434
74877
43923
867247
333172
68530
354185
275077
522492
967029
164088
349914
59029
490644
448506
359108
345513
315726
872859
286537
64612
334323
627378
453521
162406
776284
39415
602937
108871
77623
24045
325375
660488
837847
457428
775387
74048
344187
488495
521114
937653
942712
298186
693328
804591
279394
655016
117129
987941
722821
276658
536613
69103
387070
81962
894050
819105
122441
883520
959966
308347
949830
43646
203519
460718
966254
587365
62136
559263
103592
957343
43726
836337
690688
790349
691735
300180
680386
76768
41919
894642
524618
293159
646285
791191
189513
390022
375003
192064
371618
835037
611847
449
325275
534850
926875
283456
429154
766006
966260
362122
104905
382180
337260
76952
646453
78803
289530
176471
565765
541886
332977
248557
939745
698604
580897
699621
138041
149664
981757
426314
360832
368903
802298
991596
801469
226789
807325
989109
785754
58435
576131
313335
252373
373010
220041
191005
552783
95402
547699
663926
375122
513605
141169
465407
963790
14239
38530
59233
577853
190070
563705
390948
817865
792849
171428
817047
15362
594509
418177
108556
248616
667874
133133
67021
707732
103112
681561
768623
442578
593601
359361
847034
980562
835315
711286
46567
23706
67826
938861
146422
708137
558177
791599
550121
973711
233190
882938
995173
333693
373207
181639
200675
369223
942425
323160
268007
484428
967680
832334
134918
820274
976820
453706
735521
86499
162635
821527
123001
884737
779580
916392
256427
241260
651866
979638
640616
185606
358595
946809
175991
5571
79367
251797
334012
665531
44961
446886
882311
622232
402035
759244
939125
488682
370754
906177
611417
336807
557708
294355
558135
479550
612878
313024
842054
254134
20567
670265
889810
6908
551638
970594
822931
593601
5112
159702
338710
589773
742866
655800
810641
692135
780456
955776
30455
208044
131863
624052
549498
732925
359870
515817
625248
867805
555838
125366
128118
279859
467386
391183
617758
947575
234436
540389
235430
575139
688553
705608
684218
708599
415830
628817
762287
486502
170864
526114
577725
275236
181865
620036
16889
454760
371321
290350
300915
214268
715068
644863
279197
4883
556497
965530
12084
602855
607638
258033
673363
292915
944993
853935
164397
210020
495252
631561
286405
716944
348512
966858
691583
751090
671610
695921
720493
550791
510321
799292
58087
853776
956163
155189
574034
122742
211916
230260
304168
318996
540772
476610
249640
195235
387394
531076
901375
512083
850525
701791
178979
703685
669418
561421
25366
141775
831391
577246
583246
237549
8983
411173
193438
433176
936398
795104
485650
791716
24767
84053
893613
122314
756924
473340
168378
232069
266841
589922
964333
481946
95350
741223
676353
398473
784626
669387
141368
329181
975312
60850
173909
507194
661962
442517
157203
288651
133797
664327
375085
860620
778490
329126
798418
215786
685591
791003
903203
557364
200353
351147
682572
691550
567798
574918
382547
411529
740621
456802
22476
707184
817288
811347
108386
975989
811350
852981
993584
51806
550212
939729
929771
445357
696058
668298
637803
893799
484428
764942
349262
403166
560764
610090
271966
193342
469942
939557
685515
727082
771377
62948
482894
683541
320203
42414
579362
887861
894595
635293
317481
806377
529400
316207
888727
164671
869307
583399
115532
446213
189955
601156
859230
738619
382714
705969
419329
429398
797288
84185
104466
575146
27270
547558
725298
439247
292931
450884
123347
327391
783404
287720
353206
500680
706587
739980
413826
192654
176027
306564
958773
986179
164697
453463
535578
62070
21899
442927
421327
108556
72866
376297
945781
311956
936158
59427
477074
434442
41455
22021
817013
987942
556968
727812
682289
199957
761741
810961
392050
115639
601612
534833
110888
15170
553559
961527
330409
630282
554275
181025
167039
101171
155283
203530
878689
826511
74928
260034
271039
198907
311011
729982
170502
927175
106852
186404
215220
769587
212922
177087
760662
332379
655042
823828
982726
236741
582596
407975
870413
17905
660248
839368
104574
108231
736955
244742
999426
754137
577179
571427
810695
793419
399868
895243
200770
445538
200268
592934
727675
563601
629155
696658
805070
774129
500680
232350
273429
560181
460931
786461
878024
495845
31984
636838
903657
189152
24580
809777
289530
775126
804662
407825
758208
997065
824736
393240
565231
963922
377536
815897
158928
855140
528515
734689
192099
243959
733979
952717
931139
17822
928338
600826
646604
414443
346495
386947
824883
456227
319297
851088
764245
882426
830979
858387
187588
74310
779220
706957
585498
196551
51419
81125
184008
371945
41836
774745
969322
634834
71398
795210
804662
803408
459804
328849
851785
160839
785046
422794
618530
67212
167828
405595
277782
399709
737446
857754
648844
128145
194342
445016
518135
402716
682098
610900
841809
432501
381958
904378
683436
643235
954526
289077
472101
506158
657312
889191
454488
822431
853153
810061
411854
880228
553085
488762
535593
47005
767135
912121
235673
464070
852629
86849
162556
39043
562089
572132
706204
371705
993638
673444
573084
604799
148201
33938
908645
916506
613879
112016
324343
542037
461138
279030
860556
589292
156490
669556
607936
757263
442069
685591
666213
948263
185744
146570
646482
922878
143364
608086
824681
958487
35533
251903
729249
928601
549086
117098
624011
513491
411581
636878
383048
149897
690297
165979
844124
614957
37843
584870
939972
984847
413963
221671
269092
846856
616058
264661
59993
574050
77538
369418
256817
38630
949518
890119
374456
742173
803480
231386
98275
981845
335241
239120
978563
190947
747956
64321
112133
980404
444001
204501
107761
126580
365197
547969
80527
600485
97444
326693
905616
936414
225710
2729
455391
602930
796050
619076
135024
921529
653971
406477
838435
171201
766039
11898
322861
693437
176919
386414
574164
596459
409743
355991
734891
548188
442307
997167
856618
711229
968687
940825
683913
199262
889366
563742
544886
438821
343306
225507
270574
744915
993273
992113
689133
407797
777730
452832
939317
431523
503725
17853
628132
159328
749256
113352
771457
544507
532172
571261
725172
839434
415644
760430
500106
796830
343382
242509
846138
503231
282978
192134
401525
62027
524089
911859
146763
817756
14635
78377
410324
92920
497234
781770
694131
239241
982795
216522
297209
722978
249104
229335
924527
202920
313996
743959
941863
543241
539806
765233
72018
755694
967152
430963
301928
208766
859812
181698
565233
386053
490262
45906
599263
208964
144783
564652
109009
159914
858001
225428
701316
247024
862883
272082
852723
258407
164539
262044
474568
628807
345811
267175
375084
226024
960671
656587
794254
268244
534105
314256
270668
310113
402105
932800
779592
227252
338136
993277
34024
505609
33174
700474
252374
677442
962670
240274
135128
61046
984171
919764
271708
389229
724744
214024
469055
669619
641996
924390
363651
322969
342294
104012
830082
834988
360745
419238
643603
492920
730907
25217
772092
389141
480950
183261
69924
255956
491311
689309
672033
556605
120538
937002
215703
535497
745588
619373
538866
106887
111921
582323
185570
351971
172292
660673
309583
71385
548486
928987
251269
745576
756656
160629
546868
665819
629402
450179
470612
403306
826663
559183
855140
241957
866335
314240
921527
967234
218712
184027
555426
411513
560039
3366
231036
320719
353858
310981
249997
986685
55172
159348
453029
499849
723165
68707
14261
962427
615850
742840
558972
96442
963650
189752
33552
261394
19675
456422
142787
665139
795991
772050
25870
197991
815905
345573
480130
209393
402854
770073
620948
399875
39202
888082
590341
828257
329189
145908
29000
745867
765196
332719
82517
501393
770918
20138
179517
261722
107113
301773
413944
190073
331105
787789
724304
741242
591320
806305
719064
838354
39820
631493
430749
936295
147137
965097
348593
957005
241020
108603
85905
62643
692258
850159
890956
247328
214512
107198
179663
738634
84989
361069
732396
817562
763232
339573
397785
417337
168099
199713
156776
234059
74077
71803
125229
967012
148357
812428
868010
111537
996601
718579
588230
6845
282086
193904
681125
337873
28769
520045
965171
190744
614587
567851
733010
290393
877006
730997
487090
751673
414372
887698
989271
936254
979863
822170
800796
842428
629949
919873
106572
149914
462550
70784
612799
475253
96844
700343
503731
687079
410334
748918
660677
675671
253327
686242
379076
991459
912059
266953
180542
221377
999220
857767
600869
200528
352234
563309
261886
728774
389579
481732
137366
471508
564610
265011
909175
259116
138448
454969
5223
489130
198342
628023
215023
628996
35102
803329
379930
416328
44849
822846
554884
882712
23607
443031
549473
727742
740427
194840
819339
283771
522112
613466
369654
369461
911066
66294
242618
990644
93483
45000
657078
416719
634307
159179
534405
489939
62778
738108
235179
440409
457107
14177
317744
54282
827002
83824
79931
183032
137299
709906
991176
998867
646159
417507
940565
439046
482524
213408
425469
399871
744614
622535
338778
122601
56164
237099
872478
976909
288737
187006
70792
95618
972173
63976
859590
968720
952977
112163
666870
668909
42304
36594
607062
987780
708540
589545
598633
651550
638843
367439
185134
286653
757542
970261
460760
147277
468729
504453
825282
433988
668265
783911
455977
56274
707768
349005
121273
310149
677540
464307
549814
501467
335564
506898
766532
141948
360408
558177
808050
230847
607855
959293
311475
781903
795661
90750
333790
468318
845539
907547
649895
222014
133705
671311
104178
290313
527917
590178
459437
155821
175206
978628
484711
572795
113052
985769
429083
268717
290455
14039
290553
927711
198181
965171
210701
750991
204925
360421
186146
537062
8565
558740
760035
653612
72125
149219
190567
422037
286724
265929
80174
120928
922884
364778
719477
487185
47512
233958
360091
611104
127325
76053
200511
750457
317401
784570
893375
538359
964639
893115
501335
560821
147448
306795
493830
727801
666743
35961
401408
302414
878851
381818
272557
948705
941959
747554
250007
694737
693015
639587
367852
841918
397880
654013
124894
595139
226552
76086
131155
653251
85552
224134
534426
671592
929340
119583
619959
159998
551932
676454
88921
284643
470467
806297
799806
349764
964839
214477
310298
797081
865422
777338
97518
210871
632968
53201
515466
952053
402749
723766
544466
597261
569043
536220
139781
823482
24681
40343
188945
109987
757339
597142
400017
784119
396385
805360
66053
766131
773474
763631
515466
732998
369858
525343
413876
771061
652395
887561
643181
648627
171697
421886
108845
931011
489266
99397
166227
247833
361492
564311
922476
570503
698210
850157
391199
78962
540069
945813
383668
265211
404270
568750
617481
840605
504425
453070
754537
503395
293530
402727
764132
971184
676781
312811
409496
479433
312275
546568
448152
623012
50873
426150
961952
646309
978649
497113
164582
673390
704298
210081
456949
837096
510943
889259
701400
295620
874696
145451
55050
122281
544317
586148
168043
347996
730041
487176
268019
408785
367996
358361
259172
731278
947496
386107
38105
784641
298897
768508
889325
381318
489680
623998
621684
924659
441152
911063
82039
52911
916821
83344
764373
222936
112828
872390
736239
366103
778803
610922
735158
387589
551819
501319
216233
615197
270114
483091
398862
590228
406687
810147
918572
726337
353131
758453
183738
796445
597260
175865
322433
994674
326140
930136
217572
423003
785359
961299
474301
540263
472334
25196
195942
984360
143661
222872
944214
501631
549346
324326
656850
640682
200935
185222
789695
477492
696382
116029
640461
675225
69926
593536
994746
907152
777645
527872
805766
218567
254031
898087
274645
375118
76636
730123
169587
555784
390184
543046
320789
574367
309962
485163
124559
316529
78769
386200
736291
392221
399844
349866
504433
870891
524257
624324
56949
538939
385095
768995
693480
986649
37310
423332
46533
293911
87543
128956
414400
5620
338060
114113
2190
5026
571209
15906
471503
948840
114305
290728
593182
489628
250948
359862
459720
705430
538093
803722
576172
439956
392934
691081
551966
832595
54154
349681
767304
868858
774828
926401
944922
290202
76431
124748
688440
326654
159201
489239
663244
240621
189569
188296
548369
687939
332194
467559
310369
925232
621284
159953
694271
598009
492523
438024
665381
10997
952124
691722
175460
234228
285354
258466
271188
610021
365819
682873
669966
84603
433302
343354
990656
385994
156265
27785
919684
77843
629462
282152
590121
907015
68823
624455
887554
390331
341954
600898
898942
327817
922774
119876
235261
597941
63171
346541
35139
400922
192886
368582
572701
825324
561397
499155
32453
189567
298525
777802
543074
636048
363712
904611
655454
342377
847451
699719
387029
674086
585356
589922
75216
650883
618060
11030
561735
356501
787341
557085
43146
738746
28555
426428
100377
717692
47354
911144
697907
298695
347838
33679
86806
68251
423303
342186
231743
312659
76966
611127
555360
627895
133168
848147
909545
876277
516444
457240
475810
394092
290302
8458
337806
664392
925093
747823
384059
949544
517685
182257
835189
149536
522732
373110
555502
653082
630581
744151
819706
511160
764776
348522
70291
662775
560953
933484
481109
209465
504230
574692
264056
449220
976220
88310
307924
412348
771789
789170
592373
849998
266508
14237
87046
441385
400348
893795
387710
105730
777066
599255
171319
603311
863324
866152
599137
307741
337832
337379
317507
297083
944184
810711
840524
721380
325766
127209
119167
660078
479970
536141
938901
459035
112974
100886
576970
998208
995352
981480
822066
331455
880760
10495
466788
79537
635540
524549
65487
841604
709931
19156
29787
702485
129134
755653
89249
149500
57516
628127
999462
821211
719293
29188
253022
450354
226641
528097
288200
345086
252928
338457
691340
683643
817111
508414
976988
197472
361468
270663
45068
311598
350232
950612
398261
33572
87434
646773
272865
354379
487199
96852
431447
93568
704901
992093
335121
41023
829445
38630
154493
518455
659608
870244
570022
264116
372284
377820
417641
602385
802379
378910
733986
777557
908088
593949
730981
315828
540385
615751
337236
277118
778594
302915
976087
767329
152589
521168
631160
825338
891509
79117
895826
822624
785950
271038
464070
369688
443515
914096
111577
31394
122545
511362
355203
278693
689518
379645
925382
868794
570556
613850
605370
232759
802651
822737
254868
337379
514734
753191
431899
79329
636082
115228
700422
704569
66104
905262
882043
379557
364764
801565
149885
293554
323825
168299
984364
318350
999677
368102
284281
714514
290681
30491
493752
282727
315853
481914
993307
599250
993828
233506
750891
646418
799209
127129
185207
412720
439410
941733
514289
958598
78879
439406
431012
314665
776272
305044
788637
91497
144401
327927
574207
464261
740621
668209
111165
794969
980252
23905
397207
99670
60076
174140
521132
895115
845316
117023
142832
475549
54659
629946
17737
291604
527243
727299
377507
384425
195345
419501
903215
287786
6059
732122
124200
391249
993044
230610
422487
835516
797107
379964
77326
355673
919118
29844
729577
842507
379831
120391
670464
237208
686077
494211
935366
120167
820519
161727
205830
407446
352372
235913
658183
841960
49088
949632
278326
99921
765567
863609
396400
751268
141534
42414
812593
344611
351315
806132
787544
173854
724780
586243
747360
169622
425252
20604
82965
767877
734443
48404
330658
373702
405517
241028
954299
141531
333743
719887
375036
973972
193354
287118
263974
429630
559549
976698
569176
779873
634890
32474
729916
187377
655872
36010
538044
424406
904212
407380
371135
943380
283076
63092
402357
838281
922663
594008
602276
846312
335217
563900
858327
710949
154474
89608
290428
640676
311777
941480
921452
217161
865731
145192
370902
632927
676471
347014
862389
348212
879117
19394
14320
424314
691536
767935
885374
416871
139700
510669
74950
84661
720234
313089
470359
160590
525813
207448
455005
729273
637062
797063
297197
653872
815708
281760
903983
246592
846932
803626
247569
337436
560324
612865
144042
36594
677904
971258
29588
381731
251813
311438
476065
124271
121995
315032
667730
25714
153390
6016
86062
292133
430160
617478
823924
877626
256186
635712
805195
60245
792006
497179
254537
646988
416245
519887
279462
869212
555542
56888
600232
850869
720327
475954
813512
825983
31731
715202
517585
907669
22118
579914
272510
575943
742692
424990
532688
418196
668214
461268
18041
732531
998895
951395
977068
299232
53973
17101
10930
975367
582040
521371
317367
125065
508157
97448
920985
98804
666410
117355
747070
35356
46472
547954
446816
852028
246164
559289
130729
237478
560159
360732
448707
386048
126620
559958
877256
738996
9941
888615
516960
223774
401335
627459
581840
298687
625308
286747
196880
840858
791728
28623
232963
539870
850408
994697
892657
856447
258504
611184
510766
501743
282185
706257
766045
764691
226038
996172
840883
100781
78392
40746
724160
766868
539187
565577
726558
404380
872092
413526
319137
112982
250078
210403
666360
234546
632706
407767
588402
394327
171528
586132
606286
909069
837160
595192
247348
857399
761340
785125
625695
999993
957381
809207
462797
520421
58636
567132
509723
100100
541192
328372
321367
210781
697330
981690
805625
349371
936058
687813
914409
993636
909489
546143
807241
599557
979888
916383
557887
396048
238360
114815
10748
170259
935373
335788
188429
706769
192732
394717
299777
762440
990359
148511
954763
708104
156918
727344
17228
984840
118024
550741
273824
132392
1956
180228
818749
856483
162984
492493
145577
532818
585902
701946
834024
12458
745182
873181
678455
641369
481568
930563
678097
885678
676575
57192
891252
893211
414274
354225
386720
678148
895827
569122
394750
134405
527750
826086
393087
21581
493450
752744
558184
612017
590221
476908
166760
65475
225888
970572
69201
893003
479918
22695
821899
227527
215198
521863
880086
17169
210672
430277
121274
853430
975183
212656
375267
756694
339914
482435
367266
855141
540263
65778
184758
983532
303562
559493
919972
256141
95173
270594
669885
180593
5384
407609
266815
132733
516330
41288
251998
507863
192803
120744
166193
935748
433717
555669
402406
407126
354731
179810
592462
101743
858873
445524
959760
257183
728038
663195
465585
990264
259636
591488
207596
981117
113106
969747
397949
516839
868915
259063
261409
913835
942177
354123
138291
728477
661628
476901
343216
36190
450500
321164
417882
362411
781058
278278
546874
777605
803956
582205
1889
272631
422598
331671
519473
465388
112114
551896
691614
896193
882338
685205
285973
472768
418547
805803
110538
153400
672700
108871
534013
829569
882074
236429
327919
3181
923449
815072
205781
467242
829975
962162
432911
893510
692105
258617
327243
651055
783076
393619
606016
753252
454525
910943
582277
266180
354274
772580
522062
832395
280279
696905
462659
734313
127481
343974
172397
647298
220132
312247
240670
694351
329126
202760
1072
577581
734407
20375
683361
721744
917040
287254
938715
773705
446501
653603
962291
855396
510766
279394
612196
551638
179137
378961
986441
94353
829911
663522
227019
738109
570
938861
476639
650029
745729
962301
818168
627674
732933
715083
753549
444404
163211
383521
257106
404911
114593
963912
130902
186875
578459
928934
125302
758321
788182
508046
241411
125424
598527
206598
843204
71337
141161
608609
559084
246637
44027
558601
931139
501184
976025
894544
6374
358393
288127
38385
883391
967056
18073
22802
832188
224863
852104
896869
415158
714901
389141
10594
851153
348308
850192
617929
503306
312223
932976
537432
591644
389373
35994
42795
641365
739207
646737
748205
59708
534692
920882
726784
209465
316775
219732
891718
757378
149849
527632
544099
858205
156280
723165
579546
506384
175460
242156
40237
203028
353719
958644
129472
916704
543201
498633
65177
410585
832248
522943
218172
370281
97051
102176
830776
384461
499369
269283
27435
60983
452731
221267
837909
719601
671106
472348
534360
27478
763984
320969
451349
815663
139224
845769
990306
716406
815994
803619
159532
516632
113812
776665
77228
18115
837890
455583
502426
252164
948867
759837
623396
271425
173503
146255
307590
384504
73272
301946
532820
926965
145109
581970
564611
10356
332385
422686
139348
723471
575642
367966
828481
236572
390168
932156
340667
886180
589371
465848
411938
273448
788140
702439
233686
681617
661546
784841
750747
441615
846537
960993
735491
413398
408259
774694
926270
74250
229825
14075
978878
261940
121683
106243
776194
806437
164658
864895
765720
586445
56365
499688
272600
100172
679654
381075
581689
511715
917960
864387
114394
357205
157299
941154
202414
942061
187954
389580
543924
806094
792377
68653
451115
934394
634376
514798
528515
861246
26181
184859
482524
93483
20770
399588
637225
123793
506477
361067
193331
41350
812593
591436
964828
568267
175002
953412
43012
210718
982508
822075
207903
101474
267090
195301
231753
857845
482301
842933
963133
727284
655910
62770
556091
979941
501750
616795
154936
842657
364144
162497
654100
16854
572506
417138
175604
555014
781296
599940
370608
215552
118448
198849
977190
33761
673370
226265
393163
563328
81031
588083
474955
989212
89031
587825
16175
74715
996
974454
530554
992469
916687
507232
415799
750606
839103
890581
451190
190268
735716
929019
447365
60518
771590
70840
12582
106006
816152
158752
372618
972745
360649
712265
424396
763027
960463
272771
910981
374042
600752
992003
323175
998895
739129
951409
320951
290455
674319
320159
923180
319018
234210
318624
719770
575819
231036
407442
3921
484946
699496
102990
698774
815751
213200
163168
214523
561264
608064
493225
622819
80338
121281
924078
244988
334679
459204
275961
153872
550225
683276
598201
388407
598104
802248
657874
204515
689769
815671
776704
944363
461110
530177
108135
608005
649
188522
278443
711110
475482
921452
905127
555626
641975
338060
922308
553539
874062
951212
360439
661906
32492
59503
903884
583612
622147
809675
489254
283000
175272
261796
658456
956731
171464
123671
909743
786755
474088
247582
755698
767376
525959
507101
679526
144599
10534
869456
438046
408589
865606
277280
668056
785258
976961
970615
737839
692123
543700
335666
86536
35102
70087
536967
570529
77516
894054
375422
563696
773430
425225
780560
26710
959302
763025
207226
251509
12537
738877
427658
557294
70447
57824
143866
562123
551431
207694
276072
915739
347996
792500
568585
341692
972631
309970
170213
80278
630299
137061
115106
312151
913718
771782
27894
786488
807463
305157
686876
452492
323433
822170
276799
59774
475345
350072
630997
602156
951065
192248
445837
318678
406499
204799
87064
160626
867635
614096
44404
229196
444075
452833
837834
422874
236408
955607
368090
740341
433513
960109
122585
42290
844955
593048
510452
75350
747211
904463
553015
293389
575498
739466
135793
285343
225434
819663
65315
576977
244535
333942
875144
482217
684203
231373
966451
672482
879292
259070
487401
305327
956177
211948
456905
110423
864471
105632
430055
442645
170893
556896
374538
679896
930303
97960
899772
772622
706539
940408
437985
701477
752363
427070
715148
232053
25011
585385
861064
17647
103266
131366
968472
571249
424348
699274
364718
976439
347041
924642
996099
249183
29397
113780
99526
855561
487767
910891
793971
113691
479428
301059
530943
998282
656817
347623
443957
166387
430613
988683
656913
375911
911889
765549
69406
160428
384117
393913
378206
781281
540848
43862
46497
429616
346587
969563
952958
345513
871786
923756
930104
852723
566323
324280
526822
656830
763501
7142
351838
318919
404910
724179
340492
674368
209361
487360
528348
193167
747239
727976
351946
238768
760488
750048
904929
694365
485004
953552
947827
411487
24052
358864
420465
47884
330928
598459
336241
391164
322997
635263
165190
232840
285489
610520
841204
220389
709218
471623
33256
961604
919482
796075
96929
361010
844954
304629
577738
583005
830258
227064
107180
134647
843954
92598
81720
591522
94066
619534
550413
180693
748643
780637
719574
34645
673970
856675
624935
976782
832647
681992
396774
398822
198877
530425
574825
42502
410609
221261
213887
545740
162438
418758
867345
35515
653712
295591
519231
560273
237924
709460
536822
979931
740308
872256
284128
813943
343849
812959
841674
904451
432386
796510
703186
18425
545989
673671
894714
45020
812761
302465
435951
627074
782594
769697
224537
618019
9598
554439
953211
132374
261574
758413
140002
672564
772691
392272
360972
922892
98247
112439
993435
556621
193012
457902
268163
888157
386308
441439
647661
829239
556561
276285
83005
551139
681647
664109
798293
985493
319087
297179
840512
6168
389097
943951
614514
744622
407254
881157
88525
447981
116693
666785
522787
137689
114492
539745
780270
695024
46471
134882
542858
590466
717
973385
34454
465577
823346
107603
767077
34875
638715
115667
989363
650956
977194
79568
695420
199301
653168
265039
222378
638344
300633
214154
109618
236507
622179
402154
695167
1625
510176
207025
485947
394327
480219
737607
438391
646604
970961
57533
484045
234228
566570
756353
194707
500445
930188
18378
51794
54651
974828
330870
884847
754347
26514
866764
324365
647692
79565
410895
77082
860864
597483
201453
550532
578065
615013
273255
862843
422119
604629
244039
608137
971160
92779
570425
301459
883350
895381
519080
660825
918569
977713
326935
696703
358877
20400
650906
759
638374
653316
830979
194460
597437
896114
358426
969004
948920
509493
317778
915213
142669
175608
573583
102758
538473
613712
893891
39311
962239
594931
195441
492785
51410
771908
902916
293028
426776
236460
358079
714359
497487
344917
50814
999379
258076
136571
274908
969564
120620
807748
439127
210206
368479
593644
994577
235561
867898
782112
712311
604658
677031
460525
108664
491779
969632
401588
61666
144313
6741
370343
230466
947760
419725
367992
471296
793743
980403
503123
557670
231664
764805
226689
742785
334568
346050
792560
59436
418496
143949
315678
898122
981516
549523
980395
599689
303726
740676
538500
772200
623455
986845
792234
909655
328363
850931
948797
783719
870321
294779
879123
532468
621237
383545
311021
661352
504794
806356
22257
124785
273351
998234
292720
662209
685656
142403
467133
44570
39948
741524
424971
938430
329326
357230
971036
973737
720625
382919
93529
948598
598996
51633
473401
370005
457299
534889
304031
986845
724537
574756
401884
955764
753541
657670
387281
305157
561988
813962
129431
891613
178651
152450
781765
297528
621999
839899
234911
711769
409534
613128
974057
603478
837181
516236
846613
146309
43786
828342
590925
138555
261986
229221
263318
961289
438821
521687
9941
744330
526963
751961
725394
682184
584934
893151
173695
806123
660353
957564
642504
71436
61236
553202
541956
941409
695543
599377
299436
577901
686518
43786
398307
708506
6849
586188
522625
259534
452500
521390
437292
844496
621584
976680
689603
934903
583962
62574
585821
391914
164397
459292
199850
120107
83507
972180
58830
57901
591103
775421
275228
580682
536686
93888
620777
377624
568402
79117
268373
951952
490175
529541
358758
317906
342416
522886
758449
542195
823421
254604
128472
194896
657586
442819
928744
585986
622700
336923
659503
80469
871783
10176
470327
950417
753532
788578
141117
340202
450375
653601
174073
702475
358246
660542
834178
271954
96420
799366
338956
124295
74715
488316
587954
506344
201293
576284
459214
579714
855140
470689
893275
412903
108814
710699
189182
476374
144130
360143
21832
782842
799752
557364
701353
905533
660590
176473
628101
162636
254573
816854
457402
927784
262384
762724
760035
926304
609024
534374
135661
580255
366619
207408
836461
633113
34757
758676
977811
430398
866647
324896
682320
640488
330485
92566
268121
402544
490305
662278
831804
615942
704759
842230
774031
954634
773940
136877
597170
454253
925212
997959
408710
351694
644560
82192
356484
636514
115096
421072
205549
302519
111501
578277
143343
365617
635495
468164
164693
160242
131787
752858
599418
421375
722668
330735
493590
25705
483839
610611
492057
665926
324408
908289
884939
484450
295780
231482
27574
441566
127984
941928
493300
284567
970990
425706
959363
230209
124160
8719
590445
761282
504284
940859
312954
210597
934428
710216
316254
562579
364514
164546
209561
436424
161069
255715
611349
291343
117027
580592
82573
136753
577333
970985
714404
157115
768590
99577
689137
248877
273862
783379
121075
628014
195866
6741
868079
504666
594293
624193
508611
687162
858205
286751
363415
702737
164546
357101
604223
486597
646611
158027
724568
763931
272656
441559
286888
87012
263280
112130
6684
767727
173404
618708
27717
714132
998510
902165
166601
5119
327549
882509
290837
56764
940367
142261
696502
763956
651131
442927
720752
495458
100002
436107
17428
499426
552436
501710
358234
527658
441704
329497
1142
120785
498369
507870
710792
485481
905226
292275
78904
924642
882640
646924
200704
410324
411222
787218
391377
43355
384698
799708
509863
157785
181972
94747
867369
362152
607112
895725
603460
239961
647890
283609
995257
327456
451511
276929
502355
639067
214487
605082
825037
681140
217572
777958
936432
110175
74644
730619
387094
316295
725172
832092
493590
147212
136333
469477
250244
734038
109861
998011
601629
201154
636125
565896
863192
164968
180179
461026
21377
552746
744627
971481
645210
306884
398031
125973
237916
500752
688506
916876
850755
783209
97487
319740
819136
363745
286052
88510
796853
122651
818977
908973
593124
354634
51033
838549
485847
156383
610922
821191
114852
115221
140203
490982
828720
244298
522018
901508
134821
206418
503582
371961
982968
619446
429434
999462
849682
863647
311424
480307
489418
794810
553358
884970
717288
682319
331702
170370
266064
226160
627061
226330
93050
783993
235343
326887
880080
446525
445940
867727
510000
703808
190651
144190
744412
393651
570503
742479
711060
653413
750542
323079
768285
542063
816472
961011
293006
747649
459567
624180
67277
758309
800796
111492
588638
654104
211240
531190
265567
173860
715836
374709
825677
522602
505402
185518
886075
90142
874367
885617
862872
435713
14261
566565
96150
984115
141375
139544
82602
864544
12797
6484
709323
702192
397116
649401
204809
657039
534277
408848
212254
809235
25084
575009
767821
195362
813614
343081
630026
17170
455348
911692
494328
485205
136300
948744
608194
143966
23211
386340
111051
28986
771074
599823
919305
252821
908095
889571
367107
740149
834896
641349
974668
509219
651848
311236
394422
163753
702731
943064
289303
977249
660480
100378
544876
435911
287627
377341
533234
751486
693554
313180
660353
768075
585367
301427
131556
500822
264016
614836
465563
134047
311192
881459
394326
553230
553181
988268
360143
969614
416882
993759
430277
10720
55294
83652
609932
626590
247633
110598
755698
786309
998454
152705
98310
176301
178616
525143
418253
549532
375606
347265
946406
869591
64444
419697
615877
686583
613003
565448
14903
341066
569638
295680
40206
995279
308799
329458
726892
854470
52406
385924
211768
318857
582236
730574
186031
643630
784841
159953
248462
992970
860154
66776
647498
251157
299397
355178
303091
780068
255619
572332
622488
624848
476610
130307
851146
677778
74720
470620
669324
546054
254154
533757
973117
575440
689092
133068
372907
996470
818948
34513
719147
99397
786771
198423
388888
226335
983789
54255
973432
456887
28570
362175
75856
839690
849762
287461
650577
556326
950017
997903
140398
800508
333418
804032
125062
431729
456905
465496
323273
498284
379050
420741
739747
135179
544070
558623
330886
384320
180584
973327
371579
677222
487693
257505
250887
158308
998193
642138
561198
435245
657936
17111
881599
983189
710047
777390
194303
263030
734054
9279
163398
124854
102125
375557
761522
521102
87384
825943
845482
174012
888844
894165
873455
665414
334538
789452
185554
928364
26163
651112
416624
222248
733826
843676
303576
203674
840848
116639
945751
16991
295899
403024
449337
387046
201042
935849
254887
949143
626376
539045
993694
87982
89965
296206
349257
341688
205924
507055
580303
7152
325588
289462
763059
220189
814201
119988
331982
763631
795416
700637
66893
25323
58149
321082
943010
963478
298673
87691
924226
951050
93631
688442
649608
149728
770530
540395
664741
603119
401983
560373
433208
184785
224776
815971
90740
153494
341060
580081
902168
820218
379436
755890
615138
648562
281182
693622
613913
229083
200633
699697
62778
454166
832852
967793
750482
15337
123527
208585
772280
314938
511536
644902
709482
498525
719751
851443
37773
246814
365466
599608
542616
707376
123227
623015
114825
575121
736390
42239
952441
201765
767869
860790
964614
798850
695169
562818
207462
974650
568490
138762
311753
397902
338948
779013
219651
570467
529942
204868
47266
204028
217504
748916
442581
71337
116462
687428
439255
473538
539482
289436
134818
649588
526429
857142
28375
569939
538251
47182
3602
792876
593076
758755
133933
576786
176099
221117
429646
452824
156694
301922
214364
321228
83225
846007
386019
925806
604661
720254
383259
628886
685161
377134
528515
423559
920926
623778
869764
88373
275053
182471
931990
704417
447652
950293
455874
693953
125930
927565
65504
63157
65799
93848
64458
742200
852629
379505
951311
896114
996322
460799
508290
488317
404229
657426
822772
11093
616503
230750
3249
288015
295300
849737
171890
660744
65271
544489
219273
804922
757808
54698
480033
199893
762017
779657
173460
391370
2961
406148
638875
390664
363586
9124
332952
147217
981622
160401
618138
299742
416589
363242
325668
790771
995962
271317
617230
585638
141480
887713
549740
586787
977155
67412
937504
951337
315783
211151
858001
817111
218103
721638
806140
103792
77640
171635
897848
402035
472170
847781
349572
43243
443499
891709
518202
147586
633450
848868
893022
686103
992987
56854
583917
248457
811642
70349
218589
150705
559549
817504
603179
345489
545235
736796
838915
674067
420636
449568
176027
903864
117968
973067
800344
153585
774899
360563
33337
85421
952323
788587
56196
483086
310323
325870
786468
378193
112318
351971
608627
872626
891914
21311
62136
732776
657838
203843
577383
412213
142325
275074
70623
423340
144114
304619
455098
227702
689293
869075
880982
753039
35595
900157
779413
298676
155665
262853
969419
669885
311050
572446
801378
421974
147540
606426
531412
562872
712111
903895
159515
324671
537966
992627
302956
911725
469121
520784
420069
292133
701572
293940
546949
173935
976975
683491
365419
172921
434473
857665
703771
767496
25161
122031
410826
650669
943920
957667
385188
871591
945559
17259
285457
826980
783662
916321
425508
530920
198294
200693
161055
550215
547345
208934
957490
638757
711828
225279
803586
43457
478080
67741
18939
449146
985042
318163
344375
190163
843393
187415
526378
629815
779707
995916
126224
361245
315046
776766
222190
577823
617703
7859
82471
706539
306154
689962
21499
25370
505462
505093
446701
159364
976290
693900
887749
239308
556279
877895
3181
220103
751198
672759
645540
943523
531988
977328
3140
817191
898078
66190
321837
450515
51681
410645
647299
503454
175656
290733
52879
852411
574232
733706
456633
509978
78980
795715
989611
67936
550247
699672
517177
538277
436146
933347
721962
24868
464645
406153
991271
298017
861817
559038
162997
983653
698762
215223
267662
353854
488314
247441
125574
913264
829918
732163
972377
881067
46443
864924
399792
816298
510139
109191
490572
488640
912034
43245
962783
39742
424378
886435
44743
968895
810534
534856
721387
735940
682426
562861
643347
21444
465208
45576
329731
834479
696951
547808
929651
343618
417431
31044
783560
368895
983632
921055
295768
265011
818444
913250
339032
137869
766589
47398
406323
865920
928124
556358
683870
330833
734069
170891
829127
538747
820069
469897
708344
322056
497831
585548
646094
811078
67970
118219
897284
195513
728627
667914
52738
516129
531856
880382
455535
146455
159373
819951
692115
5442
92636
93033
188871
806094
719464
279225
202224
650956
318887
843476
883189
17749
926798
189513
118621
157814
869801
708822
842265
676548
221270
410230
181560
954469
840483
53314
156038
709406
572599
936906
975182
143381
767315
110713
307291
18219
254012
638256
23841
276061
335670
634724
988954
951384
367842
377344
5954
873033
789068
724669
605062
444392
16420
741930
939148
265354
557625
293455
276792
230522
167521
716390
202594
947668
265207
685902
161089
918169
775016
322997
239541
61253
753825
120656
341843
507637
61738
801827
186440
253327
214918
861841
168394
567202
861841
579779
334549
482846
873582
778858
591755
630088
819424
153833
776766
237698
58728
689068
993018
942403
392582
302127
461424
804980
177288
416014
515597
598538
546289
687616
300638
158393
935810
832104
946434
795610
603478
907428
153134
711110
144644
132167
496864
491481
745658
685161
728187
497804
784695
433717
759804
63525
593202
842138
711513
596491
164772
105432
380145
333033
173138
439263
483243
146332
559107
89528
777900
207481
752656
717184
121536
510190
650406
334821
815339
277485
908743
895261
875829
90650
592669
358516
720386
206768
312597
681408
438869
204170
768202
914190
777685
383101
634054
725632
257071
952929
550365
287987
710863
384742
871100
583777
242327
21619
255233
677910
401475
898967
588905
269202
730100
167879
17636
232426
615987
77280
810391
616160
191526
420286
838343
188247
611691
492042
854218
744130
200272
516956
672599
305046
317675
134684
909399
466982
370895
608897
615412
363712
166712
503229
482544
926611
431493
356761
915008
504553
407907
418658
335837
430720
717822
329386
131264
493358
926952
327628
332030
214115
415067
841324
117575
10067
969740
252697
264487
956841
364912
906958
672966
539179
445541
986655
561788
414307
854414
100890
134080
906236
483474
392303
167491
699711
250212
456703
582451
983373
40771
263097
774030
224811
981340
504425
497803
204990
277342
118900
207264
798187
190618
74839
127337
828750
250578
681397
576289
821931
582467
877011
870927
491560
612406
162814
636806
20301
448277
852244
406778
222001
967681
752938
192608
685514
220567
468940
938142
95059
42690
81670
449146
667216
599386
555378
733296
370694
96443
285694
911096
449910
322908
839049
467251
485805
624011
619132
485353
742532
124958
18053
187068
494432
446487
452682
506017
404263
205571
76417
47547
365491
123919
389807
33098
383614
280301
464888
99396
178254
28135
840750
969631
766266
331265
409772
25282
598297
586272
48969
562750
429007
217111
113609
374
751901
512023
545177
231268
629255
795067
959334
291148
638863
89106
472848
716817
292883
767124
192180
522195
526084
836788
378907
111619
459069
423960
453244
477971
257661
908174
444374
337572
103961
694507
53861
454715
662816
306793
25099
427344
877138
816597
310797
963649
188110
588843
196752
867164
319281
754278
637270
590526
113531
345494
657511
896407
911153
218800
178200
771908
350228
449818
105590
825226
285489
470048
928816
522040
493450
597794
486759
56015
48984
273728
531815
488436
468670
56424
291120
755313
577725
980674
3518
658797
108739
403058
431493
24306
258295
853543
647692
846333
457865
819994
397558
448799
729582
230340
751988
340367
697270
562256
526062
657535
18823
566465
99976
66837
681628
738264
423415
494936
577741
724911
619782
615078
340557
625115
555683
915499
66436
460799
917252
76455
3790
509620
590823
430689
918178
106844
284314
597090
328025
386453
593783
717462
563587
303090
29588
437846
606140
302143
248913
855112
612284
671615
829975
404827
485947
394272
652063
818267
484643
757721
295349
459752
651645
713913
228139
27150
367750
569796
821437
287436
888898
667374
140277
259197
585634
753661
522450
328671
28198
933159
418802
141695
213076
277342
479655
728055
816815
300248
842523
915645
609358
102158
893391
691208
425024
838905
917573
261256
91752
182672
202125
206994
972034
535930
602763
583121
34034
245310
127853
505313
46155
584015
718322
939374
959885
534226
984605
211163
830762
492111
314160
224414
5954
883217
102840
189151
618654
539122
564286
795234
449553
349560
561788
591238
121639
640470
585418
375377
498137
361257
825998
729169
314569
700474
682029
447116
360562
432594
653168
837019
483231
88472
614917
424070
805841
163815
450239
980384
461752
299558
46877
329204
804384
431996
857767
149885
850348
58001
510094
265646
890552
480937
583466
755144
474066
346074
308652
279787
404218
771221
797830
877618
452204
565565
375949
364855
696716
892186
861402
23572
813464
429012
543946
525857
892856
117055
944235
583967
802566
587191
96315
597474
633977
554397
317837
848930
800481
560947
52801
859682
901352
367951
753516
421380
978094
105663
334950
4906
435793
601578
996167
6501
449246
376863
873250
379386
367170
882727
172207
993282
921703
460512
289063
830617
632548
897031
599732
59278
915188
70718
44939
176591
819018
536220
605637
372241
21373
521818
723028
947985
687108
338399
971693
387606
733902
1692
835674
456560
846273
950295
821015
334146
225848
516644
354892
172967
120098
993594
90047
860982
183513
851983
882676
816833
274169
955066
432022
719642
75767
180861
53661
602193
628962
482831
306477
385716
194529
198554
936828
277356
177046
524835
905576
642059
71417
37399
36775
25921
66714
76812
688407
231473
870398
641858
925132
308211
674428
775296
48026
776002
289503
130307
233548
713109
461991
992689
649263
943872
410229
897720
594801
442160
79710
436149
986744
800597
35980
406889
459926
524739
181984
716561
268019
511570
169878
233924
287526
609176
677482
430711
808364
656476
714646
505591
319074
959363
337380
183148
534647
817001
74820
572801
606020
559059
202867
215379
474558
789837
102654
84326
474603
658292
478335
352555
424351
111764
774636
663688
914194
57320
673216
581447
954343
491622
151786
656532
243398
250333
323227
171481
540260
429176
76853
722266
106629
274111
470167
501750
820499
86485
944803
97108
237663
780408
191881
927780
899337
18966
25543
714631
546828
73605
333386
6384
639425
92927
247769
970233
642394
770445
353847
996848
178457
880025
791434
351843
974267
763012
836867
576522
261327
900985
502684
662099
498824
749198
227362
475885
979295
558763
716017
591745
467198
819905
34408
249794
563922
470941
699598
946181
93096
793796
480342
381895
681381
248513
888516
690358
274693
634527
569339
813085
599708
523485
652332
675440
81308
850057
979065
866665
835299
167962
695958
720807
781197
249545
760490
272032
222733
408180
859590
508246
595496
765560
786090
121015
735125
841534
479748
698984
217650
79644
909545
773997
749963
858280
602987
598095
309796
111547
277290
359807
561177
46178
585812
766866
595655
822500
123115
59891
825943
701711
194132
854084
263585
744913
995338
298485
817823
177571
399557
195498
5664
860766
378361
275301
654071
956849
35323
894622
872052
518861
990988
77168
653235
787577
55355
704
452832
706957
895366
663988
992960
395694
38405
821578
452432
626242
839741
65608
322228
96821
695863
801199
155371
620006
641669
912761
747199
713675
821761
924023
163592
520048
832206
931540
38338
955663
392159
455818
956669
70491
906105
861171
945252
994247
725568
251447
678360
75942
611979
441
120196
41387
468650
75198
470614
894126
790054
843863
752646
568592
874825
980361
689656
679673
72435
755395
975610
660572
150958
88109
655454
120546
247363
548401
548393
594675
753304
32351
89419
875414
66126
503683
930906
390018
856644
114136
963935
220330
624103
470429
690565
998913
625933
93006
244576
929911
54596
133113
861427
841971
822864
307406
464627
980106
549599
247008
500921
445955
394462
335755
811624
973535
250361
910325
517153
90540
249559
61164
345191
115351
630631
908530
873270
62425
500701
459311
633060
345529
773362
734019
117771
823138
601332
266964
159604
465424
988928
550613
253985
518822
247225
142197
865041
528414
290330
499417
713979
132277
709158
831034
815415
878350
480969
25543
672317
813918
63765
176338
110165
200487
639638
238076
537838
512661
820976
749762
345446
835912
253830
238370
838074
712735
567535
398997
996529
934298
974309
604580
114737
122450
277452
73461
705079
596553
939881
545713
623106
834929
192279
865489
186916
906455
960486
217283
11492
333418
939451
886027
335928
724840
83654
861965
84017
396548
368285
248419
265493
176452
272631
588728
146573
221377
4764
273869
627331
785819
442938
190441
343140
708925
245175
696330
906241
64818
786785
474278
59563
951688
175106
15448
547570
171284
82747
56632
736510
361515
231102
188966
150668
943808
332584
133786
320403
834134
718065
870627
412310
930104
404866
582354
489056
829445
632094
780895
973235
663115
69596
579071
408769
781445
743519
745576
649433
947601
412046
19875
877307
825389
448152
582824
982587
112450
954966
964472
343216
751034
998571
119591
557670
642296
883265
709448
904463
928076
564319
449115
611285
477320
657334
733931
841983
774275
994551
704309
463067
477135
724081
860287
210092
474574
715630
512938
406249
912946
723825
701581
34757
776005
178910
764098
150816
333905
671474
573530
25453
561013
885282
352748
808994
990316
50149
597920
458952
636048
315716
962064
747708
869377
812311
963979
153245
794833
439707
484859
388953
500680
731606
631620
271090
132917
128837
743532
33239
983263
267421
241569
770754
554929
335056
165162
253473
82120
604789
848213
487428
825669
60186
194204
327897
989696
995111
739941
145883
911443
220171
648130
88880
418702
14838
330376
215970
601984
376445
887240
253477
362719
154690
139653
506524
167323
674528
616995
112395
456453
594056
980569
635261
756286
61113
333313
942305
684202
629410
217781
56716
308821
804774
939265
77944
99976
436647
49470
836024
360552
228647
206730
326532
801788
947857
643244
812853
989842
842594
127066
34725
641273
354923
842388
293293
458240
519334
542943
442035
912117
320896
897364
177416
457461
253765
859999
434236
479307
780610
359530
711003
390257
268708
348542
100239
203341
413762
87395
478919
873878
678954
23981
21223
66458
228530
597665
650017
329891
861373
88342
410219
901163
430817
878393
366619
555401
44937
605053
781770
717271
999463
227252
857237
659701
813332
673458
299627
19975
171284
173952
597266
824047
122887
54891
614261
34224
271744
721598
572545
934520
443886
816777
439098
257772
545060
982232
843078
596627
46347
763250
299899
179223
817061
939615
404320
68675
555474
804537
626996
55993
532767
517270
603969
444514
861604
474343
91854
590915
243037
211539
792176
723108
431438
17464
922392
713504
739266
537882
413634
304942
548366
717182
189378
32995
597930
77151
648000
282447
833141
184185
607941
250796
561049
279798
270319
431664
774758
810985
909702
283331
146037
310753
990829
168254
262035
770140
565816
12703
906943
247452
693068
124320
793538
997603
663160
474220
805739
671965
135846
565232
72922
315912
839708
683224
863192
244246
734850
752118
770070
480342
522415
629273
322540
185848
554808
522646
693276
502683
77018
532304
973940
254675
73357
481869
767988
369549
312020
744257
695034
614186
724905
73685
5967
202214
261128
315023
696322
183368
660379
666163
212885
652737
220439
724985
979718
230991
96319
833409
315478
603967
725933
663953
529016
467144
238768
547582
404297
122239
324787
460738
158209
279572
648126
627665
755810
466303
891404
737198
653886
699001
304910
519414
887232
429281
446806
779796
249668
835742
255554
12133
963509
344114
748349
395113
277479
123191
632925
112345
755442
150830
174822
566689
801664
592643
323819
256417
922774
591300
391289
879377
267797
234917
685476
887372
832436
428730
712634
829332
725451
206461
836867
362664
927859
470391
892688
458875
111492
673293
883881
714374
905431
299995
433767
581520
896339
696916
925315
356727
221965
787035
430408
421453
406005
243345
684956
775820
224391
821172
896146
64134
137485
652415
126231
542736
11957
523459
712013
276219
561198
817473
700861
163225
823138
859802
913645
908012
490801
782443
483425
618041
832464
855472
944309
3780
11978
359165
507106
959764
627877
899275
996428
359178
31940
197929
952159
952945
272068
890321
179078
172667
797761
799954
588159
128529
783279
166372
224813
636806
259929
48063
555624
655806
650987
576831
886325
221209
463373
631193
428311
961299
925363
945789
735491
364372
721743
384389
773990
932183
147923
470076
882699
537549
799609
597907
424235
579656
491616
630365
342741
35101
344562
70448
626658
432808
709438
592183
799148
231268
62789
683989
610202
515273
25795
767650
368886
229329
410054
313180
404102
73228
500087
500648
569410
899762
297728
781237
472655
662230
376042
951206
815604
254288
104973
530507
901720
356895
746772
762478
434319
808414
371853
343570
825780
23803
162125
357574
141080
659309
626566
813207
611832
182963
628386
335316
639515
515259
198465
564494
266919
549307
521712
950606
297864
536987
611014
238575
299637
323843
782586
957285
25809
868330
82939
107735
668536
953750
200458
790831
452714
650103
750292
700008
211678
339178
208408
769788
347036
609034
374335
35112
596096
807869
670317
643723
963739
847955
538097
134978
487783
609920
391901
673936
160731
445846
280656
543171
60420
810118
750903
649266
946305
12948
558501
516827
225651
148986
682399
135528
623817
968384
494629
33129
512396
913778
565152
89797
672564
315053
348920
111177
860415
693329
243902
715037
682923
820221
554414
400592
216673
800291
753661
968580
578522
54702
908939
274475
225279
257839
424176
81662
290092
759617
199426
661850
298473
539699
378411
54290
392750
487869
129241
420298
203860
543551
100869
935407
752243
191956
789692
796927
21889
255296
776029
62117
418228
286945
194413
680459
96367
742972
317979
693953
148594
808013
367055
816286
862356
38443
15200
510398
226218
734900
262099
270481
720335
438317
224970
370389
330031
823930
726222
487783
560094
883989
954844
299316
78879
34675
307102
60468
37748
682826
124933
961880
885592
524110
926119
852151
46985
791003
527184
554356
122635
226539
484846
732721
786576
54155
594056
897059
103232
891502
840113
613233
454382
554816
620159
272547
631514
340032
895959
531796
598409
843550
667485
603324
752771
370853
159961
963068
765947
638032
103181
208224
14569
216408
171680
177075
803090
709471
744056
197150
888931
438275
60796
959523
128626
102158
355571
126086
235987
609646
989207
559986
964305
235532
623843
440718
732954
996015
116387
229610
879581
172393
91673
837083
961712
162301
825445
488677
995884
452193
882112
807975
253096
715144
794162
166936
826094
945527
460378
471804
203081
20160
486786
852253
83125
677112
726392
931012
176253
395237
253112
520593
462351
52492
127739
994172
738298
555444
397750
248557
619564
653056
937433
228072
834130
204799
937433
20548
787037
849166
483796
254149
891417
124418
278813
226240
642059
944013
749340
158842
519872
23648
136629
927219
702757
590983
75948
493287
429007
968625
837543
153337
656444
64059
935415
664151
584458
746261
694623
619552
880395
647602
84937
354490
471278
242187
212194
875614
952087
128965
269155
578673
202746
583487
142742
736561
625628
444575
833169
400563
267769
567278
605994
98039
334619
221084
965920
184807
67966
235354
447365
969856
921433
482161
660384
723454
736311
470734
455411
261586
387459
72406
19686
534556
874635
36124
232559
175871
586886
191370
366796
385820
631092
541886
552233
607821
119041
414712
550828
205966
418178
449482
876215
507375
409555
191486
830662
311731
540674
152418
957026
865202
661176
84015
634266
617721
669111
857111
120905
763450
900297
424413
818470
350174
559528
994053
686142
465577
743279
370622
875388
916506
254397
225601
862206
839940
592142
473490
739742
747637
170169
650669
716501
163671
820452
341361
610532
316841
231803
142867
795560
756946
446618
630347
787714
736668
305159
603369
962617
8564
688541
914087
558978
106820
614799
477089
662434
99392
575717
82197
554248
602346
700053
359430
880076
398779
282185
45277
305594
785096
363632
279601
599557
175400
926358
603876
973199
819243
597832
62650
628461
579497
778015
192741
306154
741578
984847
762464
579270
276551
614765
434868
830652
714569
830832
863026
846091
381020
487478
217884
948263
626408
923496
406278
265555
608733
29316
199934
900363
586243
688799
680667
872449
104905
394754
135877
804922
473663
131932
662176
441156
299628
307056
927827
40956
181131
520374
897454
44336
481007
42939
127141
437708
713001
982023
872996
674143
24991
148997
193649
692589
214392
270150
905303
635495
999460
804360
508673
919248
550159
527243
393651
464051
302569
69857
762469
669707
717180
734372
658375
414094
188721
703325
725592
929808
531264
412152
188867
413703
677638
790663
566176
525759
462597
550466
358824
936031
954927
644875
596095
800021
814685
605721
233429
103285
387867
225279
188264
644939
689193
45669
662940
61891
265980
364441
734586
239053
939354
721507
893613
988146
340485
187068
112624
636177
10007
999928
985199
41690
393105
689371
343749
685194
692142
615556
820002
930873
322053
121531
162166
204045
29438
562723
658886
101688
357461
228207
85179
313060
98071
494211
953146
885053
206637
360240
11700
876501
120538
979628
182202
183870
440440
989271
468695
45382
521114
188931
882736
271205
869434
804323
737648
528622
642059
454179
271829
453226
970355
429989
232934
605576
42973
726537
702651
543047
889222
546814
758679
705529
51282
106147
636826
320012
218835
740286
733806
964111
657955
980666
430030
896582
746071
753857
699835
207897
41265
974850
165954
685828
421170
682399
419646
320702
898210
12289
728105
761656
671480
112086
575781
430802
384569
694290
607493
757300
763146
465178
443631
876791
267573
412882
174140
50344
563050
34971
346787
939122
225239
549850
59058
583397
725550
869434
440139
131850
307859
350856
159425
659108
277397
298153
170308
613038
635565
711229
655227
749773
410509
345970
739644
940376
370267
306345
774002
72119
124766
898126
409964
590996
620133
803695
789964
958558
32543
30153
796299
379774
795960
884690
196161
423648
365505
656850
249445
697394
251407
257343
904272
295271
330505
145905
6908
12775
315673
295551
961637
7461
664741
346050
195482
252617
218172
140749
924466
128193
650696
264482
121783
680734
328685
828622
967617
204937
888016
909560
163449
195333
946527
988625
974703
415021
987276
734748
601217
919809
767622
649873
554883
54423
921216
33493
181882
979402
856468
854163
166709
904451
668647
82914
174654
742972
666080
751088
38959
646275
690125
159201
182745
398942
254177
100399
222742
299747
149820
916859
810032
953079
253237
102992
716056
610364
439542
156068
476655
47304
349129
986241
655817
735747
409817
943147
607282
176301
286935
539914
465039
880250
238934
808909
116029
184109
13411
544091
932722
300255
391595
438309
624581
581708
256003
449033
420713
702869
761762
944068
107693
910878
25795
809086
672051
705391
137320
73433
617525
575485
180015
842712
804977
80217
797742
553115
797717
911469
607925
988598
365045
488580
195559
440238
226107
726621
885227
272173
553861
508456
768961
383882
651762
349119
594330
815014
683870
118798
82739
845482
303787
131298
358622
444777
648359
971623
419641
815377
174971
233275
741684
651590
691614
137013
200437
821779
446736
228922
142950
9804
874863
699459
860352
735085
701691
600959
818708
240892
782022
488082
156916
955214
394008
341388
12458
787277
197583
852211
273990
124722
855586
448283
726683
169707
714558
663996
122827
571173
1973
490456
463570
971691
400468
844851
530674
260191
115000
880600
791658
200046
309723
409603
645997
944741
88525
360699
712120
753055
951572
395366
927844
29752
643102
927655
46638
338399
997937
895303
485566
211873
771114
318961
530873
79407
720473
438321
731380
628886
42975
422931
822284
422794
470784
771377
692142
75106
743201
666080
674067
186222
9292
241087
696330
249643
178466
424001
525897
609169
378188
84400
724202
621932
318616
733381
487416
687401
90388
861524
430053
727778
166970
6492
897965
890495
62616
175687
476849
839359
725909
154140
630367
665257
353438
167962
90094
72943
394272
221267
327075
467880
498281
460772
707420
343767
980157
656032
119821
752580
200952
720559
889351
197148
621387
116587
172067
85494
918136
830588
124941
681930
395345
24576
319575
537796
992645
365350
846075
158450
28333
392457
64978
16591
297058
742712
565384
46848
950159
377259
654997
490658
934839
139364
346123
159702
192077
474772
403218
80057
369506
158090
699518
430053
773142
464719
137576
999771
960815
76790
818049
469283
15988
5999
463695
722461
838497
946557
966211
215435
464940
744321
464528
897315
806672
138144
889786
756143
751308
390257
422328
477012
105829
230183
976251
799669
111140
733986
699036
546077
791118
213338
856326
753792
259438
638630
307287
668362
9909
593049
218182
74259
216691
773110
570501
982414
314318
562924
3427
977569
163503
798293
605488
906191
573102
667523
815005
750684
270319
4829
48097
578305
597036
289090
440672
928157
615349
363806
255204
467849
480498
694216
162071
797583
727595
521590
931976
100814
646366
669112
194413
307945
675025
710687
695865
400941
202080
200145
536261
337182
181398
537815
963403
132382
924904
729814
69114
77388
98010
696916
699711
940369
101245
676955
112232
452845
93230
233795
469409
505780
81141
704783
861097
600960
432005
628439
843810
143326
639431
488175
170498
515369
427951
790864
974618
342940
735215
55411
439047
551604
989865
818485
384408
666981
462652
103008
468469
610953
34883
778528
532561
353930
441621
12531
614911
616130
783360
82327
807053
778295
784775
677444
506617
55443
151520
17181
780765
929497
622686
477161
50814
220604
647554
908608
566904
695940
147874
506677
389925
107093
89982
621450
956400
457241
176303
606163
397013
439062
984094
981788
333478
313746
391913
431339
176140
103933
390808
550554
407027
562798
141873
729124
210833
706117
216791
737575
169687
409012
517388
518012
330957
973257
983268
139654
470839
793019
848254
500687
83320
34286
763719
31593
539482
940070
263695
752190
468618
367887
704576
933776
469773
216518
121896
455039
415929
407003
191894
284938
932681
983630
983446
985209
597338
582504
603924
77799
809849
397336
398347
200132
527469
481389
83290
259396
645496
843096
478710
251407
73400
818017
183899
214774
59058
926106
596992
791412
683238
542955
837048
823462
58895
91496
339414
220852
370880
690623
36671
513713
979201
603232
475271
608086
553762
385133
615027
422354
437617
850256
184785
190169
921720
183599
877525
964714
22821
812260
718828
248517
384595
138546
1716
265396
466720
377973
633155
536651
39112
374636
330928
591819
170051
803688
754965
551407
685227
737716
123152
751233
487943
959656
996848
717109
837267
394002
133385
60186
121015
665492
379055
400610
603047
237698
781128
941996
576375
988552
819040
602889
996612
70164
345191
877695
747534
588142
796686
809085
476900
371853
242211
882784
611920
603419
987476
428963
979361
696868
269869
340667
423280
95527
113404
90345
854347
594533
961662
599669
931192
140280
353147
109547
488270
899154
761410
19123
619339
318487
616645
864218
428417
951670
72528
115078
523685
362165
254735
528060
607622
718073
839418
372619
121490
542304
958469
554883
962262
972453
700577
852518
638370
239119
670015
98288
727204
326824
308286
195156
495367
969522
176100
661048
268789
223608
53709
978732
191901
711974
605532
262066
113194
596476
936708
313326
884979
893533
719775
16639
190617
829184
607806
833090
939593
475408
792299
108128
908953
704269
413937
274198
538630
798533
604013
868883
73674
110704
659499
324097
409241
42929
365842
158314
961519
973931
170044
462889
458675
341626
476449
377716
957208
129060
198063
314222
883071
532963
131651
599871
459038
483143
961858
676678
408330
331727
226963
188721
761085
620514
171106
305044
873384
397288
153685
539534
258940
273666
217443
238203
259396
219813
632547
321924
928047
174094
989001
913010
860051
898054
68154
980196
720481
682915
11344
158698
540823
411054
258261
628091
114797
701759
491723
648993
968088
613750
447009
273596
494895
137392
448693
542920
348109
470903
622322
825343
309197
723898
455403
27551
380851
151452
455557
915612
555173
482440
699001
391011
191618
957289
313195
566561
658170
602209
531261
402466
243364
479459
630158
190556
402582
723040
731761
304482
699169
134513
637962
47388
275800
956591
374295
987258
517927
991271
579207
329343
33528
966577
971790
673379
932058
544921
841617
848837
570949
705244
955831
69303
728368
189872
694354
963463
230385
20529
973598
811988
373489
214834
483664
469630
429363
626597
138368
291122
686338
719081
716177
108603
86266
638711
697745
527174
136327
846920
107113
424033
396686
48467
658016
114368
896271
566240
40636
977356
704567
825414
47863
96571
453267
821352
809861
257382
558527
539698
460575
230153
684742
562512
424393
564338
784816
693582
659222
621741
786309
270233
4350
357317
301152
786090
453820
226789
336079
131370
763431
377018
497664
678486
377364
384803
338381
44922
414271
488932
243924
836968
837836
557159
944105
539681
48659
317752
84807
986732
536335
702453
395552
576724
568837
355508
266787
490894
823969
874540
290004
330128
317007
990356
598821
263749
184925
421431
344342
777055
78029
129599
110782
416613
169867
389043
469023
672653
567445
993834
773769
383137
539120
914222
36775
202911
365606
821126
538267
466573
935465
159929
620705
295652
840895
858330
947371
123698
339802
434477
454608
420407
185258
877634
171019
364140
240262
602265
958483
577846
83919
595249
265331
528140
337732
853939
953398
466826
134407
158698
61863
449115
875488
934995
288784
470897
159737
859452
606365
950966
590529
69434
680301
189957
54587
14240
926811
922415
321285
634202
126879
181650
901894
921226
344976
701102
260942
531596
413438
619195
216856
217166
28538
122850
61211
678920
521076
643681
297593
535978
871122
915649
40473
202703
890597
11021
506176
17232
857519
590010
979027
250305
748179
785999
229808
48391
436573
727541
179517
829163
562755
351839
516188
984933
4696
845548
641480
69236
27391
681040
986397
598978
560008
937392
708475
48286
99170
378071
50931
888082
214753
844177
605449
250987
782318
370935
675977
247578
481885
862154
235532
141873
412397
939656
783749
570529
46672
689817
173904
800793
395728
704588
628101
307619
810391
235368
765408
542955
899597
958096
883918
621065
200673
457610
579052
904747
432771
98108
955820
795549
222564
282534
335731
215117
342593
750770
592573
158027
559986
664055
125631
600147
282406
84759
279302
834774
750923
281841
729273
244701
995569
317740
176505
884284
271029
40070
423000
159241
772425
559084
857002
444166
220105
141292
696570
57428
421799
966592
376233
807501
495512
903440
785779
571829
204089
850447
664307
754421
380031
661563
383233
381846
558571
518562
133861
470048
874498
486967
896474
777534
274249
824477
12225
190599
447725
170206
806079
846474
792854
69201
253555
358444
357704
843017
855166
529710
542705
223854
956189
412670
203123
568204
471697
260817
193055
910891
499873
706191
197838
380087
499988
981117
288733
516792
692263
9025
610005
314174
405883
451524
317619
28017
473391
426986
101135
895425
764776
871682
335628
949527
263906
845099
72175
806057
826611
900264
475098
369035
592993
184276
29749
521477
373442
307113
845950
133741
629573
854348
295065
51913
121535
1666
534775
395251
81165
942959
579230
835631
132018
574683
72603
534536
713693
758152
892296
919546
513560
271778
633781
681150
666933
63602
218241
633872
362937
299496
674523
322886
266706
324765
751828
220566
185063
658328
300702
907542
381430
975183
78769
95463
560654
259047
888090
518759
204170
640074
534374
923736
328777
670725
254422
884892
519391
202479
399129
813402
733863
487892
49673
121360
762338
682319
208509
36613
530081
647264
190142
312038
347045
717145
342752
568246
382620
557624
365196
140184
843906
679299
692213
894945
954435
407860
949159
881812
93563
712253
160803
692724
216924
579015
431485
727152
140684
960866
427194
613903
867983
247726
550693
818948
915497
811335
65293
167573
466511
503996
911673
496044
88795
452373
609841
414382
79568
923855
239421
763027
946238
342666
44738
337263
625292
459066
801189
32098
110669
38600
861998
162886
216763
909073
390174
470446
936023
928703
767416
108364
710449
793494
979734
747019
526642
474383
879492
400250
285953
262028
320433
915261
862395
697394
390158
224717
521727
678524
775522
603664
124997
904606
173210
378186
804566
203940
712798
166411
978649
877428
395520
526394
447448
754590
82358
627349
371091
137034
164933
15004
12782
473571
771119
711002
256539
178505
659515
386310
270249
26888
95747
966211
879921
100167
28140
321877
18824
83279
621162
777526
754920
282396
236232
656817
459303
723098
53715
143901
186875
844891
971683
186529
69886
486472
728721
139350
177076
875133
543551
909490
375574
188654
983069
148330
609979
836972
879712
126224
990300
186321
179398
430156
226396
281592
578327
808918
44452
794716
98998
924178
569391
443150
193278
895105
547444
410918
262541
626112
697261
455860
697827
329518
699240
169607
404411
821917
537540
747064
757210
844503
351500
138949
287657
597746
324286
707886
851777
573278
423078
374774
231251
619591
641044
370005
744464
371135
831418
387614
757709
296390
696563
549356
192605
624713
855472
87294
111358
606674
486284
365505
518598
65415
932047
632609
996978
22386
447076
971036
134042
663352
749086
704683
262857
884684
319325
484119
186099
936418
780441
37801
507863
652093
219382
861728
721761
326020
487289
39329
940754
929422
899324
324126
447997
386010
359515
792008
392410
236507
274693
757424
308611
84593
192154
727372
5310
455815
780174
409195
98641
571673
952351
506522
578894
224045
755444
503633
290536
121525
118515
266142
913350
402945
264227
959099
66236
895221
492742
185250
835275
983659
870778
833430
170891
968227
957170
726827
308058
156581
684564
687079
727082
288765
911578
786196
861021
309987
495142
164259
170893
24483
846652
182140
843831
440820
809109
709482
804691
401255
14116
42845
117771
44939
815714
319062
414400
543047
896582
336909
386856
28423
302685
698386
513243
492114
710709
479360
377044
347551
220567
775259
271472
699930
655072
280774
318020
320012
289175
698864
93744
268122
561056
583023
894717
777760
631842
609061
859725
246450
433373
987613
594148
818049
212480
827335
884366
473745
482846
622937
324427
465803
458736
658428
379787
192070
870026
624816
564311
519921
717385
639129
848435
44204
749794
800921
914295
282446
806437
836865
536345
273460
629232
949486
349093
478796
775590
797174
442075
496968
240250
113968
558594
844451
970683
530082
742563
597566
305681
289371
365550
912598
140219
127810
994486
707526
495808
54998
774154
581507
964977
820132
37308
60080
