596775
529137
563741
869037
881555
699387
662570
791059
300130
999443
584206
298958
384324
258711
726125
625323
626446
795822
647922
482271
803465
152162
461999
897539
682631
156573
428246
266742
20737
559536
316155
268066
545608
468813
454582
103594
514047
384857
556790
934982
242101
756868
905430
273191
172989
138566
193208
999280
759726
794315
709094
101453
930765
705262
829903
845158
718865
535133
153952
743242
528802
270129
17721
206601
204421
684322
522090
942432
739442
494650
142441
413351
325383
871842
843230
561747
819808
134993
471408
827345
241779
364471
627378
198050
659886
869099
830420
639634
660033
763619
443407
835447
609627
605128
618317
49858
607510
429339
81406
116886
560758
52241
28296
410890
612260
796196
851796
958121
255532
479974
516391
765338
647989
195996
683793
310510
79492
287679
615629
698177
657954
110301
525623
394243
863142
318319
151752
891875
511374
898159
243565
621682
6918
982597
893695
453407
655759
776043
526610
398529
848904
416556
120233
934662
458838
718543
390817
279071
837534
188427
3653
235723
691120
296813
82210
892924
946753
841815
867731
348959
810404
700901
707843
555525
72451
382477
835777
251051
990565
574946
778007
312998
573402
553661
828039
799619
710784
181353
986118
571370
228621
483220
82105
872903
187605
631498
634659
187009
330179
114858
990037
182723
802071
821615
651867
237200
427517
627722
102423
137584
401083
925395
872603
505894
446354
579741
340941
973350
863762
236231
492049
935261
338500
305105
675648
771383
90468
693841
987799
257123
338536
264013
358293
32187
496380
871676
90073
900519
364316
9715
332477
718751
325618
641083
249822
553661
765462
231803
547592
748629
490997
997111
991221
548846
238967
449618
399607
880705
971740
574838
851637
620776
806917
988855
636587
707340
547235
162376
714161
501254
459004
967549
955727
795853
735698
304541
873619
315474
110157
432605
14981
786029
595473
806181
468367
871901
758392
970097
527580
623873
851241
562417
465269
523967
64469
285624
602750
620666
696536
145633
751983
991520
867590
674420
887777
433135
416190
932784
271026
599504
822486
655175
875915
818558
355079
636183
843203
579220
946959
278989
243804
739264
442537
132835
373023
762045
95511
399938
823517
326927
222214
434396
586159
990024
157030
481485
300601
42175
296139
972167
940586
122002
133644
171144
939510
722551
405555
885913
652660
75584
747744
363590
587527
277846
635718
618353
524059
470360
652126
801908
721982
210835
402700
319338
70895
122244
51422
613929
940710
495564
810871
290324
819664
327441
735082
635915
422078
911820
136018
930567
252003
941983
322461
931611
393524
776746
545382
277286
519654
162458
144338
23209
192807
705490
414992
373400
258705
571946
620240
106421
409073
602901
260147
696913
721313
175232
565302
463279
1175
638843
340517
264437
407159
56813
596194
900958
300635
906881
790474
950566
307420
635539
752873
942470
418770
114812
769857
400190
634650
864911
40580
470003
616182
195361
390450
100021
285166
912799
749245
650176
818558
97696
482168
72760
971413
141412
176249
831812
882762
906037
107056
59357
291438
878033
383235
413899
869732
296010
474031
400476
327248
214006
844888
483485
582132
165240
883045
818675
916350
814768
384570
243500
899026
93239
469715
828540
730819
958608
963037
945952
486697
403663
780463
750129
270646
244468
962167
350766
349575
550508
539730
320346
580209
201470
323398
148930
224953
8519
726010
84702
391590
822770
436909
331883
631104
498051
126065
689796
223803
126881
885973
878232
868776
24476
507955
594245
46826
161849
743726
350486
72956
987731
901863
339877
759543
882184
255678
60393
58977
522432
859483
142174
581756
101229
451432
577505
558902
848835
503799
283821
162673
233023
31582
56167
865779
486804
896241
337520
238373
979567
946533
927145
766538
602507
151751
65131
400646
96684
959322
577585
823760
619856
174624
624838
474105
131563
984475
776247
368680
931398
665939
382488
602899
731585
350505
62557
157923
605177
447704
864116
974210
593610
688645
416854
43704
117870
957526
851241
732241
482491
507731
991573
763616
496956
478079
689200
80938
253814
810630
778184
867148
38919
913394
817092
308385
568749
377891
96444
132474
392653
955767
207471
960918
123439
625057
797003
814265
330085
349194
958034
54305
729750
735703
5928
297351
739435
603643
791794
199239
511080
906403
643470
311800
12806
203998
344893
27803
162391
470085
223332
451881
862785
344556
393548
490599
526473
612712
806739
736598
4003
988800
706365
329830
214376
341595
557783
919308
321542
979466
74284
341544
340744
24473
655794
999787
385872
528558
865000
103736
930838
466939
778366
557329
243598
675505
163595
731199
428228
660677
795773
676810
280623
918975
162497
347248
970453
205955
718679
278257
321299
355230
259335
990773
858512
965693
221897
700070
269274
655527
352941
951596
227688
644025
746113
30818
124322
989820
991638
912813
293638
525693
809198
243378
907478
432909
386526
198079
644393
433957
472420
264965
213514
175565
994816
636620
54415
364383
911479
524673
193383
738991
675836
58988
918950
899890
232450
756895
58822
594848
601678
140244
174208
495255
811921
329192
995219
314924
294723
988276
675791
799422
529290
404402
953497
816612
134012
287900
935321
559150
455916
319880
945598
78731
768997
718625
233628
111675
810375
798597
722516
962222
845838
469253
327359
593156
526368
229820
918922
89592
918759
128842
866286
386708
377652
782858
947747
349951
406932
877512
154593
628720
918129
644439
64255
72060
205680
176471
387050
179003
412951
120472
137193
428348
300657
151774
563691
927909
285449
587948
499222
329806
922931
739057
840866
970323
1674
959066
910470
670873
205058
637256
309817
549621
486114
123081
689421
60080
960966
434543
653355
700115
598524
611002
434374
705813
167916
574830
704449
314101
452758
480640
980149
375859
731585
765760
899150
709486
189130
631455
609379
998939
472684
629124
342586
329916
735069
597295
808381
401053
948514
233332
27956
613109
566434
695108
596264
689252
372618
832527
233456
354363
847380
340048
841868
10398
919951
93829
731629
421431
988098
446607
378686
145163
467808
123225
939285
214064
826299
309591
206124
455579
175266
472204
244316
443219
631474
262933
472121
554260
562130
556830
388538
63990
414718
291399
706730
502519
67288
530905
976163
109299
357536
977165
937253
509517
172712
646828
721575
837217
503448
452004
562898
517368
762826
301704
248597
334992
866586
735976
809696
578588
446912
373661
495782
796897
255718
897074
564087
891864
137265
407075
723742
155233
530120
625273
592399
394762
807762
194651
423709
956877
729696
588932
629547
103942
70018
686961
549194
964437
864455
701147
202960
209294
557575
665653
980509
818128
498357
867893
608559
97084
1271
20774
566677
312846
700525
864949
65577
537983
23209
941202
639484
351517
772265
753304
300272
138679
689837
428480
397885
957577
436311
398499
65558
89787
895739
450804
70417
292752
529943
779392
889171
165313
784069
413898
638975
145633
228592
218731
457757
845232
450404
901152
293326
729340
398172
920381
797020
210722
323626
652215
690349
773408
546293
335731
901212
41345
708919
39503
787560
811603
243154
724553
508848
104013
7524
111285
198957
714715
283091
476658
40883
188549
290004
390476
760488
762476
412402
614642
912504
956820
887312
596862
534859
255909
726433
495341
605502
852099
302260
948166
757734
276769
391882
213296
825294
657898
146513
318056
829573
2413
443577
241115
323269
616340
167349
66830
800402
4054
314440
489262
290378
576940
34934
997213
668711
575140
711821
490979
241483
549811
758340
664754
676887
495024
675087
55677
706327
495052
856520
205003
704241
302323
66834
395817
874233
842343
787401
950616
823752
88091
712018
221409
621939
713322
867979
467605
917363
820957
762117
125228
791420
722207
376091
887660
930472
321191
991701
822881
389552
126287
337266
475270
22586
268640
247306
297293
206139
949057
1597
7422
872977
591212
623744
490349
77992
319835
651694
261375
480080
360403
34242
697747
658319
76186
253617
207720
639926
268319
647654
476929
559986
198920
277289
151290
133593
633109
895115
459503
381753
808883
851135
134184
578690
969100
473720
130671
587783
494737
485448
634970
732009
270789
545056
206601
890741
898047
595250
71174
153627
360647
640002
132159
581346
935996
317882
673078
926518
669666
607659
294543
729903
749895
823550
665970
162306
31808
158197
225192
977164
267238
951018
211797
836419
572548
179894
603173
665093
903128
736620
653044
290467
390410
878510
185880
904843
910412
324656
746025
177376
325898
745581
804457
392387
4956
300682
974580
893504
726992
157572
205327
567873
202883
730910
350030
54918
222468
943289
983665
749358
513756
182912
78043
643858
336542
556625
295851
693678
163233
434088
990012
996009
959768
210690
18967
289369
518711
751750
738830
137630
36707
240722
111150
312544
107092
414063
623321
726623
288813
51534
956337
535284
945905
308922
717
820360
494585
220995
893976
675902
395293
42766
45999
139935
825582
164035
450501
878433
471478
119529
278312
814833
973788
15461
813965
255001
168643
582537
425703
121243
681928
42018
808353
593573
919135
535117
294036
266562
195987
166217
846739
849975
440754
99892
156631
781848
266737
257739
271567
657636
983617
21348
835019
98756
271065
258232
469203
503499
821726
807991
886208
434802
350314
774783
807519
231707
665542
206578
793311
685538
775142
939456
359885
42749
548712
409783
999557
40049
122209
269090
706295
184046
792817
502120
862775
611175
815161
302736
903917
947025
621194
124951
244730
589619
746248
518883
992325
63837
600513
390771
728446
113540
898979
711736
596846
922750
367910
546990
974760
307960
63768
53775
741200
131567
946890
193057
684303
66974
504541
391391
957911
385725
224588
418838
650176
464681
548957
29058
82633
829107
741755
731214
700686
737823
797973
255424
249672
641431
112605
372364
525458
586159
597406
345603
627366
141005
393872
337610
117599
360217
343289
62113
15100
620030
504438
128914
38277
385328
268204
943611
8176
586140
234389
356244
491088
311693
89376
690632
216800
474523
401614
437987
898012
977586
734068
114028
838651
31360
335172
700353
513933
595356
663858
852358
974690
781671
528338
137788
829810
766780
816964
358740
442406
918201
912680
69987
134462
141173
710426
16534
502888
561583
407993
969405
241290
299408
983929
159998
508844
847383
88929
752009
888800
732214
688424
531949
24212
117947
332830
699405
830271
234860
543579
305491
568890
127523
555144
818526
426366
547848
522039
176442
36450
484917
663782
655173
197160
764941
494821
566620
773565
351752
683767
166166
493358
752632
466864
250919
537256
928800
653356
811145
833691
430960
12200
129918
950328
626876
928990
161209
622656
877055
831967
60991
78801
316060
394901
448341
23728
612654
469296
307471
71197
998542
69162
198809
795755
3341
902930
801954
781614
571668
719334
331806
280276
331952
928947
240517
25575
329250
493288
67773
688555
660817
452895
215736
487246
663516
305497
704237
126653
314238
322459
748709
409544
324123
631713
312303
939221
335008
843124
74243
856445
693498
482492
170753
927909
41758
562997
928622
377340
530655
805934
193740
383455
577464
300745
630606
462035
136883
569207
386959
503579
214376
605759
771755
889401
753728
886724
646681
217624
589976
718801
452247
350880
289312
649160
184621
268524
454568
385087
63031
63249
544107
457649
966041
37710
226177
148255
90420
260893
205003
550402
306675
394647
123227
376117
951095
698113
767686
571859
333121
267210
747574
509883
96664
389911
596778
279949
946529
923700
805903
13224
337298
444989
209803
474639
283387
629768
190820
213518
337920
315274
533875
220250
438807
287261
261912
962150
351636
979600
547291
270129
771502
115410
688926
44128
632736
774453
947504
348849
398080
149150
614938
39745
659508
6614
410450
224561
814021
818634
379075
409183
771729
968297
868964
892755
927613
51961
901276
839395
419318
614267
141997
896430
10359
266855
957814
708365
158896
104440
467042
8342
598291
619049
702812
721634
189358
700382
440139
858911
961637
519739
482509
872575
713090
745581
356672
506689
21519
656347
800518
718910
912505
331558
971173
483074
59480
351304
178471
384410
240368
808449
36951
985981
223446
810317
519168
794103
486938
413698
158453
223087
934531
938426
526324
639010
831658
258762
444234
558124
306595
396303
904023
838665
349763
534962
680938
524059
734481
711933
924119
537236
69269
83559
45313
47189
956149
349245
83295
60104
706631
766517
218110
356821
29652
886388
370903
825972
981601
846718
208938
870372
762275
458640
244387
390689
7916
733311
638452
554004
502441
558089
130324
957386
684578
784069
906734
803168
868097
60250
506411
54918
817268
409180
5231
987720
94592
16541
283696
370764
681802
846233
270152
721541
107766
487583
273654
880933
363008
338572
27130
752683
202723
69332
555230
807147
907658
406692
604253
48547
342615
615869
506321
248934
825150
189590
684352
364129
734755
191111
767492
593947
638994
483719
441384
922498
398079
255973
612050
759803
258370
307393
756631
219784
705106
596331
777436
422068
718873
875933
757519
372654
501953
50854
896217
425361
336429
693911
73849
462737
915167
407421
525133
583227
880283
689103
281822
695392
756804
730292
862342
161217
513300
572816
708754
998533
278441
218606
744631
796160
99652
517863
32251
240151
268720
84536
305823
867577
597526
198103
630162
409030
501390
901645
769964
431582
333740
73021
235224
463599
973793
208410
971450
114205
735790
662215
381837
561867
812528
786113
858263
754869
786198
134183
882526
584710
78875
271409
550032
570570
396690
570413
244959
826188
231551
845139
191984
557460
237661
707531
332066
355535
177207
699223
69229
899305
88052
462857
601276
471940
3121
973640
125090
266125
643725
931595
675102
822881
442197
429730
874284
508422
471338
141958
683783
832762
720696
121421
867823
208147
312242
371878
503604
372475
812187
700759
631286
388411
22471
237087
509725
47971
562667
243711
710369
502811
27841
643629
396263
498620
8148
561651
497120
229944
786113
661086
182204
173952
226024
795639
117545
140259
162275
335771
861622
56201
830416
564102
805794
459167
464793
636821
453499
819556
278480
651215
533121
122157
800518
765908
443596
679709
526904
446262
343964
386242
140269
502958
699998
340829
73242
512465
521376
77335
929786
875312
844427
740036
702068
734409
205522
108753
814504
849340
569039
575958
483150
128526
80921
901986
723341
825750
443946
372024
276149
328959
999685
32160
443173
542505
253240
959784
245390
12944
771439
566892
198800
105207
574372
119114
844547
294703
269319
544873
862191
820261
187773
686929
713696
231963
487083
419748
818052
884980
799174
999171
751918
83109
976683
269585
661603
759319
368889
703143
109461
832789
943215
108469
270176
344895
540460
809367
997440
989717
991177
123569
203121
997721
702169
194182
895087
842392
380033
962738
744454
397977
663405
416348
98484
768585
1175
181097
101614
327117
522400
357622
624547
72777
958286
547691
944776
234184
990118
852712
818020
690440
592463
414992
59094
769175
923180
104060
276541
681754
762904
832887
704538
306207
980169
430346
500878
760419
389646
537501
794925
121629
611280
451295
729290
540288
371844
760593
710251
446598
66194
738770
557909
84639
173709
991175
211821
957
527763
19438
335083
816652
176006
649353
939071
271336
398998
127919
785772
569652
138976
978006
40883
885779
53177
211237
101002
865735
675866
535065
410734
267375
384157
748680
760357
898992
339378
385974
417146
214148
501953
846692
995431
118616
5483
258061
264692
273933
14186
966763
105555
968447
143252
114038
585987
145366
593392
639344
388875
627230
966176
523149
921523
593663
691384
653441
468917
689240
508986
977401
786298
99156
599995
166013
912463
784581
79510
284106
58561
612204
921239
121520
218484
900943
681627
878061
747977
226001
562603
443861
250173
891539
828922
770265
33902
553931
19126
751989
85926
616217
84557
250086
959342
118659
185501
419643
989966
382406
431498
927267
966315
292620
69870
59127
243147
100700
738339
351957
470085
591891
544157
240135
516314
740870
82143
929979
897372
72895
956834
40445
502608
352381
144104
468772
302992
384241
166000
209162
442331
336190
857212
572220
451971
290697
461947
257365
776190
42389
253056
662716
365044
93703
386124
538301
814708
983929
276301
838706
470527
369462
425824
334791
253993
293084
100943
794843
635249
703679
21483
20057
290529
89993
964607
863375
140271
805877
601678
364798
729097
6995
264746
272275
326975
638489
898715
328649
633042
250403
255104
977586
217037
785872
321351
573408
283574
518261
827733
760911
408441
633999
732824
864179
966394
664092
829841
51397
615169
840416
207467
90055
148293
640331
529710
676387
952272
848773
524705
692914
520457
379781
165103
263693
739852
705011
796031
693085
298418
205680
407194
170478
999743
938857
702462
471961
796387
20403
510917
498158
566014
156508
795268
802999
159062
113133
71132
297812
653625
922663
718405
667736
174864
192812
835925
861039
848617
227969
425597
674669
627589
112523
646034
469016
337922
855374
724789
53064
331915
768731
208736
879956
511269
429622
758589
806129
979255
239051
650867
172685
141004
371883
392662
666103
437972
166529
32621
895111
677342
695646
840260
350097
814988
532274
231153
222578
266470
773851
897999
180943
1636
34212
490337
7994
693227
862262
840822
143378
14633
345395
114220
921093
346135
280615
991431
294498
373944
231551
55335
7026
774955
181879
87671
139213
889961
734035
676047
421829
426654
42210
237709
889396
304006
36167
470446
783789
415514
302953
343470
613682
216514
743335
937918
852347
267403
128334
255273
438139
829056
666851
239768
947235
980753
738720
419112
46471
224449
706786
650601
190351
708920
953929
498051
775268
408239
975853
52440
891457
38792
209991
283026
955767
291880
453772
617933
75377
140833
360610
886766
32029
278264
188455
811437
458606
7792
896246
869117
445474
905468
459218
515189
58107
897036
615162
123147
76736
864700
583257
209393
23363
763068
816836
594197
179790
535290
192132
64729
504892
414013
34889
185118
939328
471623
461657
801929
770242
770824
906216
274009
819800
20247
904922
143421
768588
234130
30846
699042
362873
864821
711238
969152
840112
411046
676088
946251
464705
581807
902357
281287
249465
86048
125138
709767
886550
551004
709073
785615
121135
272458
483713
232534
883689
739581
269920
604880
200488
918735
725464
158219
286468
896267
680072
348830
388693
593656
690857
134365
809278
922780
20721
740036
654881
783413
101461
873591
85389
365945
840055
652886
131449
827794
655548
847383
813263
658101
486020
54225
466840
789001
373541
653850
765760
811553
348632
64931
927599
846130
779242
3748
780490
596526
828061
158445
239202
518169
461100
907314
944985
814754
468055
386534
251474
203351
742041
576940
409070
817734
99174
825208
307319
660747
992507
117720
149160
382614
582826
94496
274
469096
511830
625853
64937
327474
33338
708931
123383
580455
750447
129765
717909
615983
548230
404149
39372
662195
333138
157362
794194
807717
536370
512978
723949
2714
108383
132729
502549
545630
418332
942366
933189
206466
578445
92666
103596
33449
318943
509207
413503
540191
186005
969994
183258
297703
933333
23551
899467
990717
672499
334614
492689
442847
446976
742249
498429
522444
833726
892293
107848
647831
687862
565556
889063
58102
269352
490568
463199
231134
500289
860136
342519
370619
421491
229539
394605
17479
268458
763357
580486
273531
218882
675124
161123
560000
102996
930453
384252
950421
758944
140853
797458
759486
548133
951651
171718
522997
891105
330267
696663
927975
579000
458865
169447
531007
267913
750742
883212
631538
620139
389269
37148
696978
139766
878038
209867
479520
795378
86506
478773
238574
863071
911095
629963
606044
27242
637411
112136
469855
690880
467057
492143
967877
917513
360537
672350
696621
340782
825972
384325
646945
577784
757521
185624
231582
486590
235572
349466
76825
228521
593243
87309
211554
927396
68209
721018
571261
98636
380711
133970
538408
690195
886550
354510
50621
181653
942491
626115
539877
711088
612870
431162
215764
356012
887483
126241
600068
387064
442297
202719
689880
505144
555089
749532
955686
87589
703212
824623
353197
223154
630967
176149
764874
969636
335600
722475
881621
726624
488874
886618
392007
57435
379797
294793
623859
321968
821549
993413
417278
361113
579628
262811
931817
277563
372204
372176
740808
767211
183624
892960
156566
355932
581264
825194
251743
75261
346635
721674
922971
238318
189674
200352
988501
131737
288535
525283
78146
18741
473795
205131
72624
883900
362849
874095
690909
346345
446352
856666
186091
435586
826511
868282
236424
590696
8845
397430
312825
235419
639510
955724
664353
46628
377961
837479
87876
856090
620946
488679
686675
794119
744646
529987
13562
211125
117772
712682
702477
81844
54368
172052
901783
939698
200399
915757
36811
830630
724303
976019
941696
410548
16314
801579
658722
81708
148799
527407
245531
984725
628367
174004
15041
783758
767330
729895
293273
663561
969018
972585
566236
674425
133002
961448
911710
609240
904721
591819
115910
981714
541309
691381
440571
134996
861451
898979
144668
914707
402062
857886
498239
722869
285636
627799
697501
874012
909764
643405
180533
956976
659862
575577
616472
837186
190778
361830
958691
186522
678714
558849
133454
540385
316419
605560
24005
283199
748361
687577
376284
869925
857191
210814
71707
751723
506515
819493
992600
937831
345131
360650
97622
68323
220139
22272
419034
64284
10409
768572
428696
676968
155705
629032
459799
327501
340294
960257
172682
931683
596220
961300
227564
665110
960225
965767
745725
953126
938696
383992
784831
622761
781807
675505
376978
874041
653856
419034
115791
408370
147973
321472
928266
655941
832527
116431
110284
831659
726682
544085
957003
846105
715052
993635
681483
867866
847413
325276
382273
894911
677388
902956
433756
153564
677252
913760
981961
102864
702770
631842
400793
809185
27026
863970
976182
894286
328901
120240
886419
377434
708148
432481
187233
892489
379504
708863
407408
189137
902973
698834
474105
983529
504550
421396
323917
688233
465919
6847
197602
290821
978247
24743
134767
790059
464978
795755
562060
511333
633979
969540
631842
443593
849272
866276
353038
373995
222533
491882
661743
438609
174322
393709
899288
629066
418022
175938
704035
228718
487443
67945
283153
491699
215112
994716
491596
259252
825712
742714
403632
141948
39320
711193
426157
225940
703791
120379
976395
208446
27427
93500
184113
915956
856131
70228
838713
781841
728072
358673
95735
355339
732302
992999
64636
701638
296265
653113
459500
370746
914803
116577
703891
76005
754972
568339
783280
391882
208410
644618
238455
897688
311257
68188
401795
741166
154733
911812
769477
240469
899927
150180
310306
560233
111659
712016
664667
193277
119724
110621
631927
701917
867970
37517
122719
865629
144892
574598
839438
609362
74594
41277
899479
401207
825229
922592
777897
664760
320406
700866
564275
96838
616465
593441
935958
90047
198597
253472
863799
619305
401339
61538
707136
502981
35652
975752
688141
858819
4135
312200
746659
445356
665914
35650
584092
976620
939136
993932
993070
168850
892470
826743
162935
709414
315147
819685
180334
661948
2678
991579
225115
842929
506309
706026
564977
509097
766357
490237
468292
908210
170875
903941
783955
844387
663200
473152
422753
82057
914783
377119
147734
747978
848458
732595
627776
719768
605310
49603
369213
214228
208795
684578
867112
785253
211525
801216
315667
969639
552997
54374
779041
554520
430459
397960
897999
325113
502508
241
595264
726952
42049
63556
259278
517869
844366
665132
947026
522427
230330
67965
447631
419112
988303
524522
709904
528856
414742
352247
682332
162424
895509
285705
626091
945510
231233
557957
715538
805355
970687
534852
64636
349661
593468
101705
736496
951519
146360
180631
710636
560225
855745
809550
930232
875402
666047
579160
20996
884563
894248
267919
290164
482541
26033
789242
882376
949807
759287
252939
139221
956416
215632
466099
916729
298969
593491
532785
432664
823517
74839
312717
197758
5527
92092
514092
149673
104711
888644
744115
980560
745514
837461
972626
334992
824338
556676
521958
325940
812270
117305
864254
974931
860916
22997
972330
898661
101034
719767
333121
489421
851455
464224
50888
91766
907371
880373
709418
117335
234969
630211
493813
380985
548863
11058
62427
102675
426875
159939
921526
910420
636988
64698
918658
781667
122584
536845
9642
648047
831680
52283
908801
419502
966999
336640
351270
738797
323494
73907
496669
926958
131673
221248
751723
198428
832984
995738
606765
848407
195340
344829
84943
805488
697258
573747
431385
464936
593840
221554
659045
401934
109859
17782
257178
574134
928508
643296
517132
930866
938346
336610
979458
361806
465052
310061
600317
95446
909356
265444
284397
329017
368238
614502
215963
176151
933835
644060
936727
804609
118201
909143
388352
568803
20472
138247
932635
318734
491765
456571
643385
746274
759803
354011
71822
209880
426262
918950
668926
445171
124865
7324
18657
3118
971578
807424
576721
300307
383306
875591
402399
969100
887495
749141
313859
841035
811899
603635
795453
58306
935532
613232
79816
565384
944569
726670
72127
999091
501444
360769
55516
11171
311265
318067
208529
833901
29949
39377
370135
58892
178554
630336
484154
453990
373474
11045
575015
102537
919654
568967
45017
831995
380953
285038
981687
443238
649905
436808
142925
613229
379562
546667
860680
317583
682039
153672
536982
935505
955802
389802
93624
649589
313415
201960
867439
846300
554310
17534
899585
598810
289685
272256
671158
591755
918472
300721
28554
666858
286085
857060
103378
835832
105449
263938
104059
351331
710763
628016
651633
827202
545764
658306
387817
295214
812021
644250
857713
711991
654796
397960
77412
770888
55609
728351
352615
931096
968335
800146
399637
628284
858215
907589
150842
175060
479107
64021
565844
270445
554987
624458
193442
423244
860637
412463
744709
67861
140638
646037
204262
999074
562010
641760
101958
766424
699661
533591
320208
244193
606928
997166
728959
233470
250652
227822
368238
467567
537600
745514
486589
274978
872579
781693
885720
941185
339178
462484
419783
157478
518771
969152
421829
848379
656987
215456
750099
48386
883490
185575
563257
388634
225
935972
325276
515723
859388
614156
739116
405149
209155
987861
63155
55720
322228
130676
639505
577209
781716
883196
820734
239801
98976
686059
882897
353920
416195
570277
301696
58602
57769
672455
745551
117828
560085
430702
450410
296905
284930
887718
740743
936597
57775
815336
305603
195653
543440
991403
934829
135555
550595
133593
192759
322716
313374
535208
618111
143236
83194
121786
988651
329002
697147
858335
481570
897238
346180
594087
432466
770049
533743
669174
498891
923042
679574
809550
488643
340603
996422
875799
197534
83606
597533
905142
264031
10803
17088
548356
827827
729759
683325
693940
130218
603447
88571
186438
605722
66832
817945
417073
132846
345498
719814
557615
68481
127115
17328
857191
347039
27082
715446
175388
514909
232782
841184
819242
77562
820572
908696
715654
428698
951679
698815
221854
19767
491301
592936
507698
220153
570622
565314
857104
933990
528530
63849
41157
172616
599869
176874
737645
940449
957672
589517
613719
275617
475593
249218
40319
5935
625766
156617
401345
822304
952241
319020
645746
669155
783061
576200
744767
22590
927257
625291
380853
35966
259603
285006
894410
765323
723180
420717
352716
54568
333585
863970
460489
92296
12554
268922
385947
93820
19581
424746
980865
788718
177429
612871
605928
977968
985754
250616
429729
334047
859375
551879
121097
959322
661625
733438
392067
888555
38422
301104
102647
111248
53594
962806
113138
128400
263440
520827
795186
785144
125634
118224
574794
521947
301575
127409
837234
360291
353398
2865
549499
610760
764758
33512
805383
26245
258029
671585
763488
955025
735878
636750
761842
376133
566594
114619
460211
994529
81143
382955
903009
999427
436379
61043
378638
58125
288227
493025
926497
556748
355201
349794
197936
614976
437469
599655
791627
543346
601355
779254
400010
604571
905140
615828
173745
878516
677709
828757
550970
84933
14922
35761
463983
567748
73162
215699
124851
132329
492879
442904
495266
245941
646221
535052
897606
142441
24132
240895
478376
132197
319483
794472
741101
254504
458446
471401
7861
458475
867651
470931
333156
227334
610014
782302
549688
994954
625273
151983
785663
519739
493790
956028
750595
593649
700524
537311
902006
913080
179719
131579
787264
487538
628407
105468
575402
867108
363490
829547
874976
759247
803161
505605
836381
798910
551596
607273
258180
313426
707042
388327
144602
455588
747603
772973
736784
266078
407773
747262
328738
443484
914509
693031
359777
717569
440052
976756
233956
396964
217882
181811
211804
103759
429070
196206
996343
286278
546286
171348
941813
647579
65976
784992
263820
149933
137850
874212
692595
247537
313478
931429
175536
428463
510635
72018
692401
42742
342059
547358
736600
538308
592814
725338
371645
473635
31686
69233
277649
810824
591866
64164
891055
876816
324370
681515
612936
435699
784918
333328
707353
800376
484803
800423
808135
389882
54457
614755
17819
282479
859025
345770
485080
402964
494812
70734
800421
133766
257659
570835
835624
277093
597325
67877
758902
19720
134957
270101
433756
981298
210200
571261
638879
451463
820890
120711
645202
408756
793254
761325
195987
829605
437916
307372
742117
8216
895129
403449
570206
973039
788010
945232
208800
362711
372463
454891
647602
681409
662360
769430
830970
502763
22307
267270
834043
120732
134090
685560
514300
506964
98529
30547
743850
914881
987941
865901
398317
533875
882691
56018
178189
884221
171162
989966
75968
824048
247518
12679
612312
472137
308183
283943
215736
124322
562963
382951
966869
669650
636781
528864
460860
808553
996278
166951
823266
392215
934794
528744
436481
62350
778366
627348
634110
438497
743263
342433
212978
203214
644363
424531
912725
631713
583448
949462
389549
972878
898677
83841
91733
801929
343801
51995
993334
526583
776290
337621
74954
480174
747077
647577
6925
79438
391108
727978
623450
806838
608874
476594
551042
424119
403175
726859
705212
863884
996182
269076
840871
938157
447151
970270
338314
317815
333994
281949
946607
473616
972498
701189
628080
933066
783224
732903
888379
370657
876929
309388
758900
10761
504510
692109
985541
671647
712563
874660
833768
118128
157607
496358
842799
612275
166222
195212
576717
730527
947347
686764
272062
461357
298013
970487
530713
153813
325755
262770
836326
469969
93517
755056
683966
515689
562243
191398
205186
376314
207850
718296
241802
824722
282038
599133
136520
850424
317249
463307
867395
479114
162541
173786
748903
512264
521221
641662
219080
534739
392136
723121
546320
831282
750462
716032
891052
650295
55815
147637
40370
560027
339455
682175
596233
706786
386000
797689
535208
789798
81344
37876
829449
338187
337785
584609
567337
284696
992371
567762
330819
438363
879424
907635
351947
377043
875044
794269
276319
743057
734621
471767
548376
320204
960673
788832
129328
489895
555606
906606
634146
442264
693214
982762
207890
102336
664589
945927
781136
980560
354855
852560
789225
863984
855227
231713
560402
90686
524364
524884
197468
146248
189619
771110
307206
297885
96085
895087
319762
119724
299425
466278
501554
245208
123910
204177
166361
577203
136726
203188
182688
766245
582370
46633
7897
312496
111375
666098
400823
818124
190283
768219
427039
773086
882693
1111
423753
494286
176328
424041
708041
37601
957339
87251
892553
290225
800429
842960
865827
615662
585319
744626
648477
149682
246657
581102
403474
137895
181858
112101
36513
325971
977312
656305
189412
597730
886419
919
32029
689087
43093
98928
251647
537880
498418
475081
464862
790878
624397
117192
757293
654868
856101
587303
242149
786926
374306
914035
178048
800084
868327
119993
816975
809995
52745
773086
369862
771905
487404
665766
796003
41783
3159
219555
883797
726391
71844
755670
834568
264932
263431
671828
515917
162689
653612
193583
332503
360451
168330
334096
525808
160390
199187
113226
996952
303792
481851
569979
723640
63444
880587
316750
912400
416195
537400
20418
559200
836008
336025
219436
893024
804026
453107
289778
736115
608818
377700
872176
157989
941481
259730
321
66802
341067
308270
840768
873065
425908
699716
144623
805330
788256
577557
232689
511879
61817
630330
847972
760363
516853
211573
437713
812092
959937
798073
964783
772422
268199
56250
335044
85318
701530
489166
993871
306592
857973
805048
290903
862514
632756
162845
135491
922258
709102
990330
11812
942973
971362
563276
353446
284154
41772
871872
746000
122246
325011
709985
321022
471717
669442
621387
909893
486805
594914
209981
151953
366213
616695
110381
785905
460038
427341
982394
716517
288553
158238
214049
205330
539764
441421
518284
96971
608651
168709
683937
810707
242370
497818
91823
511478
739897
316634
659645
190461
264869
537042
684286
349399
637
528073
992832
128520
780426
696537
178640
932297
623942
415174
961559
597558
911550
584487
183212
709802
714161
300830
438445
895099
757755
599820
560258
127918
636063
996042
96542
809878
791816
230039
602342
541517
311224
485740
185732
458296
783193
296476
840336
450803
375438
730133
905932
666690
867762
799853
524790
398731
725730
122835
391103
521926
297330
53500
595906
64782
418763
849268
848322
903917
786266
277854
812198
416695
464029
324799
714036
881007
579406
702018
491270
297071
601113
674321
887944
47634
34230
483042
482510
973599
128257
555081
133493
917168
365750
979213
52759
967281
905992
541976
663910
552407
187943
135325
17892
684004
685456
539865
95707
341670
314315
916321
6351
336975
289685
241715
952241
113588
872176
433360
702270
281971
622330
255376
633815
639098
262406
701157
325531
913487
327642
287904
384979
14348
992098
852093
859948
327328
690715
312361
584013
10255
246402
941145
152132
669995
622566
185546
859
63822
255875
873338
684621
367905
402325
449050
138269
38025
731805
52283
303027
404095
286001
943118
818756
405648
732531
969343
909978
986428
759282
551042
374385
393346
13464
760265
794562
886957
567265
502138
130924
52997
152525
815457
877760
886122
732517
343951
271170
596802
933471
388845
750374
388121
956812
509585
387947
843502
195055
392923
727059
209087
698565
796392
810796
97372
86497
81477
311539
895241
149731
7156
41196
379576
93947
171174
332245
544154
681017
858190
534226
946374
233909
873349
569799
90740
736176
251530
106445
666750
792312
547381
789777
829381
834908
606420
151874
767227
229315
518114
233609
616573
792238
736959
428740
394243
528100
801629
471125
891021
277319
721465
17530
16375
178998
791064
542161
91821
364129
985334
236842
184603
892438
479176
894442
544860
86926
155047
730319
220780
29537
797678
544147
517751
174322
334214
362586
258865
243092
92269
166841
93329
272585
52624
149258
879976
698955
120418
757682
944958
549494
790147
386710
61091
132992
916359
491872
769964
258567
520129
763367
789879
916539
220665
602389
188871
283329
815324
120431
425214
728865
716623
262286
943320
457692
303723
623790
687471
149136
408823
107495
130584
768586
204060
610485
736512
237722
825554
335552
432960
746472
427791
480803
612458
342904
354723
408545
262852
670813
416173
836121
46745
442540
488269
658930
434088
65898
344764
738951
189645
341722
953235
778541
148496
258309
26855
939593
623585
160043
252946
660635
727001
593032
855008
812554
518662
191880
940877
149744
856907
397169
78612
855880
597325
521947
654682
222560
472396
404640
98262
336467
372889
224285
155429
852818
566706
502209
948732
36406
326716
700312
355096
200426
312286
243972
679151
282080
475419
405879
17033
505463
326216
806618
236297
661376
29530
127229
561742
591261
395299
658967
452847
393584
92920
98408
919083
423383
637705
143101
428060
359267
497732
203469
80453
381106
892960
711414
961771
104011
735951
431014
424893
500502
416599
238348
828974
27931
587458
780044
939181
276649
361474
46745
755687
861561
302478
317914
61208
354342
388331
249283
395678
109480
383201
277477
715766
32037
653240
846409
605307
501377
670969
419531
321150
354083
668554
586658
433545
825342
358341
168706
77206
437475
994993
962054
383489
440465
316235
614223
479352
197890
784341
125857
615859
848275
195496
930198
247191
943000
827960
531784
424938
112313
211936
287154
466301
493874
264878
195932
663737
678839
913930
597367
390880
775708
651309
192140
249669
765093
476973
396895
922579
930338
537358
686989
298614
551606
536685
92904
102772
880295
923700
377405
819496
209019
207083
899848
126702
683368
506722
706891
790219
112819
826656
522967
526172
84336
353252
238493
598817
384925
13623
686821
435282
195739
959719
689135
733438
66514
557890
862842
404320
162673
507807
816606
234783
68394
306784
190972
538619
141492
156926
415802
671963
660811
552475
125415
222237
465950
203189
530069
486146
879219
356722
842956
124363
518247
476597
782250
390246
521179
480080
364143
127340
939593
483778
793220
622560
972067
151489
267397
88096
990629
452229
80618
874557
351256
962623
562908
704584
996278
584775
763951
724251
187320
46108
908550
748504
637705
195650
404962
188237
249685
590997
80600
816735
30706
375913
19197
860516
449425
526735
885550
280600
698921
488852
664733
848835
642925
46724
437341
415177
102715
616993
458133
974375
7773
913198
121081
549243
155946
305806
763081
60347
430109
412590
370602
605575
761678
761244
262517
98203
607130
811603
991956
727931
944569
692040
797797
619603
60887
800074
224842
798035
804055
281179
230573
47634
317839
996556
329974
362476
631213
290821
568945
30663
499488
248218
626724
590395
925057
255554
821933
854656
616239
884463
685597
133766
469817
1494
73163
650577
432968
585189
359427
161494
26210
827620
522944
309900
767165
819606
123925
449592
518853
76144
289883
583127
412658
177676
614955
141398
840909
371239
712785
999267
640997
607005
345972
639656
435922
30216
138637
319424
844811
523987
419534
470665
797388
412864
987702
545962
278096
236223
115059
954523
303591
571841
