564280
979135
595323
475626
512797
902527
642153
187235
330875
268998
734373
804493
637595
85550
740055
697911
779064
453791
717153
381845
379473
386304
993035
383281
321522
234963
305936
916613
449792
738906
373478
635117
915703
512644
828044
86912
3618
697602
75674
955428
290479
467055
171040
297020
233720
262851
547264
426801
701023
345666
753199
211176
670793
794119
940133
930931
445129
506356
419788
852374
88621
500543
380649
940071
80810
450373
692943
317292
723280
396080
255890
23537
835714
78552
236113
861330
370974
48449
255041
125348
8044
962697
886783
450784
800881
676591
411178
941822
348765
223517
326365
847455
933169
114736
495980
828751
297280
596474
329488
806540
945018
92162
888892
417285
341906
979605
608505
976120
204648
130203
328181
550952
2722
14830
762177
507650
933178
557499
272782
270684
132775
579346
384936
758016
823236
564206
68399
912877
48591
300336
850019
793050
746732
800013
127828
49164
842374
761207
476219
322536
878831
72962
48545
974517
923145
376619
754201
33081
547350
856305
429911
803795
473682
425935
378490
235686
362165
427762
885360
841191
719360
913967
760240
916870
682858
610859
134643
206654
909300
695088
909328
840447
834729
46273
127610
553557
348285
68689
328808
14629
372639
349057
411614
94923
182567
244537
452062
579501
420477
610582
296825
496108
965218
429954
544883
142566
817979
606525
419133
929285
559517
994606
12014
862105
886210
761936
577227
474622
649781
140208
395067
370307
113037
252133
820654
250688
371336
809881
235746
281045
525428
649443
308676
61135
357208
441038
72201
435729
651511
377331
602263
27752
288183
60282
136242
367912
864770
205055
546076
615542
533363
49647
760101
23232
976704
329662
947103
983415
490000
799692
487554
591253
706794
176822
113974
152116
277719
454631
426242
821195
80537
442842
184815
513846
860868
651341
432682
516936
467187
919582
309434
656684
728854
434693
982362
469672
879913
919623
990356
847901
733979
805075
719809
363041
753392
724550
430368
724497
493232
615408
716238
988662
36886
634314
73957
547674
914288
804689
331946
953823
299186
743959
959825
198734
708211
459825
572827
666606
207723
615234
785558
581631
98372
698733
341991
479045
262777
485995
855243
807026
416997
1792
412075
614967
839435
321993
862513
274343
685531
46543
200357
163752
81463
540310
966065
867400
439155
97206
246753
748604
661746
796363
924428
702676
348277
15467
274724
908195
581206
302677
949655
750649
527774
759003
121007
676429
529447
126901
520751
684170
429059
545965
215490
343880
880227
526160
124291
182987
651031
878330
634191
822463
189087
196635
973074
855757
608321
901935
293691
413752
381107
938027
722071
605360
398843
891486
402885
827664
848039
152029
986748
374171
435729
256929
557155
376242
966487
788418
443531
181322
593915
562019
432627
384818
597190
797861
224606
78459
392323
161797
818475
304556
235781
137147
213886
849327
774081
518683
57100
991714
291550
299398
554686
77426
545871
627817
508121
835757
734518
419730
165329
851548
137126
585884
571252
583970
106143
732803
959067
848108
256135
897960
412769
833983
702572
984108
632358
633967
119592
375939
61229
967847
336537
538659
35545
221054
210827
458261
367219
722347
871467
461118
454505
166396
264643
824381
806381
323967
482089
74789
710144
828488
862105
287338
148895
952188
724798
725542
739610
782538
820962
353209
122443
684573
20459
502523
311770
344270
378514
642627
864897
603138
987161
