431952
347740
987053
59034
933099
957426
656548
147838
459154
516644
699306
294411
722592
386782
176168
672636
208909
439282
775758
952295
931390
122887
342763
213662
507551
212354
967571
690696
326480
408906
542739
683544
166679
55190
661664
710985
186080
91231
362824
655977
999179
15341
184218
12803
914912
82624
388495
527236
985193
59573
16634
484441
833660
452918
108759
383879
707910
661503
593113
822274
286884
167589
70451
884336
307735
357610
914652
73442
517023
834681
559881
184159
523007
192020
240906
17951
869256
663891
514195
945626
126384
674728
496590
694976
535763
378560
527162
525781
166308
388946
214126
967051
792221
966378
61494
767892
984989
141689
833660
389085
377864
888315
352863
614922
398785
571179
472074
689254
98933
155843
224059
207827
391892
471847
112488
423279
916276
1147
455037
772749
574722
273510
703924
184826
859425
722240
832703
617966
828127
399030
334622
399368
16430
33299
779080
811067
341278
693983
811296
851292
926017
725418
829307
674993
14075
961081
742513
123378
764619
306410
66651
808636
377288
764107
490458
100280
569951
711446
452841
663486
485160
719436
967230
181134
887924
420994
553811
760969
568748
708175
627236
248340
305896
568283
332064
588539
485781
110283
45940
481119
88312
221484
531551
607014
143314
949479
346337
369673
164557
286378
766309
447089
514322
240518
711322
611851
513022
46150
438408
270668
162111
720244
644109
567563
539262
741218
60045
783056
818720
594820
294103
203903
734214
802206
920339
964122
684511
24389
120970
501355
542516
643175
342476
469249
790813
392975
925179
266084
970740
159304
634922
347091
866557
583851
603994
82752
98052
486574
375586
473189
765323
200292
899690
87271
166607
694731
310416
146321
31449
201660
246524
487409
795420
42212
38583
500123
670425
754779
697880
949466
787325
495937
292876
823685
293993
704716
84852
315097
217232
96007
181060
347474
913032
978304
361889
769028
743644
363194
422083
245884
360881
827030
398286
22170
864510
427054
376146
512350
284565
504998
853801
547715
488927
528493
802984
2212
582449
250819
326663
433611
459392
122536
258722
708687
47596
126212
183643
697592
635721
509211
864461
131820
470013
635543
86379
969916
522423
694299
457968
945793
385522
72729
184867
815079
178298
410132
885712
240630
342871
359205
664715
414009
181220
41518
250842
551051
604928
130750
139053
404778
315005
529360
709167
959816
161507
960710
873711
385590
179555
61457
114055
981418
247026
697149
557136
640932
496301
539099
713581
793297
564480
835729
861739
75308
854357
364643
357445
345075
531751
357454
159433
194392
672817
16284
811621
42992
297598
127729
258073
323060
135382
45394
649194
128843
677663
341641
489442
195886
876453
620237
722837
299716
211608
139402
27212
824663
339905
788319
492408
395173
610024
920053
697340
779158
340682
610762
756103
700507
177464
631200
7592
96372
443546
948817
280909
921050
989199
649690
922430
138701
592761
784152
383781
684174
920615
903412
237707
26024
146321
233582
152809
672679
27884
182468
336782
323662
349461
826979
110798
226543
708782
218470
108273
376254
548445
824086
69703
462831
271467
710237
641103
419332
801324
789705
189569
142527
150966
773617
471541
313801
13142
518185
79217
495961
399828
66755
225830
200060
878844
325252
382105
132818
364885
109438
674220
587088
26222
988503
804715
908027
298355
711873
929105
72602
738519
736010
448533
379509
298978
189785
788843
862576
208680
999210
573977
101992
627008
462821
827722
653630
264239
402823
801551
529147
761537
950392
946358
664245
945856
944273
899265
138187
885060
143187
264450
502289
527015
433538
23127
232665
683684
629318
240974
319041
919297
575262
584976
149608
927016
687961
865300
493286
817802
101277
106855
718795
53380
574269
680421
245959
348078
21744
579434
17682
980033
927906
202573
182527
910811
237560
700738
378272
734398
679775
949438
154621
226641
38407
207562
794416
551516
579928
916243
870307
83602
113758
768608
681577
184654
717538
512481
57747
589953
875573
849557
812844
787441
417229
841936
740638
474564
560308
674293
11747
110222
921073
25426
828058
609674
752095
187033
705650
298220
743125
242092
975257
809123
99218
753379
338805
330485
93142
934184
806691
847263
15448
267228
228878
450240
582949
855871
210793
812208
797496
631534
920951
779412
973210
448430
422976
146297
601224
374375
539156
124087
918105
684012
197815
560883
167209
980167
643677
476624
339758
702850
602765
780475
913416
835326
122292
160955
291651
100803
404265
299919
834115
385261
340817
797533
578021
677437
714083
113016
656480
205572
79913
854525
770740
399367
774345
184129
300466
509676
740806
455615
459416
770289
92054
130288
454932
728611
431838
233777
436417
635205
629092
466806
277858
933045
531410
395129
725820
13859
988550
372192
452313
693132
91446
364761
197658
642827
502952
964895
900286
242999
49264
892878
468633
140689
716697
876777
198216
886337
509056
718964
118254
465391
661998
571552
26207
442409
457917
520465
779543
175266
451666
286389
798385
71762
926106
698002
615031
932997
972365
290235
61157
215258
936375
595846
733746
414561
411743
374631
164453
888438
975981
261370
933181
999047
335415
688157
118570
314952
645615
258960
712402
798973
163553
805988
916353
164723
707501
761437
738989
969435
221575
135108
468069
842792
659656
932455
13513
221568
640395
241047
960757
742079
436806
306762
840777
979240
446309
458559
782252
296500
763960
558580
764474
188903
465074
761524
266033
112309
572843
593116
670072
447080
916786
360815
122497
362834
718099
773225
993728
409135
337841
270076
8498
73034
263864
39736
307084
826175
24135
880674
44943
728173
594236
132973
723225
838504
850425
587324
282629
431953
974255
411510
277781
454873
750938
538330
116871
273147
977799
844609
462775
223457
296196
77368
253343
840737
623602
615300
668699
546525
835250
603782
333527
115280
838009
928419
563603
72612
355187
216415
103330
148497
533609
172432
258008
497102
659110
830952
212606
400076
371564
211774
487591
142478
41514
461011
835311
701719
74841
808636
144002
371640
131282
332778
452985
541170
161244
392136
9805
256264
404101
201179
463995
994007
112841
865637
707158
184220
42459
646437
443890
510762
202900
84779
744173
463859
234944
3969
787502
379118
980540
808625
998972
310850
214748
200870
385798
964363
917109
833010
413090
182848
176249
414789
184294
938430
381473
69893
83602
457246
161871
221805
273518
299592
787380
121323
363104
609071
737495
848003
495936
128914
405972
353780
673374
819854
675845
873714
15024
319003
918932
531664
672073
372897
101174
402730
641821
30757
774070
453684
773907
64183
256888
143675
124067
582112
307637
579029
105977
875604
145905
784345
421949
436324
754465
721725
919915
331715
715689
500387
967725
542731
523621
617514
304771
959192
268306
329124
308114
90222
798473
865542
869176
924631
500620
443778
762172
787911
449184
176287
846839
876374
335002
350430
348608
22062
107995
643137
654289
96285
209071
694834
667130
951424
204514
154349
685749
732182
154793
617739
406889
207675
441049
123922
389402
753646
791708
293726
613165
416650
454016
117619
523094
56916
534326
287572
693147
28575
861640
745363
572149
40990
655240
11338
309151
15297
382754
493065
810863
51479
899667
46290
87673
252687
25130
640474
877360
979995
890953
14246
530453
661009
403647
819101
990537
737119
117929
992635
646087
670564
993398
791291
911930
281632
43116
177101
332087
722488
846944
340390
193264
745866
464698
830882
645616
609699
936779
43955
442649
759604
47929
856430
376945
124028
420664
947099
855636
510935
772513
917412
144597
736492
684592
366523
233275
278825
373765
306045
284381
951766
934661
739144
650647
447771
770802
137224
135482
768265
303706
379122
155816
155645
367127
61571
312314
876418
713373
772994
54999
967571
745908
336903
54930
258670
718976
809640
827789
296716
336675
169364
22033
716855
377710
59378
813882
359147
972537
474102
669191
159835
81189
953631
288586
676903
419304
241027
758007
648137
786532
907187
821656
928259
442144
545982
780833
281015
604156
282447
40163
247253
183615
193223
256891
468695
143437
225945
138375
91255
809622
962078
221219
194659
67396
377023
47189
53327
569657
961297
605152
908274
640498
13694
714273
490310
390451
390028
485021
236390
816431
137644
714575
423829
245362
206335
833655
635147
811520
720650
223585
762957
685867
616384
284876
304112
106668
191597
74830
58200
787933
589614
446453
443403
798473
527863
256482
375879
840622
663762
253655
678814
615950
603684
148641
486942
767810
645973
33328
802958
150945
781555
821989
246028
59669
448116
986913
760289
878051
880797
20679
544228
233489
402263
261088
32196
22212
935167
966294
961752
924958
242926
468951
589667
568656
905538
19008
901306
442717
818116
770175
738879
501315
793100
124311
735000
510774
482629
398243
813383
865487
118895
63952
387596
712902
507664
522949
289089
835137
70509
125578
324505
691150
533868
150011
413890
798608
225730
656972
495139
976915
883698
828551
538576
24501
676092
459118
673221
226705
929811
208013
245205
631359
954391
785835
286093
878816
433662
267240
221702
507169
954312
383580
332183
968951
300197
819785
904168
646118
74565
820534
449499
92979
260236
380962
41489
627390
636799
166416
222211
109377
578914
75275
427705
536550
917668
900761
543643
71429
976394
87443
675442
364800
619032
457862
706438
273793
118298
5416
963307
389416
925280
865757
473830
517337
428210
139410
940755
691972
121161
548290
707439
709197
41149
557279
502630
100565
432580
614425
699681
484823
750176
153479
146699
401514
412818
985950
216738
999869
466528
115619
835512
303646
934556
979832
846337
192758
983961
899313
509977
431342
592840
609743
465066
429308
679947
818098
656162
385188
498113
109791
30858
944091
241272
654381
966636
890062
299319
273827
954131
292584
789613
40110
979037
539453
420802
733475
824139
32654
560206
803078
202402
223023
207180
751236
838851
313225
769790
940798
905472
888117
753560
157957
780772
69676
562669
229917
996268
210046
689996
403398
938479
287695
885860
938361
241902
667098
74169
702823
885797
29808
952707
787992
742973
29993
237314
900818
995295
396483
840474
321028
931619
10621
88199
406447
599790
896211
321304
686555
318392
9634
609058
831428
830394
12761
705122
839696
512175
549605
582484
506171
938506
797045
124005
997654
766180
666497
504834
404732
564441
785938
522750
370420
846012
202081
338165
584332
538553
478331
917891
964100
561264
951198
27488
987467
118300
211441
821293
358918
826687
838448
963860
172677
484800
669716
56118
531423
830671
570996
634570
785281
722016
623147
971586
931764
489530
134623
22579
941761
768450
80394
935150
693896
706431
840475
663024
460911
492929
634604
799664
562479
384474
336645
943632
307867
815454
910594
372841
298694
981096
428317
960697
595018
88849
578166
625924
284858
137715
123068
493547
434962
7432
816423
782573
950384
26208
380860
759660
612735
359233
525608
673603
27951
333154
762668
379613
344170
233115
689203
284538
296500
214601
541876
843643
211380
372670
72170
495964
421227
182565
811434
690208
674828
449722
564772
262721
951808
660485
318276
537185
645184
465912
301554
454549
821062
220571
663582
127539
26186
27209
183341
709415
4757
767685
193777
58660
901847
306774
215867
226236
68029
657831
951000
315284
866933
198973
63651
490964
602344
134244
38020
376640
998218
426422
240500
386534
140548
665136
844051
378738
409307
678768
518624
863475
921908
549184
636454
9317
77310
276125
75642
62274
106171
278376
490744
325039
442077
208279
183846
624835
604638
981449
439161
706216
692143
647993
357451
854478
887161
486313
997031
451780
798939
890189
935227
210142
98092
394304
313651
954356
872350
822518
923120
437813
444192
432787
877669
853359
723931
471233
585401
222910
959933
483143
893970
376386
250637
654150
308456
785583
647097
313267
961775
443890
432337
854740
712909
871108
180073
106751
372219
146882
602110
825460
2932
104128
809266
734170
214087
852186
799824
216323
333948
611758
643385
34825
963572
319114
465548
555546
993587
304885
844769
956046
363435
129169
77311
560782
485183
86155
589644
16912
583198
481411
735368
573629
892486
416289
336909
719226
206484
246672
467304
72813
724517
610071
281621
887621
652452
741889
869250
957172
151045
797084
198582
433420
426635
247646
959296
41109
942401
572827
207720
247509
810771
777705
804954
410683
644134
570354
242347
671152
297508
661586
603147
863732
298582
739316
631612
611515
789297
521799
189537
93923
891395
730387
149908
818674
299340
959915
769796
533365
506651
751551
132568
8483
911269
85360
960894
676532
940464
507986
608104
819547
180551
434409
760966
892063
350233
120273
361321
842057
230499
400110
600203
431599
825580
937449
630698
770279
981037
16538
832033
651247
356984
284793
129709
314224
333253
938432
679522
961247
444854
334905
882005
38734
247994
525965
100871
582291
907698
203548
135549
47227
590693
122414
709002
229350
399298
794482
441599
526137
556362
453463
689927
860094
458070
846995
818042
173426
309072
897788
365797
495486
98944
876030
418341
52786
38484
709240
596551
830547
765323
880979
977798
785574
493477
157750
652729
796997
808796
568861
828743
7403
117588
306936
648775
781615
443407
370417
680641
89166
574344
160463
417270
137137
649537
643781
355979
181455
254822
286632
520952
401476
463645
908862
277693
866167
700161
28664
965964
699102
730736
53086
247694
85701
617082
229353
118727
854615
256318
577735
738943
742487
441356
48244
893429
543188
745809
350404
68338
995357
259478
282556
128578
215609
64354
607808
417347
345812
965313
293333
737406
921426
40068
594223
401932
775041
651777
589554
503460
530788
117987
644016
112517
447565
825281
508216
989848
393957
482596
986303
245122
381461
460832
297861
999037
410474
440011
318641
408644
441356
376702
477118
977774
727938
481342
551410
445949
166605
187163
431497
311999
290704
598223
374523
327527
816892
216630
147458
550130
350512
173182
652180
990881
236709
479280
403153
245728
177597
972360
184680
201743
481160
514036
3932
357402
313261
901179
791378
650080
795971
311517
132669
47679
233858
498413
354867
359248
487588
189457
537852
538766
599806
436116
109174
523783
437133
84230
898461
857630
37546
730306
198252
854767
93651
315822
838277
71565
681601
930486
770796
18349
215609
157295
677870
350468
868055
17103
470256
859976
669892
72140
737766
78886
639712
504313
497730
165732
199706
280118
432871
523940
80701
391011
519110
69902
950586
981612
10873
460469
635646
629920
159608
847344
776722
511879
973236
319224
298377
133097
94628
921313
464394
27678
302882
458294
373193
376693
255410
344826
36768
388955
699409
391616
40122
318734
269956
625849
773650
553034
955427
443768
424194
716483
998481
863006
205088
213786
783799
958193
371688
915015
103986
707243
83571
145631
695891
591652
876332
458090
762139
108572
327644
139586
78333
24591
271840
39947
214413
873777
205899
175396
810109
407900
212959
525430
762529
969863
99621
50627
881571
506717
387102
685984
202368
334707
380117
780370
23811
232180
10028
387596
433487
915270
917343
466737
806849
514844
14686
97103
528575
89205
293981
953183
843496
230685
551494
886376
578636
96265
188548
865425
437387
692713
186888
676059
728119
904632
774661
719708
106684
929462
419473
129261
652134
88620
327444
961129
605492
325493
279656
842893
893659
229446
363424
188320
262654
846763
2438
435061
331772
263921
832514
418210
554059
877834
41640
399241
76147
156026
744732
824772
606684
666027
43342
416935
733641
861467
7432
783860
456920
60293
55937
64979
616535
883342
731524
252836
60093
952660
466990
24259
246617
414648
832311
434309
716270
578359
456866
123646
322266
692348
443349
341738
100318
297340
247762
673339
382971
655037
206499
326675
962317
335749
431822
341069
5967
357581
251933
851006
592980
699109
56823
82493
90020
523323
274998
293893
819959
43002
21691
852423
34235
209206
457309
70528
78151
391161
19897
927866
200632
767689
310926
951189
699902
694334
634621
596125
571269
603915
575428
226929
987443
174330
156123
736317
933624
459155
633525
148947
173314
229545
418562
262347
522409
198622
310897
603688
353461
326847
720044
652547
977102
736626
810235
504235
484069
327796
626206
695503
53896
727289
531775
571533
471636
689628
420112
277162
706503
442473
987552
102468
152479
18237
207622
498376
362831
662175
594628
658747
108547
415264
690993
684675
437247
272356
971626
176077
888039
417353
297067
310416
509539
392636
734392
752000
711807
496591
84326
955490
976269
861788
154122
298269
224959
143179
888847
980671
926538
964101
994259
409934
889828
203644
972857
629321
655937
744675
423066
308689
239629
439104
731868
243960
217590
47520
148473
604786
838692
392994
975400
392696
903223
565416
52393
294310
221219
611092
497321
18342
416978
822329
791322
560852
839665
470180
61515
770370
68029
118969
915837
583919
81829
520577
743973
21503
235699
705198
256787
781794
458614
69764
837936
623243
430191
625229
610145
828794
483159
514615
846870
854313
855432
420240
958645
424740
360430
693493
909030
802145
813711
661567
526613
442938
173937
723291
667130
342958
203644
377449
477918
813031
128693
77368
5755
463639
239478
333103
791667
553225
320377
734175
816471
832154
51479
491446
473007
278272
398659
118058
101308
6254
73428
202269
646712
448282
546495
268695
76949
895671
496481
914407
652601
62652
738676
193340
307652
898944
765106
372011
235050
822995
827728
297613
417259
679150
94204
481697
261866
330705
336862
770778
899814
879540
339970
714988
148706
101550
210626
799664
171475
896763
192282
539820
254743
687130
446274
34488
948272
788535
299678
420034
219888
14551
904301
932964
414773
979272
863858
891517
994677
940231
40337
524264
45186
616198
629934
496796
970764
902468
390987
145182
208577
954964
352730
225263
568828
189016
621829
523323
613654
307236
778083
859672
351702
220718
521378
219838
494635
374497
469538
83848
482248
797084
27021
905989
883997
387721
661548
154270
105785
966533
565235
996251
684675
294220
780772
271750
836431
402234
692470
332373
48220
692196
482548
127501
189572
609587
53551
187990
637434
841933
34361
739910
976937
948010
80862
184887
99284
383946
317508
680274
388968
728126
380089
27051
57027
578388
543750
419916
779133
685252
230904
462430
112610
4925
219800
260986
126212
789569
302257
554961
602274
80547
236651
552289
388422
796363
576983
519285
614037
710367
176997
610700
913760
797604
849457
785850
23797
262385
664259
20679
258088
435998
178687
805151
16992
995713
305335
30943
657420
563507
213526
217699
399035
568609
226477
240420
248928
158217
975491
144622
977805
286093
46567
353983
150810
219761
421677
731357
753558
403462
468897
726931
910346
333226
812371
353909
33142
984133
479605
610034
175594
946051
90785
911625
545965
661318
656492
808232
948042
500717
149612
703611
665930
432982
986450
183228
959008
947861
72512
730800
705924
849326
315697
426277
791535
849304
228163
605058
416678
555199
463752
522028
378138
412891
898410
732460
408204
766180
142268
256203
886789
348975
471188
325032
298209
88419
682720
997302
688237
21430
456645
346342
937878
326985
96318
758427
15024
708782
746477
528524
253425
324306
273816
599174
679241
260630
495051
373146
226710
197128
939740
556908
579286
577304
42021
938824
514422
647059
607143
885644
682280
326837
346474
868010
748392
908989
984574
410695
756610
440091
46113
106702
855514
755236
52559
70019
122540
916318
107107
773986
383474
794269
652471
17881
212178
316370
920506
72394
995748
761219
630698
918047
911217
713628
812980
119112
701441
81543
262707
613266
103374
954998
235438
301935
626391
940984
920828
460814
445969
645777
19086
638966
692765
639478
411514
152386
745190
342559
769967
20408
84694
131454
431364
641728
149710
435695
105286
61172
408104
244284
646
405007
470502
70232
298866
475629
321435
467769
368045
65485
603940
182795
669294
807376
764590
239881
981994
228679
368132
781012
924794
104779
370763
995533
277729
690893
63952
627332
940359
579899
716284
220179
89305
674460
682137
695978
359182
433216
495832
878101
718071
958498
721713
903718
425703
618505
984503
402676
96332
390498
553569
380166
153148
682030
769147
45628
345192
215133
611326
219233
632581
996884
645507
624507
728289
600964
34387
406224
812513
273806
730014
223997
370952
622506
253700
204058
216113
868421
799664
980026
136725
557331
765134
184473
922334
115506
324672
576502
716483
930659
145019
473583
47967
269057
941722
672839
319338
597819
15333
901781
269121
260469
12773
862825
15671
789300
88214
853741
800490
573537
979037
389658
821175
223784
106587
166926
210879
20275
243453
761770
707798
448
549634
637209
636037
32250
956968
891100
456377
726568
775680
940381
822458
96540
93246
321813
137515
316867
24350
75072
867500
699466
6426
515688
124226
20910
118791
313978
612662
73818
454876
176340
99697
229408
57502
206157
19723
512622
516126
994473
765703
197691
542588
614857
459220
947781
571677
543353
101090
345646
906196
823333
248845
663409
990960
539543
844023
375334
817573
350497
784281
649394
924443
37102
331845
732360
559290
932396
949267
446974
195415
936428
645918
386376
272858
587028
231764
523541
475737
429632
971598
626620
985681
662756
919427
28624
979939
20020
358674
483132
884800
455234
649199
849665
339348
830
55516
95233
48566
300589
443548
126430
257308
543968
472687
540826
850981
518404
206202
992260
814220
920346
465595
619044
160179
860315
378723
312313
518013
381215
508030
222750
650627
411735
443694
929060
397691
174691
382810
731644
676082
100335
212534
63561
904550
868676
516947
329138
2391
513957
90224
535990
102916
737057
788651
750787
661043
8689
310416
265651
60892
720032
970334
227649
597785
306359
429540
871040
350086
693991
314869
590565
903590
889654
454780
911272
290602
822685
366037
531483
640008
110873
457238
827474
51709
5912
497496
263963
868902
826099
595539
650484
495785
537111
607051
377855
571991
406459
867978
88419
199253
787513
155044
311924
13792
115474
270482
142971
623075
858299
808261
70193
791366
364276
297386
855990
474026
610078
182660
643951
23217
754712
333124
935007
105842
290532
294285
547873
49718
336157
966192
349735
845379
664907
383013
465537
436116
121361
479278
272278
933181
279402
36620
286550
340300
328535
927420
954845
626492
767577
994811
648934
651765
448219
397933
309491
904425
183077
363743
999874
919153
341094
927234
597097
73840
992050
234606
973615
788848
964814
191335
742372
275515
398877
250890
708418
546429
374330
594654
203560
574856
554560
791939
768587
487728
334045
457590
151097
942721
512721
725715
585615
196759
145800
41559
912992
697776
892590
776484
693414
562301
345388
97905
596715
926089
968582
643401
297886
702323
961866
547674
170190
231687
992356
677477
241833
156216
647814
25022
370589
607869
807810
735696
352487
940118
708813
404116
681255
729721
638619
238321
16423
506880
620110
738366
26566
120538
984312
890146
361822
463629
877378
729973
98917
247618
855484
77441
519048
626943
654830
67183
456541
451717
610286
354534
709704
876555
84780
933638
940550
388182
853638
236965
274377
911292
848683
756275
298116
747617
888660
460760
304020
16155
780756
869258
183693
934832
437428
508791
65458
965109
288081
262168
607747
851085
384954
265888
522499
456730
741899
399365
3248
669041
257309
296454
202859
771088
615829
225258
704619
397270
701147
212910
91372
711169
413840
373468
115568
263526
102156
232333
163915
329198
226128
577538
839464
764184
111232
473724
757627
996223
544531
601102
185769
910606
9269
488465
986045
497042
851507
176826
23703
641425
702586
682932
935452
718544
146929
646252
584507
434859
50787
297898
110004
84953
986254
741680
758312
126785
677081
970001
655404
397941
901179
474213
740761
556210
317971
933949
911567
332514
642752
871551
589456
984419
648001
809288
766990
118707
868592
607230
966821
71367
249523
986731
893375
17526
514114
421227
231845
779540
501896
107808
39987
232060
53571
198648
607321
262268
352285
329295
852267
89193
936387
839243
562605
355187
162239
449111
647818
93409
53088
790826
781629
451112
398114
105886
310350
705650
361004
300275
131342
558422
634833
322976
385860
990975
980488
93720
153964
336771
964290
862710
345921
387816
551056
949374
33218
46054
927771
137721
568787
377048
349730
285457
289529
306123
384503
966227
859231
972860
120889
354765
742925
936396
122414
449373
198014
182498
966168
380014
915337
536655
176247
228383
306344
879021
357076
627975
803330
364588
386222
52627
206197
920170
38754
758416
76663
307642
174732
817782
824257
120804
492995
381717
121514
469538
55771
184224
702875
871302
750897
665761
712871
572448
325508
905017
412163
54329
385619
540512
834445
904832
899240
885693
211911
836649
446299
520583
463676
898524
427067
736262
126723
500188
554024
24758
532973
525212
858308
84270
889751
990969
29792
219837
75079
566187
242842
796876
146292
885579
478861
9187
674930
143144
528350
552861
497195
786712
394317
255501
233339
711232
562034
859295
471978
427894
572678
516534
582399
586059
846049
573242
885139
547672
245492
602468
646283
199156
927215
759344
825609
75526
451482
282982
240176
531349
910097
14558
671245
221406
372785
372444
834830
407504
524286
388349
776946
961379
221805
746016
127973
936419
78922
778413
601531
694664
370494
554396
732447
472881
122511
815358
225940
27362
951235
19589
875328
920245
761624
38683
141457
628117
457694
612367
679723
103940
375215
565306
361643
745479
55893
936779
326730
309026
631351
40202
170290
977827
270482
206311
94067
406923
606359
979387
657930
508364
960216
614529
441871
460421
369152
561430
127096
440839
499667
24850
228905
319017
323007
796194
492981
656515
361484
865209
661664
523526
76904
163862
221277
121403
148730
220625
322581
799333
441858
817990
740202
751610
210216
206686
408172
922747
223712
643550
217363
863262
236970
280061
925561
398180
692070
485505
392418
468807
434430
284636
436104
539396
350257
412549
805984
806176
538960
72170
363422
381703
140174
831485
904162
632602
967051
872575
196123
237343
877081
883347
178318
288798
568382
877980
793506
2844
979828
94831
818876
658591
264211
132008
95428
562942
22970
33584
2837
894589
695232
442190
361166
123060
286851
169869
117167
739718
890063
369862
214914
511502
739783
584691
762050
197862
398343
637434
808799
60650
202481
631965
236737
172700
733075
40191
205359
934330
476852
828892
520889
604401
679679
523955
210736
663621
133833
772683
781368
650926
431302
70594
375896
171187
457185
559709
475560
454774
567610
54636
951572
270515
783005
425296
347258
38280
552750
129440
834450
913503
27384
922142
951872
465364
331397
254795
171250
802214
895868
724039
55152
157669
711655
970979
283252
284415
800927
512390
276021
243897
236742
120676
998523
74830
527360
609579
762794
211290
865307
105185
193976
268012
501896
406447
273107
65225
50831
161330
527367
797993
905148
768650
337577
730925
68953
330394
924111
361347
688313
622127
55914
705402
422857
848982
697023
958823
781779
640599
77978
462881
869740
293471
954616
160606
69614
514226
585523
885358
61571
566675
668685
145549
141996
164715
790806
487591
826187
758783
529131
688612
119045
667289
816880
250637
717161
744990
505623
289355
766827
861313
658287
508903
237870
33460
645743
653758
661992
543940
19333
142446
731945
303711
359182
53755
199411
426020
843183
93791
258472
454432
55711
731161
898296
616573
797548
326287
434479
720765
248635
306109
185247
9117
550881
711781
790806
880629
766621
121358
370163
548655
14075
940490
439636
663519
962194
652167
209435
548029
97289
907783
612670
719171
104909
264655
709382
587592
900149
996007
28886
393822
471817
345874
446987
510430
732776
25967
626261
180928
610006
465740
230880
848707
335923
573019
605574
487119
54466
497564
675821
283829
283343
248474
199256
385396
592586
600865
840963
531918
937923
11468
979833
393727
134308
174144
918764
284215
4075
670905
11904
671489
435752
183444
425268
758002
309898
794912
986834
621603
530352
939282
756387
267442
871047
363404
53001
424165
394680
531751
926106
673897
599326
306209
48150
550570
682141
120
916937
607686
325226
472644
63490
996205
600395
351495
44870
594814
311680
906271
819701
946784
470759
588065
868413
956859
472291
896939
742934
633681
691953
831017
181783
321577
9888
242683
967884
163597
529526
858589
521220
280142
406996
117789
797076
772448
900719
359281
417823
452949
527015
373866
289052
231437
798695
43121
107298
656712
349121
858373
205182
959093
951134
276285
960995
241406
715062
593077
451780
754444
201740
431872
102892
273606
221805
356576
309261
772835
64776
348446
803107
581371
99367
577437
142646
398048
363406
889621
423013
138647
368429
43472
894782
438630
701127
819299
721513
399396
82816
559686
380228
959008
315569
241849
692107
15898
959893
443690
418449
818688
893195
244290
361352
464274
735113
468516
586664
531181
649416
887315
251366
202102
283677
719098
765721
618267
809008
183768
455730
80421
332470
80203
434123
216608
536500
74254
756687
247531
111761
946726
205377
524386
221183
278805
346059
962005
905989
370495
348213
968747
761594
774500
396700
576955
540422
701334
763413
127751
59373
29151
53478
613075
287053
294388
499126
455521
731444
990899
663872
635870
814373
609988
271111
511633
635837
303877
938598
799667
462201
236709
553323
779324
947490
108373
44984
732293
659934
751309
243656
994807
125335
788738
56625
188818
528063
459124
984069
191920
123193
132073
362089
235340
619761
476458
233074
838261
659066
224624
387850
367522
750519
935102
914753
857704
124334
930257
205801
685680
640599
143643
341292
794714
64979
249131
964982
546591
702682
371290
709759
535082
370288
39793
771162
58045
230319
473752
264209
53050
782539
528493
311165
290606
923394
851298
277604
961095
905940
871329
22252
736866
897112
698524
720935
555228
691452
208837
525296
589748
387535
925408
295543
2685
303015
231371
917713
429605
443907
707899
902868
73307
205193
68063
551885
568537
605807
150553
478055
306073
880964
826833
344965
461724
402509
580482
827492
308741
991652
229221
377602
712543
243252
781347
978862
410922
250480
601539
115352
431266
797576
334160
688950
54874
256516
753495
16526
357354
766395
702328
327340
423439
990787
894846
678018
750560
991900
229542
330438
468932
413150
916712
752376
63902
258081
872591
941157
553528
526381
514284
971582
228751
4473
797284
237251
530965
309338
47778
231923
606528
249054
266349
12815
29019
443174
721357
272697
240827
872263
713539
139253
16132
288767
902386
128707
630847
281741
575036
154082
906924
677828
913894
655910
398988
267714
857748
877466
128621
513052
534015
195688
285088
396410
29680
970323
15303
108929
267645
486761
584464
787150
164380
285047
905449
738493
504967
82296
771562
695566
68143
520155
514341
612859
638710
439649
376548
644274
421163
196461
345049
368015
700332
895456
494053
82113
917313
726344
480260
339987
920825
322062
717645
22471
420630
257084
38407
236645
954921
258140
888735
55068
435751
171125
791663
272969
318869
251165
863896
449491
772721
108270
802651
929150
262466
651114
625194
155311
256155
110199
797076
940825
845785
989181
940271
95584
970829
911566
182384
418513
487519
578359
229324
77432
152971
594444
49153
389939
346387
134079
609135
451482
825922
905486
666943
419539
705669
780526
196773
136316
959388
231363
943842
625187
290168
889654
417767
826903
119916
583563
876759
702512
513355
996223
206313
968406
936856
495109
574799
75328
87956
173096
392688
708704
830839
80805
568423
682731
801678
715063
296104
97276
984115
30084
736793
478410
842384
858121
923333
1710
341641
625313
69927
93074
273151
893025
791533
86920
75318
603547
630016
387981
333554
47938
797968
56096
343562
430100
249083
574984
637228
313674
411121
189161
156742
376519
687997
746406
184409
510660
219448
454643
592705
722538
800490
4019
804424
897753
420005
129891
185145
655509
74692
399249
100241
547899
350136
556857
884393
221320
706757
860329
455969
622586
701415
262102
177434
729258
544440
77526
593528
718698
875855
504194
247313
193548
494683
433018
9718
266733
605860
803642
70865
370973
998959
174358
471621
520103
472736
312072
30741
347697
845360
538987
664333
555364
549934
527735
573305
791930
867800
429432
285416
117533
783887
530236
888448
126373
948378
905837
726254
713159
118727
121981
971014
436329
695884
439329
564638
70932
965722
414627
172182
613511
679900
393198
231224
914797
745359
245007
85816
268097
764154
573391
795171
636404
119129
694312
678407
509735
986309
374521
915353
550506
324024
829531
321412
734881
735480
844002
872657
255742
29025
445684
332835
963227
447932
141172
984514
362749
518552
282629
576849
866656
440229
840812
642398
508910
222305
392058
573795
164741
965416
169302
903291
299124
47590
692526
577740
483492
632738
158649
545982
218289
937599
604236
282117
326730
96714
606437
614659
71517
438366
123643
352402
845608
127292
829705
683114
850074
879906
105991
113961
662910
541627
286288
126767
32539
517334
96615
947175
548194
96464
215559
83486
935295
468484
838444
792776
951235
540211
389943
484515
969318
779229
90557
71762
61339
755590
822178
169502
654084
238403
773650
263552
380904
189444
955607
307074
896554
136316
576100
162132
556994
692764
977980
208656
623886
680674
290165
888902
732776
14047
463716
666129
848494
423833
466430
574166
138558
628758
430933
128401
141467
185451
287123
575075
940045
988135
998444
497478
544637
388586
257656
75547
817355
601150
111397
40494
701283
406247
717266
199858
163853
971685
632971
897139
819020
460586
188845
548499
856069
778242
288370
46251
893195
233321
870018
188409
650600
814018
805118
588605
576096
243167
230701
874490
549620
612670
141131
431161
402096
927292
500429
139077
673177
942775
114339
370671
171287
589456
921275
837763
63379
617401
542142
595555
717807
73028
415125
788355
360542
991219
245424
899306
184381
547403
573254
838813
212947
388430
255142
302557
12694
890709
62642
607373
874749
852495
410532
804527
27644
327185
258800
60961
139201
255193
854462
251663
189891
668317
738686
20504
702904
280485
116876
222869
978591
734291
361216
58124
549203
876310
892970
341066
649502
567113
715248
651157
918939
161389
887944
936133
669612
544041
647933
970001
78625
600527
926382
226920
800683
475812
929812
705150
904445
921901
460133
397602
780370
347697
651824
215385
380680
831428
469090
833441
548117
551741
948934
247723
621432
175533
539173
900035
464610
127235
76689
852829
143452
945790
8043
181831
738188
16212
329241
91000
681814
971628
824642
690798
575531
158920
461633
722052
176640
813180
877341
712348
692970
242999
395520
473026
813722
925223
435227
451074
663329
43858
282417
865075
109466
564050
885457
61616
135958
669293
770533
737010
995999
87880
131206
503282
605962
233830
356111
961042
233231
483705
271482
986188
644520
154087
647141
122198
247960
187389
251779
628011
932704
211658
759228
647039
745976
490588
896775
192152
672949
205513
646479
401279
155529
72289
826674
810260
39546
230000
799862
175986
630226
835625
493256
117087
614688
461896
183637
736317
883063
522433
281972
320150
998355
612748
405088
369616
604843
241884
980179
931390
721068
295594
977843
316409
768840
86795
149024
573928
357828
81820
320180
240744
246540
445398
249694
235916
818186
494037
509857
573745
64001
801046
166212
500401
663414
858662
719518
213229
179285
420276
811503
916728
884511
331919
190375
162090
814557
719857
478899
523515
367076
86105
283816
19158
135918
796484
693513
817077
302642
711491
834545
901126
212146
234952
570685
859098
783841
2294
318215
954
94680
689263
982261
846756
844951
108816
68233
7393
754896
946334
66685
328084
862116
646635
747364
269404
873090
753514
613048
419905
609090
811709
791698
14020
9862
55782
15346
149110
243021
214396
783649
653408
297356
125718
646204
865355
737457
82468
506650
258297
34344
871285
79889
75256
717161
929389
374497
934546
392262
223003
209785
568702
371862
311353
435180
41234
389850
476468
605807
36789
436254
459648
685801
883987
73740
376187
460719
227777
29773
924914
939577
661075
496630
268794
556963
515270
692199
468443
728531
857866
649944
800481
18992
722131
801032
308166
374216
391486
838648
262283
709343
188536
469820
48301
176684
950181
972504
213765
94499
829234
698933
331121
807874
812422
232674
343459
384145
474128
94672
513651
786953
385590
932932
676194
868326
916318
873486
430027
448436
741668
859143
191673
659155
142076
591586
518653
735542
68731
385573
439161
644892
565210
102595
134302
14591
719299
435751
778587
446711
179344
644784
390025
763390
627794
349920
449116
128365
869054
270599
921678
128298
181538
356270
956997
696344
427882
33411
697391
847460
996268
846624
770057
896867
666751
463995
5613
970087
119322
936036
64431
753603
817577
939984
331842
391776
523195
930257
130111
124325
290216
761392
323150
471741
235463
592940
918300
152188
692060
332926
363853
490185
473830
436583
491163
319550
761050
816496
825975
469838
27412
857304
978311
999877
854559
755561
932431
566982
152530
619314
226087
308733
457613
266500
777405
965361
951072
212252
924677
134710
427705
876476
603641
17616
413138
24423
919843
33543
562691
128384
460325
687271
788667
683529
655633
296560
90264
619285
277729
115731
939637
907926
196820
951361
3229
9765
358013
743518
598597
706949
570409
450721
174956
978363
514896
864282
512125
139183
273335
169493
336860
203327
992124
999861
870719
973892
153311
957133
737714
184556
509857
28979
663030
54246
706495
400830
282889
256914
611244
344366
224555
609655
554249
475629
181425
972748
524822
113388
950384
773212
379855
629412
186191
98033
105172
44189
231570
760221
486212
590394
56194
366153
896423
949183
802488
344520
354642
965547
16866
739868
149726
179129
438214
236645
93248
484995
71680
274490
14509
409253
532518
892541
521458
624593
126124
781010
188892
806400
983379
508488
886500
380117
909030
425280
377743
759542
313446
827770
988143
237668
858240
291063
881705
957614
529555
41502
919607
87095
213662
758637
377578
525046
787096
271010
123274
930711
425155
622792
367932
145245
28810
103557
190549
700990
366078
593748
656031
712511
275646
833932
164377
708637
642249
308226
145910
136106
681453
881672
885566
219186
43662
768230
209004
574394
939063
594119
74429
936526
947781
412647
724198
511804
892189
446335
629873
724683
958477
64117
644200
912541
428233
588141
315044
190638
488902
321813
239697
856928
790194
754091
623376
355554
456145
597201
577251
126328
623747
88487
587147
205703
634166
578337
533043
302882
726546
959960
765517
122150
282074
746773
181517
117075
740363
180242
394461
122307
85170
342805
924432
274784
602814
134425
992245
350495
324168
673256
384268
211903
995064
103756
135104
684688
380355
522883
531995
381089
661123
992950
877466
260120
251908
395584
139458
936742
356434
553008
555161
883423
478410
23230
436989
6820
351296
76728
498366
166308
813419
983088
886928
282094
255002
494387
694408
95096
824447
43346
522417
891479
915160
454873
776693
371847
995141
500056
556179
149712
200564
984243
526711
721470
468285
902316
367850
639261
521623
707523
257228
302210
655357
952240
634849
614607
389762
613068
105667
839479
611538
518592
127845
78926
742973
483566
65573
948522
883141
851506
686991
965742
956909
349188
294122
71138
199072
296417
952943
843031
842059
383339
229845
904945
49616
238719
422378
614491
183211
651449
637755
26284
253788
140600
763639
351472
473836
936330
925300
792525
460814
62043
223450
157047
80309
328826
443358
618085
918714
792720
313961
569281
886037
644233
880970
155512
780613
392785
329364
470176
382268
859976
490415
273253
635355
214328
389431
249453
967374
128184
156199
890399
998534
549439
304770
842893
548058
871760
139195
710483
740363
130823
145414
943447
409523
303015
438175
920244
765217
424188
29957
190743
536491
630769
364416
12880
269779
432854
503896
159103
644288
364272
927600
876866
744717
410423
931389
171366
989453
659411
429986
26703
702294
89104
505912
649237
959353
703343
959060
853374
97705
211760
434213
587592
660826
230436
818943
826025
276223
26286
978314
685054
830792
532951
109439
831688
714253
409304
791516
839268
17500
543326
913704
156222
624742
80309
487701
300102
197400
553845
804793
774657
205721
417321
205198
579612
471297
699042
589225
671118
390846
267031
971726
879021
416794
608353
801907
884030
274532
312947
525607
156587
821337
473952
202446
65416
22714
627372
867605
464712
846154
398763
37296
846226
578544
431560
46311
388319
630910
161419
324771
102595
423869
176822
2885
618346
421450
507300
856120
837948
955381
765546
348145
818521
557515
307075
52222
171350
957627
367429
644619
977805
537894
778304
249341
977635
899318
749560
462587
624075
121934
403836
30199
991171
419481
842667
906854
224404
636389
326337
364362
69915
119258
319155
344826
962571
973385
623904
115845
955547
371405
154202
541240
531890
501994
321818
875988
997469
197538
274134
951260
148313
218013
857362
99518
59964
452281
913752
91911
8335
566744
319716
561152
15276
700422
306910
729921
247723
149167
135382
186281
329699
393839
584715
962492
415927
417332
589333
287182
150358
815267
511050
291780
662566
396573
666677
168242
290937
101119
287909
155935
28102
441801
705267
672499
852541
442281
432143
385573
669668
694139
864189
422494
43440
366245
101584
321735
217164
52219
785947
622059
397746
527924
216003
732545
40285
745721
261331
735469
945253
872173
470290
207686
244864
955497
45938
271473
576105
13681
897786
692765
120746
310490
498541
414390
14005
154087
8717
327333
275441
846517
51280
563280
825491
800763
393095
548200
192288
341370
739429
726023
140720
894763
596280
341519
272858
800014
478088
291129
255275
400529
598102
610565
958076
707425
23621
45873
602492
300160
288596
504255
401079
698658
543696
991554
369264
297129
674976
403959
83371
600527
717197
256787
677732
983845
384910
836307
3618
22053
266838
959109
710049
364629
400074
811520
933401
906628
856356
908283
841641
352079
603863
582036
152353
564742
188357
602538
92118
271583
932584
31126
714840
706764
179560
860655
460869
683074
91302
478866
468864
161717
800720
766614
320985
544422
862278
364960
555713
139195
644717
883736
150709
147885
156247
882184
612367
223148
449950
392394
286194
417865
670221
410324
274072
841837
337733
815943
843251
496150
587926
977408
172629
635330
285298
932625
334092
87673
595886
121594
192338
255594
122497
835709
530595
461619
886451
707537
695353
290639
370537
878588
32527
946694
647544
318904
261679
683095
568404
372033
769895
650589
706109
278591
550650
859083
671994
536696
318797
94265
153962
711958
836953
83045
750942
230103
293107
274457
385775
246473
173752
960216
195327
68848
451027
397653
765630
198943
867419
277162
309816
758698
333240
230733
425394
162821
934155
709240
974697
338543
542981
593853
639847
364427
200744
3986
228350
795601
175438
320361
461098
290054
113441
165059
39523
317173
992813
80428
177799
994677
556562
101219
115627
684370
693012
949982
94862
440638
96820
453086
169313
344938
473685
851179
971529
228180
604939
476764
42305
97352
653326
759017
480048
550613
910131
227959
828541
403854
793584
772011
278859
256817
646922
630924
595063
550751
857751
60050
517684
614320
19484
609196
743761
184426
755146
86716
513600
873784
424884
3982
275547
359544
256645
563122
975310
339237
61592
129183
71643
976221
238514
150357
627237
363671
435246
302568
973932
513683
523010
124458
696502
596577
253387
674016
549807
186633
431930
290834
198605
161546
105410
254379
45550
630180
504731
183151
562034
699860
308739
335367
956742
625708
128663
13294
185101
164273
937468
64454
437794
952479
992938
413963
201308
604725
110779
547685
813636
476148
182213
763318
699626
898984
348496
19615
673656
828284
186665
589500
593568
751412
797018
724265
746935
258718
91830
667475
7690
131186
895278
431658
368229
233166
948871
402926
514642
830348
648681
427869
370776
881730
121253
40743
521169
210107
931157
67429
431010
344100
442783
917599
836636
417933
102767
985179
627102
58416
505659
79533
426739
226863
57247
449416
31712
583294
226099
31236
542948
47886
870259
682393
203836
668764
976433
799956
387141
302773
156275
254418
96188
134415
671533
181357
308805
498824
442633
437258
293285
714355
447166
194678
542518
290192
813180
914236
881900
386648
919103
86121
666981
816531
905171
896976
589133
147053
795379
364557
149957
382231
102303
150235
584886
636866
740360
520839
315436
438986
900523
554454
793062
784333
184409
179309
571715
933646
623747
524612
195190
479330
630793
927076
293471
194108
55657
31518
156447
977372
518348
268310
70423
933835
438712
714440
776991
962377
368906
344293
595485
275529
164622
674601
743667
900811
500666
958140
459014
852336
678183
626097
810286
337374
306474
576849
710889
439803
61259
644815
172635
374966
109343
444825
460631
726804
202517
357242
118822
208227
594644
984021
198551
71025
248483
790498
703639
742050
410116
309849
450392
263855
838511
947394
962900
306801
956308
616618
691507
694430
156950
700323
944602
839504
934611
471866
627242
894732
297058
3289
534072
663484
491913
133348
17237
49761
