402561
165108
614630
403699
630024
483008
358222
179688
416052
954358
956358
959678
887419
287503
959643
564783
993133
445935
109741
791379
202450
540557
389449
317896
170442
681047
15796
634096
586914
360102
374207
47730
887791
386897
446542
426652
48586
412973
47407
459092
461351
578467
704486
349612
608749
445778
581700
64651
966251
264344
444889
587765
968807
979323
433357
509129
882081
454135
777458
287519
351651
994064
463968
719320
14339
446293
497734
910437
924449
581577
376748
252005
165094
144335
444018
967675
213065
178416
583777
112433
869501
925234
648566
733639
118832
776644
368311
237483
757919
634161
142454
108471
394511
175733
456868
885242
786650
957336
558514
233190
990084
514543
710759
191081
929157
640469
661467
885138
472869
269270
593750
827744
682561
942140
168040
433670
369203
340612
787052
874754
475708
398916
768280
30839
990670
967304
669202
71817
999883
526610
919777
915470
120307
16966
907968
747836
41966
891042
362517
809108
537923
689624
228488
81236
852678
235578
922484
622609
927783
528355
884603
913270
147965
612028
632437
376262
218708
619623
311447
990084
223224
352161
164825
249290
943084
561140
631563
394221
332670
387302
13944
663602
87423
152362
798455
942179
726807
467418
440925
593761
340538
602211
195550
430189
603919
140287
932030
176635
908569
916786
666178
493635
627554
69463
710818
942217
706028
41767
238422
58746
430878
470720
582466
800910
619807
225426
42076
851522
90504
314456
268461
66993
102174
945076
261472
257222
274140
235709
944756
790403
509111
9079
670079
397822
422878
189679
937624
62979
607227
929849
820322
142123
520812
272857
224830
374322
123598
76956
147000
485115
884785
64062
745477
965227
660276
352243
912506
205702
562845
591144
235339
495217
839972
196743
360271
751293
739615
665021
795009
432474
875234
384383
131554
282225
970000
774625
212949
436611
293730
384227
46943
664255
433615
264777
949829
32052
258829
152804
577832
725214
660527
822762
684087
540748
271444
889871
228555
588871
480184
921719
743806
706009
268399
24845
60338
858221
532890
968612
903613
105565
645371
916849
297748
293522
361050
503339
78747
566176
278404
328946
186971
109139
573138
662721
252195
65255
477602
257774
948811
805539
12467
480160
670571
849060
619559
478120
773784
248122
365206
750650
384221
323406
293309
279728
705138
279518
821245
681098
847682
147351
557635
76833
225505
565827
404376
811334
999142
95808
627635
962134
908875
544579
499271
426684
991412
542740
264670
268856
818011
675997
824268
718393
298983
128923
443580
600814
515985
630497
226070
628361
367310
326948
847557
759505
859951
363210
526426
713725
97314
934395
277531
986613
291351
752865
177822
650577
733741
714601
749773
864085
909635
523529
641613
710894
192328
937328
668117
204607
402073
720562
738914
837161
251695
578304
221287
854273
262589
600610
715055
702151
406160
845472
699905
383700
414710
405530
693621
657435
320792
730438
193547
367828
300029
65217
494621
906422
113309
134124
551828
562640
649302
60998
398538
735452
322431
691578
390307
810967
608906
111530
207460
736863
758241
109003
415125
848267
103726
881091
606149
920858
837901
856143
180798
189425
77898
571944
596320
848774
322720
531078
374146
610777
621856
744109
506111
661647
550380
320818
168584
40573
826043
275318
110550
100383
498523
550236
266994
159766
971605
383650
796820
184494
940959
155478
496556
934496
742659
54118
376263
130286
850678
635618
64924
945320
319171
659754
878374
387981
430590
145585
49557
552282
9596
456594
60585
386095
377530
766942
774952
364674
538686
503971
795982
349300
203473
220024
572965
27459
85726
278864
335251
441807
99421
399147
256920
610932
432970
296968
762862
840289
613298
584005
823063
896372
834350
640810
69000
511130
517922
329121
331541
614370
905435
953579
775436
959063
309853
639812
973314
783867
774232
218394
103660
663703
336670
493951
249887
585123
537158
295224
875119
530333
238151
701819
822575
692386
190720
823667
286851
712647
698594
641613
626006
985489
614420
59849
970460
376263
775943
224299
988636
356632
315053
77120
923960
910455
826401
454396
699144
9516
767689
147853
491788
537327
775109
503251
167537
368460
622338
117287
3958
517422
356755
514968
961704
305682
567044
121506
940911
455912
529915
38231
373396
577117
206796
361390
698472
653105
439628
173471
959173
569696
148056
158406
287160
642684
535276
914027
503748
563992
709409
349478
640952
763508
214852
106599
251487
285144
844266
158533
616104
813883
860545
120783
180911
877164
713664
252094
829437
574801
165919
470014
10139
952334
442362
995731
432032
443328
923716
160310
561080
583658
824000
189974
843010
465476
590839
220974
634081
370960
54080
949003
362143
469210
777935
238610
625159
402253
612129
914596
111388
117380
249693
436442
508046
449795
570419
309684
372122
985734
857201
546125
647490
284780
933042
458904
383527
994835
632062
632447
821469
177995
413086
999847
34253
343017
610651
458909
994882
487378
801
506783
685072
281783
518757
621006
990899
73384
121257
635273
959370
229383
384744
8370
136725
568347
440431
774232
84124
791752
663109
491708
779503
419845
9343
991288
83377
97488
242211
824553
934547
561413
58746
614489
607499
696251
192384
312747
822415
756708
28322
612684
841307
733407
262461
25325
52391
163076
872011
632874
141627
522245
808373
591581
61240
473957
956634
299834
103711
465949
684483
391960
515786
11251
194239
373392
685354
748233
817408
852089
82923
600471
141596
135269
615398
615775
747677
397199
568642
361109
217545
621387
942746
519842
779231
72412
774066
857675
950391
535426
171321
937377
529621
506206
479496
824758
832570
798017
129907
202379
570721
730619
209301
869849
258521
409419
591446
972630
580233
571557
457746
984221
532865
514867
530049
443143
912519
97666
179599
780165
411272
447743
312161
915591
663273
825577
421859
954307
254359
492294
333075
353779
782426
468348
330755
866595
589571
400945
504944
855023
802706
569587
374094
744512
228183
487740
822794
374163
153398
71047
971840
170048
942839
201169
328943
499723
544748
995447
726418
153596
773513
133268
847401
832763
247246
856814
126747
506118
16024
405391
772234
387148
840953
11760
344734
226671
476606
641690
243119
934348
562049
308002
95380
34554
899447
240102
414795
10740
262007
975712
860924
267367
83624
822417
559243
214737
83351
553100
427509
590622
122478
790449
876127
756204
811757
281836
43802
358173
166127
132397
584008
869635
285662
861743
904198
595182
851732
29356
693876
236759
720174
988247
542045
856891
586953
154646
517024
71340
320213
821749
459041
509111
612991
304069
907588
649616
908050
559417
820613
42275
945424
148964
51765
267745
874222
557333
419124
168580
326818
557886
366760
478544
316489
879983
570471
302715
302595
747582
46293
983108
406529
49908
75284
368825
898417
918663
887923
163748
300974
225271
779
619269
304866
854313
474483
524036
673805
850312
990464
916074
310789
34243
692452
763308
323469
341445
386120
826376
136525
480896
807995
857563
175416
97520
226157
198695
466614
694131
192024
38272
274461
859830
830581
44517
959616
722826
968647
250186
305053
967675
70816
248120
492474
795345
553252
246378
290346
72067
87039
789460
765370
281312
45530
627188
914097
474669
710938
777712
925587
314322
372652
874881
737160
497563
969367
177029
215648
835588
245953
276535
737341
460055
89389
64733
680758
708572
165963
844142
208887
944320
290526
902429
533434
575618
250687
653370
297847
122331
753719
859397
941510
765675
930053
396465
328491
929255
174324
900045
828875
729079
124763
127377
1893
172452
861865
241902
175488
301534
570925
557930
858277
873200
399246
162988
680620
450670
668264
375659
686490
575972
838711
110464
658688
656664
712935
726316
678436
497002
90487
8124
721450
397626
629962
380131
168895
206407
274726
468127
228192
731621
889520
585634
323103
222364
343562
831570
732857
921999
311411
559036
814417
528428
22306
10216
979324
579985
168006
465772
985563
354674
195849
738904
470314
614377
525040
677792
165346
36422
533697
239632
552313
774891
552507
368927
162221
354215
253543
926194
298559
246091
315514
667670
345939
809913
889871
251073
784502
949689
26119
99025
703650
727432
880487
935364
132751
101550
493031
715523
207618
231953
415338
885971
382365
25027
174530
729308
896864
499840
115032
449044
587547
902489
964515
992574
684094
34432
106073
751768
896558
128843
54117
954394
56678
586642
547539
422879
154738
232025
173787
999212
166127
9752
295815
36618
557470
298814
602374
382500
87597
220231
310895
197599
665995
297531
792397
547539
753054
353354
790977
876803
283528
899369
711756
13455
588834
891624
653671
263224
746415
696012
224146
937409
946842
88810
765152
627748
962725
231550
941005
112036
896944
261222
526721
215447
440296
134341
56255
46679
811146
80408
759669
853109
21454
660270
16144
4754
320890
663646
247809
741216
369011
177016
171920
395027
132488
540352
45427
422587
670372
47487
404940
318100
958715
225682
922511
460199
952010
198238
754443
484009
544827
250290
782032
292505
315684
43006
640688
483341
933076
504103
369115
294623
531502
888890
571559
251252
957161
418908
694506
477181
375164
702748
905593
886770
782766
337467
980994
836707
535961
840978
470143
95808
17700
295760
48837
501050
981666
786017
828069
169910
59979
33980
665220
808620
219460
766670
673580
704177
417747
659246
882813
580858
162788
539894
489465
955646
855191
906180
541960
791800
754551
789390
206293
295794
421709
903938
436912
674834
917206
463283
699555
112012
6519
6193
109608
646227
175039
731859
815113
225239
86305
649091
143134
627799
607585
644587
250569
668239
333186
280595
346910
502646
388561
564736
443034
395911
80422
985164
437815
804218
755393
360009
722186
264649
877973
600282
435415
978146
976793
37214
853882
977329
353496
336797
881527
302110
842241
66789
523099
366376
202335
873035
935255
732027
641820
41517
785710
796941
742962
50980
89837
590302
278036
11284
45145
985862
240292
988671
69097
700713
495571
260648
521633
934279
395329
790602
336643
481158
668290
168742
949455
449949
633660
67987
806363
475739
655170
240384
118682
662393
411272
816034
515283
280929
155972
752552
37012
977228
740617
542202
143041
608845
947694
821921
440873
784864
246738
480797
8092
497630
794342
60893
506182
373682
248526
323443
706920
866171
940406
431061
808982
120225
667235
231921
212297
599130
284821
52461
318498
923330
508826
320078
772240
917937
478422
382497
679047
903450
958079
381103
393630
659113
878933
35535
544949
111262
167620
901430
34819
485851
211367
469578
915737
997597
198187
627042
949228
582275
12380
974608
301965
554458
595925
773052
178204
591118
150218
18205
247986
223464
909083
661817
558960
817808
833516
594800
779472
236930
738888
261993
809414
935041
442722
879895
139905
351192
143076
402269
47214
930424
550465
928265
375288
614281
737822
445095
853042
601588
116238
343695
827163
792977
820675
705786
576881
109445
750764
497630
436771
483897
50764
101433
322524
336537
132204
592022
124552
888973
162658
740225
567988
641820
11469
315474
200085
729769
77192
70034
626610
111389
156615
802818
256983
692703
805871
476583
884671
309635
538150
731067
705904
665279
759103
875386
747929
111688
613936
884110
896593
91375
953943
480565
389140
799016
960497
614059
186449
753849
551645
973205
942224
600807
176864
171984
482191
325915
642002
193093
695142
678428
16347
429378
390189
547416
72142
66350
699406
677050
356166
862830
175522
394464
381956
52515
299890
541900
249901
726644
447420
468524
846828
593724
602149
819050
195853
170908
650375
458275
82446
94491
933235
665575
484959
428647
330209
420092
616297
46641
687847
490900
230993
905049
916917
743200
668068
142276
127646
221564
617964
428250
917893
617500
737257
431739
776842
783230
594097
136240
726285
812395
649044
776252
483795
133021
62174
943037
97219
536088
37480
682596
723880
793054
798909
49785
924980
933988
770924
325083
841566
550543
303757
99170
311410
290339
366423
92637
139807
519456
615870
465363
539780
106599
518957
474832
744485
87817
506959
990940
85941
562370
592660
351450
816185
469185
901816
237762
670221
86111
300692
274108
162476
341576
709608
451194
851068
125916
993901
267943
169811
423135
949291
464488
38691
160879
511347
454955
797997
290088
744732
861711
764755
558899
703022
295887
875664
486113
143387
697276
580059
872685
9371
388729
229007
364318
200150
857376
696751
959407
427962
47327
945999
734905
369441
802225
372498
799256
506541
977965
112439
662717
603499
939894
323210
997242
639359
876157
239367
953149
957529
20701
937962
332695
476695
340614
675845
823067
211893
28783
400109
911
898193
793149
113875
454337
212949
236034
544516
234449
413343
392803
689401
507508
667955
757437
463483
76323
395731
483166
238680
790713
790226
836097
308983
723820
790765
603660
689035
968694
888420
496508
339843
666169
806965
179230
968341
994518
491823
324576
384383
505047
99453
238826
583103
784796
731155
447846
351226
447306
512638
971484
604399
827664
170792
75225
144135
489555
108386
78021
684799
551055
176338
913853
440198
569020
479368
105119
515831
914185
281431
556535
661938
919734
563554
384887
63287
30732
335130
484551
135516
54246
982776
351217
714725
127694
597138
458824
38632
154450
67441
392195
607861
255899
909492
183303
904103
224408
988575
535177
993838
731249
396425
705399
633060
28039
765137
984146
444312
43601
313598
775527
473310
772821
679945
207224
361410
671419
578567
788621
520715
900793
550200
805044
30932
665755
865967
994398
49277
388852
683915
818700
401231
254590
374957
396041
501170
281557
194245
263845
57914
832339
308519
513457
241976
56918
239027
222602
743732
803574
946979
319630
110649
855945
660086
289247
599959
668156
433543
228644
628445
215952
636079
925017
479308
104290
525135
919001
404260
21068
851338
10906
407294
856398
861900
65681
762959
447200
196868
669556
166709
438399
276559
333307
342290
700713
937639
491880
598362
577179
519456
426696
209667
154755
950292
237545
926005
809165
149643
537892
609724
467588
403184
505049
318500
605123
50358
333349
42958
703826
11559
436244
872329
822444
811052
246938
819676
768730
46644
547757
620931
356691
423158
802106
380063
86140
984604
648218
96185
449666
840923
810610
634044
658765
329130
698633
354881
607566
87417
133729
476940
706158
750623
229512
851316
675254
796711
694980
331176
643665
47742
502923
38423
663144
610636
114786
426428
528554
360935
974898
721696
383453
771989
825617
745979
604801
855537
962693
290525
363389
162489
448274
203877
876152
838992
15183
558124
333051
309295
537470
694256
624702
4304
65249
220670
688261
135141
166406
654865
537278
643689
967568
324877
686337
880211
949392
596983
244733
885815
835692
514367
29199
190289
584615
588738
926844
785893
167971
567329
951179
479723
432709
354512
879353
869849
733721
771489
708789
93635
265039
898042
879057
297679
622690
536532
590687
791118
231435
960304
211801
413562
138021
72287
6193
407526
488387
292001
261604
838663
351881
282124
142623
496061
777543
964703
607332
708376
618564
756528
796794
384773
464616
805442
576834
495633
752552
732805
847954
238485
749992
45125
462735
823633
203718
184859
184778
656199
918501
386000
396821
974953
784270
236620
487019
787417
934433
362920
158555
185740
192721
78275
180319
960418
997748
539367
396826
650512
290760
626006
309374
976917
345424
834887
133058
203962
365757
187129
661926
206796
886969
183492
596404
132860
99065
297834
673700
527658
659824
731023
725709
371733
753991
939450
904275
499352
573855
458656
583675
477405
64083
913552
842363
533356
743105
408282
704412
801172
685524
767136
350448
294842
509319
941975
950341
506713
181746
491869
483998
864701
64567
50327
299325
376566
742962
513186
704149
3789
626952
998398
50180
81197
204212
698537
610917
822548
345307
424783
314597
644909
62829
186739
42251
137135
613987
276860
710158
13282
315363
203349
99169
795466
699118
828030
88441
963519
892723
713041
158839
777895
617594
124695
402274
847798
778373
522169
163949
74778
430313
344942
982290
313316
602825
726042
373960
227278
81522
35809
128885
714712
351828
292311
474315
45319
674253
408117
753139
790619
943675
840113
526571
863654
635330
724706
445717
493452
884960
228173
606929
3159
898053
663645
897253
984609
249464
698616
946577
765080
927457
668319
759295
981631
436545
765586
688833
160488
824464
631039
294589
265270
91602
390044
618848
349557
135269
159661
269089
376091
738669
346521
712040
664259
935307
116114
373019
232831
362195
730550
240158
780217
312583
750032
270212
649569
552975
392367
848930
94290
97682
797574
829317
26796
350295
328295
577829
896006
337507
648352
833320
985097
331616
716704
781873
436149
281998
572410
535389
586832
402717
71036
496636
139589
22703
731803
538412
430308
4591
790001
269036
486477
243867
115429
236200
813193
790328
850833
335439
121506
788995
353938
238947
910241
686831
761537
568683
945682
686181
685814
333070
499113
365163
277019
36641
693919
9469
944202
753493
544162
142417
482395
257604
278744
213240
363650
32419
23542
519313
529793
821005
981358
818911
984552
220225
484233
331908
668126
829406
236674
262563
116164
143647
416601
253167
639799
65339
450236
68584
422337
364917
78509
386831
764708
482935
39380
347558
463879
206707
28689
731111
908676
929374
860030
279747
123970
475046
430509
941052
206919
737293
639772
755157
818193
218478
336378
940079
584560
278520
118217
550048
851733
653419
404409
690325
799854
662397
124868
812149
370193
636904
362895
163861
389893
811738
27030
724641
878649
41011
914409
563364
500638
821433
736945
312021
657918
603911
861652
279294
39766
113539
567290
385703
800978
354055
934439
722258
683847
421757
430731
374624
193828
855446
687925
257662
910318
957322
435204
113983
773297
542869
749028
478396
687724
361846
431405
46879
658759
137056
704756
654158
557003
238332
231334
205059
826683
545600
843501
547092
852729
239611
273747
881857
308832
126941
247485
295459
781970
889905
951640
585736
328060
995383
902271
611989
107751
472347
802824
488446
236249
869774
30352
742854
491639
155177
413616
915911
426865
514976
523753
345688
449937
874573
112325
793851
362229
273873
428620
60034
46002
33249
296854
419178
559562
205427
681196
992470
335989
998335
208499
949072
844938
355409
146603
497712
942891
992769
260737
668044
308582
239262
296175
52863
230993
803569
308809
119416
324237
541758
814171
768868
439256
426368
24523
160487
334689
699959
398574
336528
934533
514419
311777
963924
917868
335287
149135
993302
412503
287354
356803
729919
772234
374281
944100
78147
76294
598633
406838
617701
911073
75315
255150
547745
948932
251412
530636
101527
253338
938168
145121
67465
275972
170478
530131
913263
48463
995634
777701
489650
246438
880158
126522
550362
508843
41789
718602
190796
647206
535495
807150
497809
206749
232163
698195
207967
189578
572884
34142
169796
14481
351760
856635
870344
894074
169697
525408
93922
572916
514667
331157
30253
687801
841336
208181
850438
868424
218584
128199
397159
596793
620383
334236
399247
496556
587403
473977
176879
236005
271696
444409
624601
882513
695360
480515
670557
961491
783170
572338
617179
808211
614499
981959
794498
788463
873154
379016
211931
151246
720779
778733
407201
765574
750499
648913
113823
735369
680212
178509
493297
730728
89744
972019
169358
642936
566003
822951
929118
498286
12150
806357
42983
315383
122258
555656
76233
980130
656061
953596
918537
623829
734586
875442
678987
503109
293587
267458
696368
497953
686004
357610
473246
315713
938114
658651
206130
237545
810511
894231
10395
331202
746002
378853
182199
9849
473773
79477
77708
195552
623230
487410
331249
859766
325848
661641
484342
414903
906869
206464
381033
870388
363414
165057
423426
132628
353343
972629
801405
824099
11765
236009
767197
382903
442921
888973
111894
681278
744533
148736
615606
256441
287701
707734
263263
572191
536750
489255
343100
260615
654401
287712
748587
848365
623004
38178
21894
234131
483568
379532
617807
533378
128285
389820
434425
599657
754910
489981
351270
550971
545301
257531
15482
863564
622741
632224
261671
280621
281130
675598
731583
649765
642668
904869
902166
463157
774649
843330
631323
237320
909404
689237
547841
614678
836553
617736
463106
675714
555202
838381
998626
760374
761822
153995
299632
207542
607521
163198
649277
238986
487967
5478
743530
329504
607135
192770
738558
162832
847856
798964
397880
175458
555420
521432
677010
953862
759369
812126
944052
932578
628866
855780
135559
306245
998242
581677
317939
408408
47110
157829
47830
315456
910384
744707
828931
389481
638530
250462
520291
511
725622
387740
998626
689224
832547
365369
540998
424938
87761
265274
579309
125204
265477
587369
775487
342808
542502
740712
321595
897976
100647
717401
403852
101808
900816
987352
560778
160500
323894
741778
220303
195219
924007
660587
421006
844234
223744
51448
399151
492200
809212
473757
239440
907034
223057
824758
121964
699555
275694
84055
578495
761402
632133
281198
343166
576849
150869
791024
817415
211715
973253
841586
582120
440688
575867
26733
834207
480686
642352
614851
597025
752764
245101
29361
507622
760525
648454
355411
510211
431941
417753
348972
954651
55261
169809
678449
702990
840117
607484
996075
781433
521062
379869
551333
430186
799828
499062
632207
285062
897173
288713
956567
914596
303850
850158
934512
937385
489987
133595
574082
359510
223947
958258
540379
392043
35103
586737
778318
815428
511718
165963
178749
929255
283679
846721
617866
854011
983100
895988
287305
519185
764100
710841
266620
791938
286415
892759
48201
364591
507327
114755
969860
115874
536880
507803
154475
305982
553509
129488
438868
46976
756850
98567
929084
878228
388748
24956
542050
657561
151762
709961
831090
661756
129172
821584
562541
181925
817594
145585
983744
747059
509965
661172
67889
622745
471185
493466
930238
867223
682183
714983
613479
650892
566023
585256
600100
317115
306887
328946
157200
667712
802315
632161
489720
39094
73544
939868
77364
35535
731071
507286
652932
171359
646304
255899
321010
774673
627092
921633
429302
439132
498601
162964
414373
468145
161888
118870
279157
245611
144094
565365
255661
413810
441727
115073
399846
410201
983376
32686
970746
184559
292411
403504
708571
553595
413750
39522
304422
107358
375071
388145
516776
856528
892034
335989
354852
539308
804770
255983
785333
107297
842979
874887
936931
70705
196812
587583
776635
152682
989758
392975
763867
551145
253167
705194
346573
143046
506959
684107
655788
644923
25574
274513
987654
796941
54182
578478
331009
367662
222956
226785
955098
226020
477764
389255
347773
321775
995683
757842
111075
261250
954278
358671
976793
529428
3538
916932
589683
656393
331195
941155
557869
523086
198556
322018
269391
446524
681884
697914
496184
123159
277753
784471
854270
583927
943344
343393
242365
473224
671108
808662
307160
335169
326676
349165
547818
365929
630827
259744
749414
869355
356365
487882
760407
300258
66305
117163
165403
47065
865282
449987
465666
491930
304047
940897
124069
415491
308198
734410
995480
176600
987661
860521
55225
421929
490890
577175
117231
51430
713182
83796
392195
123021
234885
428833
433711
187387
657761
681231
959144
531494
265419
496955
653042
192684
385734
997144
57656
757690
679789
920745
267663
996348
623392
281783
484898
869355
781582
658922
625309
730750
180045
418274
596072
942140
641590
24391
61259
242359
161050
36945
561312
917834
889488
274100
5458
537420
828463
404728
474328
699188
144069
511859
436647
694235
249
759580
228523
448633
781237
798440
870201
657667
995313
627206
530183
535942
839365
891327
109457
278045
971712
122108
991073
912132
696171
805576
335130
653491
147443
919728
1151
266959
271717
811940
978921
510029
779115
336141
120362
988783
107265
429295
254238
274044
329104
954203
136434
403037
639794
203325
104918
925234
340883
646296
907300
238803
564402
429449
627849
674788
576709
355621
677242
578854
74
71839
24186
528770
418290
467261
15468
503424
108642
208348
165543
166876
134343
336103
138124
103333
102633
687739
987877
710004
425571
407573
339867
231742
562552
396445
156153
427956
634965
7854
849153
323652
129399
459325
860636
33185
501702
536364
969735
556798
898772
516562
354358
714930
147452
630412
462819
894864
589431
507551
191011
43411
757145
110555
685280
677937
618914
485038
617939
937169
540035
779388
846787
79399
639083
892530
150197
801905
313503
1667
222323
841294
640441
288496
446877
867052
634706
41428
58133
657398
50247
402411
609918
114834
961420
414508
516580
37002
606112
328318
568845
985032
238248
368349
890347
509559
404847
355990
138262
6653
826388
737701
798883
288126
279889
643473
131585
654062
847204
496201
802666
573138
894529
284904
273066
458004
207359
876397
80286
813217
780107
321826
544362
419579
238557
714553
564262
501612
711782
588039
862775
91714
975078
301357
940987
477678
508912
562438
993322
705780
551486
780489
234201
730550
189966
568191
186740
491829
266029
102738
750956
764395
272436
112707
797492
54431
609158
752781
469340
675822
200037
108353
78849
755364
763265
799808
594291
586696
969556
246370
472695
67987
31
925341
543492
670587
149391
45345
44404
438606
477421
240850
163276
229431
271951
295527
158557
346572
888712
387948
285707
8553
659731
771454
431179
856658
511964
462760
524602
452364
347718
99911
867626
631869
866061
885959
515714
56323
490464
650966
502324
881317
667403
714986
339343
481555
139624
785030
711520
575259
251462
316934
94506
527539
13371
468707
11289
853421
830413
537453
655147
249955
242649
265982
678681
517765
222388
46652
460903
579133
808083
274271
872534
984537
13365
301968
433524
54630
565019
999072
365195
544057
431265
47683
181682
709990
124241
236209
212504
471966
566044
238873
795269
302859
682583
642955
430377
678979
232206
681084
268971
889933
89209
341869
555789
