993384
44375
737548
539672
78697
835927
445846
286323
181863
443856
683162
423089
122815
639093
607030
627478
879869
470746
286183
922062
759647
709506
248960
192079
673097
316442
973548
850847
182561
844885
175584
815492
773445
101006
862695
530740
44375
672461
421925
941198
179170
379981
355596
577952
426855
78881
210338
254457
594215
644541
53819
544106
580640
646374
975356
322911
741746
598141
202278
834097
43247
639167
645471
245409
387574
963492
708058
348091
491009
933137
259945
76546
225347
887221
751548
849904
797657
51779
196220
518144
235394
251033
304979
961657
757143
464463
908438
483722
341375
409585
394748
418810
297331
770389
843925
334784
692347
891822
33967
211283
878296
901293
738823
270330
963796
730984
856731
854969
427265
553114
531083
741879
955207
904532
746673
445117
465047
926846
806474
785363
104972
21144
352073
82870
691781
978059
547631
402720
350853
62239
145760
33035
952314
212029
752566
277920
710168
47588
929415
733025
410178
879075
42344
134365
344709
866918
401032
409372
372505
44942
211459
951191
585128
842914
296105
738607
319108
657864
173826
479629
994657
439537
433285
520427
21335
545827
340693
81852
746841
569698
860002
532701
168422
304048
537757
108953
274369
752054
970400
340657
329419
569051
679199
462582
800986
983991
558115
471696
758117
582384
163480
786809
415227
638870
731304
948719
444805
334903
244342
903376
386127
577405
26552
602162
337847
464647
387308
227996
293980
96052
496619
55741
176095
557214
598406
248694
591869
683406
808338
798708
159576
926765
449299
309845
87848
434719
439024
714194
905741
279972
75075
39805
171358
110359
286299
581644
471454
816450
377981
500825
33098
14007
646215
528133
769927
300061
535924
638229
849052
83682
36006
939285
598290
487934
357449
371858
389258
849200
714058
800379
21722
56855
391299
589329
663848
993789
135061
183618
597371
89823
782466
402402
486899
793770
451070
563813
281355
764525
492216
21219
808207
440273
450542
217200
548430
239312
965662
612247
136729
543913
319280
909820
471963
672261
336445
846618
730472
880865
712820
481146
386209
847455
756915
395954
815758
890280
17791
22491
75999
696298
267929
272984
499436
343851
70104
851091
135719
744830
108909
709398
112336
802539
985326
684741
535654
259585
875428
369654
737622
273258
580618
280887
123494
757267
149452
255695
117454
390464
135624
409016
418702
307287
329249
895889
243829
919828
829857
358581
947258
864825
650997
478852
570109
730278
37788
983542
863252
71643
841422
849345
547150
461311
79971
698888
95030
154889
607291
632951
725221
273778
203029
743502
683334
144605
264205
400585
818721
307624
273717
854579
193794
14737
676893
417120
295766
234021
704657
604621
919736
737598
343070
780994
241623
181574
770174
458415
117875
829646
133011
807999
483015
789300
191759
868115
414910
289568
440092
439455
255448
297309
997841
469472
493474
932718
918708
22526
537027
635327
486600
406410
996683
778493
665246
107164
84801
198784
99701
683074
317365
727388
187115
294735
480117
890974
833962
454179
85873
98099
16214
192848
766929
849316
86598
520187
151612
713737
749674
445007
939534
575993
758713
704839
592882
808726
384605
133043
973610
964825
286988
583691
801739
898489
885661
951601
803740
945240
376297
174556
520679
603721
882393
88309
895610
984125
319009
268335
666156
65081
665983
925746
777894
574942
721533
609785
647714
988495
502536
613150
779103
618589
615599
71172
256380
53402
214354
903498
668473
947479
264675
939032
254166
374026
285776
850847
72619
501248
62889
828257
257693
160405
176240
561662
383434
984754
980909
728317
356323
61624
111397
833563
426458
577995
216757
556065
328459
695141
122581
599953
214805
503410
593339
198770
164776
326318
552346
106895
16718
728043
467361
356746
559349
901251
978621
391596
778118
631628
744633
510786
360676
468458
826023
574231
475487
142924
895267
447241
231738
478964
461411
348000
945573
690838
965665
788726
793936
818608
365345
586573
976694
769450
838275
942343
533418
878632
59855
181040
316620
367874
316731
203097
374582
771747
112974
853999
51715
760083
530870
867235
777733
995219
579093
604518
614602
707191
51833
699548
200999
481065
216458
179770
230031
10770
747459
842764
224537
563311
375288
87583
29824
319673
599487
727824
579257
467547
148076
610538
579822
642867
112655
35207
764551
799878
377783
535638
514124
94720
515202
653548
304027
43726
220636
742021
53938
180539
167315
91047
261643
124464
623278
644897
955455
394598
393332
661104
428655
630313
737752
45632
418572
496794
292282
107550
666854
900450
74413
678249
943127
443420
151956
515482
934133
41271
197716
524260
122681
597511
266553
947432
823605
711881
441185
156286
386954
55435
557522
164871
948542
312435
714430
614244
706765
902900
961130
129193
382191
88868
477079
680650
380455
192726
119236
420057
840574
306040
157876
707521
857639
251313
416987
95631
776773
348005
235441
706665
49683
859531
841847
732573
158918
713162
165343
432212
910866
803365
821573
281439
11700
695051
505524
931343
773359
580556
805052
325869
631260
878128
281180
661983
675346
668603
176000
763666
799471
421332
248076
652233
425736
143532
441532
246831
415684
128212
803489
921327
505468
258748
19436
923656
399635
512244
637852
567891
161349
984297
509858
190589
660656
949824
327812
623363
375862
41407
677047
684889
887734
151240
666293
499669
738744
558959
400969
888154
877636
966797
206661
405813
580464
899528
291315
553305
57513
811973
263686
626919
300416
772815
51188
354644
762245
14242
172953
157577
561379
576950
837045
379045
456309
636934
489700
306434
63697
748725
83277
662580
40726
303213
737336
428687
479815
53095
166459
661883
78065
783632
313178
30282
208612
933598
90088
367098
284081
542080
456948
597426
745312
826210
339984
694065
931484
511949
537737
206947
689961
520528
723744
729405
51379
948842
657246
773320
156901
947904
138584
233231
908886
159649
155628
155383
848402
15588
917361
780141
736014
922774
222042
444255
560356
283059
448515
657957
211911
150891
962303
347237
729884
900124
871787
175511
412521
815387
794070
640503
409731
129194
562991
671129
332827
950093
187094
869948
437608
958125
250002
741816
712231
204460
243061
600569
111460
466699
256176
77842
890956
849005
52774
338957
50284
238230
213331
767757
835959
730889
122445
111111
643620
462852
473397
304084
915038
183997
650993
281080
703260
77886
866003
920492
66277
619320
41166
302192
221557
340747
256987
456966
798393
27051
158266
402462
991520
961581
381189
901049
176387
171882
531813
409338
36849
402336
327675
563854
178876
855845
677053
797463
911760
922911
117008
324431
731853
215362
57127
152786
920520
484752
412370
125551
759912
820820
191680
909465
136407
849241
436652
717337
14523
106703
90729
528757
269476
77240
934838
333654
839056
855966
153402
492045
233806
456922
281946
404673
737715
717232
219994
536677
447208
859943
816097
490677
528786
895681
981052
331089
55955
597291
157157
153685
892750
760397
91845
209180
622586
192054
42103
310133
892976
883876
824581
989561
640664
534134
342913
32607
177373
423323
780102
884528
517102
275920
234188
366149
746895
88993
236009
211289
309311
199170
209291
240438
955361
853284
186410
206134
863559
171693
445260
986809
606624
814030
457245
750052
816519
163589
80913
429674
710877
725886
609353
403636
981512
880106
322201
227037
751679
866280
652079
763524
238967
344012
933564
24949
717167
881921
861687
547038
848843
204578
95750
838156
721623
937013
308494
563492
375960
717148
307761
244281
7105
617982
96251
665217
900525
473628
884316
957509
643571
191934
900497
519248
240589
844421
845913
577384
179836
817818
497553
706813
119646
817562
482632
834576
667468
964885
496138
233864
933959
73006
589274
611433
710901
592939
457602
615140
912113
41920
362690
786863
709305
314971
78581
881829
163166
44950
119446
721678
951558
649375
757481
182601
47957
316701
646148
288411
312304
361243
498605
419062
759582
327675
278741
211231
641540
902552
24474
385032
328394
768221
767138
917870
429161
16273
20197
121190
670229
508321
896444
452862
985338
429376
217347
914654
68285
208108
13423
972780
343002
782058
618498
678728
655636
206001
439323
262343
632395
180788
282709
866556
142380
425386
642169
250527
290768
509195
287113
967397
927750
175471
720673
80571
381790
17196
49038
315228
394900
747265
903520
720395
542384
924052
608654
86215
648289
900616
109071
217355
514956
158766
708047
187946
281464
456458
387609
819440
251708
483331
670072
330609
506407
752228
348021
79557
498605
34614
334140
840833
910285
848495
975475
991820
50719
498261
844113
820399
694725
486839
920766
325791
841164
479535
839884
461411
609446
29666
484214
513432
858566
782576
606649
904248
498378
230012
111846
38472
242689
565353
134091
405293
196039
627923
74183
78429
44167
828405
923602
349462
908588
192899
550854
110359
722122
95758
12997
422848
386682
648215
169821
682097
505927
598453
994591
995606
874406
127694
699430
191907
35716
753059
904638
651377
135146
441812
610454
883798
750061
889101
776117
947734
459781
649425
258154
771929
969636
950926
17513
43661
619573
95396
950949
360422
80549
33215
6545
998021
291028
590010
924768
287186
787422
217857
644897
862737
984493
674584
979115
388580
877780
227487
381722
471095
637808
387054
789360
643338
539235
844763
694293
169709
5075
196245
969452
679401
777718
958090
69963
185763
448826
803466
378311
583288
135093
284427
267708
586924
760818
370050
103271
755252
950258
98478
64612
730119
579550
614630
263467
439361
671191
84887
689070
918054
103509
241112
165784
777058
496888
927668
431047
875458
747086
985472
669303
391211
625936
163058
317003
89274
550903
811946
486059
250562
216150
