783580
242452
514852
589613
773686
592300
132673
737730
963873
149752
13526
521397
869281
93420
633505
950904
475386
796726
502669
192220
810605
265731
5010
330854
699292
211198
617290
551387
223707
517425
842348
727462
218363
808331
611126
222920
25409
398062
938030
368200
175984
31513
785282
566658
861811
64031
438497
914809
626609
242202
695638
560786
583275
662962
494914
263257
247395
115116
783146
932688
811987
125236
220755
380302
594492
767750
998503
218143
445999
122786
165831
92687
839573
297389
201442
409972
769190
500867
335102
557710
30896
213162
924407
674989
118508
834138
300887
739903
59851
807673
729484
468437
387095
531074
399855
902209
797796
125200
373640
581625
368203
578548
260598
686856
420959
645042
568566
523207
412747
879750
709061
732323
405738
74682
738791
542617
893882
165973
778831
310262
267085
565956
778728
556817
645390
390654
420858
417574
485685
427003
76663
102779
482803
208242
120430
286145
160770
75953
792873
728261
326655
642925
710928
