522644
708941
128519
583578
386044
528719
929239
957961
307226
188976
28693
981003
892780
666667
538280
335243
985880
707947
230789
621848
489783
795524
556867
790523
707600
501641
195541
142560
917630
628683
945340
602596
29058
135126
520262
206566
326024
660512
183419
260900
488149
302397
835087
879550
452633
601087
689822
151178
630161
648328
251553
716666
264710
947650
320796
39634
80448
736805
240819
947432
413394
823969
723502
4429
718178
256302
983583
52363
251182
859730
335072
663442
374957
25211
506101
941072
333647
872159
578841
838027
230761
914318
266184
631490
882795
41785
152590
456144
948682
396984
393600
547547
191297
861468
331175
710729
753116
976078
628940
611043
759984
813218
727163
951142
569785
715707
280679
613312
842748
88401
342563
348560
437770
377551
222178
902385
414618
81277
527963
391861
986548
596705
459369
915608
259140
184043
808907
179113
860712
812438
249009
54294
866350
128706
180768
574695
998110
926683
24461
866392
366720
124382
908461
110250
961845
407933
510168
933913
807014
93336
227655
773027
913932
943688
717711
771913
975457
633718
198175
26195
605344
164812
331845
87067
298966
748401
854577
887625
136100
154743
533123
282075
259931
813499
198813
942419
169691
846720
436821
478280
837724
449899
52811
833406
314026
482591
156067
233449
979832
170117
357800
13538
907706
60003
218562
101701
509896
729488
495752
462526
622265
161482
227913
937598
443856
60470
247278
852575
911739
727918
25452
536342
652449
100718
248553
386791
438802
967439
700294
296116
792277
804154
776760
97365
598243
831425
375731
854486
518972
41526
746170
480861
123186
603360
375739
262887
890569
978551
548695
543678
197841
270214
715960
389943
958436
199817
924523
545596
989495
378637
305789
737781
954763
474459
721684
95386
180596
958020
496561
916169
922524
389449
618806
962944
934001
119750
958903
186455
300782
474569
84795
985712
903397
520308
964628
504158
628464
671553
203568
98585
200273
16284
102817
443454
958891
742214
395020
98682
599857
720624
274626
144641
455623
156899
869324
990962
977197
803306
433709
79252
727605
561813
402864
531021
152310
457456
381728
599905
67780
802326
297396
497179
610886
342369
441972
476308
929349
455416
59513
180631
894739
995481
891058
704130
375339
500392
212303
19949
404097
224219
902764
815674
590215
398104
311904
680643
664003
217887
46716
743660
881313
931048
44135
519004
245789
770541
613622
503152
534327
652574
566679
43315
571447
774117
193860
586691
492362
570455
510281
676855
304456
43201
385489
802101
557347
250390
55896
686673
146414
492288
396829
446028
692846
46260
639347
192295
844139
144050
598143
961445
609201
436541
478779
700526
794292
954847
667681
546967
937021
278181
493567
439297
611162
738691
422387
682291
417790
155543
818648
464355
561462
887380
962277
761144
254819
581808
883485
818311
611545
112557
460782
843825
601865
982944
431568
451756
206445
479831
177570
703129
519655
260153
450854
792543
21039
78886
583200
184067
27267
245699
463123
698616
219399
589307
19743
731313
457053
507645
568474
665695
570878
357115
834820
482210
974970
192656
318118
299817
164812
383154
747232
228898
433586
544734
824422
937218
51112
247337
94122
729286
511808
748688
56842
278964
238866
744917
513519
522697
261934
207209
444522
262369
794894
537382
714995
86456
100185
878228
391766
572947
57940
419827
132158
566464
725799
360389
955266
890809
684245
435930
170787
271922
415007
409145
332476
74842
988199
73190
195713
395585
350538
515813
756364
771104
732266
784678
669099
195163
793218
812296
81920
489082
892413
396914
774353
56974
679604
22515
550294
426441
242131
984121
91872
649234
154594
774117
881922
937025
416958
672159
236997
886366
607891
214349
283674
85769
853164
604748
800820
798007
35315
503067
461743
322201
79218
175058
173195
914827
39194
272527
451191
443644
397197
26532
682759
261839
901349
886586
618114
170368
587795
230925
165183
162780
490737
650301
851700
117128
388686
852186
440797
141267
671491
971651
727663
910693
881618
791215
850500
282241
560818
908625
182719
723331
404806
248308
760652
888734
433335
994700
627459
510492
149197
923207
427966
274537
211450
145559
585167
721876
267072
970390
566315
164505
253358
289642
485884
745304
697279
907443
840029
360246
378115
916376
788334
135894
705053
232762
744307
615723
202408
60828
897044
176924
936668
884511
975571
865242
890868
112557
264652
258014
813837
311672
230989
723252
788779
733291
670850
902770
4247
46634
744524
452547
253976
129101
291731
754883
651745
737075
493666
744383
926979
580014
753163
847140
805241
186202
777534
441987
194656
819775
671756
871594
702389
380566
882999
713939
108916
792216
770923
836385
64780
321534
286616
96730
416459
801893
464276
366363
873868
128900
850234
218356
994982
182690
302654
182995
77454
518114
647229
696920
260670
895786
659736
511230
668822
85484
79553
28696
955266
341711
172491
374099
975911
391387
460735
769591
885515
120592
527249
44999
503070
463022
642373
739262
454074
502883
125345
621957
789872
110687
721176
826612
344423
730080
398508
508353
59246
806788
1239
183002
702887
329876
975929
937783
632449
244970
74885
691452
505607
438543
56623
512213
301408
387416
297589
875785
211759
74205
904141
543427
665410
790962
550835
83588
638701
162466
402442
482088
402954
495054
410434
629919
294421
547559
449572
431188
958567
545165
624474
48633
792714
351296
781514
230539
975392
273041
336701
336074
831284
738783
340572
921879
102398
994713
955780
879213
66721
642964
978558
455416
582321
705452
492199
968068
610727
229371
415077
77870
787824
366605
248755
404672
511417
128205
300138
636151
957308
443856
651895
271519
162615
796702
639220
560771
230457
446428
530963
147796
85431
908961
208428
525471
609714
196881
830474
837753
395571
195379
213890
394672
9436
555370
822222
11052
989758
454797
595877
1250
798225
308628
794616
296211
623877
980596
118956
422356
992249
907208
590422
714861
430677
917723
783247
538854
326116
424969
292505
962362
98987
643403
427056
598003
515346
225171
513049
856671
766445
594582
304498
450830
248730
181202
349548
783037
10928
903996
537922
378812
396829
83464
185051
398576
652774
15908
178853
774274
707150
83974
314598
925006
275783
337832
689143
896451
302047
399988
608423
354322
392428
548500
255705
259996
211265
683503
910939
675958
648640
625960
18044
715046
437040
101478
141288
475645
60180
238835
117603
664768
121114
409167
662853
798944
985138
946167
286308
235763
814464
291133
41968
951423
608774
564089
195920
690740
333172
461995
51127
343609
756368
38139
907000
695475
941591
9713
169197
183919
603746
95583
972177
693444
2100
536524
768618
381694
591010
376052
127309
568809
729732
596287
404097
670006
379027
609998
628152
977505
218198
55699
318181
351727
417780
364142
461824
464815
780402
335339
909114
572597
511911
860156
714583
227937
129649
964739
479396
599339
599849
418566
528079
24275
862443
436541
533527
344799
775254
847326
591317
726950
339238
779599
812425
438558
685068
450396
813185
298101
86692
173412
182974
467471
896128
173059
709688
653860
580033
101219
886200
886032
583817
276136
141733
224262
295419
757272
765127
848634
152253
953261
827021
860233
713258
116780
576519
626681
765022
410752
140576
810115
247337
591917
654264
501901
687841
878250
566765
451756
906782
42810
615800
777862
692320
214078
682438
240367
938618
384246
971282
705190
292161
247161
172280
793250
398447
5284
472375
133518
524177
559216
902078
254068
241688
335445
245582
520878
384916
764297
316037
581262
100758
711827
186563
835630
586039
913093
898494
882558
923583
811298
243649
525028
308645
593323
658808
399779
456259
383140
774437
784962
903666
462729
453247
115714
997042
480247
171144
823137
19267
203291
21393
688428
506070
172121
660554
177135
301408
234900
140371
185562
645548
577767
749676
846909
816035
246684
992640
191113
899238
416112
735500
122048
403084
999511
135340
853064
167778
258814
628721
159612
839753
392175
162334
885188
372224
623040
389660
274943
933095
183646
353864
439034
711539
392775
180332
430283
780135
808907
157891
724869
313253
544019
667086
424171
649998
701049
187222
195471
791546
831999
8838
8807
386565
325931
907906
523616
409636
114310
65447
498625
743263
25248
266537
812828
927700
405254
201610
980414
251031
389981
987524
8402
766137
652809
276351
649821
963446
759700
747926
915539
455052
917784
46887
272178
15201
953208
972966
986868
426082
785185
113113
234031
706373
636530
448384
974416
173246
890115
599965
225455
866944
763213
622440
857980
746082
409673
119444
459528
217202
487954
228013
280783
406969
298101
811499
704665
89756
527345
119684
580914
745605
185119
579685
10914
708117
682991
146239
862515
479385
492661
772940
291286
368933
346371
363118
829187
891276
173001
795976
204303
863682
35655
606289
598554
682580
106936
75708
163700
318724
890558
493464
506608
200683
737023
344494
601087
316916
304829
452108
121934
390788
327281
995063
234939
267975
919819
240375
90965
863336
647672
549609
59316
760351
13930
494871
37812
228617
103017
764508
42810
441279
974964
727798
258732
829085
635405
601702
994294
898029
866915
106785
272789
513658
72909
213113
183469
881042
898843
816986
373496
365626
967453
660773
269351
944530
100696
276196
833281
299568
853021
268578
208420
6076
876733
769762
295526
144010
358643
985774
409029
380432
515856
270477
33651
366090
549768
481589
259457
862490
990247
227335
372080
222740
458345
32996
132085
782457
598984
850496
823272
333717
902773
18765
701870
984702
650849
596090
225272
373594
596318
251987
685947
363155
532212
18846
679540
115190
647280
634052
260347
503845
6831
790966
82818
227992
704237
886388
430027
723149
787157
239477
355076
902028
254751
729490
470381
864434
306875
807727
251776
488019
449842
84795
326279
347860
404825
639790
112203
527249
464179
349775
963527
844187
597915
791788
475206
109436
437040
414498
218972
673651
859356
764582
512653
455632
300879
411589
791727
862914
715218
700446
115421
611716
66439
881935
904852
239377
89437
905179
909882
792785
662413
753687
867803
26689
234201
813000
908162
284224
471300
209464
183814
350870
206178
880273
731931
308825
768269
607107
69427
777626
952378
811528
889880
186967
13639
518728
776662
193977
331843
890422
302303
746909
486902
574015
396517
207545
292519
614239
253432
683478
800362
901743
359300
538232
98110
834703
249521
843229
760471
757341
638386
688935
598484
285319
298607
920744
647088
908987
72720
840703
653312
338913
919534
201433
873612
701184
838979
921025
317668
254721
795290
887468
171702
651769
666288
238859
186451
375034
332304
822088
607541
11214
205627
351584
698557
413506
319023
704525
244442
874874
216959
704812
913497
73315
898253
263053
158228
366015
282110
548471
320961
363470
782437
1058
317541
433947
835498
410276
168227
616881
801792
505021
370004
815408
262816
793349
85049
71386
956810
30220
459037
202322
634340
630428
578829
269815
591884
900460
552105
909570
682438
945955
939791
126329
798988
641211
955288
54309
877846
70266
452505
173288
383771
528211
605617
399451
875660
724050
101315
733889
484470
883460
830588
543985
815417
539105
915285
952999
95799
40332
369811
733658
989514
250326
663436
362560
95707
316505
314562
212969
576307
654665
206587
326918
740388
539109
733254
982966
546484
38433
355736
966110
92466
886490
740851
21542
708117
140046
922081
858350
175510
374615
183554
48537
658333
144667
252734
861468
20928
805768
599975
165326
353584
695469
182888
806307
186900
587203
175464
401940
588371
642986
879056
97496
495980
451446
318554
482265
18066
458059
660755
795042
861022
266600
483373
623435
41883
123913
870087
654452
845415
165764
297292
770997
516053
152426
345210
487539
977158
559381
2014
959861
207631
600358
288001
877047
23503
303957
180427
849852
382185
867112
115686
294336
170877
32434
99864
847263
479031
22211
796910
217947
723542
987708
43874
595675
182723
920181
68313
83519
68878
742964
724772
721849
242604
858248
423938
374899
869687
483501
510670
921835
347328
745151
772361
924502
273405
724983
305450
596472
403022
985926
709213
92445
736917
214548
670101
411141
952341
706395
948682
683462
262013
213373
255675
892662
753065
409315
186880
855285
950042
660799
244632
943355
414743
166466
123898
420466
844229
310207
914841
573365
304578
181427
992071
577374
733899
142447
117447
15908
944600
182690
42239
372940
763071
883726
447441
706163
879178
838990
605233
118543
525660
424454
273216
883432
45939
920591
725443
480727
607276
895227
128519
765642
462781
970194
647468
170811
950466
396968
363205
126038
239170
509793
945596
91824
551405
209173
455333
701459
601990
596958
607379
94229
379133
73638
615365
114262
884248
75546
55279
816697
690921
270167
230994
538106
402792
196506
473956
843359
48848
20877
836911
264901
16011
43974
597398
554696
401288
707672
790334
483909
701181
875069
369815
508927
56813
307017
420695
338375
736238
815457
225588
867683
219751
656048
447829
915664
310051
507971
159136
849732
282206
982670
678421
395560
849732
425577
805856
349829
407605
996588
702296
550711
192876
333128
92445
445285
608381
208701
782867
507725
262446
598002
4615
81824
545568
35042
721408
105184
949010
707853
1342
491171
727784
102041
920512
990246
904783
888526
213242
657645
805504
941397
579385
492903
916283
542050
250320
312840
309350
515689
598592
757394
573509
312166
140053
564182
840604
403097
43769
559655
249562
488679
781977
379496
821997
693632
94094
730324
560327
321864
375972
794047
420575
419939
145956
105794
900870
92515
542012
958265
415974
152826
255219
769866
924185
549718
543051
546511
312809
714592
600004
214868
608822
481295
960486
429668
868295
321458
499057
524177
395528
128900
333613
91996
678472
679105
789570
474257
448147
72460
10824
538147
952378
135368
4669
909335
658778
381492
605687
270445
667403
684089
479054
35488
807659
440424
58646
250795
997282
849542
760723
737266
916383
543950
690869
654178
384033
309655
485601
697845
619077
218466
594753
584272
869289
237134
285922
404476
741857
914699
321658
314192
231843
77100
676996
434694
184331
573229
861107
947614
172629
923714
707947
256062
958812
758688
516773
743293
208500
559802
84257
56482
907582
530838
60465
645477
259035
376970
139951
105528
984947
608261
715669
21382
7994
860602
555589
846371
668999
225477
250403
326710
981005
596092
218011
826363
600690
455916
745130
281745
552397
213046
322902
717097
459798
227008
718654
764092
555567
863977
688208
273441
170276
510765
581376
603369
151629
4004
760133
181183
431754
405079
853858
990165
714599
860163
276543
221525
704928
235649
99810
804000
367506
205331
205394
287377
45293
769064
288935
419822
985774
736702
28297
837675
319143
698949
422900
377768
611086
865587
479973
772476
820059
838970
88285
182777
916613
164198
547145
901349
568227
754831
940037
406678
850302
377245
796701
502788
189052
83897
532970
939966
198565
569676
756965
368522
465773
894632
174309
92965
104506
938025
407553
824855
696257
378413
453793
462992
669924
823456
168605
920858
711500
69234
849246
284448
821420
586354
798154
528028
240609
510537
223857
293743
660578
655290
911966
804284
313911
255903
441922
534893
120464
175129
625117
165553
310281
393310
871247
593709
176528
817658
752998
18895
457534
528808
711294
800942
25641
599568
537017
369136
917367
379488
335162
577099
384915
797875
933773
661888
948438
781562
297681
36766
211771
282726
24461
996700
197960
677262
572970
288625
62177
319202
823276
790860
541270
234964
420962
583714
520698
806728
991395
963248
466669
66012
316740
62533
86960
322696
393438
900968
500650
85003
529821
269342
415318
291243
236330
144963
798920
536351
223454
447737
591298
172971
675961
714946
457219
23640
57283
852313
176924
651161
535237
689123
798772
862738
75077
476591
72537
21899
233451
139951
268452
626801
979839
703374
704127
511970
415344
775739
437564
883983
174342
314986
217335
312991
723363
272758
189377
777324
609359
510036
931532
771197
310425
579075
772132
862012
177521
928410
270545
909458
462005
667672
42172
98758
613571
53356
104729
660679
877499
591576
960536
788549
977662
463370
965772
460598
356895
25211
542209
490715
668422
761581
191087
659239
402590
897319
40178
808970
152442
331002
395880
908573
781202
582420
163544
24162
865923
803128
128042
626913
46760
416539
243250
708113
984434
855293
780763
403421
546965
947614
907804
834849
188582
757478
107003
808965
140808
503486
971653
378323
179613
955109
666716
441148
767334
597279
753399
819181
774398
608153
524791
718949
826889
443712
889123
679078
90084
320258
347058
802433
861786
78637
656432
438401
43343
402535
929665
279254
1769
950766
416563
791272
269111
591744
232665
576345
688120
928335
937493
24573
617701
531769
643142
316201
175648
923392
117043
418513
759288
589649
963025
465355
30325
733283
759880
592070
803545
212703
766885
163096
755754
313471
122095
848504
359738
111465
110017
975835
661841
895171
98772
586691
787050
779398
287187
332774
58809
852030
764312
858351
38670
968500
971420
866311
434180
221514
919147
874625
186349
402819
510705
308022
412299
817999
405071
441186
452536
907421
159088
353092
246024
523909
88733
81407
338212
334531
468590
142155
251080
389796
801282
629058
524562
982230
726474
355486
130518
211445
324045
868847
476010
191687
569441
945323
747815
441494
775223
390505
537503
931505
395589
598072
740556
923401
964881
493007
271930
390250
277925
314891
395852
814740
27198
391943
580974
761228
390447
484683
224134
872349
811772
534962
306708
200601
664375
420755
724835
122985
862259
900985
696561
9609
200792
409145
285348
114090
13647
847747
751899
328216
143137
734502
544306
226054
835332
569822
273365
562898
68399
52874
781136
807132
960430
450396
692043
381104
21607
450686
295138
90845
765226
656999
929618
761173
106923
224064
957209
347944
673939
118769
329737
154189
244799
491287
990898
600166
35330
559306
484262
181766
1078
761269
156253
950825
920541
909871
418940
568418
967948
637163
268271
314416
144508
438397
471065
79647
443718
504815
838228
161378
827502
886172
767769
224776
138189
186521
785478
382985
577765
992083
371329
722058
951075
759573
684079
410653
636797
298600
339513
432048
674935
881985
263133
503003
490909
582579
406493
549919
246590
574811
324039
781110
118241
470134
554009
961797
901148
652048
817960
765890
383986
230852
269225
301871
175487
55315
535820
245409
371417
646317
489260
663687
659957
939980
570753
326183
639204
58297
158065
368962
104145
528439
647640
749891
613517
982048
443548
290217
525677
696181
889688
132018
196623
329579
585335
155085
183884
228534
439154
166875
638635
529543
260405
883432
687993
992307
725779
720194
116780
611667
180715
232049
701372
613230
119234
860025
22109
646754
681732
69003
908098
303708
325516
585920
885754
540234
18308
349038
802047
384136
408116
561281
468601
254385
151902
9813
324737
195714
656935
216505
32802
867937
716109
990120
379824
27894
140965
946832
773487
477830
403778
947274
918412
888660
827265
113356
263713
768087
991529
263867
801400
872156
382325
509311
469204
935502
642495
199477
786916
20547
841136
641449
523197
577134
596775
483581
572122
737160
690865
743769
746684
951846
219658
397233
714109
338008
990600
246870
328341
79098
940368
258347
859630
92145
729170
464834
46464
92811
954596
884307
942112
934301
840839
788533
533330
744127
451698
387030
877853
885558
165590
337249
751965
128584
255657
167232
1610
251793
985767
104574
176448
445565
193882
533449
435684
718215
728207
286376
24122
22636
143628
758567
467276
521834
625475
599288
496273
795847
924375
837664
17591
199592
717904
797293
429689
492567
869299
147342
614956
752644
724852
233176
630760
491057
326597
116568
187806
690404
131984
331441
795454
408084
329074
69901
513803
467861
196464
818069
847823
609771
6505
848378
422844
276595
998178
716521
991602
667264
896960
963169
244250
24013
483660
152171
196039
859527
670427
104126
67377
118508
875716
957672
948935
380266
967598
862947
961350
64014
290948
680460
657577
307460
766056
792460
326584
954278
452681
901354
795670
706061
87261
601479
782649
700446
800153
206879
785097
288958
241881
399580
491962
11376
386902
917150
885965
847300
943783
557858
281844
483882
561967
215100
194983
362793
860493
886129
250321
94792
667424
693215
456146
816898
637049
812480
812813
428313
407880
511230
434818
771140
239897
174614
520886
307781
356580
820456
543056
538646
130149
63200
393106
101007
898202
189933
767951
780841
370280
814379
82560
68292
370073
516128
42700
600427
248553
800115
478420
832275
196160
657601
515356
630619
465781
482272
996074
334378
906788
364057
956454
31606
790935
325547
898101
487894
645295
325369
392607
257045
922519
551445
398368
748649
450937
278398
870300
836547
537835
28232
82095
63682
24953
594798
403664
275853
81811
948664
490642
274701
150237
370445
46554
825712
980728
791124
743309
864207
665930
920037
999201
901554
592551
123542
946803
500258
773865
454544
195033
821256
562875
745636
70945
666819
835894
214241
564601
553268
444065
100180
254506
838794
752199
2406
305766
639347
418576
510671
970942
500946
564253
215995
962603
525038
741308
495654
401555
895971
795160
151957
661030
773673
198461
846008
303543
835487
172074
125765
714030
438036
145001
656420
707747
3480
938849
847911
315121
359219
864242
962800
314391
337976
926231
150715
937298
781977
376261
622645
19358
893181
316950
142993
334957
4798
553320
983364
26964
166020
412567
296329
793483
670868
379367
136426
804643
914739
803354
650943
33838
355105
822102
500818
807376
447130
732295
798154
947349
853430
70266
654038
394659
296761
736935
255637
216961
169138
517271
618789
950541
576468
127776
815783
679396
91343
934520
123865
680992
652170
506844
524912
715828
777649
578703
482096
608339
925621
573402
289709
163702
335198
962551
932475
679662
435337
369943
709619
171239
406274
47313
549071
227139
553935
243880
134955
219351
997406
991964
233068
264042
162677
508306
1459
313667
307029
131518
829656
164248
815757
804744
766327
437434
356057
620304
663167
416050
385525
704899
181977
135340
563824
637996
983523
774028
11802
245649
682354
106290
312309
206958
72411
57678
539509
329540
936630
696117
725961
156174
850155
87718
850957
263332
707049
825848
688245
430261
621185
264427
805115
206351
257437
745883
427043
870115
354726
778510
271520
441461
305256
958362
435530
771543
822074
71657
308832
23147
576388
782679
344690
109133
974629
103507
366769
87948
976812
429656
511973
192466
840185
14634
948693
811750
407135
353409
712679
798840
482793
497946
505021
936430
798302
267309
898165
767329
101455
153802
549668
691326
563664
89116
180172
973896
360286
449771
369518
239477
936353
777871
645420
898578
835525
335615
683673
628231
712573
179320
221100
244049
757815
818532
958125
481479
899837
237268
639556
175548
90229
511417
641489
130198
11376
765329
981806
269472
665349
456465
579678
361084
720493
395318
391973
619978
961845
663850
31268
857514
848544
158644
350296
514495
453451
848777
755473
998402
921407
257686
715358
850583
507799
136924
153726
873382
684567
214521
262535
230408
454401
659210
597485
966855
383574
590379
598580
840778
459616
354864
129261
978519
189496
122273
435153
163072
273968
198788
380951
847029
330963
506921
210625
78342
721647
101139
410371
994828
454848
933010
1592
842068
536884
144869
608739
300079
843749
950534
418916
107040
134816
842975
416763
814806
965214
217968
257063
505329
468083
714513
962499
946667
761401
10710
323443
677031
525886
544231
280494
127
169387
604143
405425
631452
278589
758376
447325
867776
971984
546740
68752
918100
476972
449842
756368
252789
260277
124093
371430
206283
421129
207315
493203
413394
262816
104196
385230
606880
734847
704093
721842
291501
89888
189722
399759
781306
609971
339820
270392
639623
988099
946118
824986
300620
145942
279342
935621
363628
990413
832631
28942
126339
210209
730743
753583
522997
888051
800100
332612
582701
480859
495830
502637
971361
52219
771339
629417
972890
441753
248026
629787
513378
927258
543323
122022
514205
307975
741318
494454
787500
891451
474136
183970
85455
227115
645709
240281
742210
308626
510348
661982
741115
848792
714029
264629
713920
808311
467693
931087
665032
604061
483382
263510
738797
118938
313306
610823
652728
603822
685809
251339
376994
260693
218444
838193
421482
2882
859189
975744
568724
374958
844725
284353
478487
226908
274701
4910
330938
301968
376392
317734
71433
626638
340385
435789
83254
950752
384112
56362
423150
459511
966911
182974
775993
942582
107331
38946
919328
172615
194006
843914
314537
477901
515467
503403
996831
385230
553697
215895
839401
654761
733669
810382
312813
736311
802479
253931
672502
665915
295285
706633
732419
41194
915516
630611
84190
357344
636675
284709
616455
352994
936969
771492
164794
308748
920840
269829
821204
807346
465134
143594
528697
7475
656942
355782
594281
26576
597590
877682
195282
978339
666916
689914
250748
96054
590072
559774
78512
40207
709277
846824
147514
949833
764357
55248
180008
388628
655144
650965
4852
644462
72376
453964
245968
53797
279773
967313
665354
110589
933113
542250
371255
122327
546605
53886
572741
221000
605900
821705
350174
696759
521007
499057
407398
451451
699987
992249
438838
567746
612138
889363
932217
41801
217775
24964
571708
849363
122937
265837
330081
431659
234841
425345
383631
715073
309097
976543
532273
323649
884775
825561
522628
708569
418073
782209
188629
559650
229837
547306
809972
150557
99162
876761
440247
626010
616143
922981
854198
672159
46323
946598
463785
57306
608950
647144
940436
393591
614219
408319
241780
852813
172198
62653
687865
695396
983206
205965
614595
250560
24324
675610
32603
524770
289881
443819
535840
494664
596793
408494
388066
559806
462459
275143
888084
217691
304293
278235
433715
14037
858636
980867
756014
306763
262256
6742
593861
545570
860435
259985
830223
566020
674674
757445
579833
93515
711366
522349
253534
745626
339814
819914
955577
43851
665254
329446
134020
784881
778975
43296
828296
140727
373827
863007
371015
898780
185070
750678
632111
397273
16730
768224
771543
571760
793868
502337
996018
213373
246102
96793
372298
170803
567885
602755
596630
737848
323809
174953
406171
962969
94209
165528
914326
248788
310354
87713
550805
126593
756470
213242
638668
510951
383309
540358
171009
684049
118750
827120
969597
41882
707769
497804
442580
348728
42561
644551
17882
746629
705970
687434
977115
622719
397498
227158
879069
145464
689714
43580
416048
221750
689755
191074
924774
432910
907403
775130
14013
826461
805183
829293
905400
568920
745764
348029
871880
329375
13073
505535
906345
573187
586740
243229
753998
786528
337054
826916
637217
699288
555967
82352
882385
654595
300106
437069
111061
344608
142543
307966
173036
688995
427713
667775
996710
298830
20657
288586
400724
734156
848416
870080
545206
73694
800815
755833
313788
68990
908880
573088
633039
649521
401511
746557
227955
224832
754402
78550
118771
451295
858109
110082
166050
933126
306780
94154
462652
10250
898006
928255
482516
268449
857280
500231
305946
802923
458755
779057
114306
66681
205895
747734
972680
978063
401110
49844
312881
752527
524437
371200
708345
239459
160310
823940
769695
702065
107532
289517
762182
653278
449024
475988
10174
187022
28704
598754
956448
202968
685370
40055
508729
346443
575859
536470
537734
447695
636627
751919
398368
845834
288958
272196
83818
25900
312458
572535
399711
911623
76183
164682
981065
686005
388715
246347
724219
376030
504534
470095
166206
788879
838959
595701
938745
790308
764872
457997
483501
651854
916047
201599
531260
337629
525099
214370
457529
632505
212593
493137
136904
392841
456657
555483
816185
5686
192360
21189
320545
301535
950656
308628
273736
624499
953880
828282
214040
159166
127885
660385
766791
335639
645295
144508
750265
771384
571497
428685
440179
948693
13392
88037
978498
590621
309763
70664
112597
864138
479205
292929
110752
779185
178213
236266
371904
984759
497491
213460
1277
424883
179486
651001
699279
470241
161325
992435
403656
172978
625960
849426
278893
960054
502341
600427
829250
523616
191411
196389
293606
642198
552365
75390
100470
747364
561716
421269
456505
95024
761050
35473
945932
775082
917301
433792
817164
558450
188802
925957
874264
489806
634702
854809
666722
533524
658923
890978
962768
655070
604528
297398
796001
971361
654452
901646
594180
359738
512370
879207
539133
334025
258064
677094
553268
205245
934507
543263
207675
183115
179693
780376
648881
675788
385254
523277
438298
353366
432728
801757
491520
818818
667012
704090
248107
178261
558667
979274
129855
447041
483436
365889
46021
111169
142178
861223
346291
6966
293527
815246
313548
111334
379127
324122
37931
944963
459999
432208
606663
448409
665536
377178
337373
444826
717093
524168
229852
599570
678659
822768
65752
814951
468066
17663
943494
300349
902914
96942
387236
226032
757708
143149
965232
716113
414388
636706
668028
316479
604271
631834
431820
826121
236852
331252
654277
980745
242131
603034
587860
729575
995780
663811
320252
65689
637190
807685
105217
704808
271925
382325
293658
287840
390101
528585
371677
24901
715205
693166
586748
941222
734014
848127
395725
46397
979143
542023
77769
767728
782102
72862
505298
520262
952377
42706
567753
754634
691268
661458
780467
393903
669985
70973
640772
823246
911681
533528
61864
68742
351926
869838
274752
883646
803122
904667
476871
136964
271348
173607
3918
252288
695648
440348
320896
834131
972321
519949
195158
856094
753718
194323
871603
168588
803124
813837
291507
578884
816306
828062
902315
602069
469250
714621
588844
395571
252981
903448
654613
12811
229236
757615
978683
388855
678633
815615
785287
205312
663824
648153
414435
910989
589462
16011
771023
39634
7475
246002
962223
945111
265458
91352
893446
773579
399849
75338
591766
133655
967210
309753
478884
424109
374686
548383
144913
989137
53187
909335
114557
295340
89439
168521
341345
530961
596544
326436
686326
357749
929162
955670
749574
205805
140248
436469
82295
312261
650677
929860
913784
578359
929733
364141
487934
692436
805682
276779
766402
785945
454014
910019
811103
849728
458430
528261
85503
191317
540939
980441
941072
497039
183284
315703
66178
186036
118757
410276
436811
350718
628278
676785
814866
692117
34013
695896
535050
194737
476702
987964
733758
286752
648177
583413
511911
15172
607020
259334
650302
428073
242986
332722
934057
342107
517011
344226
694751
421400
817820
804297
191581
119830
138676
805115
336079
318724
125836
551982
1212
395997
204899
819824
430224
866776
105295
607013
952490
515035
519197
261612
61792
351561
156198
169915
897700
522935
404078
246834
336596
453427
778457
429314
629387
196623
43613
853224
790396
111428
482766
710725
170698
376118
500622
51203
593345
105738
378555
21960
378862
566010
901889
455662
18277
334700
20274
565741
4723
142813
355680
108511
963764
862863
767223
962603
626768
675452
449716
240102
780812
841937
953057
377887
663682
71193
362205
82876
72730
447317
874185
769925
270624
729635
184867
684768
751089
885965
576745
938567
865399
187166
907747
800310
588742
702238
646214
667029
575465
625501
761310
60868
477674
20274
122505
998554
430537
294549
528204
569750
990437
91285
252720
543729
745390
576391
862488
292703
751639
228250
732690
731879
365769
651189
404128
158991
37612
655978
96491
789658
812141
880750
915059
189801
120103
394255
939786
312599
281908
358464
708117
623738
956563
66136
28210
80934
164438
347670
28122
114246
915986
131077
188098
326461
368983
597165
288895
79260
506102
915020
900223
397877
562989
281363
986640
786668
702040
700981
322614
565748
741023
657768
620282
958156
672871
869996
659301
672246
419079
852367
730714
314530
112412
110722
271876
928547
153262
50717
851916
523952
1097
252153
724295
93395
478798
647554
771797
269845
542925
953214
300410
881395
329771
814639
411574
476010
519279
532060
553539
74842
758903
881613
612171
370823
736829
399072
880050
9351
150110
135255
131679
748558
27198
527249
958599
657833
28341
361334
560077
35020
382803
493089
104209
187898
210120
938
359484
976065
394204
304987
93992
632346
366624
137652
852190
600622
593404
359859
917509
480187
657223
156594
554132
936685
989810
186900
405615
830738
430485
659680
50964
768716
718972
252777
148694
585733
169993
146881
158308
468737
254474
923968
942189
833490
233030
201648
576668
754028
282726
885832
514502
737264
888640
932910
715858
793628
534911
274206
415198
624610
632297
12415
808191
974863
536115
191465
301608
717789
807143
920315
821675
420579
712931
115614
360673
308640
996173
993436
575371
752924
248825
705597
187793
836308
382285
2383
232729
647052
774471
854012
566520
724269
400732
136878
236473
36339
799958
436768
513692
279685
55818
284111
335368
201786
171593
683703
890376
307100
293893
175387
167513
344462
230182
27959
333588
906309
927859
920237
375656
712946
264903
25208
930770
971984
409277
394977
888528
287029
345713
575013
678132
734122
175950
659086
191317
684384
144060
253270
602473
817946
172910
846210
167801
137686
768563
177439
629918
223613
390978
644039
387980
10193
975099
408782
423824
191380
770064
979737
21968
859423
740282
773152
568383
290072
763468
600956
491926
846551
971216
782848
650624
263514
605574
511438
629944
821776
515829
884321
848500
335391
387615
24632
563016
498639
841875
296356
416693
532696
36382
57190
609379
425937
960690
42270
61587
122166
190658
68306
993403
28246
309545
715367
732844
769708
842927
36339
632001
923423
214920
149829
816033
569468
432414
262226
684065
623858
424405
661693
584309
429543
211802
32820
786057
368970
745358
479677
728537
231161
742005
218984
205193
898694
171584
433461
960926
943750
316690
791146
349736
620240
779866
221647
435952
344152
730535
962439
740894
873468
272668
42105
24908
739245
770483
248908
265037
2371
338025
573544
484239
360418
434529
557832
13517
918842
20324
103891
781000
90934
84257
490056
998701
126591
260953
162096
701372
449350
776142
824430
472902
724133
545042
979456
860266
400128
465189
378240
761430
336541
26768
560369
997230
618286
951404
12684
155943
941024
805799
85605
905755
836035
221184
430485
820395
510715
922664
138257
243870
267748
94150
963592
132963
179780
948733
84811
497122
478432
393021
791836
685086
448624
455586
665445
401468
820665
770465
849118
935243
900675
691892
6306
887268
278691
344580
810498
664790
360753
66103
445739
407103
573120
750500
294678
634965
709498
35469
580831
228286
982222
299734
633740
774316
962861
982230
6285
628532
493470
387496
23662
963251
964062
953353
404935
515934
811940
459788
212421
865677
216956
801084
36172
123159
795198
74801
128082
733663
37259
859436
674767
548113
241737
422720
159758
658797
923922
273436
22652
584044
868669
957692
950695
541320
822607
158176
729806
529149
831102
58074
655662
788856
632631
94005
149567
850108
581155
739859
402462
172643
740879
337125
383415
821527
287241
131118
724033
386084
307460
517422
609132
32247
4735
401284
30278
89420
375549
88761
461399
585520
641669
796385
353415
379454
439923
118138
719975
602198
679621
471364
945204
493345
313883
577046
255296
617260
531743
43556
945954
880743
786777
492750
850649
543829
829600
482023
490057
925166
422703
76554
989479
391118
249062
643878
425667
869022
122899
689744
598313
937459
665350
206802
820808
996105
966954
603423
131414
533833
686069
756461
627538
883248
387319
538144
89513
528079
449208
553039
583934
118800
364503
400621
202319
19606
588475
441269
430194
795084
375740
817158
382191
755228
628172
915598
786796
898049
443620
466940
963771
958692
936309
743981
412206
918763
635479
519555
340649
675220
787579
970919
429
540358
998465
48028
178527
321894
792241
120548
119337
931266
381069
153262
529808
280264
127980
177754
76129
402879
807110
436068
201806
757954
469320
756507
226032
227760
986706
521006
676095
959124
82210
753807
209155
921246
458649
628252
608363
466693
905575
835708
896614
394372
541855
511409
898550
74801
194323
659898
86699
811387
209475
625377
30230
906698
405683
933626
264950
815470
99713
935757
782454
343341
313485
906361
97609
203148
852266
933306
549383
209092
728442
371430
260917
922655
728485
389796
480082
327723
392283
647841
145913
946044
370106
403882
857665
100718
159421
127029
556520
845374
850041
273371
522873
314425
487099
332124
467387
223374
427434
173367
829189
59526
257463
999278
59134
477171
348368
431614
424384
872729
174979
692601
629706
390668
741324
409618
718465
250587
313065
711703
155056
470300
830441
767551
57068
894912
145263
372549
233851
842107
763394
315429
995273
399246
237925
29943
477920
285427
156906
108952
548676
546637
322500
465558
770856
307339
303708
721030
481409
440497
896695
32999
90043
804755
269016
804526
542874
47023
860602
277604
40487
975384
314830
344966
528871
600224
703440
821768
633510
360502
356065
921127
670265
287457
520374
647131
579597
566370
627564
880318
242059
577015
518396
415643
146709
273805
251801
858606
830411
679775
84464
532331
102298
346651
481042
599905
14562
948256
816734
364809
417689
154486
991191
784897
170939
852339
512995
566180
739939
670429
599240
372681
952475
68892
203061
527609
454832
365626
618237
823018
321045
16506
923595
932830
21724
577949
836618
208681
80952
864715
794571
676122
400761
411727
142026
359472
680674
932716
57216
664498
675434
63692
60369
385758
824561
443775
999939
629753
806133
602525
867034
176181
536973
50505
218379
508229
451157
5686
636609
101757
63807
740640
704183
159742
283903
191866
389745
647227
915013
607395
910091
168367
992280
881813
575700
552986
67116
32206
52709
163737
161639
889858
431041
16519
407215
455114
572646
952882
724823
881971
668939
791684
494371
528643
617432
861855
582951
309469
786947
687580
173019
481506
854309
704899
594342
818053
872154
924871
834528
344646
278438
400407
383389
864266
460292
95531
466495
511401
611923
535425
44484
848264
804397
553880
126876
677900
822598
982505
46520
661430
382135
32670
930143
474121
753628
629056
420478
704869
134579
520175
173916
64679
448377
118119
217273
130593
180586
892728
365934
391777
755150
297533
776827
961071
230235
553153
593138
694336
746792
941932
707117
655757
586993
622355
121488
227709
961213
314061
644178
20516
354523
718486
112014
159744
161481
338334
915893
878930
282072
764207
622357
288813
841185
125954
798085
908426
943966
177237
185335
831562
264908
307963
445566
157907
263257
3850
489081
447134
431595
243094
214853
335695
926730
52792
396937
161343
477222
809472
783496
403913
402168
758246
625004
429406
359257
312752
489122
584210
866198
165413
231721
68097
34799
134849
412365
608057
405332
978012
404352
390705
981225
840532
956083
459528
846447
812860
460194
242744
471559
804897
773217
891358
821000
592324
621501
763769
565539
447441
694258
248566
72208
646203
339800
839585
931255
441708
543790
580066
676183
378345
180916
453619
930444
593974
752251
999128
778613
715781
844754
813679
620867
781536
824804
438055
467922
804480
350257
442429
507011
341823
987159
49122
330475
223771
192084
451800
914433
470211
404805
737975
330394
593715
756363
382254
913682
361008
439832
409435
430179
905191
796243
357305
976633
381987
321458
233906
538144
432546
897146
774238
846720
505386
926619
928003
948794
292241
663442
691531
755444
383521
262637
764658
930889
880149
789225
309704
780541
689998
352665
621583
255512
614109
80414
279678
839665
609656
586688
242684
796450
677431
726923
776333
327240
457466
328290
600004
445407
338503
314937
166762
274650
184487
954425
706602
569137
418905
584380
92994
51063
936081
856148
598502
499212
904414
355458
739437
384507
917472
113524
904696
875128
160493
739389
58406
665930
174342
491772
458913
473481
298450
585249
453292
201283
863880
933124
907826
730353
206283
190265
526861
532342
909363
596264
710505
567727
627880
69582
375275
133198
128061
591291
433456
329742
718362
879330
384505
453793
969662
829166
658656
325248
448530
351992
55949
713651
179780
210809
361209
786130
996883
755868
390563
931800
166876
814831
254546
629629
95589
103208
912571
711209
685851
430715
959814
782899
545706
594776
81771
631836
941824
15608
763460
224601
679059
995202
723432
922046
606502
575336
469169
592831
466075
931250
467616
174980
135659
177709
714020
33590
661656
566879
656592
848583
384033
564445
273888
812109
277910
29551
676154
121070
303464
599376
770511
329908
20163
290654
463367
263268
658883
489638
335792
597064
916702
642529
619860
462010
635751
756921
228131
357677
573639
111339
735592
455286
399246
842228
171245
285110
192295
508531
345036
71268
246024
614252
551898
62242
273633
349083
412633
613534
139188
467717
735648
769868
45941
62468
327742
873641
51472
303552
26219
516752
140513
634718
440863
109069
581334
663047
147449
584373
756552
65280
567461
253514
580824
154144
73436
154536
252977
952316
10198
488944
19011
711142
393242
224230
319636
873529
739680
821895
114094
506994
299492
355729
83770
564190
62947
988013
910367
778457
950711
630342
637624
536413
824039
608997
563338
407369
109482
584047
771163
658748
950241
819139
485925
669541
314575
621740
707316
809533
334375
269001
25556
578989
711600
351488
359502
392556
83484
845644
438302
735284
996088
152253
857632
138980
799321
911255
567894
632212
898088
693512
102753
280939
467361
905033
580979
819446
331002
378959
823572
462846
49117
278691
255020
162040
888481
831672
797532
625350
797187
460127
302936
88629
516435
23052
897745
681272
328908
77213
180070
433240
205888
842890
742684
658308
1292
546073
303099
263283
66174
182741
488228
119577
812420
751622
38739
246325
411293
450677
551898
780526
1697
153071
966976
574688
393739
689268
520148
172177
181602
657571
779204
217192
360926
435952
840807
762534
473187
331840
424139
753656
523135
332988
359753
393137
796653
907498
606557
149846
425221
390574
578989
585770
237306
75574
138189
571979
430516
863694
693475
703532
964782
993812
592308
902000
498596
738592
586699
35435
232412
6306
396137
414973
929420
922675
719266
38291
223646
384000
276722
855513
827935
447737
337373
742759
414695
418281
959461
961033
129498
362885
286327
595604
556812
560780
820418
304905
105851
928783
167376
820201
740091
858517
478550
728923
472777
600006
481390
751479
869251
957364
733669
513435
908849
600964
700525
17749
357274
369973
61129
234359
285653
166681
427316
584195
153943
100185
537043
14775
648190
190802
765367
776062
880430
985942
387877
73776
205009
889972
175069
974883
63813
206449
340378
439013
624473
613382
513591
273805
349119
317840
206217
939611
148454
811060
775364
264584
384675
714795
523255
816038
726554
365773
675421
997530
330778
200516
134267
868292
75164
680127
201712
569368
800546
895097
991972
22808
87672
154441
705473
707169
461834
418451
718917
457697
106354
389671
561462
913570
427776
920923
365674
579912
599089
905430
239170
172346
20928
506620
37961
633493
454053
240831
828974
242510
901673
172695
599059
584564
62132
3624
922843
277849
118806
963687
17076
485934
283285
432814
510532
129775
342399
658929
721097
465550
856471
797319
702498
757123
380852
913268
861022
948477
207946
891458
431967
773650
545706
413941
684808
57506
772877
671991
691116
947818
558539
626995
631664
600721
326204
830975
154166
952006
721346
738173
609839
201731
190970
349890
918520
400568
780002
755895
843933
338805
860536
472902
369943
447876
73621
137136
759818
630376
504448
340390
19395
256962
782403
496874
485693
764945
76554
229852
573626
208499
421629
789300
354062
658836
100028
202327
877698
819473
525757
833660
645267
719355
190273
119548
23813
205741
155909
821238
582368
321232
89199
75114
44944
33099
509892
785166
421670
865098
22771
739841
804350
355473
325227
597811
231932
718283
236709
120785
462515
587028
585298
923719
682855
597902
873773
678016
962307
895520
142982
67569
801448
2435
692926
483103
252710
540083
166724
848432
195015
558150
537205
154721
127513
765684
270536
777660
118378
385879
456892
477082
385397
189377
821895
483392
374025
490782
525329
11325
985801
477776
343829
332329
763460
46716
905951
549488
877542
430351
506024
624246
713205
129456
402129
853055
607974
676543
561400
891485
215151
443959
995663
457905
275406
658229
129980
312881
190797
155140
57543
199128
826324
619499
184161
698748
724174
459461
167503
147798
24174
481212
502122
994897
161216
931305
566292
918671
657151
165225
100221
810382
860514
280634
332820
316046
751037
791458
831197
779284
632879
379579
115055
735151
66981
916432
530554
126183
721819
86658
98856
738879
205061
3967
313603
326576
723434
895924
734621
485254
889952
563788
594864
654309
864859
571277
526306
198301
737692
852725
3834
381220
770511
276753
219124
40796
868595
326140
944519
980044
538497
434941
662132
123781
326914
854565
396866
940361
121700
293685
698699
427782
659633
61876
773643
397722
263711
683718
258341
125181
228248
12315
46464
616707
585304
744214
267620
19157
326784
775790
592228
392465
69850
550916
972776
508817
39322
736398
40855
754031
573078
534789
714098
185480
789300
168272
424665
691829
238736
401328
151462
334610
517695
968530
321826
437203
811535
742220
639251
217020
820354
217788
805658
735002
142416
107258
572573
628223
209175
255850
241631
380902
260422
876347
409706
292808
924275
769642
463092
369530
763525
90965
136875
294718
595830
633185
640321
153672
271877
18624
626048
372715
553820
772413
821527
199611
679935
440587
798275
744405
144066
258431
784392
469379
645994
895195
191319
24736
391217
333043
483657
632274
858109
725130
126509
528610
427200
244917
553346
633263
908636
626448
764105
340893
905124
840301
218196
343040
82989
722978
599115
963815
968317
680660
63922
483458
499356
919812
94402
129101
140005
750702
608789
462575
236439
279976
991331
414239
342614
986086
601025
942167
873528
220042
516058
382179
468311
93395
401082
208254
743188
276215
359519
571329
945195
856625
75085
301976
269752
944283
784326
294524
567947
698949
975834
186942
324628
318915
632236
251793
929268
692573
850496
875746
383339
964328
733847
92356
749820
42988
732211
779543
434477
640035
17972
639567
156697
925389
931714
632289
332735
504058
876765
680251
688789
806256
4645
878489
968426
166321
857161
853036
289569
363429
335958
535328
558742
905800
810940
865307
249335
700538
9550
869400
589738
541751
405841
691212
799772
542746
310864
500347
455377
617288
293324
628170
53381
736090
807906
840431
364758
456283
769202
801874
409730
825562
452704
460302
110253
436376
850104
217020
4580
652943
12538
88473
259170
72072
176694
337125
279078
400213
767714
303677
724233
5217
679579
104467
919283
622664
492986
596789
364341
901342
240195
894072
762283
733689
215913
882044
279259
412364
367013
463250
128271
132084
535608
434472
645302
530893
905048
488413
665466
625683
536629
737330
417268
753053
641551
42237
550488
264171
104342
120688
361759
985992
401187
179607
631359
843533
608484
796934
572286
354885
915393
344858
718160
811445
731185
964990
950478
582135
632131
357166
858117
773046
83522
353369
417857
118873
913340
32451
299192
151511
297516
70482
511808
581455
973671
509556
817406
221130
245975
515686
796403
640804
682173
446041
31261
545766
551310
918935
774457
136480
823784
571387
992609
341608
556619
770505
788108
404814
731834
115163
225607
413354
42816
275758
323757
129068
221419
151902
789531
504822
840149
227645
781332
69154
446310
309975
477123
225250
494470
297381
288875
251831
223265
220131
248234
391104
559655
571373
116319
654623
147867
265311
298797
110798
867774
707052
109061
852502
694442
35396
126310
188507
185380
275616
675665
154357
639040
199543
271699
8410
460804
897718
632008
583186
608781
681471
207606
587169
540638
199128
845449
341274
426262
235513
453105
723363
750721
195811
316841
12420
288693
547747
178133
72663
252860
95386
769146
781690
776302
58944
890243
703441
919124
579272
111946
563029
382497
264551
156574
964328
857869
694530
566187
280463
736482
788013
344089
637402
973397
659924
265151
188099
465148
208489
71698
600707
58867
187781
602316
662074
522225
850718
865364
510912
726525
877990
71366
500599
633099
270416
891549
393480
945412
446171
251987
236126
391165
935951
593164
873533
960587
216819
357472
435091
615301
489534
880040
256056
536778
510800
252384
584825
364672
666664
295344
754810
516801
192576
132114
687425
891752
454394
820215
640070
643301
412972
579847
330576
636257
594575
621957
902012
62926
159928
939030
149621
323744
920859
772001
675168
936012
322496
27547
593336
366125
371185
462096
539869
641610
576052
352817
953111
432438
384507
725612
14529
494151
195542
860396
969906
14634
608525
506317
576693
7634
552904
83348
997372
68755
343795
412961
292800
703374
166610
281473
558490
936003
742069
771401
269581
355224
10186
112986
695930
650696
498884
772354
500160
133842
297695
762657
804126
142178
694714
495694
228002
800884
775648
899748
605464
523823
201215
61136
232967
710796
80111
541346
67622
764701
392513
651888
733845
553985
777651
857545
786668
587239
469786
870781
946172
717988
831661
960439
697573
688315
256604
285898
444326
951224
103069
266436
897484
731592
295729
335212
943029
702781
408321
933034
550990
453574
346578
54425
92836
397096
894633
754470
308200
845956
40088
587914
610759
25900
186218
448102
42898
858732
887625
120598
776799
917325
436750
625182
759070
138618
42625
934829
106446
975593
664830
898550
949190
526393
236982
888147
529176
323818
213304
511070
637190
861730
697957
210003
810812
968745
337228
442239
199831
10298
719833
770736
350036
708138
682838
561031
122496
569778
751927
940651
147065
929664
181423
314283
620691
937495
214350
822665
339228
983938
944428
475742
879396
592267
361950
960404
249101
613329
835803
585842
87716
91884
703906
250186
194061
275253
194334
686847
398091
9515
682416
347816
432996
530713
724446
169929
217089
637775
904076
256638
205018
556364
978561
902731
679604
211127
754737
714030
984760
565671
281689
756552
382236
931874
374538
485704
670318
43261
966774
946047
99050
852794
238326
816545
412133
507418
695514
793525
638382
572595
216233
111084
609750
65568
869299
879157
319372
725568
927316
721804
257174
119185
12079
905296
143992
803339
520748
493583
449000
225551
217658
732957
987796
598001
195158
447555
725334
315340
396937
603324
168063
463480
964148
86623
686871
796361
156833
230456
360745
655705
5372
483411
203913
794442
32486
394241
294182
781668
916582
811940
478676
224220
929022
450617
200816
827342
451488
759933
200499
180713
156084
604015
856864
82532
702389
885660
439554
966739
75880
94978
780662
680963
881020
154057
879574
502787
514390
453115
309852
220357
965959
158479
291405
597337
78868
287287
798412
763453
6725
702678
752532
774023
40256
542229
720372
4205
974373
19692
112250
883636
724125
282314
824326
239273
364079
581150
190875
609261
740122
386402
365600
597304
437274
786954
380875
125641
39894
588329
605478
694994
231961
751386
77369
463956
494330
945887
846936
280158
200173
455636
233250
509508
315340
956363
780930
809767
425152
313471
983565
54102
381257
105154
766079
945404
600623
946006
293088
39805
951312
396805
64896
770197
181657
779773
394440
157781
478620
290780
842610
925807
110351
804384
186217
513255
700941
254919
945596
763062
983460
784673
288073
342114
564182
142152
577734
520233
949390
664531
451067
744304
314439
38970
643730
866603
271358
855336
757063
717349
986204
128537
624751
904496
457770
352239
629550
624595
420371
149895
72194
272772
355426
730324
947346
110795
842292
730624
967598
482733
906326
974486
669889
40566
231245
266311
399151
752262
808450
271525
81822
769103
979188
509986
188882
388237
281296
13953
800045
947922
279571
374223
614135
830461
507503
400656
311078
523267
107434
597630
407117
324976
148980
387087
671727
106618
958280
922233
26794
447749
235939
388802
269957
345437
858121
979461
30080
735705
223351
127959
264378
53470
894817
435871
920669
409149
511114
77916
709947
273902
401383
584445
982996
913087
961168
82103
94861
259986
543725
529096
110250
664918
762210
903381
333849
219330
813837
590539
543434
569536
743098
500597
499010
709642
607271
304845
277933
154830
616198
965170
584529
140268
444904
844571
413619
313157
374563
873002
320811
566598
735610
187700
77527
876155
608320
583267
511086
779979
591986
216534
583254
43353
892998
2776
986514
524620
246251
90962
397860
779854
472800
142890
997240
233422
950063
391118
321382
39659
775559
800100
370777
817346
503942
846992
594011
829646
206512
641449
7859
935231
211416
470068
853224
514425
99178
774572
650335
613148
844330
315778
231297
188210
795803
254848
838638
218612
809788
545596
66963
406808
229269
739894
67254
225405
380350
46215
113067
188150
188232
730186
569310
847256
341999
858259
80979
251505
949214
327985
625655
71467
271197
326874
667738
466336
895581
420341
554968
135803
313653
773423
608477
154144
644242
419939
526331
229338
707418
963292
946355
475335
83951
718510
118771
381185
289746
220853
460153
535858
522271
630474
943678
980116
539105
951935
297252
196205
658275
997126
991114
73359
393814
770177
875687
136619
83360
576608
491986
863341
697170
191086
281861
739615
4600
498023
612881
119714
603481
970271
486471
639002
725568
132575
