472404
102554
134300
327367
550437
56834
165769
938327
663450
529992
39645
829137
658462
575136
208899
836522
99353
183351
142972
21487
376450
69969
37637
344837
318629
670018
349422
712533
287908
698009
84464
57609
699088
73036
887433
908009
216688
53170
926913
673556
626287
780163
558427
220088
649271
409833
707524
521706
424160
245343
885200
79667
650537
168882
830403
747342
275572
228784
175170
949103
407691
495734
317172
129174
578101
930435
960646
512510
882938
856830
54725
755560
481667
591121
315255
217439
451068
135757
27154
593091
805156
28365
762127
854607
824167
657310
229731
236719
441141
826355
579614
183801
908069
666926
233359
377051
520672
53316
530706
449821
51195
343279
558957
654117
550305
518392
936319
814344
316634
218920
792286
548141
963864
81787
970594
323002
938421
811587
373886
785017
415334
442308
883854
313055
875559
184166
371440
988512
848232
484176
691975
473502
394735
135196
605721
451997
534091
156893
956564
499289
54576
681870
669755
426535
208849
16371
614301
993824
358646
652123
220946
44677
822993
522484
634916
840471
280318
950629
672592
375459
719408
34969
425758
584692
176037
956272
530548
244038
128222
489286
123153
719687
161418
6645
150464
966016
211810
587426
545047
189127
657310
917501
629941
241651
948831
766895
258586
424710
685454
596844
448972
596844
278097
482395
835279
125377
255271
335126
504892
785118
310754
615634
307260
625042
25876
835628
387245
425699
12489
916459
46288
455224
52929
215179
813021
243414
673177
737781
657483
502073
251681
586955
976012
969119
548141
659753
170688
656748
12171
107046
350861
578801
285936
79222
957962
928408
713282
666530
281679
94132
651815
530823
940538
684857
924183
382446
738073
100674
321348
290116
22369
818840
561636
138296
629765
684813
891301
245755
936925
792269
797073
959380
212902
669469
680099
402724
996178
472775
977949
96691
704133
496929
350762
856842
204686
374354
468548
390648
130579
511642
119548
883464
172691
24639
602499
838470
109990
668896
917819
486022
674482
917517
665621
134802
885437
616026
718756
682831
556647
317016
983375
510252
439192
818655
137233
846622
724245
316553
217377
292662
140591
211180
444137
173190
761310
205599
925982
213842
743565
852532
692358
585355
474589
229127
301048
133577
936475
438331
58257
807425
837722
997575
84985
139372
97315
277704
31997
420471
861432
216149
950006
814250
824659
210170
741598
352945
354951
629272
149879
453756
772718
21333
178928
895800
303881
594448
214191
916799
773237
325603
477983
871196
868068
865674
655115
880712
367042
284136
553913
773564
543049
861670
271685
406434
758892
73327
985345
69355
968818
745649
622303
214053
730061
333989
478421
111756
998574
931370
497216
649242
692073
488614
170994
531524
245839
914666
727669
105792
183694
901828
828475
305424
638648
896382
261341
908103
77842
830403
184267
439536
138760
813219
920627
119767
842937
286698
558181
83998
382177
675950
466231
688592
847550
462281
257365
167526
53625
259787
943533
140852
926970
865312
30612
689999
842008
362607
289471
157675
407863
282745
174026
124224
411852
161917
65820
708469
504082
412608
812496
285389
194326
268595
283271
865593
366115
960470
105234
232469
284150
652587
967505
221326
738045
332369
458066
566400
29172
329644
821247
872981
82614
799614
128476
387583
110146
755379
468650
502333
364091
536478
613348
777541
654315
485240
340624
955823
3868
709729
515267
618546
410300
210562
211782
905275
289344
115276
28336
188911
273420
795169
496778
813330
882291
229763
621960
941023
236505
996995
45528
414541
367825
445857
168577
720504
64858
641173
250193
53490
322763
747182
814596
900371
610023
379738
44643
381526
174999
268362
98282
669985
841134
487026
858676
743923
536045
578536
752552
272191
760753
840198
419749
88585
215136
787945
657481
985365
352396
580103
824000
597796
244730
117962
716892
570233
924278
901042
362389
106615
414088
866984
557823
496158
266107
260178
886435
141502
786426
688049
999253
689319
914112
30246
272237
821452
29347
930628
651535
859521
971316
619690
779382
840399
8959
961502
559179
728553
294445
751911
768327
485541
749311
713405
794947
944731
934511
988762
102270
650545
640982
77546
129554
941374
878501
628173
84157
966415
514729
889168
705679
88773
518435
230197
817441
855357
329445
18703
829902
574488
864025
929149
687256
724436
710667
585023
379610
309906
331776
481673
208150
155001
854716
96722
835380
405336
34339
207826
997024
957648
657523
946831
315531
457904
666231
698587
509772
537617
908455
310703
585872
265584
834452
807399
838302
553554
580625
852461
464429
197766
326643
404526
454054
740661
395424
481640
810561
99945
559386
814022
72700
561619
415945
891334
236912
179722
35343
719842
393301
899939
368421
939791
746434
55237
255697
460104
984155
645136
975465
289768
125949
876582
772697
560545
423673
739515
799783
133505
702469
162641
988359
788201
304891
405454
774263
735173
839757
802712
542127
905847
980876
577770
562889
697679
269646
951919
349835
494518
73527
20310
160012
21166
93803
527646
496496
232271
366740
343664
998169
917588
232680
512032
151980
912303
537827
856645
215710
211728
432202
724892
94485
517806
49977
155198
585762
995675
936277
944160
808423
324677
391292
210116
410013
610673
98900
177258
857923
9912
595885
359822
486599
121815
420771
98051
988820
252508
136102
587521
695796
284555
556636
44095
609750
265319
151647
58763
268539
732850
420604
93956
430321
467150
688575
955243
343705
865483
339905
619740
590504
741288
281415
165204
291429
92054
588692
444211
849062
878572
636246
634819
407669
390851
893329
533440
741598
302461
179558
576447
298339
643094
178929
556325
479815
181045
869419
251555
952875
203979
667342
744902
980138
945722
61131
377377
756691
374408
949675
136197
248567
12381
777123
935386
912055
118063
743064
275505
816588
973520
654876
534511
683482
183814
562150
309096
802767
233448
158293
364371
396297
589767
506045
994926
692917
174788
377776
240374
407995
681714
916459
48803
671417
395720
929959
681941
167296
403360
728767
947838
829353
360394
862172
475114
801938
541007
182010
56548
639885
631099
262438
549107
228325
427082
431449
297267
9330
702813
785505
521169
683941
341424
328844
98301
725440
19884
783287
48251
163170
407061
79860
997723
517286
319664
755651
403732
194549
915197
708113
358896
305605
892918
655917
261496
598511
578502
796415
780417
135827
283318
446236
859362
699536
715024
442012
866121
657234
526774
387672
21993
799746
799943
316416
94362
849449
340548
832475
924231
989588
702152
484623
134387
292282
447537
902967
546302
422363
865815
293259
119746
593308
183350
411616
438738
287147
428818
26906
959520
443507
19665
411004
451880
362321
613170
344040
295066
15100
892691
701832
174125
35931
538689
380971
233006
335439
977712
218250
208260
468380
250071
848751
735419
675639
828988
567628
427690
322252
444184
574562
794487
79270
25131
35893
177711
945624
184357
383776
4593
184730
516841
496354
398416
192732
233312
956104
755211
481933
935053
718732
68304
399138
635927
241467
886652
369987
77162
588329
604286
824120
886451
479195
141322
964437
724214
342012
285542
355214
119248
130069
102122
692870
875792
352915
939953
935013
608011
977250
489828
628828
891879
696059
715454
460419
238340
291159
608254
734886
944344
988987
60925
704358
905064
378145
65681
195101
344763
909436
16903
700751
830198
423093
429106
20921
739885
837234
395340
265025
453631
405464
81741
676022
484479
73273
498854
366789
968612
74352
437950
787792
762537
858141
785493
483324
32536
689941
120733
534583
133142
637893
81392
565114
29325
155448
241174
307101
510446
680303
955657
648020
33432
872003
253742
894970
86503
91561
463463
455938
299829
284204
636881
506339
390485
191888
225225
554930
416249
602499
32428
545605
753404
886947
829957
171835
832064
354951
838395
842049
216683
988401
450776
592549
867351
712940
791660
375241
41016
397137
74330
842733
716169
75735
886051
406641
862503
140218
611326
362619
422850
708481
469844
251919
298654
996688
18032
77080
325654
249975
446939
592749
99362
591218
905837
546006
637189
808477
14408
282381
662294
26792
864159
912929
761847
756303
266184
38706
828036
848170
42369
495760
672909
59320
956176
379326
464969
553552
964770
947481
889334
51387
556652
993180
315157
726560
237824
309878
529434
419758
224108
661332
781476
985867
982162
627319
736531
265319
952876
857664
655002
625648
370938
259561
838312
18020
272480
253025
105399
427038
137576
53136
188453
279699
562102
32305
65548
103298
736209
655635
31252
574240
576406
237699
157673
744529
924779
909963
90863
380018
786667
122427
359406
99754
546470
949912
839643
367037
978100
928319
751507
181167
554170
719581
865746
328470
991287
203788
928832
795420
340130
207924
322132
519084
166437
946043
698495
876559
246170
633819
464647
215244
408539
751854
453891
856616
974738
566269
194009
333585
992951
72432
834913
183918
555419
519413
446326
612255
600576
538571
137530
208722
361568
85418
952106
974656
415103
46676
769095
587392
632204
753149
529499
926533
267946
734358
429800
658994
470083
711625
109236
120953
109009
685613
126558
470289
900728
78262
482765
890403
994944
663084
480563
764428
705891
462583
238716
49629
478317
916574
732331
303519
307814
343077
40383
788829
998287
505518
519495
975128
317248
338023
824720
994108
614741
840890
412677
605949
811434
216108
107088
852599
716945
495529
248916
46502
30356
105339
430374
559896
353915
885905
663002
409913
607447
560539
416073
68484
821394
880321
990453
220220
573711
619438
933084
360940
107086
258808
619381
585164
195536
182396
916761
956322
135461
872288
361285
459782
488862
661410
347201
270878
25296
440091
859324
585018
326349
596010
507298
195568
850124
920456
628966
999253
414421
599501
19884
645533
955447
44799
344776
615898
292828
106495
689107
653963
870339
196276
620791
653690
810731
912216
259256
849608
956337
565593
49765
673765
575280
750655
546176
805197
405382
207994
870843
514558
155654
906142
97467
594625
413415
203107
114336
143879
722035
504428
452124
54024
896046
154546
290505
984039
721150
433238
102464
244475
519508
808954
366461
514840
491419
887061
939811
807283
345869
175443
440552
568990
636978
358972
52771
770259
798908
298961
975401
64858
472676
167500
41719
172026
662187
326403
587127
705594
783113
882011
659805
697100
80805
511941
252952
272915
495869
589790
197290
8676
478177
757479
17982
921269
159526
933833
798634
507660
362663
284288
305395
137836
836315
731241
261053
702156
989403
445669
346488
561757
626933
894572
405082
234624
352675
273124
512089
806082
437378
996732
334559
303139
249037
981221
61596
556972
623413
723847
566768
737239
179546
634182
107901
257520
896821
747710
71462
125434
155896
897659
546867
755384
44640
367914
834096
532332
511481
212063
300074
691076
378655
451637
617916
835364
823856
467844
996506
105618
969810
923315
344264
740850
793164
224182
306700
726869
806339
702735
418684
646227
710212
886721
756189
846018
420259
848700
647929
172127
685861
530349
764833
55436
68759
260568
225629
483042
462425
227898
745776
983965
256974
480254
973684
132717
346411
291866
926416
686242
578254
184588
989739
782318
826564
743239
715919
583883
478678
853075
281869
692754
411472
128222
940280
613440
279599
430099
325901
75083
87695
128761
120236
834128
847550
158318
922581
451217
294240
41959
288241
894542
698245
615797
634717
492862
147991
858501
98282
124749
700750
943147
56167
363168
55877
29652
550263
919537
439221
687701
860759
511936
629322
954542
287552
828856
358051
569781
516062
596569
614827
35771
47060
926762
51064
968225
21408
697896
532830
101339
92084
819578
377222
586648
981696
495869
263613
175972
500898
24647
89971
831421
392017
938357
210074
882363
12414
866524
661445
39107
469841
822656
343140
777463
452858
773184
52210
154943
184316
498534
599630
79023
927197
740156
427125
210850
224509
94934
899901
988349
267426
122591
70700
158951
214257
123120
603307
255607
702644
807483
268201
753894
783591
615667
695548
768023
351382
48101
140331
810160
422498
812499
139531
118015
329203
387471
519140
820449
622175
391186
917349
628173
667373
817556
381607
804107
149877
836795
14158
597293
632399
69555
281086
777125
686241
922231
592826
51012
119571
958525
61133
550109
420326
238665
170044
361273
770457
994907
209651
943724
992285
323081
93678
394993
616585
576930
697640
596826
143669
785493
227736
115139
428806
279994
606612
405802
566003
621480
421145
713072
658642
576003
241578
304634
70662
526208
246234
432144
233280
335644
310067
819699
780993
66762
579514
943075
151268
52476
496640
624785
599218
33484
547330
581661
26245
527415
853027
315571
975584
772169
963810
451787
485798
476605
613755
938336
931127
834303
668107
330980
51280
583107
283310
436225
948696
74935
464255
534750
786297
642964
105015
658624
466631
154418
97845
454399
488559
294003
433806
414674
170014
650492
832206
786545
397453
629735
231294
796243
961360
22167
901828
490890
990862
392736
489756
692362
756943
391601
729385
355104
635958
483570
695380
684933
238786
363167
794744
613267
667433
22011
801855
330569
640133
454054
717983
310470
697195
10959
604599
73682
100387
330003
403020
724440
149450
83162
933440
845689
654314
131760
883132
308919
796407
117061
477899
500552
711848
110487
255486
289367
987502
645765
141695
250964
769153
78547
61311
158400
817367
422532
873075
51969
314157
783811
952201
866869
41266
890177
576722
801582
508800
69563
164048
904763
12552
387168
63180
826625
837219
445371
890305
255408
237383
91265
890931
825269
217833
284071
277083
850836
959358
138843
20711
41070
25916
444674
717376
504136
699335
964840
315541
941478
979329
758396
332934
518490
270112
629359
857328
402139
16206
395968
458870
608936
147267
843290
975916
673266
103676
738467
227427
783113
814419
130467
675181
166515
861200
474101
335836
610814
945105
394288
913222
304509
332952
745750
612840
961408
583016
448679
708132
30175
682344
192082
746293
122810
518406
902504
105667
834030
857057
330336
818460
24644
521967
493274
270669
608262
189079
799103
35238
489736
276249
204486
479399
127679
284575
136099
184349
685343
441583
451209
374576
492570
626891
84243
519909
65417
921354
704113
960910
433231
43572
886367
82048
592678
632173
865960
205389
306706
534141
395815
973468
68805
231636
336043
895927
589819
4015
135832
187512
149169
690495
686800
499348
226574
914537
760234
642037
797489
665621
648562
575178
540385
243414
921506
472792
286196
338421
57803
510939
793279
977485
601852
951580
964733
494518
383284
689918
436436
330782
419851
152911
439563
562350
591879
370708
800646
820311
624128
397052
74946
626605
366608
497521
932461
43243
468651
70506
118259
452132
128011
660225
246935
702741
741598
224977
968261
694349
379909
685606
39596
30135
309288
417110
144761
736357
956463
35771
149945
316589
936950
801483
108132
550041
228534
665267
389003
476986
227168
839732
744625
859991
459
625493
919770
902237
213265
109095
802
603845
360940
437106
541364
566719
373098
185550
592553
665045
319423
962276
575573
794504
417323
610272
191818
816208
250723
979907
826163
215374
422318
707345
22523
2847
298961
633178
569659
341168
674270
804016
238745
473347
762541
266413
559775
493267
724376
470083
610832
365566
518935
244855
384970
950249
51281
911757
154075
866352
935746
993977
238837
811888
996944
490780
249239
410328
35440
620375
361536
396706
506647
390096
203765
290131
217234
249748
584260
198020
166157
681511
684861
319858
113533
40474
94332
177607
609680
305135
43924
180874
245637
540362
443736
778309
558687
902249
905187
802104
735122
495984
530834
526942
586694
469531
516743
565241
738994
425408
75200
223505
708843
761469
677935
643210
392360
158015
803400
373464
923930
842891
551342
211568
722135
282808
670000
92756
870156
339558
347300
648613
24177
128659
430583
906060
247738
865570
604094
379318
962629
837259
526558
944096
562507
681804
473624
388967
77947
698998
92229
404246
965899
991281
756478
153262
800556
587204
587893
946326
29423
92580
80886
23337
63197
546062
571962
965383
455923
723697
931159
251005
234984
278550
220794
831837
200565
217700
269016
628861
453640
772955
335201
956862
982849
603036
171745
124683
884756
943461
371976
973772
409931
72883
477024
370371
831491
101303
226582
985536
819609
437613
450484
349799
501710
672967
737757
615251
708138
220356
701214
921927
295222
599395
386713
823869
627301
815312
813397
952287
662039
675003
107717
459512
486432
983244
662908
464829
963949
763161
994077
263807
280318
727439
77421
210806
740737
901804
716038
823482
311294
639010
328303
745751
883464
992949
626863
812163
800872
964770
528163
562915
526531
619576
533498
948227
525463
509425
119270
693990
749179
801598
866868
556605
55763
994143
59670
833369
960057
682374
975552
96000
450002
847529
583668
652126
276689
683347
180530
647799
427263
209984
6554
964462
663954
953720
526815
129723
278708
815954
292862
605845
179959
703460
770315
192212
70025
964845
188676
525073
682857
25997
687632
721483
307112
905626
544696
457826
446967
60076
892580
701408
103769
342888
341425
992395
319256
804595
60176
558128
580389
943947
157951
875873
321424
578063
634658
780858
590153
613257
894014
516893
632864
424082
867810
101531
301974
157290
582765
762296
555352
429942
16401
962264
201322
714822
395085
498307
521168
285175
826625
471021
669583
131535
709151
325952
369091
277858
326890
97205
940161
620859
348411
956744
773599
518447
270037
650887
259945
879112
540999
10528
637588
326805
330058
794659
540407
553433
523800
930609
227896
251808
177337
259830
685749
28484
353888
543697
236755
511811
605980
904065
423111
373020
61064
603875
932149
167589
179300
447390
716020
282492
807267
35650
64468
525502
331617
446024
699082
279241
240150
759561
850601
904920
977204
706053
891822
761096
863372
760141
331450
542680
434969
565770
665479
956528
80968
522973
513872
898796
890569
847608
182369
930861
275035
420659
586416
190885
987505
830877
809704
653546
915551
841719
625140
879825
660394
785323
692823
727971
426725
416378
822976
127998
489124
615286
954095
584508
562481
471928
653556
969095
479673
914134
9766
435432
723887
688131
771461
595134
10214
787059
476453
771547
872445
224737
811731
518243
866453
747013
206840
549354
385503
375910
156026
114365
279412
486938
931421
284637
742836
103729
231025
302385
921357
2303
364784
345056
242196
369370
325613
771343
709208
475672
805848
767335
397150
459709
610586
521135
506412
559291
933439
174851
989556
730662
339227
894795
97382
481354
856376
553307
712318
704599
181168
557111
4193
8827
151195
70671
925551
302109
916743
48672
962028
574691
160858
976877
677764
796777
130625
902753
470961
526766
940837
580190
134892
648997
761539
184610
790800
653596
38678
148225
249948
780323
202848
653924
904560
726600
378765
714252
612828
298664
410702
46396
810512
64423
917834
925536
377055
567038
402960
873357
562541
636492
458533
468110
68120
610576
413337
949656
199871
671411
130226
251893
407292
773640
619175
786426
196258
237824
531783
343711
682643
186817
439445
663015
20208
12966
818210
885866
447282
785686
406836
40442
428732
709841
331164
218523
541104
210826
943044
545339
86699
760936
661595
554525
590854
665564
231418
724870
384056
150020
928614
788405
468664
477983
990383
794313
909838
161321
102441
709671
33256
714426
587056
462120
79113
167290
262452
715035
227185
42846
421879
752595
241601
286078
820848
340172
385407
63996
99216
667742
505956
670435
514670
783560
717081
760338
794099
3744
824001
770514
453623
10119
507026
200209
972197
281039
652186
333891
681077
875792
672088
28851
44118
578148
155593
791535
496833
833730
146557
999594
273497
875821
214505
529618
811731
207215
209656
536756
28080
585918
597865
213014
841984
633675
689944
837818
947695
21727
698201
461273
234969
563318
969917
217390
283921
631845
715880
275816
486207
851499
440351
392287
272793
611205
414251
520540
146284
13864
463764
818210
957798
806324
332350
932991
381888
53666
382354
342436
132913
332306
562379
620614
201164
719974
974020
304750
363936
395333
923812
343628
774608
815953
848346
537927
756361
996238
849525
896140
476992
585131
957920
587085
381987
241564
515702
214053
871796
335570
802457
871522
803131
901083
679381
575249
593964
287923
97315
504738
767887
548402
183247
894503
965900
777062
868503
393623
800289
552838
466536
870826
808394
614391
966478
700798
93105
672114
689922
953206
166362
908863
380231
740173
811210
70262
301169
939029
278943
915967
618228
812291
575550
959452
777096
441411
654796
776182
715184
508653
663438
947961
302910
537848
76153
394855
634991
427800
544220
767318
30368
162711
440553
836155
171113
714938
410413
485007
144502
618117
11279
582298
711474
398615
876421
880698
651336
250873
257054
763364
705382
268228
995987
705939
235379
133898
996766
291057
938297
756320
811377
274469
620802
594656
832539
687632
954096
511803
236713
171403
619138
669753
186515
641891
253580
907043
192982
2416
149016
96161
664364
800483
686899
813712
386368
387178
282087
51069
346945
702528
43640
484195
550043
85334
313736
981317
347631
420730
428435
601078
93138
331864
499504
230047
20772
419309
123401
927486
162761
746393
329698
114278
692542
15248
949639
82619
926946
60127
751259
621807
674805
582465
665817
555395
260591
623809
123294
491836
95161
50182
31790
718894
978803
436086
957430
912663
217360
211206
843414
572263
835200
658994
44624
92964
30149
196730
609750
911093
535185
252093
660624
933027
793968
639448
428889
75053
24904
532260
223617
671983
962319
872716
119171
176959
111433
855846
220140
831840
786282
66229
374617
480310
746434
443630
724548
119526
677570
538439
161691
884547
442335
402733
775504
826678
414885
549866
399719
897727
167996
49005
65776
7760
492957
991645
898522
517196
152383
16092
663718
72742
720317
647680
558474
476699
290034
503592
521823
558516
1829
299452
237140
585411
967726
499001
300353
710818
284921
123049
18617
803000
966425
251165
101138
679201
27068
500134
779697
134325
575793
580044
793953
120994
162071
689620
55533
956741
590857
25210
151524
435494
436167
840790
984898
651946
559486
854782
562454
217311
778614
345445
851850
95376
608777
611278
889351
756385
715513
912267
78874
990611
121897
728883
911457
856324
602641
378288
302693
83690
629311
477349
161718
994450
283802
108944
81087
800914
408626
686259
352476
659218
726239
601021
285447
684808
827957
866466
123239
541262
665532
864057
498542
304258
616456
246078
753619
666876
976059
116856
381752
746040
954344
554027
225929
359741
336146
890486
438924
201406
168553
628009
597796
868615
601528
433914
102939
755204
598384
315777
834692
167387
8409
824803
323482
808618
426535
987695
902260
815710
726692
277605
565013
30455
599174
66605
160501
296088
129915
682243
185807
429043
673397
633448
984783
438231
278246
409606
674318
538030
937166
25916
884642
477175
640959
90973
876337
913222
931104
6899
392946
160980
817096
671367
115173
161653
606932
366922
376816
223499
33404
333390
596855
749703
686272
651832
316651
225787
793677
269088
544427
222574
498561
541595
177801
612302
273554
599154
644948
682279
469734
392194
49580
904649
910752
449103
281541
939623
899058
801881
395109
873379
62261
469628
481515
781959
389550
729525
34874
484134
741223
192034
663923
27209
887338
670634
42932
234039
147743
196953
386180
962095
921623
103946
297430
200729
998420
414681
274772
101537
471318
58659
924687
908908
462248
948771
233987
884530
656222
615201
326481
87627
520202
755487
435671
177941
373934
772744
534705
547501
520978
643170
797614
263344
58426
105730
141441
284422
110937
259904
631360
333011
143228
250495
811618
573686
397588
552939
77080
394960
22151
304183
237046
523943
822072
74400
950420
465223
251906
167296
892691
515153
382845
460057
619639
823208
175049
181250
694067
793641
254936
347548
556539
607817
384572
601545
171810
579661
996129
931421
538714
391409
495275
69672
557887
9986
835561
583092
733344
688940
985944
531973
393530
686133
197110
165065
959250
963288
450196
556739
578148
596547
793253
414808
213135
598285
506970
338814
415450
126083
53760
61970
871711
139592
550463
390482
884886
293370
871562
92160
430997
712877
752851
622425
71990
752252
821595
537056
631127
365786
446004
884832
303702
196276
907857
315920
787815
320745
914162
140779
510942
96504
65570
998407
665942
188191
626714
609832
635084
144705
320197
107091
733988
224295
920092
744897
843255
760488
139399
75296
226568
362109
921356
514083
167168
234462
126836
80036
116945
203703
747642
223228
170381
162448
905084
574104
718437
839479
837238
323940
272171
660241
327047
723753
535867
101959
933077
283269
45968
44747
798187
404735
394745
941304
315576
429098
358116
101138
756398
946655
120695
816723
556294
744598
750813
209984
213894
743097
673673
900096
714865
987505
828094
197677
351860
507581
682037
853948
782839
547525
85284
961421
893803
583299
891432
712921
981023
554164
131606
558738
869718
972232
406154
925692
783071
128154
765747
599097
309922
493294
481640
104398
639161
2781
727976
739874
646884
326938
972693
775279
189786
621088
834096
355388
286378
642110
440188
663399
110138
839431
746970
953380
683927
727788
702136
642476
607882
259668
867025
343968
454323
583563
844804
683855
321545
437304
342420
499495
112863
216454
356259
589987
393183
15207
709293
998085
596421
687731
5710
776964
65529
575239
774736
652347
752463
417821
216622
365520
237790
228306
248949
263665
138143
252137
635023
682738
58111
750009
299893
599501
479146
39634
992343
649913
367145
261468
114362
530895
49812
50564
308721
608357
857013
591911
803598
862914
415818
287094
372079
212802
366318
659421
607224
129332
234882
484829
137926
209049
811596
590425
796976
40061
260916
866697
40932
217961
664953
457828
135137
312632
199747
11273
339104
523094
590143
95622
942711
42718
153971
603100
352392
501175
861108
698592
480102
893828
998962
287223
342118
485719
489728
5978
296198
671432
220375
34431
750928
21789
540881
182196
361341
428737
908327
19521
357100
30823
20709
672571
938534
967593
683846
719158
849352
111294
212936
533086
767978
880236
495982
370511
293551
985903
732233
797273
810593
683758
520183
956554
261757
74131
211403
933629
515348
629883
13734
991126
592738
946884
384438
561691
112252
776208
301499
750741
653171
642657
630832
317283
667613
985728
200513
780858
780458
629618
884937
263156
614127
683179
118223
355017
275807
169792
496675
175461
212909
351731
808340
101335
916362
80971
985944
245740
871731
874248
444452
782710
749984
888335
6659
990305
360396
670184
431631
954783
243962
753040
802688
34905
595671
320103
291389
269631
149360
853288
430818
704960
184460
268835
361712
214823
468808
949907
207994
200555
519460
864232
225468
470413
635702
373875
568176
941948
706609
489124
865483
182249
220946
11312
271739
216106
74632
875147
436131
236384
778514
474056
118582
854699
913530
595622
772825
411053
712921
43028
426006
370481
354679
576582
179098
349274
483929
349423
308033
499046
219240
188437
781150
79554
151055
159520
632898
152853
633047
956784
138860
232477
811888
11077
675389
29276
573887
435250
369479
46395
2386
778481
307343
429020
56738
817391
134243
806153
463056
286529
759735
463474
905936
570613
896262
698111
863884
203876
95895
302581
891010
651035
751012
878462
609351
322838
432477
786130
726122
425677
743882
511590
381844
425886
624053
582288
684258
406767
601024
415804
207624
790436
602095
328149
98781
613450
45955
1709
44825
672873
107466
281090
233832
962581
869504
689139
264482
672714
27403
58829
545134
893952
563089
955407
424470
970664
179684
657153
215567
920249
696324
611484
478633
706988
703686
507038
41074
33957
800139
39155
680675
896102
745678
29744
112959
883982
834638
734076
147353
67730
234519
678504
720118
831698
605556
24157
674955
920092
463307
379685
488980
79496
627196
273411
482533
716435
319947
326177
892857
644057
463337
82048
225379
3651
569064
870820
387616
977324
631379
676666
487909
750497
392444
855249
528539
169414
952201
673911
20578
348853
956385
273446
472063
108855
568483
921259
802614
932984
684215
917680
949912
263460
515319
245384
506727
370284
610883
599704
584498
532629
220159
824653
97777
816939
626999
932970
819939
665817
289874
551196
744123
490364
29083
239936
723996
557528
914047
120177
941967
349000
105225
380887
94776
612270
790640
388504
390560
526607
787558
198434
297866
844322
818133
420801
339781
334103
861385
311913
850660
599867
710638
486396
805023
767540
396906
873743
144940
68636
970457
975892
560760
474274
883215
650248
346394
734639
321155
162817
352711
904426
200129
300
239344
958545
31872
766389
77560
844269
908104
806756
426854
812716
446893
573691
860229
906500
71830
357604
792483
90239
429418
