25101
718119
164901
858913
58469
945603
926126
647416
981726
179270
8162
207439
24523
530089
911151
408960
242413
482403
405882
425542
114907
902101
956001
77459
512112
83473
130119
567385
874921
436123
670211
365903
855867
984620
669477
974351
608398
301735
541271
272789
40709
43817
484480
677070
591652
422520
873590
123423
188719
479174
229508
8111
298569
326697
188434
822745
110236
107381
70398
215458
341971
254740
41074
130333
380844
11945
882177
861691
999952
132815
781443
138596
45361
971671
33007
575709
908515
345104
418512
883547
847289
620656
358152
245957
781422
804057
776909
435411
984121
519089
45384
868011
817256
449852
847506
665733
442027
596112
107693
476942
902031
664977
767685
634857
711168
247715
891928
645248
976321
108007
374775
795201
179021
841876
715491
397743
813946
814088
782411
69937
32124
785751
625749
56379
713766
866160
55501
515421
282383
470169
789913
358993
872962
117770
429878
933758
657107
661302
601105
238074
699818
623640
708446
516366
954802
208810
417027
709541
567506
272873
29431
842507
61189
245606
304545
240517
740637
65237
814657
799803
127249
965847
809610
169426
303877
874516
325678
275775
749385
488412
264473
76832
665640
346012
895785
636456
831615
296041
458354
807175
879423
123650
230151
659089
539979
624263
294010
516765
428400
406957
848661
576296
77545
511615
309315
967037
484785
183655
633021
200839
121053
708363
596753
107008
350213
323106
882113
665401
764637
252652
344889
472530
622555
861410
406424
86846
640333
947941
843422
288725
988084
456641
781813
256258
963981
56251
451208
551687
587918
169354
61734
372346
803867
751310
708532
959698
49354
693420
883674
363006
31317
352438
615342
945649
174195
374715
494144
247638
668903
269642
167466
109337
939727
863693
51427
930836
604374
938881
973038
823193
221119
556071
448621
619095
648051
131190
656235
310140
741362
250270
777725
633722
743885
422544
998245
914175
421356
162054
983077
467407
581463
478120
941744
29769
713713
965332
382298
431484
266048
637579
163435
4603
390620
575238
298531
82145
949336
453058
737352
491943
95604
110271
429695
36616
978583
386821
963274
453838
100347
212668
488700
220604
116877
499035
358479
841507
156326
951185
366367
940036
654660
399379
157494
945481
618384
879116
779815
555082
965432
567130
507261
980353
54418
888207
616087
325264
2451
117974
774711
924610
760777
996194
535918
559270
426416
100112
623948
387562
405781
981726
307128
162786
418387
456004
425684
91315
173993
623230
983644
264585
538699
510468
766946
776588
445533
89716
752615
827610
305773
21496
716406
312296
216206
472729
502684
794157
519252
945770
709386
302352
605694
480680
15011
419332
455016
93751
137290
517811
435438
890251
449808
941412
562684
503343
608875
153488
570056
398565
473709
328524
211316
320154
370135
417569
137177
848334
446815
886842
797927
121464
816962
910373
24759
67754
586653
163001
358436
779265
675512
29061
83227
75596
290863
68333
738794
252990
162962
462170
935871
248704
199604
479220
405803
786367
596363
985190
407395
410394
541720
620519
747020
899153
74411
472978
252906
298616
22024
571884
264983
253679
484355
999871
201226
637407
362099
390293
541140
767445
873517
204949
934387
755314
428524
541737
648147
845138
838026
669403
774090
481077
431542
379689
448117
729916
363761
172870
881284
792442
873743
987763
757934
423557
138813
996027
890879
989005
208364
916443
980450
436425
593885
89117
987144
275870
487013
864465
974989
491635
608788
515938
17360
579750
530205
43657
617090
495087
343918
513963
261670
920012
31883
442123
339175
544072
542791
925634
941024
33937
398034
662560
463149
921922
904809
12838
671761
841774
951148
247998
392833
103116
602402
593779
470145
600159
756514
100075
270345
425313
932442
972295
130382
492103
210741
710100
43870
313979
767376
402888
289687
173309
514838
52858
179393
990147
597926
48444
120214
932876
847631
769913
617238
588602
716269
291381
211500
977202
982457
999834
774872
270776
347025
130402
101424
34667
798370
144043
357505
197689
305068
829430
642045
780392
978816
230645
962556
984703
888219
431141
802580
892814
802542
923898
959042
233820
691426
597547
612663
593535
577817
125568
136030
38440
235765
344666
660587
762930
152074
726253
494912
607373
66235
12376
945553
977911
976712
109270
814379
381446
378655
713850
104959
88107
767140
234268
483546
391127
862884
701289
948918
111716
511216
320019
151784
438323
293878
790543
445480
494250
955341
180048
927788
55495
894415
291180
715030
532216
949389
367408
717413
925825
481807
731197
895825
871970
670901
968588
362300
28928
726826
795300
191992
511374
195367
662180
38989
596020
892862
218969
521662
735736
373261
601105
508615
177673
605511
485550
507316
381224
666636
861685
308285
892844
902142
636338
349938
13430
112994
718197
308193
135518
412540
246817
520442
323547
917706
626101
562226
264320
258692
966995
898727
834664
806243
352295
501417
509081
791955
972179
166305
614292
683482
13428
366158
828521
767851
521208
673771
262742
324676
371099
525515
798490
635990
901959
788497
362477
112251
562856
643826
23985
392493
647432
263403
300567
428055
428395
239370
451056
777515
108285
178204
253640
957465
580127
364514
721187
964190
569008
366367
384920
470158
668729
100650
364233
137622
349192
590661
608376
345323
315938
408256
344912
321481
65820
805876
215416
901425
689920
123288
819247
958814
445148
96873
339292
127270
369645
804894
238167
551541
61380
829057
429865
637350
250295
583130
671289
805086
634060
378676
386882
403963
631352
473148
518433
949343
863478
895418
479799
610915
501370
946841
541847
126937
275245
679602
69959
613075
397335
250875
719496
44800
971180
62426
120200
292370
86214
993557
434280
561455
477772
451967
383885
129197
27459
760932
982834
666498
706321
877565
638469
212220
823714
169311
362507
548819
452996
561382
681002
615238
449215
124477
683403
316866
149698
817094
32808
138408
713031
701824
689143
869330
620052
273164
370671
475550
52797
690948
375285
151606
437830
951240
613645
915083
589955
583136
153283
210111
705304
629609
147630
145057
170799
695658
979364
204606
724376
134687
631257
708620
659124
761577
863871
181687
462110
547564
55703
205850
237074
454195
846988
932400
470529
92279
401118
690100
435829
776556
885405
701619
257421
711802
794889
416164
155947
101474
611392
949597
954376
794332
189481
881696
191965
767320
499564
672213
250164
29735
360578
565809
419101
897647
277822
292870
516883
279990
870674
884626
918338
175438
412079
887332
957363
84479
626101
522033
744660
91850
637786
923051
968727
606170
624472
284293
713031
685151
111881
497947
284819
824783
552806
693937
844208
938152
475871
928466
58999
312139
178627
803373
726691
64441
609518
263985
895102
332503
114834
619094
675078
167953
378691
107978
424558
676169
255841
678324
459689
309343
851311
772134
346985
595356
522449
920736
429469
828078
707847
660238
17330
504466
500885
935309
135318
510804
513717
65726
694496
98921
806925
72665
603747
605161
237149
877454
469833
109115
718683
114828
11867
312879
781673
244615
635136
377755
956388
418214
237857
423534
114638
15923
761594
62323
578920
836160
840241
707271
527651
645582
54554
224985
431208
241388
141959
29466
542853
199117
75255
68491
477766
113461
615245
253439
675042
63879
809301
498460
280402
247233
643437
185372
973751
207831
409154
278059
140482
230931
68653
505483
977720
345552
258148
471565
988606
984525
700052
91059
869391
226371
951598
337671
254789
190116
901828
940224
252777
665480
582184
700959
189794
311330
561936
600655
215204
313144
983514
480495
853218
512200
283882
47275
442000
253641
885023
410956
2903
113904
499260
552701
63121
966042
864468
114106
204116
905413
396218
467832
422179
752339
275337
879647
34246
839696
960347
606317
751809
45519
65707
379107
580624
865131
962908
763591
704123
92773
152426
677270
76537
370625
166615
374023
676792
443762
591267
756791
949981
931224
48906
634951
306702
450099
359182
408357
202719
411226
200806
986041
852953
471431
259656
982113
924952
949309
843007
819586
434396
263439
542232
541180
44539
814134
695339
183925
801747
82017
123441
639667
335976
62707
597623
784222
621670
335839
698522
540776
384527
726738
439840
143912
277442
219392
309378
618892
963199
431890
721162
431350
27626
717159
799773
364351
106612
270275
487425
432361
117258
28526
991442
574386
120769
992977
97725
652691
568716
174822
459993
49528
865701
424496
742443
387151
221593
369033
116747
378116
338640
991732
260840
185626
145674
738260
521463
132085
739097
321293
939050
925380
33206
815709
656860
917042
198834
513059
867240
428513
343653
43859
80553
256452
778686
967067
798256
310809
466319
293725
985292
382162
264246
307021
722568
539651
599748
285637
968064
967584
537642
823253
643487
648171
747279
95601
66477
245043
664050
228990
223976
800053
235971
631315
799293
725249
275537
741856
491336
658312
370096
599730
639835
223263
968178
936413
353707
63407
953033
220478
830967
919353
110523
261011
48588
202797
637570
744220
378931
210192
365037
986074
944819
734697
331072
271190
975689
362519
550916
178346
140100
783999
4937
749502
74832
868494
839098
877870
54870
305187
102387
358569
437961
458813
535309
553347
811464
741295
624340
525325
519120
954798
477900
252246
130052
557683
594029
504696
428193
873065
826062
122755
303485
230645
567942
330938
664941
442439
876206
985103
949349
922135
166418
856522
729671
333443
310764
796106
658025
332507
964767
556145
906895
127484
998200
152164
501276
680317
10059
71214
126066
59013
878288
657777
772083
219946
265479
939353
110811
190967
185243
674114
167693
554326
75416
361588
786591
327926
778346
862555
755406
288176
523840
832234
748681
351046
966958
106356
668825
83063
472738
254879
364549
140482
302098
253276
129421
665152
583812
632647
380708
310519
132495
346767
116539
800997
303830
484969
253577
414515
11174
714687
822461
408103
902270
974523
800627
356011
49320
879448
149552
592270
503649
552046
986228
643944
716200
366039
336778
776672
414348
61514
347610
246507
399365
608496
207607
506672
625304
888219
556775
261859
253096
782221
548810
836378
387969
497168
449211
597674
495274
540024
45605
213977
129801
10066
445094
967028
269474
352561
548233
513769
768642
720386
61785
478216
428553
986626
426377
367781
369093
528905
859920
450237
196657
103833
48995
656331
369160
35007
647205
619676
534835
756556
687318
776311
950919
413614
984595
851944
840579
714167
720302
269953
436072
526456
911834
309212
689108
250580
952594
822108
966730
526473
153518
705590
597353
212711
536861
216607
383815
602237
764469
695960
364574
123778
129993
642677
159106
541635
655294
59347
603747
213760
75310
592398
96767
149116
459477
439730
566484
394660
950669
868565
232272
420390
314799
952585
960255
877665
513109
136745
663152
949357
143939
854015
562408
542921
310856
858209
178204
253349
714486
645861
953413
724798
576481
452647
933359
276446
442638
100373
360054
31109
254412
247418
241336
33945
801919
243274
409748
392046
193062
492113
161108
17385
26518
21275
487701
229769
826918
822253
620052
228215
23099
98812
596440
484936
748620
398414
246243
207539
563667
869085
696392
584449
549772
412524
501127
656635
828468
778504
25267
874646
855263
680513
74736
455938
191090
164951
511024
84155
583186
905760
431557
460038
983706
994494
152115
664317
198702
189638
579063
876726
524228
777509
331760
352515
865838
619293
641161
915649
466683
384158
853207
489152
479582
12641
577512
291907
656776
27575
10038
648828
792252
158149
223467
399126
313358
769690
354576
258910
850600
333929
834773
875822
393458
573780
545623
460034
252612
268300
599336
670586
551066
420537
104344
96591
195875
102532
426067
425654
849486
757282
214984
805962
823901
250843
299241
762407
813287
153225
337183
552260
805648
337943
260813
515428
249202
410968
433151
996445
359917
575031
35986
55130
127484
600247
984176
924161
393810
789657
269434
919096
656333
891751
361176
844320
486743
8299
480905
640329
932370
781083
405666
830551
637411
743690
992328
236421
72869
347802
101290
948738
77743
637517
439040
16625
710976
397781
636231
864892
992271
294488
389727
30186
266539
35409
23616
472176
673083
173237
884104
243332
200618
795631
912476
14287
769160
728293
227832
217042
286016
691061
473618
228868
396822
697067
251007
691783
6487
379360
541458
758210
172347
838931
498741
325521
67785
86286
629385
165819
663976
974240
670206
322880
421008
629362
280955
602020
111661
870096
634289
797283
649475
44219
289867
30896
586535
169807
882770
147451
530639
55604
363676
162827
908306
645334
408141
938960
122864
57289
56240
522102
916979
905294
682813
597021
203285
894635
275228
933122
483162
891885
314708
607740
595808
843169
525369
643874
56866
70056
315522
834572
919372
269901
584603
145414
753475
97528
467263
923158
781124
756969
96833
800447
752881
582414
585024
521041
495189
127009
315092
458206
270232
812570
281254
161620
395151
81433
614643
428580
555088
314160
898614
206542
463690
284669
936038
666862
155889
407591
684274
816342
940573
899615
450157
780669
643476
376724
399258
481106
193769
522151
375577
283680
942215
592615
135110
251821
292528
293842
72494
765505
243571
635050
346891
125725
777929
52253
159215
715422
89820
928381
171376
632245
703248
546654
274499
919105
458510
545678
275396
283498
748370
883334
405695
10524
251747
555447
489247
516758
724318
85642
341169
438302
226154
416495
335782
642511
849796
657559
256817
856695
288507
210609
524454
261323
222357
281806
784031
604891
161870
566225
187467
451422
889722
745875
29346
646255
915919
140158
892505
557951
218597
516246
988267
212180
981523
147904
671452
997063
24290
483895
798683
864729
215286
275343
645286
20381
900636
761951
292519
521865
912540
705279
687345
19590
479328
828670
413272
299113
481170
337022
836127
997216
845294
620453
774615
818686
910224
884622
157091
126896
712337
620326
512257
654690
392630
577682
280084
213898
660261
861407
846988
323397
254198
177148
75533
477221
260972
999101
741556
984604
726850
244451
162726
443283
574709
545678
721178
240511
274021
742990
866840
947159
584869
263957
307476
382567
750101
606895
53729
175866
19382
219682
291035
343143
71912
897505
978625
558361
621360
619467
147104
912173
403084
361138
836769
338927
944060
213147
127522
606732
186839
777644
934342
402728
443027
819823
710053
667787
474012
643843
252387
266548
975959
137918
471494
178117
92218
698883
506581
635866
817899
628198
31958
705968
227021
149916
631588
781312
516362
628825
939843
534801
633980
84819
327757
717550
118468
75194
455567
129647
496679
310494
345353
123324
488446
128115
400629
110708
694707
749306
39460
424965
78659
725782
963105
145554
756679
792724
184072
886558
885505
458262
663813
211863
345047
30685
326833
641638
299582
392368
104881
216383
295125
275852
216430
169053
115215
4929
230530
258124
228689
577003
629870
48989
753023
398156
702308
708279
806362
481494
398902
720247
369831
206871
471565
240191
754908
946904
976801
991794
325120
799377
655770
771597
606435
948484
350256
950986
563074
867436
264913
295966
28135
759384
857781
971639
698258
343918
747462
504454
849090
416673
659153
448401
350737
750455
399166
387881
844975
897730
910133
885376
536846
150392
514068
70288
333987
937878
902031
296826
66802
746876
301040
872966
48131
657668
647719
674175
78559
30787
59185
71761
270017
71318
76286
794674
484480
797743
331504
404715
304083
706945
607267
130436
786505
793480
193479
113004
662136
527909
857140
863326
942340
917792
120880
119514
524710
791641
485197
157504
296859
682275
45371
474951
353029
596067
23202
363871
12929
59702
314358
927416
31912
750252
955393
258541
468275
861037
206913
113161
471344
811013
355601
99092
420055
451258
295696
113548
587851
427095
553444
535907
93729
988703
974256
445244
369175
629616
830873
193892
907062
45605
992647
384984
490816
448371
216426
832424
381833
776865
285319
585417
396053
107957
318433
243523
269602
283314
981874
155498
39995
999282
867607
361204
726795
718616
258783
631002
862848
966452
960852
352295
604358
384551
728862
376491
916651
181693
569482
967500
161698
508615
602118
262123
853418
215045
475427
683792
433345
130705
208700
539144
68308
644690
717563
715008
130340
174502
859868
330655
163235
502821
238180
223865
430860
374884
212784
302543
737590
17331
967560
90248
852373
628955
291930
272956
391188
829037
671761
356180
887678
628527
859063
877252
647015
20451
790330
368200
780494
316209
588109
128770
977091
969943
312113
179527
807346
145991
432269
349271
547597
920591
807089
434487
128159
960468
9648
76003
254244
150817
908875
578127
397367
545625
543112
502606
100541
541586
752425
340563
767678
556508
151104
493225
234645
163549
335498
459357
147534
391591
125481
329376
230218
30736
995789
513807
213227
318605
217296
717613
555641
173550
719256
472086
43232
83092
298291
823091
457405
129127
810280
411409
836836
42495
596452
410357
384884
347639
831149
331089
205592
848526
775020
391168
459874
2273
890973
739444
345155
871970
376388
703519
920345
270561
890314
655026
288097
357245
483941
590822
348071
340162
208023
727319
570132
48956
892792
196094
398104
683220
361259
874826
121634
641857
838170
611861
560884
96922
676133
660634
553199
467680
557332
801959
484609
349802
511582
151349
202108
342995
878916
852438
502540
667004
987468
793938
169697
531457
442283
151650
872349
548269
210843
75479
794388
20901
666952
962261
858120
352350
947169
74883
900378
908987
984264
142923
431194
981619
956491
51459
519293
14448
266321
391953
986399
983418
301697
273084
787514
27887
24013
127333
433345
436537
394578
603999
885631
45580
817045
969064
671959
45940
347137
342313
90893
15357
272652
686951
800612
849760
312744
338182
150024
485440
17635
107217
262212
805712
223865
11052
676560
735617
609992
924680
378924
293776
53065
643655
296600
367961
513390
468549
263399
546545
926753
933378
812824
646286
125654
707928
21440
658187
750305
273682
138810
952958
460427
972303
296102
954938
113622
796496
695724
194708
887487
31276
473752
414884
117813
491479
18132
787191
58548
135371
17206
338599
701940
687896
377285
365937
530458
925515
973235
611888
806037
607311
328782
756370
16005
343945
237534
15802
792448
725985
152916
145698
713633
211354
462477
988144
628862
228805
669771
728760
939058
95643
949870
624755
73911
597623
589696
901830
848116
283637
305881
632399
669389
930586
824667
63645
532446
80492
660215
810903
336702
103740
560694
618069
729703
302560
166810
970028
491628
754688
433342
193059
551497
277519
23887
241314
549274
479006
738757
954366
198114
661467
696184
236246
681267
938416
235651
647375
416952
993992
225615
531517
558109
691673
320164
392307
139147
769579
761884
24225
958551
473148
143939
567894
518151
753940
591840
979711
562254
999585
140158
573885
800308
712516
535100
865276
697964
48836
311916
669394
419269
480473
447173
187726
146531
493390
93816
155329
530221
622134
649719
381029
418436
857670
920673
883780
189950
359362
251215
271237
364592
207403
780431
116604
286723
29896
232364
807896
960145
143732
826439
308049
674110
329923
205221
962361
953155
690494
640661
423580
757774
175228
980474
764638
664158
75218
580282
532799
725231
848866
900537
381891
180049
6888
329442
377833
884955
504538
335796
674197
224794
669620
540409
533228
88198
325075
995433
882297
224334
275847
10253
970780
49345
856869
423835
556236
412249
938736
461663
457579
377167
619476
284819
625111
941568
766337
933714
580984
583670
79303
357474
862643
648791
295791
145643
706542
848110
811810
852699
308968
981954
439730
714442
33271
589123
125219
600412
863293
849918
560936
508162
837545
51730
649310
500918
591801
585257
81154
616538
43253
509817
416578
316558
129245
152178
91477
198331
117937
940151
246899
838899
300339
701450
510710
939393
517443
662401
71861
269913
32765
190102
332660
855659
407468
630162
238263
708931
362782
207334
286592
582469
281702
684446
192571
281332
148837
877420
326411
310534
487446
989222
71608
804596
191614
481573
252420
269067
389857
430694
667547
133741
314826
387156
257753
774939
728752
327031
528905
55283
369360
633760
763591
733727
40709
973844
878489
902394
372336
816269
260313
323182
160985
362199
128931
888755
178993
393609
781148
377755
848230
532816
937709
251743
159153
432282
77665
264238
234663
449688
397834
143993
644077
621018
146674
917174
5678
699360
889665
426456
135791
745973
819752
470013
938661
640017
45519
201819
121192
829394
100947
972454
940290
872413
145629
319415
29350
889012
24508
461533
759079
925020
982005
646020
752046
550953
429416
456573
803582
200839
830344
552362
13363
405863
382533
6855
425047
422940
793515
701701
438363
988503
374846
505854
905770
336194
965176
540896
672408
71845
383870
901738
37774
792532
441144
865836
821389
807166
234392
76263
330906
804068
953602
450980
274323
906057
472860
624482
292519
816632
474123
870416
682783
807655
780048
636990
116972
130177
377714
966906
915113
722735
517471
39240
9322
99099
143953
865865
379539
494559
273000
295702
286916
692620
385975
673473
176946
260461
874253
632768
777272
368592
490703
121895
497475
803104
386738
670054
201342
556357
928552
730412
933371
982913
66814
906712
535050
121251
26816
295130
778157
563043
68988
617653
537375
450000
599319
896973
747020
988095
438898
837765
513002
30071
116972
351289
17426
560748
670049
47282
510812
73027
23026
853094
307114
950754
258795
573575
78038
412574
906753
260457
339888
785559
779780
130402
388521
938523
769942
155531
564320
184431
248547
628935
231298
600634
986445
342308
963283
812155
548027
449107
839916
452598
620980
164931
542623
337775
883779
669185
682487
151673
889509
233116
172160
533768
691895
373866
698057
751214
422916
176666
625614
152207
542306
879182
837138
389511
872174
232190
942415
219459
412336
690587
333041
879541
467982
157114
447296
828446
832293
167555
365248
464101
603424
754688
366522
839393
631462
803500
509237
669785
698376
270733
377622
227249
770357
383635
619499
14897
154391
734134
885150
522090
936780
987937
433363
274611
862573
398831
748925
525470
842745
878238
317336
483965
639206
740011
93198
808623
838903
440562
252540
891763
308932
235341
850291
730571
85760
73573
343382
369033
660587
717106
345504
929363
157803
243682
559626
867011
988904
150245
755549
257589
811896
561298
609898
896585
428752
6625
647342
864468
568731
209508
416164
128468
155769
794734
935041
510591
185230
794947
82764
900021
795435
209500
82764
876317
606277
415076
476084
381085
821217
38510
541445
634062
124338
417313
23763
554787
141934
949116
370392
957752
800881
555696
488643
45496
710032
969890
597095
715297
700083
347151
406247
779864
317440
940851
593910
554086
81489
139089
343428
362546
792724
793719
324872
221704
189663
582466
654297
420716
755579
492945
221382
898614
801777
652825
717768
391662
223031
662005
578984
717871
59610
454922
109275
359703
712793
606187
544447
750842
11443
750529
872204
161966
493709
696984
511666
705999
747654
888654
357513
203561
10601
260303
54330
579639
479218
370727
868605
800442
10590
902396
122434
521747
189396
502973
557000
925319
923999
82207
997392
449680
99010
550234
294815
591074
123852
715491
82897
102991
481369
833646
346280
584492
493966
446619
602291
550519
8610
711802
845692
586969
829627
391746
901983
43515
656871
334703
442615
658398
32530
411527
863263
671721
895313
245606
309051
719229
438937
4127
424214
20596
80531
318414
793217
785841
644468
352528
809744
691418
880320
701527
823672
836155
587269
903799
753660
73656
50299
633474
608557
660021
310566
779395
187847
123208
653925
383911
265738
463168
451991
180006
902507
86639
394011
45853
280200
234351
781179
823337
605694
966984
853106
325706
97569
482289
935885
614294
346928
208218
337165
963462
282684
716121
243047
328902
849580
280603
423228
854633
927267
314495
758225
912202
308092
13819
991954
526373
860545
30704
588664
888983
893700
775470
796275
30296
306333
592695
522652
259416
391382
735813
622302
787067
947211
342510
459380
864600
125546
990736
675305
423746
77922
935187
230809
419441
425832
421767
131379
296475
369263
946548
690837
250007
662002
981005
261111
837588
911187
835309
248314
92485
838952
300270
300202
412108
351517
900569
297155
955579
654588
498318
627040
566133
243857
676001
687039
308674
453962
985664
147112
247965
927617
726553
342136
111643
433566
315358
755424
930907
252135
720934
876784
610872
957335
356343
943104
565261
55701
160328
606378
969981
503547
534132
564072
850116
579536
172611
7330
820080
146694
256258
553937
444684
793220
942212
534925
128677
331516
228014
634510
991896
592636
150727
299497
278158
787377
191483
883247
805694
309626
798082
435559
505252
33678
348126
2903
27463
647398
930910
252425
863759
686337
406413
35293
611999
882559
385828
584869
88084
97191
866072
244703
346854
118754
533917
954339
992833
133300
919507
781034
145442
477387
25773
913748
473653
125776
902033
841144
238170
217561
194064
469924
704464
117595
841785
273151
177226
616695
93495
844500
934058
747020
5267
198723
727268
796926
804345
534950
297007
600860
610613
583863
639074
357939
83465
952083
121646
866918
186419
388996
809413
253107
14496
503176
959877
863598
767635
385893
700623
782933
630971
97234
954433
796541
907412
775806
159020
1338
45580
465678
769466
804702
557423
56555
504454
615658
439212
37586
761843
52494
162219
486269
246143
262003
762552
549216
587958
350543
830412
499315
392997
171645
444244
802946
97758
218044
758030
989241
138540
746803
164788
996497
653877
215573
427589
110719
551455
205687
675208
463491
108363
848483
793362
101080
499635
670588
54068
487487
165924
50264
968065
421408
407317
976714
674128
393543
105637
810549
108124
661817
784676
264283
946310
207624
613077
607557
42890
847827
999049
550071
673630
992137
403557
209623
555511
679690
854844
413618
458605
690288
820038
560350
513576
108862
235583
670923
163549
786256
336096
635151
406992
673559
226659
101575
179883
166174
400702
929209
734943
536736
395590
454677
808209
518230
890489
7943
496813
468520
114828
768335
784302
552766
209710
935552
172615
222142
240608
196866
655705
146954
661942
891846
176028
10194
576152
951945
832039
460602
132340
601874
965296
528503
637867
947482
402010
204116
839920
801857
491607
106850
563754
757162
491264
551574
748370
465464
631770
487763
124506
497424
971828
952575
771068
757349
149140
954776
600538
862213
842620
232213
865639
705190
804063
389261
73430
782650
520021
816672
209715
253894
734801
323054
915199
626998
873817
954362
52000
532715
33058
806884
918656
361479
686492
786432
342832
801261
802266
26148
333596
364937
658082
13427
994717
126491
904944
349479
599929
775425
763204
896303
155887
612699
573711
158695
360415
669709
447968
613803
240706
833096
346213
616725
905863
815071
232272
768344
18411
838706
606182
766870
887244
802154
696726
372670
977299
847517
100436
553064
603940
927074
181852
331804
800541
886789
889458
140955
571783
880847
784719
188773
569750
916256
664706
625783
505769
198337
567812
540577
587749
422990
392323
580865
82145
395927
21299
946745
88119
989309
398044
39592
401883
680512
162428
640314
148306
535455
107657
115015
265741
170316
109205
363835
961119
331694
204330
833532
194232
886997
315106
493281
97581
207927
682302
776434
539927
375013
122052
388444
535895
85917
93844
664062
693362
531460
360578
153057
152266
919119
363136
878371
116774
296437
53596
867396
562902
361207
106749
589984
161620
26613
364074
669798
897633
105890
945054
707454
966112
194418
760766
196268
541828
149555
64484
863108
183728
856848
847519
75197
606732
544489
556695
25280
971156
473447
513216
891176
121117
432962
197334
499313
169397
815547
379865
831630
100720
55520
93710
715960
59334
128255
439366
861691
257854
129904
579349
450310
595148
506199
516179
200808
233954
545070
928662
25062
63938
61296
716770
673130
561837
217190
190474
918670
496360
131785
412223
214258
178607
308820
20622
388032
901130
551313
118373
306641
87932
695909
601259
936915
658309
969881
832755
559369
467931
673043
906683
713481
614421
918275
926867
396972
548172
177349
579256
578025
674806
961589
626148
990163
651156
844725
809207
495013
232653
254079
194242
918321
57951
686932
396771
312387
326468
403438
781797
594902
774450
61577
524385
299642
948280
94124
618384
423308
480436
727379
606848
859241
527002
870520
823347
707253
366534
68589
29228
123941
30622
580153
639209
363755
797253
647789
773817
577945
332771
667398
799579
370234
503462
104881
572809
820189
106359
133872
650532
803645
746246
382559
66317
420428
415849
308945
351855
115528
997392
773746
613059
842287
698915
746969
172463
793820
536482
607103
591387
742946
780336
239275
369892
121080
611295
563658
973921
30450
939372
721995
492215
156199
53267
648828
706042
400475
642888
895273
127831
674080
634327
497564
378941
399752
444845
234591
578685
588450
556093
310725
667811
157139
630700
571168
364978
632970
557039
757623
162997
452275
235805
616652
521912
854024
11708
750064
492999
663635
754908
988472
550540
820497
249197
304916
777962
848272
924250
573097
919823
299088
385692
1414
838989
839643
839844
356934
646405
714080
732901
755669
253629
474026
371784
248123
622920
116475
486179
953482
726244
929629
521936
57419
484782
822298
288572
318842
980474
722120
159867
136735
235162
206841
497133
750059
64898
575185
678022
992250
385480
904656
521289
518122
606885
165451
686808
464779
961321
144538
106892
57108
479244
776668
47283
759688
719417
509290
87516
891513
871418
974407
37693
322890
150119
542581
159318
47294
566593
613731
218443
990281
113451
544447
347202
565959
102505
66419
411650
75351
454276
596381
356302
39852
566416
393399
877034
911176
664556
511288
830010
986097
246615
700644
221992
434475
368393
959993
373736
184918
482801
57598
420545
994938
888277
701685
177784
552830
243028
662898
134955
862221
194503
471830
488014
628455
902489
622049
840149
279291
840616
253877
323038
791355
27180
391378
143458
259052
3886
392962
629720
759343
704929
385628
587535
751864
102926
338664
401687
416422
278272
407345
748209
314041
418724
788551
730469
743616
918355
493718
411519
360852
983150
112561
837634
130965
409915
690154
312218
742397
467109
327895
842126
358725
292190
170686
477415
871973
967915
348919
349532
111253
69997
48430
427739
865301
181849
17611
335823
727422
570760
438319
217588
189784
706210
770678
994286
761777
81742
562170
243153
809532
904859
759451
644425
905760
1088
687571
351598
495107
22393
151455
976993
5879
599159
568201
432599
596559
763229
312196
199256
668317
462981
967887
769186
356572
209395
368128
945103
779241
907115
978200
534660
684084
302090
624543
119387
313516
2574
551836
355255
603016
384881
128806
955796
854134
755721
637082
654602
93656
752886
133456
652474
869098
217279
486017
611246
674942
402906
667258
636124
925343
156820
758164
786511
902147
882201
881083
536880
79713
162510
436560
496204
479545
233565
349818
786792
86703
932017
39371
947228
492275
478169
826898
658010
56295
228068
339526
499617
331036
808860
42238
425216
534879
623759
493817
803057
60048
402524
187286
815229
932802
92421
498361
534155
825676
41695
133453
497343
100170
694263
119694
411670
70883
740673
844764
642397
54062
100838
338362
121321
296714
845863
932677
822298
858046
643173
64591
292447
627211
676169
310759
414303
406381
382991
94276
370653
5875
777926
1956
315782
716411
522717
699375
831749
218424
58617
746592
726850
999879
337891
138997
190906
862658
179061
173806
847184
704447
470387
553085
781179
706639
211304
856525
582140
822296
691494
200195
407810
307082
271634
834425
563119
799479
206218
568312
158999
307798
749117
859678
798781
495013
848686
569978
648797
962596
81812
659995
869908
76741
704028
325651
431183
561054
852709
584144
550503
113328
643400
780028
969830
671962
150751
460240
220896
351535
396053
394035
47233
375851
960864
871327
683493
695413
751961
29523
888882
723910
687555
947461
86467
725733
588171
142103
765910
208850
743823
75994
559169
827169
813374
310891
687155
311182
242173
919751
177814
11728
684904
792027
916967
482587
893414
190116
20990
229961
439408
337928
353249
545220
50653
273704
199791
121765
141667
235116
464499
24599
887487
597622
597623
212393
770796
515464
719103
611914
334432
11928
114981
622270
516090
895396
670222
919249
254477
522159
666334
545722
921120
324481
233723
745435
214539
36541
9086
847244
967323
464458
479198
431853
570403
758104
496707
59432
725805
682303
342690
911688
567595
554792
28220
757859
184494
596912
295846
409541
892414
442304
3262
836776
613204
790135
712272
81887
79764
304976
419541
993635
710332
577639
623461
221258
849080
409649
263660
31276
88762
1094
841935
617157
82570
270444
834021
886175
238238
247646
722802
355152
970140
848551
394987
407459
480866
489016
620897
52350
666395
912070
487704
502926
250559
851657
916408
93983
595427
13745
393694
345633
468885
634640
154692
367753
703194
646141
191224
865565
416752
172814
247051
589944
730862
83047
738550
437023
480268
931194
843629
257042
594857
217036
747644
774703
991826
296212
737392
840255
564564
505506
610129
587404
976762
203666
108424
875428
504573
29082
797039
4473
931235
559801
493373
790209
515560
525019
929908
753801
308409
841173
982780
114773
295272
203221
37896
672860
49266
264294
421108
163944
82542
185841
48136
901026
639833
264765
806172
921520
724151
932394
532714
80610
286848
216392
326439
45409
864301
351663
412292
172806
525821
964818
234068
284642
215387
289352
541445
124707
752247
178783
409660
505485
381563
374560
394869
690845
430150
133004
535337
81274
799183
464373
506735
392676
358825
252495
388187
412890
905495
144068
859248
508845
583865
521998
550487
197675
307975
130666
407188
260498
991794
628564
753923
441595
692322
408492
234273
310675
505058
954821
527863
310443
559230
620900
915661
750620
424246
655057
363311
77989
902834
248446
733487
504143
712355
992466
198172
262319
457058
495006
233113
912379
276921
33327
688690
661330
717830
622860
611794
920042
71154
486390
909713
833360
312628
225605
965612
212784
724906
734828
487446
627224
823555
540134
752405
721215
471380
97569
546034
46882
130513
9689
843999
251651
381800
128637
65227
461263
116630
799505
942324
932178
440746
92412
547597
796632
693377
303508
449334
21908
6349
976102
314309
456443
527683
354265
851968
873606
401842
854708
484701
121889
279850
180160
179793
685202
895204
815166
836949
90645
949106
494123
395673
812058
679059
416918
240987
564518
99248
787940
897560
436426
279265
978854
8874
324144
722568
164563
266297
170878
932862
526010
414039
751136
198970
178107
220051
848971
812031
30534
444452
653543
220723
893958
200800
754535
254030
117430
377795
353761
315853
770572
476597
577109
1416
879397
91915
334859
930540
499346
520824
312059
279523
24865
993103
840007
24792
429424
699089
979470
834156
864301
259975
833197
614292
731603
431114
24334
21882
710696
354836
282938
716106
827576
969145
656506
300412
171136
543807
259975
982757
106921
598119
306951
302170
410227
854582
843912
120007
775528
12764
515714
241524
9070
394446
303691
639491
241173
989687
905945
403223
156659
313320
394318
655016
18298
916848
590356
405558
739197
152960
597092
230061
572643
304283
512175
516959
935231
159250
523015
50432
343396
546585
876662
491916
945769
996231
920
180733
813430
493552
224893
79643
297154
390462
232251
946886
753895
235647
69344
60551
972092
416893
171948
827986
72567
105555
283847
624338
88751
173224
574260
192757
570264
600347
107957
894313
40495
454981
761558
786751
118137
64099
599920
797154
236514
404554
812440
559676
123580
292303
271073
906569
100222
886581
889517
799981
248705
10978
256089
280174
364389
272728
715874
452586
937431
684378
95338
529833
946568
898205
821072
263235
847517
197040
20140
627040
614840
59821
71333
297395
299047
903061
3854
476392
166086
21601
309560
856165
750496
434166
680879
706781
821036
745004
118967
680253
618366
394752
850096
22996
21119
30353
851445
247856
45832
559862
388857
13243
754632
367615
658599
170788
255806
247892
53412
631183
48035
163018
497628
976005
744977
130267
947009
796345
111040
977774
508749
726640
908675
277529
714167
718308
843134
822172
363238
314358
988637
388968
916753
483712
217455
836778
961857
609886
623611
617090
627514
205213
129623
667151
967254
982585
426779
603884
186097
898061
937410
456211
8402
802475
608586
657629
945450
461263
347363
218904
90452
684368
875042
878518
559862
532423
188183
456994
863697
584914
947703
105668
922435
267063
306201
307791
619620
343640
583471
427319
723907
893497
79765
19500
469742
941105
943439
553661
450311
902322
459364
260911
968510
262162
579878
259117
831610
912476
501160
60456
658489
245859
885713
732869
113440
256932
497774
194533
847506
124176
564109
597092
807239
863478
535820
304991
396896
248797
352908
701090
294103
729515
920434
163893
350529
418142
898439
569488
930983
615014
691665
189007
205798
539938
131800
895834
577100
250458
966521
451435
544379
350602
359439
504102
276267
35753
267263
351855
231238
990163
628851
435689
813004
37361
392911
250091
508108
294710
486269
830050
156825
292714
818834
103395
751297
875968
806939
437391
616685
270707
189053
271334
504288
126612
585807
994409
107188
29487
435892
740164
746588
985971
28951
267250
999852
514538
347823
279364
517726
811783
376795
202516
45876
448226
931194
132153
606270
35380
725337
722377
565496
646159
860125
27959
755128
588868
107950
834386
71133
257587
897646
522770
654995
783117
978746
461306
435032
467169
151606
760049
585638
857010
207630
294914
72874
970394
48479
640990
480593
478385
341546
130046
380896
717754
43064
403064
364874
756488
806520
39420
974478
695407
971336
138450
321010
638195
769437
562627
706242
754499
972811
185688
701474
660180
205277
737694
315964
206225
647295
737102
854633
1131
336025
368029
87153
548358
904516
3673
379908
196237
949771
470387
519664
731623
482535
9857
394715
844340
414956
983809
144032
620394
645406
459476
58652
883282
638360
302182
104893
5115
181268
636323
122496
694261
589149
173887
251300
323091
605792
79624
661447
913029
245965
695378
948483
128882
821535
534548
676155
435549
913799
50456
613457
666673
100542
315997
119232
666081
840374
40405
639667
342782
208469
328468
433259
138642
887039
512558
505493
735928
105052
675666
835024
73435
873841
961072
973482
685835
237837
126891
644476
665233
779459
838987
981092
211377
53150
572227
426114
144677
305279
615314
180623
641699
910413
309606
895396
487977
189576
868016
745408
169613
410057
514666
306695
374384
545178
121703
385503
960022
278187
814493
206633
673051
426099
339148
790233
215491
700404
726519
458550
630463
594724
31125
869763
369365
710282
307898
495306
360552
820315
99970
374017
817990
310367
939957
240475
248593
770265
801318
131181
27457
180990
256211
618654
12262
353568
67720
156440
375163
641229
200163
359495
145585
830940
473943
60441
803259
222792
775485
329389
438579
546023
716100
304453
321281
186097
679421
403420
952755
103164
873386
586003
801028
943453
684070
601727
936597
727175
983717
803200
353652
306782
357490
878437
323983
382412
97676
440203
693828
805597
603999
888190
799933
517389
260121
716801
24357
731714
650872
59136
556762
270874
674704
80658
105870
764894
140022
353815
951959
72475
974523
296732
551078
894729
307363
245685
16980
201745
164015
942960
559131
217510
471062
844377
961094
899248
640734
145552
371293
643896
199828
912729
628980
323955
723582
430777
338652
762328
895974
455326
582271
398197
972647
246561
238014
77968
612877
177918
668219
445851
242658
781753
746937
642696
930573
920448
808311
845742
984628
44311
232446
356762
578270
102997
712771
318002
727936
644318
409640
923805
464531
51928
662542
283266
499020
876722
350321
982397
833448
292218
231463
998766
287005
433358
256291
158243
801944
386193
157002
339704
596936
257222
44095
301415
672063
656892
170686
741645
226303
653669
462034
506498
952709
376422
919852
797834
102328
303857
687394
914811
757200
500997
94712
261883
228178
256409
106188
622761
712024
711203
561730
735775
686777
990753
995667
721732
699619
719822
473938
648051
995818
852586
777725
53244
50956
671747
545205
759663
727378
108275
276791
878921
32502
547906
321176
644902
818837
255118
405657
297007
854844
780424
199523
399209
582409
198603
103222
256570
307548
296125
363968
760493
961245
722820
433967
171837
888393
411240
993518
983077
623587
54983
224416
886440
790117
130754
330507
153963
811461
119157
429133
594475
145143
448452
201394
700837
761811
405386
105489
519033
136596
706797
51289
992925
555181
162194
495823
281882
732332
473815
50961
898233
358914
972572
276198
159276
806442
910612
910428
877452
624471
972173
205902
487215
412226
298435
386058
909573
489111
867948
213961
405409
217807
404672
652797
986298
822635
843654
673399
325146
582184
274479
851663
306173
809916
949270
973896
965623
201093
656248
103368
620239
382697
175597
27937
700516
710916
532438
698927
180189
808568
742057
59999
991197
860609
966724
695420
549094
661825
647718
130567
502533
821244
980808
827609
173124
42369
428349
534053
926734
639491
197902
701970
709704
977387
622860
172835
242678
999258
225028
519247
957165
535788
586419
981808
469437
507131
31389
703455
393111
81120
185072
504032
550571
447878
823668
779815
266518
95800
713978
244392
937520
487198
387327
735271
583568
90153
676857
429707
964804
187334
615980
71105
572871
866408
409598
540252
302774
678621
289368
859623
369258
676107
307999
631066
509722
64268
331248
423635
113893
417660
152423
275990
96909
351633
712478
182254
461541
996234
291624
606435
140702
419912
236584
437233
77530
388324
907854
755909
324872
62888
921396
462797
616585
237917
789084
240534
801210
781181
38269
856063
530160
958555
881335
422028
148922
17411
896666
744283
565602
665394
580380
790427
245820
312399
999648
403963
631730
330579
922319
437980
933941
300805
600184
355199
898724
366835
989732
387018
329393
852899
579536
371468
226943
836097
728949
107640
989467
381098
681068
844208
595743
430466
932176
560912
189684
294702
494985
25563
669405
686951
156941
822908
594565
848751
163971
667222
406304
429903
537309
416241
578100
645552
404576
410057
141861
398047
562414
60646
171458
973395
954548
213782
955250
603562
982891
306876
138734
67413
174114
417323
486950
92381
282482
296475
584423
545071
939510
820293
159494
771312
539747
80886
950582
547996
668903
677777
886970
174781
515261
842283
625926
517497
708443
881163
693091
87276
183531
405386
869679
770456
331029
845359
12736
561885
819002
101858
318013
284194
754560
343306
685387
732355
898405
92649
476741
878504
772043
888861
947116
22394
40872
509596
111785
854914
919504
374694
941967
306238
380812
144446
101335
42984
686193
548366
519226
82280
671972
958505
680772
187555
725687
623871
576319
504454
804316
343786
639853
143423
171004
602085
235078
121541
407992
840601
948088
260457
329910
151031
379651
521561
818686
513401
954034
159074
482722
183508
822579
968153
283650
742282
668448
53720
981407
759876
661438
171856
628430
324556
697890
476102
876230
660182
843953
414649
468141
199345
225244
70409
380491
904714
213284
921004
108455
548366
225241
781930
324573
93407
230727
81928
677897
763662
623368
195914
240937
34142
289286
961545
377976
35489
618177
5264
690759
140158
373749
462034
460625
167773
547363
520096
261894
827317
286206
709086
35493
444344
426224
957110
375735
300902
492619
553492
950763
645821
794782
850260
144046
539106
589952
485159
969329
594170
391879
544850
883406
180179
806442
204108
761497
180188
177584
801472
580779
361253
170629
541342
715614
119247
224937
685125
873148
677240
127361
17331
244700
907647
64441
524470
6627
823324
140538
151585
733625
64970
807176
177010
168568
687983
570861
311372
97983
318254
995830
762851
330048
624263
432745
621874
782841
11052
107605
468109
484536
732015
698927
338648
900471
391476
871967
252425
13146
849807
183336
577401
351441
957960
156004
252135
874182
815752
277708
92257
36600
535746
459357
222180
326667
21327
874604
940415
279722
83134
78401
798140
998962
209496
279334
757336
399259
415979
127670
680945
962470
335888
685689
766347
757158
256230
899796
662257
537108
576270
363264
642129
907207
504117
136513
417856
308651
766686
414479
299497
495288
150418
140280
91676
626666
494576
699328
637363
536240
686826
116991
278752
940454
17782
420129
883563
589675
932512
274924
341107
486966
199552
217849
233600
356255
999628
533181
98922
361328
888034
735612
453916
388293
659345
320608
104896
338489
590217
29957
522102
140366
403306
95604
701883
463003
205322
614092
594312
238937
60316
728766
689088
519673
952640
791519
717511
508959
628311
222193
946772
20514
148596
387507
538184
851921
503438
142933
756613
823005
538913
674657
12501
821866
866714
16863
540363
989042
49877
220814
153667
240290
804522
410786
197474
214980
474056
464373
524067
223526
955561
179157
883523
864969
664801
601816
250326
156560
404335
707271
3343
116084
425638
919528
981301
333038
637706
2680
5314
906397
418341
767376
16964
924587
361070
454046
588489
648146
469742
306445
466225
668541
869208
384748
995826
685940
425216
162062
43030
798300
987204
612751
95978
984741
152833
121595
937891
79717
360824
894733
658642
689369
125200
648843
542480
841539
891475
588896
211863
946608
323422
101171
748751
513054
29610
804659
779870
570401
852378
655908
295016
6044
919849
231708
227464
130262
179727
305048
114939
815186
984431
237132
591047
724647
154757
302200
550392
905864
685869
25810
886914
179537
666633
369268
55213
580838
33514
147873
707992
551366
664814
85744
342980
90442
253263
528078
502839
328365
293137
15648
67334
717893
667035
106983
471500
574423
80150
862820
615677
287385
162194
147849
586742
751688
384576
855688
953768
172453
874982
360451
208788
341913
233573
503273
429156
607125
658255
90515
658848
349199
899269
463159
175379
286358
145751
94350
879574
802154
501819
289803
709154
94839
782489
80147
287259
913301
261669
277020
692703
57112
579874
15813
838364
991323
942361
952048
295587
129302
21119
701064
67025
356720
397800
525958
152301
68209
590473
187473
444443
824398
876453
156881
186213
305433
464343
494058
102478
87799
973769
793219
190163
312144
162307
233972
554500
964909
76611
954115
513842
397310
447734
40554
857279
20245
635965
414698
896772
64468
741777
77827
530298
672396
874877
468403
836647
773677
243887
621433
96
728882
404497
585783
307060
281571
457522
975993
56512
76170
928113
701885
788473
654423
244577
542353
640035
285205
972596
340004
549269
449701
163187
662285
62825
651713
136473
230681
384567
443554
525946
271599
835210
697673
14096
762626
836792
53211
834860
946196
223654
938564
980613
851967
853641
546927
393296
339840
280921
20599
22506
191649
509722
672251
491631
859413
206803
468197
529478
512299
380609
978150
179550
818324
402521
82832
202210
464560
502283
740011
504193
624881
306376
904516
183913
852408
752835
566432
561209
994225
639368
355001
679389
304361
758268
931160
674213
205569
584822
952576
659383
281779
511058
132302
913772
70107
482250
195164
617816
126776
734860
651423
321493
919760
462129
917611
329275
550950
978150
130139
178388
299428
99361
469928
170067
789870
968494
745070
494250
693362
532791
318920
931179
632119
539210
734489
420501
179260
60983
842247
192097
646869
943891
201464
84101
322364
667239
942450
183787
506500
863599
405447
866724
87284
526306
912852
185117
243150
987541
312355
382697
644538
710727
129959
351193
431978
73954
359714
895433
989732
352250
667886
84368
23791
174722
162047
935033
328532
424535
291016
475620
199216
550274
806767
82574
675311
88743
694259
679612
482312
532751
990742
415960
200676
828002
998991
601062
841071
296076
326259
737802
719882
628235
667655
350497
760664
695476
107608
121192
541084
750998
234694
188009
669552
599020
63748
724061
404441
178481
487857
663679
293465
120182
709541
278059
758411
71739
105475
764163
696667
44572
31464
259416
201336
991858
437983
872414
52661
514886
2164
802009
465565
307322
592075
629959
401284
278632
545045
272527
233474
815942
809225
753881
160622
332581
343824
594354
436464
397967
617374
479366
960252
237718
702702
320581
88275
578002
403329
919852
257072
768565
468642
706605
811764
986128
189121
11238
448053
289815
727796
849540
690561
396372
14371
209181
609478
437063
661743
216646
137128
294859
161369
111022
148348
131742
883684
935566
222042
816707
605656
43557
845
535101
770786
932394
670127
727778
662845
599304
68963
163331
571008
749564
446528
695098
288408
393209
870839
475783
948866
942381
780978
357335
60099
633583
320117
756052
692452
495334
198371
80849
933185
269414
618731
112069
135365
142204
842814
280399
45210
60558
171018
762474
1823
780780
768817
791721
985353
654447
905615
186618
638930
79274
102736
513911
95085
987203
175752
357014
214315
51320
694247
756931
441680
916310
212163
360141
471210
736377
872920
11349
463003
889960
751191
423898
633535
579138
885778
790888
552575
767753
983270
372679
232591
623240
958492
783396
420518
38692
701832
979199
867963
75048
600696
725950
397258
503131
115068
669308
792170
594428
871412
748934
127367
332612
826163
65603
721846
749757
125131
884147
809345
467590
315218
832496
467425
930907
768031
919549
989516
550771
908747
450341
724374
459993
358116
760585
641498
683492
86695
551016
689241
477842
921857
893373
937966
557539
249500
722802
45270
318036
176006
506063
366039
646494
194302
702707
427164
364034
413175
780404
95504
914695
766432
621473
501271
316659
883800
11449
179276
210360
772787
412363
456210
82307
663171
802969
74993
469814
917466
809744
913125
322947
441266
712360
311946
822227
800627
223377
240831
340666
563341
204131
912288
156103
38639
774164
660760
859697
259086
200937
255258
137890
197664
68256
345073
345701
373014
629432
911568
900670
677056
634877
857826
622058
970522
138485
301415
138005
250795
924610
882020
438776
706281
394149
