951415
728001
14704
457153
88544
914238
416038
747520
701251
183556
461280
856636
865953
754026
512522
151849
339876
549008
949726
75849
142311
549848
15394
596692
919824
298523
186686
351555
938000
584574
504311
466711
237774
510157
663606
451361
192428
544877
9722
33021
570373
604625
257077
243694
277548
174198
2253
344370
407377
533392
914061
989690
20652
686088
133187
271693
596298
344619
557457
526500
941774
573918
754831
137583
93962
652668
525260
551826
967329
86924
184061
519371
307884
577928
36167
35135
172275
764299
424784
931220
478928
232772
488748
22589
668660
421794
843954
592823
693175
346882
904673
683220
807473
98287
830970
933288
32494
272330
115248
20221
206402
330998
525260
210133
647044
479704
491293
222317
457526
7812
883026
221990
486641
261308
947236
4781
801484
65162
564111
955714
117416
841459
910882
308204
862722
388930
594004
38455
861611
966882
1363
14628
577351
120850
63941
558138
447843
142220
932193
982327
428087
302560
129907
149610
29943
698510
890867
861536
947573
501143
906671
506112
557877
710657
827471
496208
162636
777517
717162
497100
979104
457497
426707
198000
962130
52589
593054
208595
69802
588793
880759
873559
870282
402340
901716
684418
69731
661062
732065
121722
527801
933418
550349
927973
434148
17996
165992
257923
35312
297826
356560
732740
700596
755678
880993
986694
253077
896630
34978
140651
80648
255027
696547
719743
304519
662480
325399
278870
821225
784346
609673
570155
145958
313122
359536
162479
571602
42691
147792
646846
148822
685322
945597
637656
8312
816866
564352
104212
539998
865683
343864
305620
943912
369419
267638
722617
144241
119234
642037
839333
77588
876025
727819
692969
245567
273722
966268
351239
948502
951461
552861
65470
803476
173573
228993
224504
562631
329508
431012
638522
346973
235309
837487
728176
111212
945861
703466
848044
716841
162609
584958
814712
156507
370204
674615
325633
545092
766151
764356
988613
221014
135776
896474
590620
123341
236204
235770
465013
278663
411251
211037
146655
75850
698658
524222
873361
454034
635465
34044
921923
578440
786096
225201
808119
221197
761817
552044
924701
215188
83812
551840
116902
467109
681602
406311
233604
813359
231820
83883
838774
127635
773975
799705
86596
234060
959236
431576
286120
477127
9879
68866
799928
509181
294399
471432
13396
429317
846238
514959
965419
117867
884042
954032
247912
401930
999110
185696
275009
339969
807699
58018
351918
138842
69262
5352
705446
914592
782026
416527
197645
683868
864506
888737
860299
357766
159406
12240
701345
465118
829874
786565
436851
399574
480536
124011
523139
990853
471336
46536
345524
935495
537371
713506
948086
551557
605925
717808
169097
130653
144455
144474
908094
779073
844856
501556
266228
809185
588005
196799
63074
810437
247410
56927
961562
593058
163318
937442
346762
410442
372148
185731
416607
481479
180078
711831
985508
246289
536062
830659
379963
82290
107106
279928
934323
138064
74764
975694
502090
198897
581532
215451
376879
639876
239905
964106
623056
156228
629397
368599
707290
641835
381941
772526
962375
188260
750801
675003
460895
113786
631481
636018
602705
140480
506998
441431
244760
730387
651497
83348
198947
539368
502982
244133
671986
534972
122240
493359
292919
327740
752200
42930
66512
662769
146490
4092
541222
164322
133077
682826
724242
950248
258353
955728
582311
287570
204032
865394
400930
364353
531062
311157
846007
412729
999311
725182
233165
860601
841322
590844
742146
166812
957431
61251
653864
501502
593946
489082
943549
180107
869628
600798
644113
248720
903576
714329
462393
898338
692076
543448
666327
569998
970967
525779
429796
969692
946278
827685
244428
100661
577998
313949
232625
712307
42748
330654
560368
49627
766459
747053
697856
327063
482922
548791
834434
817411
766034
677881
812967
148503
168875
100791
793888
206405
952508
188980
671724
367555
892243
645022
875074
545915
695477
218288
59921
694710
545915
536337
913570
236427
284337
732467
988860
842202
675372
342461
73702
926497
864504
632745
346311
439965
624205
496123
589912
826686
160393
716593
50581
619160
109259
382375
247291
184903
578014
564164
612475
604918
995463
792807
438146
392745
637487
320966
3834
245880
648114
747740
164837
857535
488659
549327
963410
62571
971906
260100
577928
954809
168875
809346
296315
70274
271717
433223
813631
923331
921654
4798
712923
434114
576256
116470
928761
777349
484172
553192
140192
993568
965336
707952
541593
743435
466077
322481
855002
501243
690600
228106
771369
255920
763158
836268
703419
77241
308249
10859
720754
388436
646701
840858
357888
481667
346945
686030
902148
147387
183635
407449
171595
979946
720565
904177
301829
533124
924666
97622
631680
512321
247611
220032
508536
658028
79175
487012
745653
29805
346041
6460
396665
409070
565917
7729
679422
141988
864838
961387
27467
229383
920229
392202
315382
9731
553929
558569
87993
972999
605020
916458
134228
708396
447039
203204
346846
280664
652575
288000
644254
407983
133062
970501
869849
58820
823233
479885
627354
41658
873274
530114
327980
290342
645550
117035
733830
231712
998227
849129
411174
606230
559301
764316
697723
605297
675220
229091
377323
15654
725704
871487
499281
770399
330680
156300
492419
55054
138030
487084
960384
944141
250544
713815
720143
83299
636369
410889
331254
638702
634636
21254
432088
278917
768556
762507
172197
325305
826363
287154
943671
848193
168168
715509
350551
644059
313349
645082
113278
445482
815752
605092
226037
456019
544609
117644
242744
431358
4755
557947
536002
468802
277279
130680
364878
139448
674486
239449
602997
72067
294535
293708
762570
359595
637824
469705
281530
609066
229024
136843
305237
813794
458648
576151
725703
784923
369873
205453
869795
140475
829169
663478
194673
278165
316890
742084
390181
617764
180872
178870
867317
5630
780908
488177
646005
863251
149679
921513
617212
771235
681944
633418
162362
170942
544857
336859
697301
402923
725811
423874
91283
799514
374136
536304
856646
90995
489469
756623
183344
199108
708326
643080
583475
142427
193267
421375
611797
906484
885960
560201
349512
420376
462501
986144
594615
437984
149519
735175
189541
215861
302130
328496
363188
209092
302275
351003
735670
229845
196585
268507
810749
970495
560956
681998
338079
427371
388306
775176
883775
789314
979074
917089
468504
965529
305538
313796
600490
803216
612741
834493
165667
663420
214296
242245
104095
769894
661149
644457
200487
982984
990434
985810
35056
750772
36116
486076
126076
513828
369847
731304
573253
988122
883261
392480
258120
432641
78526
714101
984942
159155
862970
566006
609026
10218
252887
110136
213414
843654
332176
73172
772665
974873
672079
747086
397188
353074
189056
858034
910685
992380
625746
259099
667602
796838
666681
873788
576725
105337
183262
696265
502369
423809
987065
549097
392619
581830
363314
409264
811198
806503
961066
535749
634550
672572
601002
871107
584058
365151
740018
931269
491476
322032
520129
380030
222389
438294
495087
806719
470884
588226
163973
382269
677715
537207
810140
528694
190606
660687
514848
699643
711931
768781
282295
123574
71640
632485
595111
383158
331968
462766
72115
884022
594860
836722
311527
198933
299026
978686
911620
617042
334025
491009
529270
57443
331147
416189
509039
597999
335400
392996
141051
969107
221811
828020
721557
171743
691966
695660
870425
926672
526359
77491
165081
388930
365034
149241
102118
863988
938135
969439
857206
743871
211609
9780
75061
362736
181496
905814
621254
829625
533775
992187
317094
410176
233277
399090
824470
49622
23158
382551
761094
948558
343931
853251
84958
139760
374297
886220
447413
513809
830542
304925
611959
707176
613240
676166
981755
10830
777023
423859
421069
781246
87629
811095
14549
741531
851418
227260
192221
880185
168682
593617
122287
786585
619997
307672
202581
367992
746102
590692
858770
15858
34331
910144
316260
710459
489787
385823
286987
991288
601271
471679
864355
374104
75936
598827
587997
674467
142820
252793
593685
124371
719531
596942
600561
294530
948732
983343
938250
72078
712161
267325
479431
920955
692207
571713
260897
88873
785702
367539
309918
695970
281787
31563
596550
658554
923476
646005
418777
675433
173909
385697
266166
923824
781534
780551
167800
414646
423223
116508
893761
260477
760288
818058
534333
822771
552338
233136
682212
745651
99782
239414
736807
363716
449
338145
291774
611536
716536
652853
118106
714
784885
636221
241261
290502
397651
128009
497253
779724
603514
690822
188153
979317
976967
573409
26565
881350
905929
449907
970118
563489
837084
631714
382934
998037
616163
83813
115809
613098
516566
830827
431107
811195
549385
816636
409848
488261
614150
280634
431020
427401
90763
608288
52762
918160
151139
753234
400411
132882
236975
462497
578443
544887
651819
331450
653060
291192
600526
106533
265271
315990
190633
842853
947369
40906
910099
522066
590331
341321
70051
224809
195158
656974
465361
895620
498528
956940
141765
772998
857798
450985
334444
273221
883672
565339
926571
341459
171282
957070
121028
971262
362016
826772
898592
35601
545720
411837
745956
481919
826070
157807
441048
857482
326027
853434
676359
792347
675642
838513
186477
336143
177966
496817
268426
767155
392668
147817
738827
990018
192965
151809
464290
874094
206380
151854
888260
332477
685984
8425
613149
5017
454589
728549
59010
656368
167202
84155
3650
539603
207087
212739
326570
49958
303154
456539
731029
222592
200432
482786
716238
61005
176482
708478
181173
492519
738636
410441
355188
292629
253453
741390
643493
153934
683275
260089
538908
313767
688950
417773
672725
326814
359934
180523
718739
157748
680933
150739
776743
340226
105221
936583
891004
625913
388
308759
669155
936694
396451
581437
380442
523739
566335
92198
34539
923235
307583
625934
991045
282299
518720
373132
423121
318265
910703
620046
407468
305143
974278
784011
703461
768870
546112
492104
627627
419097
431221
707141
396665
886625
142726
866276
77491
385454
929158
391451
54352
444999
902808
148713
546071
70654
341063
825646
843599
244427
459168
331116
337040
749638
970869
640760
535096
687320
843160
739807
474626
145341
399384
660289
319106
58275
952931
225016
577131
134172
424778
642388
42817
458925
568657
343052
764030
850958
780479
930930
108026
798207
187267
233279
706539
714336
582769
609521
848772
99786
411286
398243
564238
22237
565877
569743
185188
136485
346561
817624
476821
257375
831053
548972
998215
565017
18322
237815
735188
209867
988987
946283
229853
509201
202929
235467
962198
958408
443629
207838
2707
635284
188135
909258
548001
144992
640404
429181
509257
814768
49870
104649
307508
436799
622646
911082
27227
840736
45104
469397
795865
660540
751233
748045
904411
110582
759000
975144
23643
455328
119956
860345
767320
845750
519371
372743
275943
284144
458320
665103
168154
305538
159070
898592
450034
668326
710080
230555
3093
137792
280176
254144
813631
414815
551146
405750
377148
836612
311866
692136
572596
532247
170827
432558
7810
768415
879966
88316
69012
942703
543930
366812
105080
245251
680910
631045
36044
613870
573908
771670
297637
522700
925839
893034
928093
125008
203338
967746
349404
518939
91862
892398
142433
141404
667666
293501
632016
970858
790092
689700
399995
890720
308271
871156
408849
14149
858712
832387
501283
673932
507580
608543
830706
761267
67679
787994
26730
832265
35756
934705
338073
982528
640238
779420
353094
703780
148690
650543
938418
460951
943125
932907
311724
697179
236903
774767
714011
262001
305620
485537
776179
784299
112025
508179
394629
773825
163494
425513
558217
997537
495618
738542
696046
620622
794994
371753
461984
970736
628673
355372
173400
613729
465230
786187
755629
915702
939897
508055
698232
810208
615533
992916
287644
612741
211012
757991
959645
562289
517215
928570
451114
529200
347385
308156
966808
570226
655950
155527
960245
225694
777946
887559
284565
234956
334872
231536
563976
837245
824280
658808
590207
457194
743849
48827
950646
494981
939381
189290
591992
393860
896143
65459
986052
161697
204769
626441
399006
387174
844259
699007
155394
33750
803069
990037
492755
158313
160716
895862
447837
805289
145616
55253
300520
602250
334938
856006
135563
641191
214963
870429
318622
452222
275490
613519
628769
588460
442469
799471
41918
156315
150892
992928
324442
562071
997675
781744
308191
474748
391529
888754
766450
721839
433851
42792
672843
858769
322122
671281
137235
287152
133572
605860
443364
280730
679024
968199
857917
94033
306278
745048
701683
808474
955831
123574
550469
412687
42716
839060
276532
286618
137448
347998
740297
586472
648237
437466
369018
867332
367608
605039
706129
656637
808112
457793
82985
203585
2196
490509
359557
196293
740720
935145
390002
628281
332293
365315
326529
799540
818164
327325
17960
588783
603928
275830
186394
282310
228263
503833
795111
476044
529364
29783
302560
631045
751528
450222
44047
804005
313426
667832
4240
858341
523164
563716
603832
43188
132445
309563
748964
139
397318
510251
481667
34440
407305
276045
778316
661450
942601
53606
627163
398552
858940
435823
282676
895804
977354
90564
397428
22686
933178
281280
609225
34025
97570
719707
863337
215603
242994
967306
177139
920378
253597
389728
272688
612544
324142
658756
12583
875294
862992
968979
106612
232441
899239
107097
789767
585329
241926
890350
722355
435932
65470
681159
22617
471369
959716
81494
84878
89004
148518
422725
390727
761654
962345
645846
15526
241826
455545
658703
676359
76305
618224
54436
310570
426019
408491
170928
453638
728078
910802
250033
298643
387246
848827
471191
21596
693730
440932
238457
196572
375204
560289
504856
821980
855442
232099
971546
924228
504297
513387
945697
428009
102026
740466
157314
526746
695298
909659
193149
612441
595987
357524
644280
403164
26535
290570
745669
262551
320438
547040
914752
404145
42716
778419
5329
931495
257814
495337
793997
453711
359880
369435
96872
291488
255586
836893
553972
972809
800145
573657
239088
825245
616692
746665
179260
911342
802540
298571
664063
30124
364535
160913
311122
963556
710831
890158
533560
526386
792038
440576
886644
600648
174002
487023
222321
983941
786201
187053
795348
497531
625159
501702
758104
557041
417008
305453
316190
935696
385685
119011
923457
107086
786188
858329
972087
885214
158417
252414
79175
122523
596404
590069
226610
593428
534482
927733
858448
257924
520224
238959
237554
706546
151274
145446
28674
943669
308864
182020
45506
531200
560731
188273
636191
796001
752798
265581
397639
365373
240720
870652
416189
954246
966497
88393
868696
755288
92617
168473
123113
85209
979413
207336
142549
305985
231167
271735
919059
878722
964981
468961
394803
147476
160067
553035
23680
484855
670931
132068
340619
258846
243341
505587
512667
255342
942577
971717
319112
486987
9053
581557
776110
368327
73641
852407
641801
205367
521628
670302
923569
184846
642358
736680
912030
431471
694440
378859
133686
929899
218005
704818
594224
117244
466175
859846
537346
624506
227312
534809
791988
658322
184110
563392
939339
132783
784532
539541
112680
826357
665906
248114
63378
73181
8498
788984
385019
607304
197069
952879
457967
796901
949843
645544
865922
74023
50127
181915
117061
992664
454496
609143
911953
905153
613256
192105
713606
743045
225049
391946
854124
778627
395702
124110
156700
333738
703463
944601
661166
416128
952508
25574
263571
921990
618291
869347
249564
338609
960408
346614
746279
44285
215533
154287
330862
521834
41584
720661
206079
131569
247281
448235
197953
26920
554960
75713
873175
176731
909150
930934
595836
371231
951399
319882
469374
618946
714630
557534
383678
29916
235133
320232
763014
414328
741832
707237
136866
805953
473826
364534
83232
33403
851679
924221
521073
714732
411502
817290
176051
176207
167668
86715
840018
167516
497492
989025
841
144388
684076
180336
117469
816542
429208
763990
181237
954884
712976
481538
952817
448196
541690
415621
785042
726755
46526
630746
369287
922522
632665
920363
952588
343426
382616
817110
787818
675923
148099
216513
891444
769629
723216
974299
255043
723855
779164
277028
441472
385815
423097
209918
397691
741949
438611
25479
189232
129561
991858
814279
190666
864503
14459
990107
151515
21040
510787
786670
548894
600633
586933
716235
472233
185568
833193
713632
193014
231191
934629
10003
725290
712269
897727
62171
818503
920179
842268
691562
790463
384519
457608
506082
105697
85644
432610
570287
387633
533528
352452
641523
362652
810821
533177
713099
154756
786327
621980
97732
729571
544613
987120
309100
426195
993386
245075
25462
692423
318283
64534
482107
742854
434925
397420
90408
728298
26730
713791
52538
400953
806800
151893
181140
816501
250930
213155
299455
290960
933225
838712
46499
747094
12093
578646
9606
991298
419920
815664
670148
767815
442366
512581
850562
31989
860427
854816
690109
640574
15851
714967
147514
458512
788784
246146
486869
657253
115876
952836
533608
18967
399140
216280
436666
91903
611592
999190
68049
452715
610811
500479
767559
278856
884608
874520
327847
735665
691522
496762
568606
819700
390172
693826
264312
932734
575197
991571
163094
227426
632768
595920
770834
633038
503118
884277
638176
979152
359597
188737
390645
50738
200777
935138
187831
610565
762011
555395
247854
350512
83222
113601
148293
418817
505293
366962
253760
739011
66817
604005
550113
227459
88270
257466
216353
327232
335425
221364
842684
221611
177066
631908
637841
58013
607233
551355
955889
921497
625581
576152
43907
372481
521252
676756
226062
511586
922888
813365
15955
454016
374925
411504
458953
487368
198413
974332
123451
124050
778074
129044
820985
619713
453185
84928
227979
649162
876497
225382
414783
951094
142818
350289
595930
364543
320246
867903
705369
684098
68464
314325
635235
466140
517695
358221
816694
567312
13691
997748
432098
57119
257725
449100
407338
519189
516566
704622
501737
305897
444047
514614
974279
676042
768706
54985
349547
409855
638418
600836
289986
31497
68739
396798
837627
989550
165375
849187
42186
917689
411513
158391
728069
38848
985289
679708
364343
104907
989887
461136
726062
653041
19065
711514
78517
935200
430647
884879
445636
831099
954328
695975
297721
831411
810273
560236
377968
504306
343152
513694
359315
939523
468907
21825
53168
988851
953091
997926
561865
519020
211056
783770
862201
130152
140233
489843
926949
205810
389806
501328
272352
532144
457665
956870
618553
672377
203232
961182
916198
931572
693443
998709
165397
913570
829316
815035
829286
573675
640374
473620
913640
249013
848835
775677
669559
530626
378060
770845
828267
158483
524722
18838
367629
545391
898436
475887
744687
820812
751131
957697
514721
739147
10117
205766
690860
743355
360399
791517
732654
21532
345179
356219
44081
652786
304303
64996
67561
59749
198994
420575
491781
711694
693535
573382
589826
451034
708081
805455
535347
829044
292600
776911
596598
17240
993186
424435
542619
347260
502480
363507
275966
783055
898523
681047
436809
762061
978937
457793
181206
258687
795757
861729
869452
909510
478562
478886
902719
824152
478889
176258
725005
224751
529064
275809
41339
518939
577782
482798
864448
669105
302424
347409
42069
101765
866278
218699
584946
195055
56926
884847
906644
618223
144757
868418
128793
553235
368823
508919
936037
518951
278117
97187
660478
766487
202758
678832
878349
568266
785286
319631
461957
639115
742186
549337
299964
96790
975981
942127
853294
394508
499044
916602
784321
314039
663417
706158
817752
839761
999748
869245
695681
862296
114310
134662
547447
297953
988743
440132
463215
720069
571436
442002
26179
166191
941201
208941
455856
573110
221915
866900
208861
875233
199677
374670
5567
104412
51666
719812
398720
523881
119355
974388
484942
347121
571179
741388
926723
415309
750376
901528
848634
813194
446099
129502
332156
168036
908268
187089
971253
695073
474981
950536
630919
37977
927386
990289
837610
659788
313904
957243
600975
63299
115115
917350
333515
273925
184951
129370
407318
883870
228374
35452
152946
128773
61251
391003
700954
84525
306747
893202
135590
985431
663768
173952
705590
751302
285493
541299
9454
224418
574077
392261
194190
238416
378787
653438
659597
360750
440308
841279
639742
561088
220333
984496
44375
783095
508289
100329
461540
667728
743608
454729
446839
670497
64098
781900
726409
884858
997882
538757
706103
401049
754084
815502
711375
610492
157678
895839
484076
524038
647983
505704
919728
892461
943655
740479
248729
340841
267948
397121
333490
344763
838774
434090
966361
237986
986397
484172
308010
425354
341762
257140
25345
492985
471861
206750
760555
798774
42328
641790
315519
535395
832138
443838
570910
318163
601850
852458
92014
814110
751965
665585
192953
912691
765887
429511
426067
887200
334303
315064
191296
844684
18550
274288
49041
149440
480054
614701
525743
321630
915954
528991
266918
753720
35185
85111
101650
638738
186333
32836
874118
73181
160299
193333
176338
210097
459683
196723
635862
440632
268833
962377
802307
736027
408264
739817
330312
225694
123733
798349
306204
589640
824845
334626
742766
454399
969235
792952
22451
686021
183208
252001
350642
185023
347360
861234
636518
978361
50206
554662
252385
926091
651631
975939
959079
303772
349924
972050
892429
654995
185731
38493
258328
868432
757195
660344
27341
963506
455267
925543
484764
159352
500597
327980
360061
614351
166369
233958
877361
218142
634174
885691
133911
973775
341539
593497
204403
567062
70126
588282
205999
384487
636949
573404
260010
684918
417078
136850
769733
599656
391946
876786
372393
796997
982721
868195
332412
825913
11066
819165
957323
162362
937674
669105
323554
541368
101965
323603
608364
745247
324738
258125
371306
431924
69087
412810
941979
73354
653702
343394
98143
589910
751244
764087
658324
101517
145845
924021
629145
194201
285833
992012
394195
580358
753173
81609
723066
219195
215233
495360
262826
573171
390089
635513
431924
18017
302195
126672
47247
857337
908197
440195
29860
111435
964371
986270
602512
723307
105208
783356
941197
60068
533579
397732
38866
127915
617528
986969
321734
102049
679524
460653
175688
864733
221441
298359
165569
968167
69217
99511
703580
829044
669774
656601
189172
109344
501288
616594
133177
842802
158878
18808
94290
320037
848207
297756
41083
589750
521682
653658
295053
485199
686432
687978
146496
302187
304835
505007
356839
968165
920697
693697
372689
667975
970741
800657
715750
191954
310112
14312
727218
873417
351764
583984
527750
737599
722806
544668
659828
629987
147937
175476
209529
138640
168975
693564
258542
825173
229407
290383
712861
755724
137614
382330
170569
532305
10648
998504
240108
597039
199036
84926
578709
76946
947282
996514
358666
298047
941015
502401
767905
532602
724709
884677
253068
399478
394688
652716
395830
122098
758109
828449
640331
265330
536024
69353
568664
400195
533140
336000
853135
714334
785409
242389
888895
518305
817192
589307
448916
119423
671431
375601
33074
631302
297001
654971
217684
887411
691375
218579
368456
820833
944587
4008
560374
932800
186658
300072
912570
588658
201315
311122
402192
765458
290390
850402
672391
91389
289103
852163
341534
118909
38027
221683
726368
392780
658831
357656
358523
578061
462142
773348
755194
281362
867081
164435
654995
655563
565537
19137
915654
305453
763933
451022
742996
99228
996656
497132
511422
755462
410254
481629
970407
502356
338721
198323
822514
346234
426238
40805
566315
73672
946219
325942
740495
475244
784779
300932
827190
771494
225556
772265
52702
844369
722858
702039
169895
833484
807782
762438
594780
554945
588487
815562
372647
206129
337555
697410
416796
227053
606792
709396
948340
151682
540492
409312
597345
333769
521384
773843
707864
116173
238411
704026
227798
16205
775003
410078
976940
240563
679467
105384
20155
584252
763477
948201
572440
895113
33367
877098
329620
436099
411093
479205
898523
933335
719815
558463
660279
733485
708147
523016
697205
633642
337344
504564
336378
276433
166369
802138
166083
287865
670977
171773
204536
888451
343935
114943
208160
721520
959838
41138
197117
982080
45841
725149
953593
329185
982263
276315
700789
726962
571249
226033
185794
627001
544560
162479
807490
410993
796027
763924
463197
97743
190633
714590
994787
576266
635409
523881
56554
817077
82292
813519
831498
848298
268562
274445
993328
657384
224686
786079
713279
275302
326397
870219
972226
284952
396639
557923
532699
782563
86140
373132
453298
990320
942921
267564
183042
124757
384045
900992
997090
800628
787818
588100
639106
443615
220567
293003
10186
981678
79263
675084
628852
775991
875961
622413
823327
971750
674156
49874
948230
22484
890593
175958
355853
465074
183456
601145
834415
452842
528242
181588
736382
871743
154544
270430
603862
502253
714770
101905
823756
293977
384404
797318
162241
689683
760326
352885
377042
997614
332174
25082
545357
283548
951579
925375
558463
793768
938505
89989
411060
752373
690477
657006
400686
712839
472272
410114
76468
442592
779901
536183
64096
354507
626649
381378
781040
964462
839724
291192
309934
854521
916148
229891
863835
960350
662364
786543
371578
441155
157238
867409
907514
334460
569880
438528
122635
90482
394274
980243
842204
796027
941630
665980
871157
315555
512558
45063
616326
540924
454302
699593
941109
878331
369909
133722
516798
980681
872523
182450
248790
515535
204016
163047
462360
115891
806480
917209
371181
708699
864414
346820
971792
791846
835766
647333
688387
598372
531898
423767
103855
638652
406898
394374
99082
881592
119956
412181
546514
280247
946941
401863
779767
657263
438573
217141
579418
582311
537823
124011
346945
752969
223274
652219
520782
786110
220312
862788
992320
257056
748850
704866
126076
258384
530513
446197
460042
47154
188
39686
65288
663031
856025
204354
671466
225835
272947
964790
542104
570267
375990
329242
543740
348115
820121
932076
436112
299313
998838
474754
405227
936140
504424
827389
512580
711657
768773
397707
177461
480869
753789
696314
773843
794415
688930
590803
225240
901367
463668
241105
579433
119840
28143
531228
100128
299747
472871
643352
397991
742322
642027
574101
520071
380031
670309
643344
277491
16103
441834
766794
607805
178374
70153
480473
513217
699394
193612
9532
340079
342653
720921
273622
269023
639839
816139
474521
984741
344155
163297
227609
354420
490430
867167
992180
959600
47350
581153
179882
695475
876888
947218
626499
947939
483736
597635
88037
861156
55694
909099
627763
962597
979937
650764
564120
890968
214486
553994
632578
617044
382595
41326
727771
389258
950256
147879
428801
433572
849662
250590
575137
261442
467618
541046
468328
333073
611628
94868
271802
95584
474695
207823
858835
37891
897604
134866
42782
347728
312634
406788
145632
123439
593160
41954
416926
374929
167856
614138
791427
63582
641266
973791
198832
346490
552415
716981
208305
927427
588686
440854
798073
243421
504618
332477
95740
316432
899362
348686
241774
376607
913318
315123
306915
569956
267847
178465
606303
315129
123469
820494
727714
147820
62312
630907
356125
376703
692472
554206
228044
957146
422336
167335
678874
909347
386147
312295
83526
335640
183101
107028
277491
330672
191652
986715
87252
268870
650800
478454
77609
882859
430449
614672
962211
324050
112556
629236
295334
917924
435425
434420
191434
894141
849360
683917
566781
63305
880531
753411
563028
747086
314999
657708
716679
769342
809667
964563
738825
833733
612689
502495
96187
313096
519196
635385
512377
969130
297654
960712
643466
94347
51377
116153
13706
178041
221965
597242
568933
293725
198662
993445
433811
518322
819782
296469
337744
250931
675982
565738
213810
91466
816197
737215
138752
226782
581992
676085
222283
577589
949747
200830
670380
971699
82967
137287
667939
861411
932052
515693
708111
735440
381982
71640
894925
280502
815566
163770
306252
387002
310603
740474
947050
7685
805144
952875
522582
906152
128718
314239
308830
361309
326061
459765
784509
370272
793389
71574
944987
346968
529632
935871
350834
785241
668714
184311
469753
627344
971249
788321
419409
597383
389019
448927
172409
447536
263131
862534
210882
572544
994104
866318
509329
497831
284574
459862
686452
141765
93509
360999
582468
122287
266747
661059
350768
948476
842274
889653
292418
589412
682818
167390
408760
952881
454880
26401
579738
391177
997840
777332
251003
523637
976257
513509
333683
103541
747155
602512
259573
683629
725944
408361
761851
554548
107541
579410
211743
862312
218711
576836
317016
312302
272431
200459
330592
227082
858455
399353
175777
39399
91851
723003
484061
454928
550456
545627
672197
653430
114415
442908
250621
868508
458030
559586
681787
802597
441823
829825
571046
357331
828552
431907
631780
278607
748377
809340
585631
116039
751300
833948
357769
598022
799584
431089
500429
509751
218895
346535
153906
507429
522786
466690
411411
950942
246509
268027
7591
702460
211485
172307
469391
763944
900671
331131
362368
202929
643090
340916
600283
250872
895546
955015
168885
844070
56838
246324
124199
421906
623896
166769
696283
968720
935335
225408
485757
874168
46987
218092
251003
642172
958221
412603
368823
366301
136075
992441
975846
883648
888260
233659
179042
511404
238345
908583
448517
939816
864165
967132
444282
785257
583077
151661
616536
224145
404342
388390
675138
422118
788516
439230
581222
498532
157763
149508
12057
299829
365062
572460
700203
75913
309484
634539
973001
769661
962298
153019
159475
633102
935129
992525
838182
961162
832945
720771
943669
873818
429584
828147
233267
146917
957728
446529
265622
301982
640374
912387
995634
522066
651616
364250
963087
228390
117243
615079
559570
1225
694682
997073
89025
285713
194767
36136
749516
247376
163204
778707
287720
491712
302464
391108
750569
196060
164405
405207
923736
370113
412658
876791
142141
902978
849404
980183
992347
32554
271562
688246
795451
362061
227125
941330
311975
68879
830845
648944
355774
317327
211124
494943
783107
504236
377334
604564
25151
109249
763534
53760
906172
811575
584796
896802
491358
266144
721726
96816
71318
639714
924050
846977
146501
246698
819060
687222
609903
462331
502005
593437
334177
672079
418578
772031
828621
99556
645740
315216
825174
641222
967607
749360
537506
577131
318888
963012
94417
940904
190731
807796
238641
486242
933298
192164
237986
895962
408538
367935
731528
783545
243346
371721
525863
672758
507988
573126
224566
912260
59428
657095
971906
672383
325753
716905
634319
60911
724490
482924
72402
764057
813636
228686
511465
789029
69713
73611
590329
528029
443963
843160
715502
622670
520356
