552223
961581
689184
519069
556058
645695
694193
699192
664440
270199
858437
420395
862113
661606
800454
235354
149758
38376
31210
282300
382497
808202
313831
371861
446193
101474
418586
809168
183018
475217
914872
94571
770829
292145
301828
948331
162726
73157
126327
737664
9961
71090
201354
414737
78830
448222
157354
795078
605657
290012
833592
293011
631093
410391
740203
835189
396617
962024
814038
479962
918701
865101
254237
547612
129179
874049
979584
825656
986007
180626
354148
82905
743820
778481
871844
84522
274007
464008
165217
283636
72468
793943
839771
658678
490702
511935
995765
209873
907960
460193
608539
233143
244693
450987
484026
536843
955864
988126
918111
142303
851886
155224
875795
815891
356297
826364
195675
251570
662921
446970
645616
267454
324151
24203
71901
488746
263768
837728
513209
532499
736407
751226
283446
108030
409795
384056
952219
598920
527853
867101
45740
322541
947881
564300
964163
334415
221902
860338
158706
278968
321027
779614
275303
206000
363725
792960
596972
555912
665244
737680
882320
667534
883359
200538
269204
373914
52873
277741
557881
14242
289040
928472
972967
495937
369929
132383
815344
905709
372100
411107
32758
455361
454576
780796
472142
958083
728444
976523
172223
750048
863305
759458
729631
946033
495019
50697
482282
272565
747849
914329
81401
859555
931108
252589
634716
260002
663307
356337
644600
586907
106505
882322
45844
480846
687287
349260
883196
673665
297285
516158
323399
337776
566255
401328
617258
941410
312787
487207
773239
872612
858181
279931
279884
234221
421069
883176
651846
134319
667462
144010
148887
544771
350993
81990
726122
555148
35404
8835
617054
487319
249313
797647
831534
930056
276227
401694
224331
542487
456808
517209
408655
575260
415553
264374
510108
638175
870067
194221
129738
461783
543876
835951
813687
284183
665235
152089
150632
925226
986775
523579
670564
482042
119551
555386
255925
754750
522102
808406
64701
113792
107692
903585
840316
784988
501370
368217
534162
230339
742176
338049
974786
584333
755226
301227
877988
674736
925904
954467
983856
460729
950878
272416
697151
248028
460084
178717
70408
735216
493986
420921
398334
831343
658282
735302
277894
893687
748713
258136
51074
59379
201476
697089
734415
339427
224932
44545
388400
689344
82508
819834
592664
564784
179752
36772
569209
27919
881822
624093
988300
906727
982903
352526
317396
301130
950401
764318
475078
712404
937333
28529
135937
405496
394748
622001
357609
231331
991299
720764
72052
538080
258227
959469
920850
484804
747811
805163
442907
537019
101630
580248
129128
206582
835577
216181
82097
692097
652099
417699
481763
806170
626245
872028
525155
359724
56036
306958
887862
550919
66592
899534
957073
530368
671074
349987
401180
478098
247626
828467
995557
244973
947189
845297
868008
548038
192324
721257
280669
4526
827734
942047
954582
108971
1501
332183
83108
632708
855287
241169
950956
298697
237330
56377
949658
86502
991408
18135
708156
719101
321221
85202
533434
754188
150252
760868
700402
113299
254528
799272
522134
293244
488748
921298
415651
830367
824127
190155
957061
398890
547485
949489
450964
682277
321125
635671
118256
401877
617643
980064
149933
24217
732372
754088
618640
598977
754666
633927
174507
698203
694506
830660
219755
872965
997298
2451
4428
89848
815167
565412
471417
249432
161385
461192
879147
338798
744117
478687
249254
849179
746288
686678
328081
46184
729463
533691
95032
571386
820668
996275
886350
401758
222700
411428
747934
289169
381762
595257
197980
965129
198029
746394
700768
31426
120549
855455
939130
887241
48452
37841
711884
568269
894484
518278
503882
278564
983420
787341
585552
189818
682351
403404
482908
809512
103407
264004
3741
929404
118783
236572
965019
839969
686939
250897
369591
759164
117879
219209
246936
624885
880825
475229
682007
922600
855909
145634
242345
17102
972761
814705
573671
36165
436070
470476
14430
737822
989998
412097
7716
152549
98419
379965
694609
427156
721326
993116
917076
73755
970250
564700
299185
982938
536496
929407
439919
770550
445189
997964
876236
341376
206368
840116
793498
302118
38431
454500
724720
218705
722042
395798
300324
319625
539515
794258
82241
953161
750061
542732
157168
114833
363120
385194
254474
501836
239184
33576
137010
224752
277981
386902
803706
924218
437247
663195
634114
972034
564796
211535
836707
817845
160806
587455
617508
95072
153594
76094
24754
437068
643278
917628
600963
87358
182238
440163
225082
671119
392805
959740
833599
787906
990668
769947
615187
949862
815300
427374
686012
77094
965795
419114
492566
378101
720952
391852
823490
845791
394157
783955
239697
177977
702284
860702
394522
901500
892934
448465
274749
254558
644093
430741
46665
5931
902739
395554
185098
810068
685784
630180
898689
454957
135197
744915
704508
985283
670814
952423
721159
193771
59084
308616
175372
781624
517204
220286
778489
149536
170547
149428
183874
748411
294436
635360
979055
939800
145210
573399
21566
296734
138296
704098
753669
293083
664727
671390
529637
621890
105029
977776
356228
713266
334101
296437
954158
444245
85742
165347
529127
639033
454063
853097
760840
227023
770131
121966
213323
833908
10438
693795
626007
345070
813897
773549
881758
31779
264
312685
796783
251328
24842
728839
332161
248234
221511
433245
623414
736514
950321
379846
983112
397928
576981
484429
204447
903635
901328
435431
639047
600564
446425
581157
871677
811688
74498
138296
880070
44035
610199
522154
885370
946033
851926
840520
230870
335642
73014
687916
469119
804023
331754
35654
368525
890708
737837
47551
353142
934879
25924
639031
815868
720372
226451
64434
951711
415801
713537
670260
79706
373845
783067
233675
930771
41826
337180
144891
456406
351973
665364
165685
439337
441534
622942
226946
758283
172864
88380
457336
557429
312066
247169
524398
152825
316288
567218
86867
392942
79599
659411
712415
338363
390447
889045
564394
569392
705727
471526
383847
143230
70086
730726
795099
213570
601296
258751
662181
355620
416393
906439
791103
47132
446235
441661
979657
882477
468636
183136
246832
105671
778806
39279
758190
127889
270199
151540
516827
914223
641474
431860
599471
567591
53162
61778
435237
466911
879514
281493
194556
343126
787665
266086
633547
438834
224166
253640
631995
686529
330495
804518
420078
573847
742584
354126
49541
495851
774499
185983
859869
538670
565885
718746
552948
478527
872022
879849
953488
25414
661425
544869
654000
560345
724555
104837
373742
856694
543846
773284
865590
59868
857366
583627
180849
127472
534068
539166
830807
785618
581632
863455
765914
491711
244034
81044
995764
986956
213718
11581
251085
89100
445337
198336
152144
915652
812756
752394
280912
571025
573475
428763
922141
791488
812722
614762
997339
968681
371004
818314
749773
844046
668708
21507
178230
153876
702834
421868
682369
944043
987036
998016
785336
214234
848132
650258
785432
762756
930582
222855
816283
105028
57655
958411
681268
766248
63150
335170
524540
288332
388300
132603
559504
138784
827375
819117
849696
652520
271896
228987
506706
532858
188800
244693
927032
695272
637679
7723
738859
874759
350979
745956
599266
849324
59979
432173
546644
969908
220411
794292
86834
165469
293542
32545
694986
767886
842636
7416
26132
83766
305294
680624
189334
872831
625491
449504
661157
497318
903586
151925
372326
220812
62446
923156
63665
813558
501006
239720
824647
341458
254684
767884
921052
983952
959764
348367
167956
263759
67450
535264
396819
111575
661157
722493
746287
690471
140548
319929
248820
50908
884402
898848
18563
295297
106514
702086
816530
288379
958645
142110
761676
954413
781683
984456
870606
36212
198579
27386
526460
909216
749971
768577
513858
443172
44065
919619
541293
762306
910866
294957
251722
169871
840495
715404
938952
784242
52627
449598
11310
570191
189902
825192
628653
939752
55511
524819
866255
301298
11766
861958
783127
193855
693741
438451
305788
15302
879703
990015
853581
488310
58979
653630
426277
108263
307648
798071
501800
327046
321876
231527
879231
166331
990926
919197
493698
857555
561788
870898
573144
842990
78933
616068
777282
350983
408227
518566
967119
114310
153199
997298
604508
721171
625892
598480
969867
128394
643203
439199
342897
115226
761072
977200
636035
195380
45969
602979
947517
829263
914437
179893
904196
114010
249929
908002
221034
497271
136950
130841
175445
844488
24050
146089
566795
249062
116197
787664
225648
682505
419899
890203
255449
980767
571780
715813
49672
931206
443496
992224
499814
552003
246911
476441
607791
164504
33840
537189
194355
994877
736551
70927
97234
860765
566795
919983
324405
277876
774566
164371
440882
482203
38286
294538
739516
382831
57285
606193
346393
153569
229339
459724
170010
632293
331119
839984
410292
436258
779064
812655
327837
669252
793876
913934
926563
525636
86362
155504
846227
973552
279660
86625
998841
500277
702253
358094
791949
740937
189818
864593
609383
348262
718716
650876
392154
806345
599454
603961
10618
166052
384567
156430
748703
666770
642930
701491
683922
536201
933396
186114
266827
155132
783331
726716
613065
411457
468312
849375
834812
698977
754554
142367
186702
343986
543399
368756
562181
736395
791964
930414
967927
126879
634813
238617
985877
961454
976953
2701
453487
869744
431538
68015
167402
847225
410662
212561
851779
690412
46803
100241
793407
852598
358727
474518
651754
893937
212620
860811
805876
830012
638454
927045
153974
491959
405251
151281
908648
989321
775192
594214
971204
398092
641849
198746
146306
395411
308013
91765
439581
435502
923435
772292
852627
811924
36705
302179
37999
157637
509141
574926
63322
660429
248225
694953
964910
951108
792382
901480
231841
645695
475523
768624
990387
293493
689876
83714
633261
372145
48961
223967
788886
940850
299504
493742
729534
975715
745284
763368
366822
931121
817754
275116
828719
774058
452561
423999
693160
338280
282552
735085
191844
621323
638581
78576
708904
894008
10720
638982
826363
416311
200868
434110
41613
499709
969281
467442
303669
297501
650042
790147
966611
356744
109578
594838
365537
315490
843456
343632
985141
129792
478915
487005
859832
130867
28826
880148
802991
386377
416906
854887
543861
641653
147720
234731
217618
33376
980515
609139
817612
626463
857885
572816
755164
484589
860397
765921
160375
260417
937549
349778
785517
100307
394561
533330
79035
154620
87739
516158
608133
443164
190264
125789
541142
933810
199666
702166
477461
536808
50253
977555
40499
590823
519778
164637
160454
191909
678180
690339
935885
919387
357429
121447
606516
706181
634365
664856
123912
287469
483825
415507
946181
750911
536360
453072
574677
28410
489019
736740
324496
537606
488410
301830
330737
273597
247619
365652
413829
491596
698702
311116
631692
664872
193541
975115
420086
108909
11669
860287
690548
108002
864384
80857
640099
561795
787248
613886
238591
913435
2126
859714
423401
810436
448780
850951
505468
773255
560323
492484
243270
36740
747758
922060
825292
625636
495015
351935
20334
727992
400093
420951
475991
954628
564865
42340
498123
39671
888746
400972
789259
598861
610916
776538
984868
825169
351829
534169
477931
585183
645874
264919
335121
890113
607104
158836
787869
408543
520307
364033
480080
456116
898905
470954
194603
557324
38267
798500
67422
779280
434315
464891
576760
962863
538885
102780
331363
7230
983153
357892
997525
513990
918785
691720
291992
907928
521479
512473
81567
315674
86093
822478
917060
59478
338475
974404
481938
396588
432815
393988
380098
37286
165102
615513
476140
10598
167875
804392
288252
885381
153099
323626
302890
137013
411314
927893
596208
142655
724239
1543
914996
585242
926498
114848
171675
684533
937454
716860
736740
865604
553498
846196
754905
981712
443911
637857
4784
969231
974365
364432
848766
517436
319815
922224
440294
271130
125803
747933
83741
289903
415999
79313
307016
385342
245927
139605
365038
689389
223787
4073
127463
929789
253780
673231
553145
707628
920480
421235
199045
261704
104946
792721
702160
393876
650118
601170
6866
986839
625781
578818
758085
109695
70246
965609
111794
224463
612034
902719
943346
380853
571488
528614
884402
302797
142011
81844
35728
657613
686096
764744
313536
696769
709777
579920
818439
529
889670
306076
855212
650042
803971
644950
167800
179608
348448
950215
60782
740216
77018
170081
499442
252353
38195
762945
755713
424842
845010
145642
391476
657113
622836
517700
687425
202235
185246
918557
134861
793713
596836
513388
209751
691667
889822
693489
216959
770865
855020
820735
383095
697624
22346
621064
539130
260689
783280
290018
731977
380526
445714
101986
182538
237274
303188
27481
828558
44531
69108
871911
101591
964934
144643
913102
226814
845503
884098
308001
584982
433426
31847
301453
290577
922994
13736
868425
552552
624427
422297
279206
423917
193464
103
268576
630422
892205
627636
385908
498810
881896
69564
97231
829816
531341
983663
990168
455259
46184
517088
901817
533718
569697
28638
427113
112132
494262
938460
296734
604513
341727
287910
145964
709441
573986
425961
665454
916429
201538
7820
908615
35985
920198
855821
940914
205290
161205
922712
295174
160462
963578
226748
804957
579514
711243
228968
374686
670900
271332
889793
253663
649163
541461
17169
293176
65805
578798
209478
512431
161789
754257
748730
620260
474321
233733
475511
271865
774012
265800
918475
930670
477304
770368
857198
773040
962769
88350
494231
808445
594731
295262
463138
535843
366952
121795
854800
914343
57077
232377
311833
988257
384613
472999
99850
124333
773053
873523
268546
700884
563127
86149
596022
33201
554447
681234
668166
990905
92330
383887
165376
470781
962847
733840
991341
426337
103365
63019
272707
284130
599582
287724
521280
642284
417411
181612
745643
375880
507074
816460
366504
809102
931820
372009
478116
872067
729233
706495
543144
781636
301023
656693
898376
116931
510357
81601
610668
148654
297248
785284
442516
671840
632782
592785
222433
445337
694589
43579
395333
970193
841716
695163
118551
983355
439334
22520
425979
481229
872046
456782
440270
114157
890141
192397
387557
308696
235828
402338
948170
663409
240549
203551
137554
546030
242099
293113
749164
528340
210836
20932
824883
962703
401843
687082
801425
412885
86763
257466
492863
469908
885092
684194
378151
3695
93525
648143
594545
437266
53806
414409
596635
864605
101046
535401
481713
761672
663977
627611
412912
426297
426368
214021
825995
621086
307843
35924
589520
180926
815161
492760
447049
731541
309768
239092
684940
991848
656584
967883
976894
705674
346355
765860
543996
802476
510916
711117
956945
288934
662752
684793
498123
894034
773086
674359
842731
286590
640276
983294
240295
554848
540240
868999
950706
352799
449071
960184
612607
850804
334069
898279
816874
931657
10037
282236
886782
786210
959315
865553
30684
327874
452897
318814
611205
552022
301376
972285
409187
226981
476662
16303
947786
248643
843054
660349
893104
623107
166766
776854
84522
216830
957172
290124
487814
641604
86720
845117
387376
120139
646490
100305
137832
397631
686190
410662
373663
29992
653073
495757
674056
525097
503052
969352
185573
482936
721564
632962
405091
841786
570548
651846
378823
219786
832927
474417
978171
654927
659339
138248
455909
23283
488230
980405
384847
93970
689256
436070
635269
576490
405836
341599
194238
709272
169567
587421
936439
121153
603602
415835
763146
231707
99980
261772
41504
532542
823644
674208
431838
115129
120463
387876
490243
704957
944282
664440
808085
605886
224291
929350
79880
786809
260446
914767
690608
622076
545344
29771
857628
843502
468442
432256
714909
605814
305767
514710
155474
919901
166095
177239
828008
361579
645035
261889
899494
368332
188872
940728
441134
25808
89718
925896
209641
999268
122096
520917
758177
423991
818294
393097
901506
799798
201287
717526
548072
514710
942350
245162
204905
449105
952529
134874
559203
440769
144734
710110
486663
309563
68342
188811
307880
900119
149993
623878
817648
938270
996230
357282
1650
613212
394700
45521
481560
397658
730360
193457
312787
682429
519217
177369
595718
403604
444831
52740
194704
912739
70348
663838
295808
565057
694855
871240
571466
818905
305556
277003
523275
79873
140266
697630
183311
705435
126297
626463
444774
591528
210250
294962
793880
198267
729127
211772
467652
495870
258210
689852
594430
635697
303696
834878
775535
883860
571456
353863
864826
72981
552714
812317
49203
976093
431078
838215
11915
950981
357516
699214
771428
477622
84057
206726
441615
688559
808969
485778
727758
986595
354480
799944
945690
525321
143934
970016
62801
373825
952451
863778
923463
289326
991373
535949
498156
167358
393523
365314
51661
535367
539976
352111
682554
135777
767874
461783
29972
397658
496768
669331
935627
975379
965133
536025
66216
242830
928195
706622
808236
119420
428865
2939
882946
160993
684108
926567
145781
6400
269331
693331
761611
420490
666869
477394
230429
626276
558087
203170
649953
918692
277780
591090
56806
612745
12850
610610
967722
262631
228736
177291
277876
158209
114320
866587
325679
866355
891514
80925
598717
543292
896794
98067
167383
457444
780390
603961
826245
198627
760046
705637
293469
634792
638901
925128
915464
975604
674883
351519
171261
991871
781554
952762
449489
457174
625204
476296
352469
307464
296205
781688
302687
217864
759467
138149
228252
632036
915441
636676
678968
851724
413399
355324
501443
23472
142830
756449
880348
194443
411305
692834
494253
516090
747384
773978
932959
451765
68488
409845
975651
798646
672887
722160
171742
900341
975032
569405
385982
752012
374025
56019
895763
482183
295355
653305
97558
698507
95888
269512
572140
18919
828498
462926
798954
19645
702311
249997
343419
907214
336627
585181
502419
956547
344148
708458
112156
727657
216331
235530
452523
122321
992752
205333
801345
154113
14422
117561
521159
449027
515194
298700
656380
7182
65445
749865
203169
813630
378823
241033
742487
748466
63204
3214
935001
754754
598577
588489
456674
41504
943223
300061
169810
302924
283325
147967
983360
996385
234597
793446
612641
402360
494574
816316
600434
236428
131984
490483
473194
687664
696815
469904
803807
927170
161371
972039
251583
568689
339934
143526
299324
114796
641474
607615
356994
791235
659326
996318
955678
788328
509639
799137
342853
42581
88646
219313
567076
791806
176186
763966
929728
702818
321694
774223
104594
688999
640740
660151
487877
181809
831713
105387
887089
363214
237337
291992
312287
651691
420406
51317
395104
245254
390223
806108
769059
559077
682741
364695
19506
98326
497567
342670
655637
954823
129065
392866
378809
764962
498887
36272
403458
957758
838561
803610
820613
413034
791576
85783
944663
798229
849131
265536
942425
61594
963204
960684
394227
814944
32618
121092
605011
484182
201272
806887
578532
728685
867104
380970
140896
792628
182234
783947
317779
203703
553936
828105
868267
672187
25419
484666
157153
822750
434495
369579
851046
739899
89863
1316
509262
703838
534435
424442
503245
356908
214302
493691
713563
332244
874947
794659
837381
880175
223967
518922
942685
610032
935171
325200
185444
191349
727485
627450
765647
246165
979717
20325
179975
505603
669492
907590
256384
540622
417029
269625
302005
229821
798627
664853
582000
994804
37871
976484
286027
256482
806927
808963
956398
841894
13229
560782
303680
452254
110368
930373
476313
50253
198654
46301
606127
390949
808783
281020
441302
177680
437632
517348
664041
982286
538751
250323
786788
30023
782744
585483
543256
71706
510901
563478
859529
37366
636554
812723
141179
733190
235026
853939
235519
46883
128871
776756
723754
442662
670853
571283
761186
162051
526331
153335
859885
994639
661685
946541
383439
875302
877911
826011
386870
507586
545740
192009
949167
826011
318240
720372
407382
111341
585326
58599
752047
94648
682364
151739
966363
730454
920590
571775
395532
821495
698731
477743
62707
173831
190357
253518
706545
68557
115539
547050
156496
906928
530611
366423
877498
12559
761197
663774
751770
653220
986380
984712
608174
164857
946113
855804
887743
226325
331520
613823
185444
250612
476392
765264
767173
333278
246334
332080
700143
212485
177079
890839
237257
977980
961128
251792
496236
414366
851930
980414
194834
817771
542065
601679
518980
764057
782328
175658
773237
165867
552176
789211
33548
347319
317003
114062
687397
929770
81990
940749
554603
914416
258220
627709
619266
583189
773872
182533
113564
750939
259269
994254
488054
545855
328139
237465
526567
178989
700037
291464
148270
891038
986126
885231
61148
656077
386499
165461
986126
135969
712246
560015
844905
457349
950172
519566
217822
654337
264048
910937
35781
953134
776705
725965
237276
896263
221863
328199
305267
119016
69809
142605
272759
234377
300142
502267
250719
890556
818611
205307
84189
947060
684911
909007
318651
244945
28771
947344
401999
475871
105784
211524
735574
92382
64011
580605
894540
276247
826689
245617
390041
223177
389111
778688
531156
506657
966962
162762
534558
761732
44408
381120
318976
817591
656876
106952
293011
520124
366217
337358
605265
235560
52345
811469
420313
667454
631694
356529
748688
564564
967930
416073
210034
44633
889821
150434
943968
925401
622057
292894
471577
421682
747601
903490
812973
578896
202165
364133
550283
768205
229830
773086
605170
892970
544027
508655
952446
894995
420903
188415
183317
511079
509014
367594
302241
110864
581018
267146
61936
589477
507485
306020
139298
663632
329809
639190
52954
765042
914944
579099
84668
342641
468231
643180
206571
3356
443502
864931
918685
268653
804404
292552
828175
98417
215616
963680
208742
142918
625557
621730
410891
46473
816011
478472
863810
176731
350154
701870
589937
64789
349785
752949
446066
5948
676081
649917
92909
81001
619218
133813
457894
289097
708341
925904
475576
